  -4000.00000000000        248.8195    
  -3968.75000000000        447.5923    
  -3937.50000000000        598.2214    
  -3906.25000000000        268.2569    
  -3875.00000000000        436.4382    
  -3843.75000000000        427.3627    
  -3812.50000000000        319.5697    
  -3781.25000000000        457.0797    
  -3750.00000000000        301.2416    
  -3718.75000000000        384.4581    
  -3687.50000000000        374.6021    
  -3656.25000000000        409.9905    
  -3625.00000000000        192.9506    
  -3593.75000000000        271.7379    
  -3562.50000000000        303.4942    
  -3531.25000000000        117.9908    
  -3500.00000000000        347.8784    
  -3468.75000000000        285.4612    
  -3437.50000000000        202.4182    
  -3406.25000000000        523.8206    
  -3375.00000000000        157.4389    
  -3343.75000000000        156.0938    
  -3312.50000000000        298.3035    
  -3281.25000000000        266.7907    
  -3250.00000000000        203.9480    
  -3218.75000000000        256.4897    
  -3187.50000000000        111.2004    
  -3156.25000000000        315.2010    
  -3125.00000000000        188.2548    
  -3093.75000000000        252.3801    
  -3062.50000000000        260.7471    
  -3031.25000000000        201.6032    
  -3000.00000000000        123.9935    
  -2968.75000000000        145.1273    
  -2937.50000000000        248.4538    
  -2906.25000000000        49.46618    
  -2875.00000000000        162.3099    
  -2843.75000000000        70.24593    
  -2812.50000000000        165.1258    
  -2781.25000000000        80.50589    
  -2750.00000000000        90.20569    
  -2718.75000000000        65.30491    
  -2687.50000000000        154.0442    
  -2656.25000000000        48.17471    
  -2625.00000000000        43.89825    
  -2593.75000000000        117.8758    
  -2562.50000000000        61.39026    
  -2531.25000000000        44.72076    
  -2500.00000000000        188.7475    
  -2468.75000000000        28.40219    
  -2437.50000000000        127.6174    
  -2406.25000000000        60.15298    
  -2375.00000000000        25.26606    
  -2343.75000000000        154.2285    
  -2312.50000000000        118.1919    
  -2281.25000000000        61.98618    
  -2250.00000000000        66.02383    
  -2218.75000000000        105.5597    
  -2187.50000000000        133.5386    
  -2156.25000000000        151.7755    
  -2125.00000000000        71.08715    
  -2093.75000000000        116.5033    
  -2062.50000000000        88.37881    
  -2031.25000000000        36.09892    
  -2000.00000000000        65.27092    
  -1968.75000000000        85.72665    
  -1937.50000000000        48.92206    
  -1906.25000000000        40.04116    
  -1875.00000000000        120.6985    
  -1843.75000000000        145.7313    
  -1812.50000000000        323.5006    
  -1781.25000000000        374.1023    
  -1750.00000000000        188.7297    
  -1718.75000000000        133.1609    
  -1687.50000000000        187.0112    
  -1656.25000000000        207.6849    
  -1625.00000000000        116.8211    
  -1593.75000000000        91.65714    
  -1562.50000000000        251.2747    
  -1531.25000000000        153.1710    
  -1500.00000000000        33.27201    
  -1468.75000000000        75.23022    
  -1437.50000000000        51.09682    
  -1406.25000000000        75.01880    
  -1375.00000000000        139.9401    
  -1343.75000000000        115.5449    
  -1312.50000000000        105.7095    
  -1281.25000000000        112.1499    
  -1250.00000000000        273.2012    
  -1218.75000000000        46.56842    
  -1187.50000000000        44.26382    
  -1156.25000000000        156.3680    
  -1125.00000000000        36.75037    
  -1093.75000000000        108.4692    
  -1062.50000000000        201.6874    
  -1031.25000000000        78.24004    
  -1000.00000000000        111.3185    
  -968.750000000000        114.6613    
  -937.500000000000        47.14763    
  -906.250000000000        183.4457    
  -875.000000000000        109.9213    
  -843.750000000000        140.6852    
  -812.500000000000        247.4250    
  -781.250000000000        315.0749    
  -750.000000000000        263.8993    
  -718.750000000000        323.0184    
  -687.500000000000        289.9413    
  -656.250000000000        519.5623    
  -625.000000000000        26.75774    
  -593.750000000000        374.6115    
  -562.500000000000        146.8058    
  -531.250000000000        260.5971    
  -500.000000000000        358.8012    
  -468.750000000000        116.2374    
  -437.500000000000        313.7733    
  -406.250000000000        376.0700    
  -375.000000000000        830.5163    
  -343.750000000000        1330.632    
  -312.500000000000        678.8770    
  -281.250000000000        970.9241    
  -250.000000000000        506.9103    
  -218.750000000000        73.30351    
  -187.500000000000        443.2481    
  -156.250000000000        1611.997    
  -125.000000000000        1588.638    
  -93.7500000000000        577.3251    
  -62.5000000000000        1559.434    
  -31.2500000000000        2903.299    
  0.000000000000000E+000   7271.238    
   31.2500000000000        2760.522    
   62.5000000000000        1677.339    
   93.7500000000000        645.8963    
   125.000000000000        1705.418    
   156.250000000000        1746.199    
   187.500000000000        407.5410    
   218.750000000000        29.56595    
   250.000000000000        438.2813    
   281.250000000000        901.9062    
   312.500000000000        674.3168    
   343.750000000000        1276.512    
   375.000000000000        760.9468    
   406.250000000000        347.9869    
   437.500000000000        266.4200    
   468.750000000000        101.6660    
   500.000000000000        386.1345    
   531.250000000000        235.9315    
   562.500000000000        152.7490    
   593.750000000000        400.9973    
   625.000000000000        64.78541    
   656.250000000000        528.1493    
   687.500000000000        298.4049    
   718.750000000000        325.2520    
   750.000000000000        271.8921    
   781.250000000000        333.2311    
   812.500000000000        283.2576    
   843.750000000000        142.8222    
   875.000000000000        113.9149    
   906.250000000000        197.9168    
   937.500000000000        50.67915    
   968.750000000000        111.7710    
   1000.00000000000        129.6355    
   1031.25000000000        70.95978    
   1062.50000000000        199.1574    
   1093.75000000000        127.6503    
   1125.00000000000        49.08160    
   1156.25000000000        186.2934    
   1187.50000000000        59.18414    
   1218.75000000000        56.96308    
   1250.00000000000        300.4981    
   1281.25000000000        75.39575    
   1312.50000000000        83.53033    
   1343.75000000000        144.4223    
   1375.00000000000        179.3985    
   1406.25000000000        119.7889    
   1437.50000000000        52.26104    
   1468.75000000000        82.94279    
   1500.00000000000        43.82037    
   1531.25000000000        135.2523    
   1562.50000000000        223.0550    
   1593.75000000000        69.46045    
   1625.00000000000        115.4430    
   1656.25000000000        197.4765    
   1687.50000000000        156.1271    
   1718.75000000000        111.7241    
   1750.00000000000        184.1899    
   1781.25000000000        310.8151    
   1812.50000000000        290.2589    
   1843.75000000000        95.97076    
   1875.00000000000        102.7059    
   1906.25000000000        38.97011    
   1937.50000000000        42.83942    
   1968.75000000000        89.89626    
   2000.00000000000        61.26868    
   2031.25000000000        17.72833    
   2062.50000000000        65.85590    
   2093.75000000000        106.8084    
   2125.00000000000        105.5081    
   2156.25000000000        146.9089    
   2187.50000000000        130.1503    
   2218.75000000000        104.6449    
   2250.00000000000        53.32539    
   2281.25000000000        52.12601    
   2312.50000000000        107.9655    
   2343.75000000000        165.7622    
   2375.00000000000        38.13228    
   2406.25000000000        66.17440    
   2437.50000000000        107.5402    
   2468.75000000000        19.62528    
   2500.00000000000        173.0995    
   2531.25000000000        9.330550    
   2562.50000000000        90.28586    
   2593.75000000000        115.7699    
   2625.00000000000        58.18360    
   2656.25000000000        44.76074    
   2687.50000000000        171.1120    
   2718.75000000000        84.04021    
   2750.00000000000        91.48169    
   2781.25000000000        50.75164    
   2812.50000000000        181.3453    
   2843.75000000000        79.80133    
   2875.00000000000        185.4330    
   2906.25000000000        15.65825    
   2937.50000000000        267.6465    
   2968.75000000000        116.0544    
   3000.00000000000        134.9942    
   3031.25000000000        224.7600    
   3062.50000000000        271.9260    
   3093.75000000000        256.7329    
   3125.00000000000        162.8187    
   3156.25000000000        274.4500    
   3187.50000000000        113.7934    
   3218.75000000000        290.2655    
   3250.00000000000        240.6379    
   3281.25000000000        269.3496    
   3312.50000000000        308.2865    
   3343.75000000000        179.9245    
   3375.00000000000        165.3221    
   3406.25000000000        537.2095    
   3437.50000000000        184.6643    
   3468.75000000000        324.1892    
   3500.00000000000        313.8950    
   3531.25000000000        125.7176    
   3562.50000000000        302.4573    
   3593.75000000000        236.1612    
   3625.00000000000        183.0065    
   3656.25000000000        430.8927    
   3687.50000000000        337.0276    
   3718.75000000000        372.0492    
   3750.00000000000        272.1015    
   3781.25000000000        512.0984    
   3812.50000000000        321.1865    
   3843.75000000000        466.7291    
   3875.00000000000        409.4875    
   3906.25000000000        269.8446    
   3937.50000000000        553.4167    
   3968.75000000000        452.6575    
