  -2000.00000000000        15.59406    
  -1984.37500000000        30.31226    
  -1968.75000000000        20.48589    
  -1953.12500000000        21.40131    
  -1937.50000000000        38.28428    
  -1921.87500000000        50.43114    
  -1906.25000000000        14.51103    
  -1890.62500000000        32.71741    
  -1875.00000000000        48.66946    
  -1859.37500000000        65.18076    
  -1843.75000000000        35.13015    
  -1828.12500000000        36.44840    
  -1812.50000000000        15.16716    
  -1796.87500000000        28.34073    
  -1781.25000000000        15.73951    
  -1765.62500000000        13.18736    
  -1750.00000000000        71.85648    
  -1734.37500000000        20.26230    
  -1718.75000000000        14.54252    
  -1703.12500000000        31.47549    
  -1687.50000000000        25.85474    
  -1671.87500000000        73.00368    
  -1656.25000000000        29.99256    
  -1640.62500000000        19.40480    
  -1625.00000000000        17.67627    
  -1609.37500000000        23.61142    
  -1593.75000000000        19.28976    
  -1578.12500000000        20.46915    
  -1562.50000000000        34.17442    
  -1546.87500000000        76.22576    
  -1531.25000000000        50.79329    
  -1515.62500000000        37.63860    
  -1500.00000000000        46.33117    
  -1484.37500000000        17.59030    
  -1468.75000000000        23.11849    
  -1453.12500000000        15.23720    
  -1437.50000000000        6.045156    
  -1421.87500000000        13.93165    
  -1406.25000000000        8.309936    
  -1390.62500000000        13.69817    
  -1375.00000000000        32.40899    
  -1359.37500000000        66.39758    
  -1343.75000000000        20.97707    
  -1328.12500000000        8.154408    
  -1312.50000000000        1.464450    
  -1296.87500000000        45.28678    
  -1281.25000000000        10.07997    
  -1265.62500000000        21.49226    
  -1250.00000000000        58.91270    
  -1234.37500000000        58.28712    
  -1218.75000000000        23.86820    
  -1203.12500000000        60.47416    
  -1187.50000000000        54.98884    
  -1171.87500000000        128.0134    
  -1156.25000000000        169.6576    
  -1140.62500000000        38.02240    
  -1125.00000000000        10.36618    
  -1109.37500000000        22.77938    
  -1093.75000000000        7.613898    
  -1078.12500000000        17.27411    
  -1062.50000000000        21.38176    
  -1046.87500000000        37.96531    
  -1031.25000000000        58.61580    
  -1015.62500000000        21.25790    
  -1000.00000000000        20.37360    
  -984.375000000000        16.37232    
  -968.750000000000        225.4767    
  -953.125000000000        51.22302    
  -937.500000000000        44.10054    
  -921.875000000000        66.45600    
  -906.250000000000        61.28263    
  -890.625000000000        17.14665    
  -875.000000000000        10.14590    
  -859.375000000000        20.58267    
  -843.750000000000        53.68341    
  -828.125000000000        44.40392    
  -812.500000000000        53.24650    
  -796.875000000000        48.52906    
  -781.250000000000        159.6650    
  -765.625000000000        120.4230    
  -750.000000000000        42.81926    
  -734.375000000000        18.84211    
  -718.750000000000        35.62798    
  -703.125000000000        105.6297    
  -687.500000000000        26.13296    
  -671.875000000000        34.84139    
  -656.250000000000        55.83532    
  -640.625000000000        37.30273    
  -625.000000000000        102.4085    
  -609.375000000000        143.6226    
  -593.750000000000        297.6584    
  -578.125000000000        912.1305    
  -562.500000000000        172.3954    
  -546.875000000000        45.08476    
  -531.250000000000        77.37967    
  -515.625000000000        68.36590    
  -500.000000000000        61.41851    
  -484.375000000000        21.97695    
  -468.750000000000        36.89423    
  -453.125000000000        4.880673    
  -437.500000000000        36.33653    
  -421.875000000000        36.02848    
  -406.250000000000        62.95394    
  -390.625000000000        323.0376    
  -375.000000000000        69.99928    
  -359.375000000000        42.87796    
  -343.750000000000        29.96699    
  -328.125000000000        60.93504    
  -312.500000000000        38.27048    
  -296.875000000000        75.14317    
  -281.250000000000        82.04944    
  -265.625000000000        83.87999    
  -250.000000000000        95.31133    
  -234.375000000000        91.54512    
  -218.750000000000        203.4395    
  -203.125000000000        682.7310    
  -187.500000000000        888.5173    
  -171.875000000000        257.9975    
  -156.250000000000        161.5959    
  -140.625000000000        116.5746    
  -125.000000000000        67.85117    
  -109.375000000000        77.84808    
  -93.7500000000000        57.98263    
  -78.1250000000000        104.6308    
  -62.5000000000000        62.58681    
  -46.8750000000000        34.63543    
  -31.2500000000000        27.12496    
  -15.6250000000000        123.3067    
  0.000000000000000E+000   21911.71    
   15.6250000000000        137.7533    
   31.2500000000000        74.24359    
   46.8750000000000        91.56081    
   62.5000000000000        19.03522    
   78.1250000000000        77.26823    
   93.7500000000000        54.42068    
   109.375000000000        38.83089    
   125.000000000000        86.33112    
   140.625000000000        75.27374    
   156.250000000000        77.06279    
   171.875000000000        150.7945    
   187.500000000000        396.5754    
   203.125000000000        214.3802    
   218.750000000000        119.5272    
   234.375000000000        80.99247    
   250.000000000000        89.60356    
   265.625000000000        21.46197    
   281.250000000000        32.20249    
   296.875000000000        12.09533    
   312.500000000000        34.13346    
   328.125000000000        77.47490    
   343.750000000000        40.10775    
   359.375000000000        90.01810    
   375.000000000000        226.8267    
   390.625000000000        488.2393    
   406.250000000000        125.7234    
   421.875000000000        62.93632    
   437.500000000000        46.96468    
   453.125000000000        36.37577    
   468.750000000000        19.25283    
   484.375000000000        28.24732    
   500.000000000000        82.55740    
   515.625000000000        90.85665    
   531.250000000000        95.21210    
   546.875000000000        84.25954    
   562.500000000000        168.4080    
   578.125000000000        996.9702    
   593.750000000000        416.7624    
   609.375000000000        167.4251    
   625.000000000000        116.4593    
   640.625000000000        67.90787    
   656.250000000000        88.36790    
   671.875000000000        62.82322    
   687.500000000000        71.08378    
   703.125000000000        74.24608    
   718.750000000000        70.51353    
   734.375000000000        62.50775    
   750.000000000000        70.56664    
   765.625000000000        179.6996    
   781.250000000000        166.1075    
   796.875000000000        48.78521    
   812.500000000000        21.91349    
   828.125000000000        13.46780    
   843.750000000000        39.19487    
   859.375000000000        18.58755    
   875.000000000000        31.10423    
   890.625000000000        8.577801    
   906.250000000000        41.60957    
   921.875000000000        81.65686    
   937.500000000000        27.73956    
   953.125000000000        25.91612    
   968.750000000000        63.42088    
   984.375000000000        17.55525    
   1000.00000000000        23.15244    
   1015.62500000000        13.72094    
   1031.25000000000        47.78302    
   1046.87500000000        22.94962    
   1062.50000000000        9.481275    
   1078.12500000000        17.77850    
   1093.75000000000        40.95958    
   1109.37500000000        38.92214    
   1125.00000000000        15.59073    
   1140.62500000000        8.987479    
   1156.25000000000        72.85339    
   1171.87500000000        81.32046    
   1187.50000000000        28.84755    
   1203.12500000000        26.09472    
   1218.75000000000        7.140029    
   1234.37500000000        11.56492    
   1250.00000000000        54.92542    
   1265.62500000000        22.89572    
   1281.25000000000        33.94401    
   1296.87500000000        42.80476    
   1312.50000000000        18.57211    
   1328.12500000000        21.70466    
   1343.75000000000        25.16587    
   1359.37500000000        48.61512    
   1375.00000000000        40.20850    
   1390.62500000000        20.05483    
   1406.25000000000        30.33402    
   1421.87500000000        31.95182    
   1437.50000000000        18.36983    
   1453.12500000000        23.74322    
   1468.75000000000        23.79406    
   1484.37500000000        29.22727    
   1500.00000000000        33.49462    
   1515.62500000000        7.475021    
   1531.25000000000        25.41325    
   1546.87500000000        53.50435    
   1562.50000000000        35.16140    
   1578.12500000000        37.09924    
   1593.75000000000        12.68260    
   1609.37500000000        28.44042    
   1625.00000000000        31.30061    
   1640.62500000000        14.25152    
   1656.25000000000        23.17744    
   1671.87500000000        49.60317    
   1687.50000000000        25.90575    
   1703.12500000000        24.73190    
   1718.75000000000        8.766313    
   1734.37500000000        25.57469    
   1750.00000000000        75.54182    
   1765.62500000000        30.46205    
   1781.25000000000        17.29376    
   1796.87500000000        12.69200    
   1812.50000000000        20.40994    
   1828.12500000000        12.35376    
   1843.75000000000        5.654654    
   1859.37500000000        46.00514    
   1875.00000000000        53.09697    
   1890.62500000000        30.50187    
   1906.25000000000        30.41855    
   1921.87500000000        31.37465    
   1937.50000000000        46.42092    
   1953.12500000000        17.32403    
   1968.75000000000        30.84609    
   1984.37500000000        13.95960    
