  -2000.00000000000        10.79509    
  -1984.37500000000        8.925179    
  -1968.75000000000        20.25674    
  -1953.12500000000        4.707654    
  -1937.50000000000        36.19712    
  -1921.87500000000        16.76277    
  -1906.25000000000        6.060079    
  -1890.62500000000        18.12568    
  -1875.00000000000        9.534326    
  -1859.37500000000        3.912850    
  -1843.75000000000        5.041372    
  -1828.12500000000        14.93791    
  -1812.50000000000        8.568798    
  -1796.87500000000        6.298423    
  -1781.25000000000        5.779689    
  -1765.62500000000        6.736551    
  -1750.00000000000        19.80892    
  -1734.37500000000        18.87697    
  -1718.75000000000        8.686402    
  -1703.12500000000        7.905843    
  -1687.50000000000        6.604324    
  -1671.87500000000        19.40597    
  -1656.25000000000        8.795061    
  -1640.62500000000        10.54594    
  -1625.00000000000        3.544684    
  -1609.37500000000        8.156109    
  -1593.75000000000        11.30190    
  -1578.12500000000        9.836358    
  -1562.50000000000        17.63100    
  -1546.87500000000        51.75196    
  -1531.25000000000        6.550418    
  -1515.62500000000        6.646760    
  -1500.00000000000        21.08277    
  -1484.37500000000        8.664800    
  -1468.75000000000        8.160880    
  -1453.12500000000        9.185178    
  -1437.50000000000        3.789408    
  -1421.87500000000        10.75790    
  -1406.25000000000        6.670733    
  -1390.62500000000        8.453279    
  -1375.00000000000        3.114265    
  -1359.37500000000        43.17126    
  -1343.75000000000        7.292785    
  -1328.12500000000        11.13448    
  -1312.50000000000        7.766384    
  -1296.87500000000        14.17401    
  -1281.25000000000        15.08887    
  -1265.62500000000        8.120605    
  -1250.00000000000        31.43271    
  -1234.37500000000        4.201425    
  -1218.75000000000        8.053240    
  -1203.12500000000        27.96371    
  -1187.50000000000        30.86364    
  -1171.87500000000        92.79784    
  -1156.25000000000        74.69016    
  -1140.62500000000        31.36657    
  -1125.00000000000        12.85793    
  -1109.37500000000        17.58460    
  -1093.75000000000        10.87348    
  -1078.12500000000        13.08259    
  -1062.50000000000        7.901958    
  -1046.87500000000        9.713640    
  -1031.25000000000        6.377428    
  -1015.62500000000        15.20757    
  -1000.00000000000        3.405252    
  -984.375000000000        20.67500    
  -968.750000000000        124.7102    
  -953.125000000000        38.04873    
  -937.500000000000        15.23264    
  -921.875000000000        31.97859    
  -906.250000000000        9.170177    
  -890.625000000000        16.19540    
  -875.000000000000        14.44504    
  -859.375000000000        11.39278    
  -843.750000000000        18.45532    
  -828.125000000000        28.49096    
  -812.500000000000        24.99984    
  -796.875000000000        37.57943    
  -781.250000000000        135.2963    
  -765.625000000000        101.5755    
  -750.000000000000        27.86498    
  -734.375000000000        22.04665    
  -718.750000000000        23.86386    
  -703.125000000000        19.32830    
  -687.500000000000        23.90836    
  -671.875000000000        24.93275    
  -656.250000000000        31.01899    
  -640.625000000000        32.63504    
  -625.000000000000        54.13387    
  -609.375000000000        89.33565    
  -593.750000000000        177.1461    
  -578.125000000000        485.5955    
  -562.500000000000        84.16051    
  -546.875000000000        23.66117    
  -531.250000000000        40.96709    
  -515.625000000000        30.12425    
  -500.000000000000        28.58259    
  -484.375000000000        14.28067    
  -468.750000000000        19.08111    
  -453.125000000000        12.63884    
  -437.500000000000        37.71695    
  -421.875000000000        29.11900    
  -406.250000000000        63.19088    
  -390.625000000000        164.4410    
  -375.000000000000        76.59499    
  -359.375000000000        26.00570    
  -343.750000000000        3.824739    
  -328.125000000000        6.016532    
  -312.500000000000        26.69782    
  -296.875000000000        29.17279    
  -281.250000000000        9.478294    
  -265.625000000000        32.13466    
  -250.000000000000        34.23584    
  -234.375000000000        39.12318    
  -218.750000000000        62.16840    
  -203.125000000000        252.0618    
  -187.500000000000        291.5015    
  -171.875000000000        82.79531    
  -156.250000000000        36.47936    
  -140.625000000000        36.15909    
  -125.000000000000        25.64985    
  -109.375000000000        13.10112    
  -93.7500000000000        5.911636    
  -78.1250000000000        39.13589    
  -62.5000000000000        25.19670    
  -46.8750000000000        16.98380    
  -31.2500000000000        9.321175    
  -15.6250000000000        56.19177    
  0.000000000000000E+000   12642.82    
   15.6250000000000        63.73160    
   31.2500000000000        33.05258    
   46.8750000000000        30.58769    
   62.5000000000000        4.617646    
   78.1250000000000        41.01064    
   93.7500000000000        17.87605    
   109.375000000000        4.392369    
   125.000000000000        13.89238    
   140.625000000000        20.86070    
   156.250000000000        13.57743    
   171.875000000000        32.52319    
   187.500000000000        115.0797    
   203.125000000000        115.6881    
   218.750000000000        28.64480    
   234.375000000000        4.135142    
   250.000000000000        42.39214    
   265.625000000000        6.277695    
   281.250000000000        16.63942    
   296.875000000000        16.78511    
   312.500000000000        11.83746    
   328.125000000000        16.51797    
   343.750000000000        6.879951    
   359.375000000000        25.57172    
   375.000000000000        86.96535    
   390.625000000000        185.7700    
   406.250000000000        50.87910    
   421.875000000000        23.15623    
   437.500000000000        26.90428    
   453.125000000000        11.69199    
   468.750000000000        16.47852    
   484.375000000000        17.98492    
   500.000000000000        23.70652    
   515.625000000000        27.12735    
   531.250000000000        40.14417    
   546.875000000000        29.28531    
   562.500000000000        79.26332    
   578.125000000000        486.1475    
   593.750000000000        184.6036    
   609.375000000000        78.99528    
   625.000000000000        49.98209    
   640.625000000000        30.76706    
   656.250000000000        43.51635    
   671.875000000000        28.23695    
   687.500000000000        24.70007    
   703.125000000000        41.50797    
   718.750000000000        35.52864    
   734.375000000000        22.28588    
   750.000000000000        28.45242    
   765.625000000000        71.45287    
   781.250000000000        99.44868    
   796.875000000000        30.86400    
   812.500000000000        11.46093    
   828.125000000000        7.905860    
   843.750000000000        14.02866    
   859.375000000000        19.05602    
   875.000000000000        14.13355    
   890.625000000000        19.90554    
   906.250000000000        21.26697    
   921.875000000000        30.63802    
   937.500000000000        9.245130    
   953.125000000000        22.50029    
   968.750000000000        86.73723    
   984.375000000000        1.655189    
   1000.00000000000        7.922880    
   1015.62500000000        6.286555    
   1031.25000000000        13.09350    
   1046.87500000000        9.764106    
   1062.50000000000        8.790136    
   1078.12500000000        20.84727    
   1093.75000000000        20.41393    
   1109.37500000000        21.47541    
   1125.00000000000        15.86123    
   1140.62500000000        33.85868    
   1156.25000000000        98.29041    
   1171.87500000000        82.45226    
   1187.50000000000        39.14646    
   1203.12500000000        25.56287    
   1218.75000000000        9.769588    
   1234.37500000000        16.42757    
   1250.00000000000        35.38527    
   1265.62500000000        6.730463    
   1281.25000000000        39.11827    
   1296.87500000000        30.82998    
   1312.50000000000        15.01196    
   1328.12500000000        12.19959    
   1343.75000000000        19.04558    
   1359.37500000000        41.21097    
   1375.00000000000        9.245806    
   1390.62500000000        16.60915    
   1406.25000000000        15.00677    
   1421.87500000000        13.60057    
   1437.50000000000        3.826412    
   1453.12500000000        3.709511    
   1468.75000000000        7.354930    
   1484.37500000000        20.18715    
   1500.00000000000        27.35280    
   1515.62500000000        13.52356    
   1531.25000000000        11.79555    
   1546.87500000000        26.24826    
   1562.50000000000        18.80417    
   1578.12500000000        8.824950    
   1593.75000000000        8.371380    
   1609.37500000000        9.801252    
   1625.00000000000        7.235458    
   1640.62500000000        5.768213    
   1656.25000000000        8.742479    
   1671.87500000000        16.50319    
   1687.50000000000        7.753353    
   1703.12500000000        12.26698    
   1718.75000000000        7.506939    
   1734.37500000000        11.60669    
   1750.00000000000        23.17956    
   1765.62500000000        9.630522    
   1781.25000000000        15.27831    
   1796.87500000000        1.126184    
   1812.50000000000        6.893769    
   1828.12500000000        23.82741    
   1843.75000000000        9.170562    
   1859.37500000000        9.090294    
   1875.00000000000        9.376925    
   1890.62500000000        16.57726    
   1906.25000000000        13.10129    
   1921.87500000000        9.487029    
   1937.50000000000        32.76975    
   1953.12500000000        6.872853    
   1968.75000000000        8.169800    
   1984.37500000000        6.315427    
