  -4000.00000000000        231.7771    
  -3968.75000000000        434.3695    
  -3937.50000000000        604.9313    
  -3906.25000000000        244.2623    
  -3875.00000000000        402.2813    
  -3843.75000000000        453.4384    
  -3812.50000000000        358.5683    
  -3781.25000000000        476.5243    
  -3750.00000000000        325.2690    
  -3718.75000000000        378.3576    
  -3687.50000000000        350.5625    
  -3656.25000000000        415.2648    
  -3625.00000000000        221.2496    
  -3593.75000000000        274.5488    
  -3562.50000000000        295.6842    
  -3531.25000000000        98.83937    
  -3500.00000000000        352.1109    
  -3468.75000000000        274.4536    
  -3437.50000000000        190.3496    
  -3406.25000000000        539.6254    
  -3375.00000000000        159.0673    
  -3343.75000000000        137.7028    
  -3312.50000000000        325.9566    
  -3281.25000000000        263.1485    
  -3250.00000000000        205.2356    
  -3218.75000000000        265.0850    
  -3187.50000000000        86.76667    
  -3156.25000000000        316.0828    
  -3125.00000000000        203.0676    
  -3093.75000000000        242.8110    
  -3062.50000000000        296.3009    
  -3031.25000000000        188.1937    
  -3000.00000000000        144.3510    
  -2968.75000000000        137.8875    
  -2937.50000000000        266.2950    
  -2906.25000000000        8.815630    
  -2875.00000000000        148.7785    
  -2843.75000000000        72.62605    
  -2812.50000000000        159.7743    
  -2781.25000000000        92.05282    
  -2750.00000000000        76.40635    
  -2718.75000000000        103.5717    
  -2687.50000000000        165.1944    
  -2656.25000000000        68.63449    
  -2625.00000000000        23.30965    
  -2593.75000000000        107.4035    
  -2562.50000000000        48.47314    
  -2531.25000000000        19.30047    
  -2500.00000000000        164.3548    
  -2468.75000000000        26.56789    
  -2437.50000000000        143.4380    
  -2406.25000000000        53.90987    
  -2375.00000000000        27.28486    
  -2343.75000000000        174.1156    
  -2312.50000000000        114.2727    
  -2281.25000000000        31.65169    
  -2250.00000000000        69.61009    
  -2218.75000000000        93.77084    
  -2187.50000000000        135.3218    
  -2156.25000000000        143.6955    
  -2125.00000000000        92.75416    
  -2093.75000000000        103.2422    
  -2062.50000000000        85.39397    
  -2031.25000000000        11.27729    
  -2000.00000000000        68.19689    
  -1968.75000000000        104.9304    
  -1937.50000000000        65.83980    
  -1906.25000000000        37.11106    
  -1875.00000000000        82.03226    
  -1843.75000000000        109.3187    
  -1812.50000000000        292.6147    
  -1781.25000000000        369.5189    
  -1750.00000000000        180.0193    
  -1718.75000000000        142.1555    
  -1687.50000000000        181.0797    
  -1656.25000000000        234.8195    
  -1625.00000000000        110.0391    
  -1593.75000000000        64.02371    
  -1562.50000000000        262.1881    
  -1531.25000000000        149.2667    
  -1500.00000000000        51.25243    
  -1468.75000000000        114.4739    
  -1437.50000000000        58.17303    
  -1406.25000000000        89.88504    
  -1375.00000000000        149.8731    
  -1343.75000000000        134.8364    
  -1312.50000000000        110.5669    
  -1281.25000000000        78.12621    
  -1250.00000000000        270.0710    
  -1218.75000000000        61.38369    
  -1187.50000000000        38.14899    
  -1156.25000000000        180.7837    
  -1125.00000000000        38.76701    
  -1093.75000000000        136.3378    
  -1062.50000000000        191.3175    
  -1031.25000000000        84.10032    
  -1000.00000000000        113.1300    
  -968.750000000000        99.23104    
  -937.500000000000        30.95344    
  -906.250000000000        193.2598    
  -875.000000000000        102.8693    
  -843.750000000000        163.4781    
  -812.500000000000        296.9388    
  -781.250000000000        347.9341    
  -750.000000000000        274.7120    
  -718.750000000000        326.5256    
  -687.500000000000        305.8673    
  -656.250000000000        523.6170    
  -625.000000000000        60.16294    
  -593.750000000000        362.3799    
  -562.500000000000        105.2941    
  -531.250000000000        244.1022    
  -500.000000000000        381.0383    
  -468.750000000000        81.96519    
  -437.500000000000        343.3337    
  -406.250000000000        363.5608    
  -375.000000000000        818.6769    
  -343.750000000000        1322.745    
  -312.500000000000        678.3497    
  -281.250000000000        975.5228    
  -250.000000000000        495.4343    
  -218.750000000000        73.83522    
  -187.500000000000        431.7335    
  -156.250000000000        1561.638    
  -125.000000000000        1611.056    
  -93.7500000000000        591.0464    
  -62.5000000000000        1585.825    
  -31.2500000000000        2940.901    
  0.000000000000000E+000   7375.761    
   31.2500000000000        2822.111    
   62.5000000000000        1682.995    
   93.7500000000000        641.8301    
   125.000000000000        1715.773    
   156.250000000000        1741.764    
   187.500000000000        462.3421    
   218.750000000000        13.55383    
   250.000000000000        483.5501    
   281.250000000000        895.6963    
   312.500000000000        662.9777    
   343.750000000000        1253.189    
   375.000000000000        737.2166    
   406.250000000000        354.2531    
   437.500000000000        221.0553    
   468.750000000000        106.3028    
   500.000000000000        372.6935    
   531.250000000000        268.0331    
   562.500000000000        178.0391    
   593.750000000000        379.3597    
   625.000000000000        37.50436    
   656.250000000000        503.0670    
   687.500000000000        276.6648    
   718.750000000000        340.6353    
   750.000000000000        271.4070    
   781.250000000000        352.0924    
   812.500000000000        261.5447    
   843.750000000000        154.9458    
   875.000000000000        80.70134    
   906.250000000000        202.2426    
   937.500000000000        23.92644    
   968.750000000000        117.4705    
   1000.00000000000        119.7270    
   1031.25000000000        79.47224    
   1062.50000000000        196.9510    
   1093.75000000000        129.6675    
   1125.00000000000        40.24703    
   1156.25000000000        180.9415    
   1187.50000000000        49.84408    
   1218.75000000000        68.20448    
   1250.00000000000        283.3325    
   1281.25000000000        63.62432    
   1312.50000000000        95.02996    
   1343.75000000000        145.2139    
   1375.00000000000        171.8796    
   1406.25000000000        118.9468    
   1437.50000000000        45.88101    
   1468.75000000000        105.4653    
   1500.00000000000        42.01224    
   1531.25000000000        152.4128    
   1562.50000000000        251.5398    
   1593.75000000000        80.30931    
   1625.00000000000        118.1015    
   1656.25000000000        194.1578    
   1687.50000000000        168.2695    
   1718.75000000000        132.1400    
   1750.00000000000        188.0039    
   1781.25000000000        347.0613    
   1812.50000000000        273.4803    
   1843.75000000000        105.9514    
   1875.00000000000        107.7679    
   1906.25000000000        29.46187    
   1937.50000000000        51.81472    
   1968.75000000000        89.17070    
   2000.00000000000        47.13093    
   2031.25000000000        33.51923    
   2062.50000000000        75.58456    
   2093.75000000000        86.50134    
   2125.00000000000        85.36209    
   2156.25000000000        136.5578    
   2187.50000000000        116.1285    
   2218.75000000000        100.3768    
   2250.00000000000        67.66232    
   2281.25000000000        60.26026    
   2312.50000000000        89.42906    
   2343.75000000000        200.6634    
   2375.00000000000        37.41264    
   2406.25000000000        58.62976    
   2437.50000000000        125.4282    
   2468.75000000000        18.29679    
   2500.00000000000        177.9967    
   2531.25000000000        14.08396    
   2562.50000000000        75.42754    
   2593.75000000000        129.5448    
   2625.00000000000        47.03022    
   2656.25000000000        55.71771    
   2687.50000000000        175.8089    
   2718.75000000000        74.18797    
   2750.00000000000        81.03681    
   2781.25000000000        51.62421    
   2812.50000000000        179.5266    
   2843.75000000000        75.31314    
   2875.00000000000        172.4452    
   2906.25000000000        31.73684    
   2937.50000000000        231.9845    
   2968.75000000000        140.3349    
   3000.00000000000        148.9829    
   3031.25000000000        219.4328    
   3062.50000000000        277.0256    
   3093.75000000000        207.0346    
   3125.00000000000        158.3690    
   3156.25000000000        298.6916    
   3187.50000000000        109.7418    
   3218.75000000000        287.6614    
   3250.00000000000        254.5686    
   3281.25000000000        279.1387    
   3312.50000000000        267.0669    
   3343.75000000000        165.6433    
   3375.00000000000        143.2021    
   3406.25000000000        513.1915    
   3437.50000000000        223.7162    
   3468.75000000000        333.0523    
   3500.00000000000        327.8946    
   3531.25000000000        82.60313    
   3562.50000000000        287.2864    
   3593.75000000000        238.3947    
   3625.00000000000        186.8266    
   3656.25000000000        411.9391    
   3687.50000000000        323.3103    
   3718.75000000000        374.7892    
   3750.00000000000        261.2108    
   3781.25000000000        501.1645    
   3812.50000000000        321.2550    
   3843.75000000000        457.3861    
   3875.00000000000        392.2551    
   3906.25000000000        278.5052    
   3937.50000000000        548.4676    
   3968.75000000000        466.0424    
