  -4000.00000000000        196.0538    
  -3968.75000000000        361.6327    
  -3937.50000000000        460.3146    
  -3906.25000000000        217.9216    
  -3875.00000000000        329.6751    
  -3843.75000000000        365.9315    
  -3812.50000000000        265.1541    
  -3781.25000000000        389.2032    
  -3750.00000000000        238.4380    
  -3718.75000000000        301.4419    
  -3687.50000000000        276.3787    
  -3656.25000000000        336.7731    
  -3625.00000000000        157.5794    
  -3593.75000000000        214.3284    
  -3562.50000000000        236.4785    
  -3531.25000000000        82.41644    
  -3500.00000000000        273.4668    
  -3468.75000000000        252.1412    
  -3437.50000000000        146.4349    
  -3406.25000000000        420.1810    
  -3375.00000000000        125.4892    
  -3343.75000000000        122.4284    
  -3312.50000000000        234.3033    
  -3281.25000000000        214.3024    
  -3250.00000000000        182.9250    
  -3218.75000000000        224.5471    
  -3187.50000000000        99.73339    
  -3156.25000000000        241.8280    
  -3125.00000000000        142.0310    
  -3093.75000000000        190.6418    
  -3062.50000000000        220.7578    
  -3031.25000000000        175.0219    
  -3000.00000000000        108.3744    
  -2968.75000000000        108.5897    
  -2937.50000000000        196.8743    
  -2906.25000000000        27.13437    
  -2875.00000000000        127.4434    
  -2843.75000000000        58.08598    
  -2812.50000000000        140.6420    
  -2781.25000000000        49.34178    
  -2750.00000000000        68.57269    
  -2718.75000000000        72.59943    
  -2687.50000000000        132.5872    
  -2656.25000000000        56.46692    
  -2625.00000000000        34.51152    
  -2593.75000000000        95.28931    
  -2562.50000000000        62.02586    
  -2531.25000000000        19.53880    
  -2500.00000000000        137.1849    
  -2468.75000000000        8.093495    
  -2437.50000000000        93.99121    
  -2406.25000000000        51.12525    
  -2375.00000000000        23.74706    
  -2343.75000000000        138.0177    
  -2312.50000000000        85.81151    
  -2281.25000000000        45.15066    
  -2250.00000000000        48.86931    
  -2218.75000000000        71.45927    
  -2187.50000000000        103.4049    
  -2156.25000000000        105.8760    
  -2125.00000000000        65.89731    
  -2093.75000000000        81.03391    
  -2062.50000000000        62.68789    
  -2031.25000000000        16.22754    
  -2000.00000000000        42.12116    
  -1968.75000000000        66.60960    
  -1937.50000000000        52.17611    
  -1906.25000000000        28.79016    
  -1875.00000000000        75.47133    
  -1843.75000000000        93.27227    
  -1812.50000000000        251.9275    
  -1781.25000000000        295.5166    
  -1750.00000000000        149.4787    
  -1718.75000000000        104.5391    
  -1687.50000000000        140.2694    
  -1656.25000000000        167.9180    
  -1625.00000000000        103.4646    
  -1593.75000000000        49.43177    
  -1562.50000000000        199.3667    
  -1531.25000000000        119.5492    
  -1500.00000000000        37.46525    
  -1468.75000000000        74.62327    
  -1437.50000000000        43.69084    
  -1406.25000000000        81.69291    
  -1375.00000000000        132.7936    
  -1343.75000000000        107.3933    
  -1312.50000000000        86.99045    
  -1281.25000000000        69.33755    
  -1250.00000000000        225.3677    
  -1218.75000000000        44.81749    
  -1187.50000000000        46.15180    
  -1156.25000000000        143.6164    
  -1125.00000000000        32.02663    
  -1093.75000000000        89.91177    
  -1062.50000000000        163.1655    
  -1031.25000000000        76.20368    
  -1000.00000000000        92.91280    
  -968.750000000000        92.50680    
  -937.500000000000        36.09493    
  -906.250000000000        161.0561    
  -875.000000000000        91.38447    
  -843.750000000000        123.7832    
  -812.500000000000        217.9666    
  -781.250000000000        279.1055    
  -750.000000000000        205.7122    
  -718.750000000000        268.9496    
  -687.500000000000        224.1978    
  -656.250000000000        414.3342    
  -625.000000000000        33.55410    
  -593.750000000000        296.8044    
  -562.500000000000        115.4124    
  -531.250000000000        199.2849    
  -500.000000000000        297.7123    
  -468.750000000000        77.99925    
  -437.500000000000        233.7043    
  -406.250000000000        278.1910    
  -375.000000000000        641.3232    
  -343.750000000000        1046.751    
  -312.500000000000        549.3582    
  -281.250000000000        751.6530    
  -250.000000000000        388.5411    
  -218.750000000000        38.71707    
  -187.500000000000        359.9885    
  -156.250000000000        1343.492    
  -125.000000000000        1324.975    
  -93.7500000000000        468.0821    
  -62.5000000000000        1307.874    
  -31.2500000000000        2299.745    
  0.000000000000000E+000   5949.720    
   31.2500000000000        2284.446    
   62.5000000000000        1316.133    
   93.7500000000000        491.4952    
   125.000000000000        1334.893    
   156.250000000000        1364.519    
   187.500000000000        358.2186    
   218.750000000000        25.66929    
   250.000000000000        381.7082    
   281.250000000000        738.7905    
   312.500000000000        536.1506    
   343.750000000000        1038.048    
   375.000000000000        631.5930    
   406.250000000000        273.8473    
   437.500000000000        212.4870    
   468.750000000000        68.87510    
   500.000000000000        297.1226    
   531.250000000000        202.6107    
   562.500000000000        120.4750    
   593.750000000000        303.1473    
   625.000000000000        36.05874    
   656.250000000000        412.2607    
   687.500000000000        230.6031    
   718.750000000000        270.1538    
   750.000000000000        209.4039    
   781.250000000000        275.7445    
   812.500000000000        211.5089    
   843.750000000000        117.6787    
   875.000000000000        80.16033    
   906.250000000000        165.2662    
   937.500000000000        36.29408    
   968.750000000000        91.16041    
   1000.00000000000        95.91513    
   1031.25000000000        71.66586    
   1062.50000000000        168.3819    
   1093.75000000000        91.93468    
   1125.00000000000        33.96705    
   1156.25000000000        144.6778    
   1187.50000000000        36.04406    
   1218.75000000000        43.51715    
   1250.00000000000        226.5413    
   1281.25000000000        72.07463    
   1312.50000000000        86.31892    
   1343.75000000000        103.8637    
   1375.00000000000        133.1819    
   1406.25000000000        84.46264    
   1437.50000000000        43.33664    
   1468.75000000000        74.66438    
   1500.00000000000        34.70753    
   1531.25000000000        115.9040    
   1562.50000000000        197.4055    
   1593.75000000000        48.51887    
   1625.00000000000        99.38753    
   1656.25000000000        162.6529    
   1687.50000000000        142.0031    
   1718.75000000000        100.4092    
   1750.00000000000        144.2790    
   1781.25000000000        287.9293    
   1812.50000000000        243.6700    
   1843.75000000000        92.85090    
   1875.00000000000        83.17510    
   1906.25000000000        29.69969    
   1937.50000000000        48.45958    
   1968.75000000000        66.73562    
   2000.00000000000        40.75351    
   2031.25000000000        19.61361    
   2062.50000000000        64.24004    
   2093.75000000000        82.64072    
   2125.00000000000        64.08468    
   2156.25000000000        104.7467    
   2187.50000000000        101.8475    
   2218.75000000000        73.86374    
   2250.00000000000        50.22248    
   2281.25000000000        43.24751    
   2312.50000000000        86.28848    
   2343.75000000000        142.9821    
   2375.00000000000        22.12562    
   2406.25000000000        52.27096    
   2437.50000000000        95.60521    
   2468.75000000000        14.39404    
   2500.00000000000        138.5753    
   2531.25000000000        16.30778    
   2562.50000000000        65.35900    
   2593.75000000000        92.82224    
   2625.00000000000        36.09390    
   2656.25000000000        53.46076    
   2687.50000000000        132.9570    
   2718.75000000000        71.02634    
   2750.00000000000        68.46865    
   2781.25000000000        49.33399    
   2812.50000000000        138.9413    
   2843.75000000000        57.41611    
   2875.00000000000        132.5828    
   2906.25000000000        24.07162    
   2937.50000000000        197.0674    
   2968.75000000000        106.2928    
   3000.00000000000        111.1604    
   3031.25000000000        178.0838    
   3062.50000000000        221.6324    
   3093.75000000000        190.6702    
   3125.00000000000        139.0596    
   3156.25000000000        243.4785    
   3187.50000000000        101.8590    
   3218.75000000000        228.9180    
   3250.00000000000        186.3840    
   3281.25000000000        217.5665    
   3312.50000000000        231.3923    
   3343.75000000000        123.9531    
   3375.00000000000        128.5749    
   3406.25000000000        420.5001    
   3437.50000000000        146.3103    
   3468.75000000000        257.8637    
   3500.00000000000        267.6997    
   3531.25000000000        84.94225    
   3562.50000000000        241.9519    
   3593.75000000000        208.3667    
   3625.00000000000        153.9854    
   3656.25000000000        336.4742    
   3687.50000000000        275.6190    
   3718.75000000000        302.0923    
   3750.00000000000        233.9716    
   3781.25000000000        392.7637    
   3812.50000000000        263.1309    
   3843.75000000000        370.5981    
   3875.00000000000        325.7118    
   3906.25000000000        217.1405    
   3937.50000000000        457.0983    
   3968.75000000000        365.5792    
