  -2000.00000000000        120.5428    
  -1984.37500000000        83.84512    
  -1968.75000000000        66.96577    
  -1953.12500000000        87.79053    
  -1937.50000000000        63.20047    
  -1921.87500000000        19.59388    
  -1906.25000000000        56.63750    
  -1890.62500000000        45.31198    
  -1875.00000000000        199.3284    
  -1859.37500000000        125.7586    
  -1843.75000000000        33.39765    
  -1828.12500000000        59.65594    
  -1812.50000000000        64.58759    
  -1796.87500000000        90.19848    
  -1781.25000000000        64.67395    
  -1765.62500000000        28.15503    
  -1750.00000000000        211.6900    
  -1734.37500000000        133.5153    
  -1718.75000000000        38.52965    
  -1703.12500000000        66.08690    
  -1687.50000000000        47.37220    
  -1671.87500000000        219.7213    
  -1656.25000000000        62.58804    
  -1640.62500000000        69.34637    
  -1625.00000000000        83.43626    
  -1609.37500000000        35.54633    
  -1593.75000000000        28.30414    
  -1578.12500000000        28.40434    
  -1562.50000000000        76.68842    
  -1546.87500000000        186.2982    
  -1531.25000000000        63.20404    
  -1515.62500000000        25.91626    
  -1500.00000000000        60.51820    
  -1484.37500000000        232.4130    
  -1468.75000000000        131.0346    
  -1453.12500000000        38.07425    
  -1437.50000000000        48.77526    
  -1421.87500000000        105.5809    
  -1406.25000000000        28.94428    
  -1390.62500000000        88.31160    
  -1375.00000000000        40.35767    
  -1359.37500000000        484.0382    
  -1343.75000000000        46.25483    
  -1328.12500000000        65.65120    
  -1312.50000000000        18.76119    
  -1296.87500000000        57.19335    
  -1281.25000000000        167.8154    
  -1265.62500000000        55.71049    
  -1250.00000000000        154.2517    
  -1234.37500000000        54.07514    
  -1218.75000000000        94.59015    
  -1203.12500000000        90.91853    
  -1187.50000000000        129.6767    
  -1171.87500000000        269.1800    
  -1156.25000000000        463.6794    
  -1140.62500000000        126.7563    
  -1125.00000000000        67.42703    
  -1109.37500000000        97.15430    
  -1093.75000000000        72.28868    
  -1078.12500000000        64.86185    
  -1062.50000000000        47.34158    
  -1046.87500000000        77.46285    
  -1031.25000000000        156.2882    
  -1015.62500000000        65.10851    
  -1000.00000000000        75.21821    
  -984.375000000000        36.40355    
  -968.750000000000        322.2533    
  -953.125000000000        218.5828    
  -937.500000000000        111.4471    
  -921.875000000000        239.4776    
  -906.250000000000        37.23148    
  -890.625000000000        39.78625    
  -875.000000000000        52.59989    
  -859.375000000000        70.22675    
  -843.750000000000        115.5386    
  -828.125000000000        160.8318    
  -812.500000000000        143.7392    
  -796.875000000000        179.2193    
  -781.250000000000        552.6661    
  -765.625000000000        229.9380    
  -750.000000000000        59.51444    
  -734.375000000000        24.34752    
  -718.750000000000        99.13262    
  -703.125000000000        30.10749    
  -687.500000000000        42.60651    
  -671.875000000000        100.8303    
  -656.250000000000        114.5138    
  -640.625000000000        137.2562    
  -625.000000000000        292.5638    
  -609.375000000000        364.4922    
  -593.750000000000        699.2359    
  -578.125000000000        2442.697    
  -562.500000000000        472.7166    
  -546.875000000000        149.6538    
  -531.250000000000        206.6677    
  -515.625000000000        223.5090    
  -500.000000000000        95.10885    
  -484.375000000000        48.91377    
  -468.750000000000        121.3599    
  -453.125000000000        120.2094    
  -437.500000000000        60.03178    
  -421.875000000000        83.24428    
  -406.250000000000        193.9797    
  -390.625000000000        1062.416    
  -375.000000000000        52.98055    
  -359.375000000000        191.8523    
  -343.750000000000        102.4159    
  -328.125000000000        144.7597    
  -312.500000000000        177.8636    
  -296.875000000000        200.2523    
  -281.250000000000        156.2009    
  -265.625000000000        261.3323    
  -250.000000000000        318.7071    
  -234.375000000000        389.1060    
  -218.750000000000        649.3563    
  -203.125000000000        2159.287    
  -187.500000000000        2942.153    
  -171.875000000000        903.4672    
  -156.250000000000        518.6799    
  -140.625000000000        311.9043    
  -125.000000000000        351.3275    
  -109.375000000000        324.7302    
  -93.7500000000000        223.2181    
  -78.1250000000000        228.1419    
  -62.5000000000000        181.0023    
  -46.8750000000000        130.1691    
  -31.2500000000000        123.1536    
  -15.6250000000000        301.2738    
  0.000000000000000E+000   48847.11    
   15.6250000000000        262.1954    
   31.2500000000000        228.4698    
   46.8750000000000        261.1584    
   62.5000000000000        99.67424    
   78.1250000000000        241.7127    
   93.7500000000000        205.0070    
   109.375000000000        211.9449    
   125.000000000000        233.9518    
   140.625000000000        230.1158    
   156.250000000000        399.1968    
   171.875000000000        611.9222    
   187.500000000000        1811.880    
   203.125000000000        992.6226    
   218.750000000000        466.1968    
   234.375000000000        308.8067    
   250.000000000000        347.6943    
   265.625000000000        190.4475    
   281.250000000000        157.6622    
   296.875000000000        66.56335    
   312.500000000000        85.96802    
   328.125000000000        150.9946    
   343.750000000000        116.3953    
   359.375000000000        181.8651    
   375.000000000000        442.3805    
   390.625000000000        1269.531    
   406.250000000000        242.9595    
   421.875000000000        164.7179    
   437.500000000000        145.7222    
   453.125000000000        115.6299    
   468.750000000000        99.83733    
   484.375000000000        68.42860    
   500.000000000000        206.6147    
   515.625000000000        128.4162    
   531.250000000000        194.9684    
   546.875000000000        267.4869    
   562.500000000000        396.8120    
   578.125000000000        2700.837    
   593.750000000000        922.2164    
   609.375000000000        366.0785    
   625.000000000000        257.2225    
   640.625000000000        145.9470    
   656.250000000000        223.1801    
   671.875000000000        175.9084    
   687.500000000000        123.7169    
   703.125000000000        135.9258    
   718.750000000000        120.0449    
   734.375000000000        165.3940    
   750.000000000000        113.3597    
   765.625000000000        488.0060    
   781.250000000000        449.6720    
   796.875000000000        95.36687    
   812.500000000000        131.4984    
   828.125000000000        69.00989    
   843.750000000000        20.75997    
   859.375000000000        58.14423    
   875.000000000000        42.81843    
   890.625000000000        62.39286    
   906.250000000000        104.5375    
   921.875000000000        205.3610    
   937.500000000000        91.95499    
   953.125000000000        118.1989    
   968.750000000000        420.3056    
   984.375000000000        76.72910    
   1000.00000000000        79.13657    
   1015.62500000000        73.35794    
   1031.25000000000        139.4224    
   1046.87500000000        74.86767    
   1062.50000000000        93.22108    
   1078.12500000000        19.32682    
   1093.75000000000        98.31866    
   1109.37500000000        26.58254    
   1125.00000000000        89.05567    
   1140.62500000000        103.4379    
   1156.25000000000        128.8283    
   1171.87500000000        239.6149    
   1187.50000000000        36.20133    
   1203.12500000000        68.54991    
   1218.75000000000        24.46167    
   1234.37500000000        38.52631    
   1250.00000000000        144.4189    
   1265.62500000000        95.55374    
   1281.25000000000        123.0354    
   1296.87500000000        43.66224    
   1312.50000000000        66.82790    
   1328.12500000000        67.99857    
   1343.75000000000        150.5229    
   1359.37500000000        620.4722    
   1375.00000000000        181.4184    
   1390.62500000000        85.05540    
   1406.25000000000        29.13943    
   1421.87500000000        105.8157    
   1437.50000000000        26.63364    
   1453.12500000000        5.668883    
   1468.75000000000        95.56676    
   1484.37500000000        101.5486    
   1500.00000000000        34.85212    
   1515.62500000000        24.69408    
   1531.25000000000        51.63696    
   1546.87500000000        213.5247    
   1562.50000000000        92.38814    
   1578.12500000000        140.6016    
   1593.75000000000        58.01370    
   1609.37500000000        51.53447    
   1625.00000000000        37.61145    
   1640.62500000000        87.07930    
   1656.25000000000        14.62352    
   1671.87500000000        87.15855    
   1687.50000000000        87.83565    
   1703.12500000000        41.61707    
   1718.75000000000        52.78360    
   1734.37500000000        60.08080    
   1750.00000000000        52.95649    
   1765.62500000000        48.12605    
   1781.25000000000        17.72014    
   1796.87500000000        141.9185    
   1812.50000000000        27.41518    
   1828.12500000000        28.11541    
   1843.75000000000        26.28211    
   1859.37500000000        102.7273    
   1875.00000000000        113.5930    
   1890.62500000000        100.5714    
   1906.25000000000        73.17233    
   1921.87500000000        113.1694    
   1937.50000000000        77.56178    
   1953.12500000000        40.13230    
   1968.75000000000        63.86440    
   1984.37500000000        29.46735    
