  -2000.00000000000        5.959383    
  -1984.37500000000        12.34788    
  -1968.75000000000        12.03182    
  -1953.12500000000        18.85556    
  -1937.50000000000        30.54919    
  -1921.87500000000        37.89049    
  -1906.25000000000        10.63992    
  -1890.62500000000        20.64971    
  -1875.00000000000        7.359546    
  -1859.37500000000        5.180001    
  -1843.75000000000        9.389671    
  -1828.12500000000        16.88967    
  -1812.50000000000        18.19542    
  -1796.87500000000        16.75959    
  -1781.25000000000        10.73931    
  -1765.62500000000        2.318050    
  -1750.00000000000        53.28913    
  -1734.37500000000        12.14281    
  -1718.75000000000        11.00824    
  -1703.12500000000        9.338940    
  -1687.50000000000        16.65423    
  -1671.87500000000        35.35720    
  -1656.25000000000        17.42553    
  -1640.62500000000        12.65695    
  -1625.00000000000        16.16344    
  -1609.37500000000        8.158303    
  -1593.75000000000        16.47148    
  -1578.12500000000        23.16526    
  -1562.50000000000        22.29391    
  -1546.87500000000        36.45134    
  -1531.25000000000        10.40423    
  -1515.62500000000        11.87219    
  -1500.00000000000        40.82621    
  -1484.37500000000        58.92346    
  -1468.75000000000        6.775015    
  -1453.12500000000        5.689447    
  -1437.50000000000        5.037953    
  -1421.87500000000        19.62020    
  -1406.25000000000        7.496023    
  -1390.62500000000        7.640216    
  -1375.00000000000        15.36893    
  -1359.37500000000        54.72078    
  -1343.75000000000        6.065953    
  -1328.12500000000        11.71065    
  -1312.50000000000        13.82200    
  -1296.87500000000        14.95087    
  -1281.25000000000        34.86023    
  -1265.62500000000        24.55823    
  -1250.00000000000        54.94825    
  -1234.37500000000        40.23109    
  -1218.75000000000        6.404454    
  -1203.12500000000        33.36650    
  -1187.50000000000        44.81976    
  -1171.87500000000        120.9099    
  -1156.25000000000        137.0921    
  -1140.62500000000        31.66804    
  -1125.00000000000        15.10586    
  -1109.37500000000        14.95398    
  -1093.75000000000        19.08934    
  -1078.12500000000        17.18367    
  -1062.50000000000        16.40413    
  -1046.87500000000        12.87729    
  -1031.25000000000        32.16544    
  -1015.62500000000        7.407775    
  -1000.00000000000        4.101475    
  -984.375000000000        25.78786    
  -968.750000000000        147.1934    
  -953.125000000000        32.67754    
  -937.500000000000        22.13075    
  -921.875000000000        41.11615    
  -906.250000000000        49.36965    
  -890.625000000000        28.36241    
  -875.000000000000        19.45692    
  -859.375000000000        22.48138    
  -843.750000000000        34.46154    
  -828.125000000000        21.92131    
  -812.500000000000        31.15207    
  -796.875000000000        19.09922    
  -781.250000000000        106.5948    
  -765.625000000000        53.50094    
  -750.000000000000        24.98044    
  -734.375000000000        22.41440    
  -718.750000000000        44.97532    
  -703.125000000000        48.65908    
  -687.500000000000        14.39738    
  -671.875000000000        33.44157    
  -656.250000000000        27.15300    
  -640.625000000000        42.89268    
  -625.000000000000        87.63809    
  -609.375000000000        119.4632    
  -593.750000000000        260.8472    
  -578.125000000000        771.3099    
  -562.500000000000        129.8455    
  -546.875000000000        44.62353    
  -531.250000000000        66.13556    
  -515.625000000000        48.20322    
  -500.000000000000        27.25152    
  -484.375000000000        8.601289    
  -468.750000000000        20.48943    
  -453.125000000000        35.54552    
  -437.500000000000        32.09961    
  -421.875000000000        30.08247    
  -406.250000000000        58.28128    
  -390.625000000000        258.4555    
  -375.000000000000        66.64041    
  -359.375000000000        40.65331    
  -343.750000000000        22.02213    
  -328.125000000000        23.24641    
  -312.500000000000        53.86114    
  -296.875000000000        41.62419    
  -281.250000000000        34.90495    
  -265.625000000000        68.75394    
  -250.000000000000        66.73512    
  -234.375000000000        66.38107    
  -218.750000000000        131.1424    
  -203.125000000000        469.5161    
  -187.500000000000        579.1517    
  -171.875000000000        174.9948    
  -156.250000000000        106.3582    
  -140.625000000000        71.45406    
  -125.000000000000        76.45010    
  -109.375000000000        47.26067    
  -93.7500000000000        25.44159    
  -78.1250000000000        57.60766    
  -62.5000000000000        43.40305    
  -46.8750000000000        31.89863    
  -31.2500000000000        27.07950    
  -15.6250000000000        115.0415    
  0.000000000000000E+000   17759.43    
   15.6250000000000        99.62518    
   31.2500000000000        51.90373    
   46.8750000000000        72.62427    
   62.5000000000000        27.07160    
   78.1250000000000        67.00191    
   93.7500000000000        28.65102    
   109.375000000000        29.86850    
   125.000000000000        46.28767    
   140.625000000000        46.53806    
   156.250000000000        62.03231    
   171.875000000000        104.3759    
   187.500000000000        271.8965    
   203.125000000000        179.1507    
   218.750000000000        87.74628    
   234.375000000000        47.17759    
   250.000000000000        62.28791    
   265.625000000000        19.27994    
   281.250000000000        34.32564    
   296.875000000000        7.666242    
   312.500000000000        15.58680    
   328.125000000000        30.04745    
   343.750000000000        26.88093    
   359.375000000000        65.90721    
   375.000000000000        190.1010    
   390.625000000000        392.1413    
   406.250000000000        98.27153    
   421.875000000000        55.40432    
   437.500000000000        58.30802    
   453.125000000000        39.75062    
   468.750000000000        18.57576    
   484.375000000000        19.40692    
   500.000000000000        46.36792    
   515.625000000000        68.95977    
   531.250000000000        68.10943    
   546.875000000000        60.47588    
   562.500000000000        138.3712    
   578.125000000000        789.9610    
   593.750000000000        306.8893    
   609.375000000000        120.6667    
   625.000000000000        85.29388    
   640.625000000000        46.43263    
   656.250000000000        73.27175    
   671.875000000000        47.67244    
   687.500000000000        53.34243    
   703.125000000000        58.06356    
   718.750000000000        35.67287    
   734.375000000000        40.61638    
   750.000000000000        56.41967    
   765.625000000000        138.8573    
   781.250000000000        185.5493    
   796.875000000000        50.01438    
   812.500000000000        27.05216    
   828.125000000000        25.61799    
   843.750000000000        33.57329    
   859.375000000000        16.42088    
   875.000000000000        7.162972    
   890.625000000000        31.36893    
   906.250000000000        41.07926    
   921.875000000000        46.45155    
   937.500000000000        12.09830    
   953.125000000000        22.79703    
   968.750000000000        61.63683    
   984.375000000000        13.28464    
   1000.00000000000        5.370770    
   1015.62500000000        5.600223    
   1031.25000000000        18.49898    
   1046.87500000000        14.10948    
   1062.50000000000        11.46171    
   1078.12500000000        2.996785    
   1093.75000000000        19.26946    
   1109.37500000000        20.61563    
   1125.00000000000        15.41797    
   1140.62500000000        25.65705    
   1156.25000000000        117.9821    
   1171.87500000000        105.0654    
   1187.50000000000        32.92738    
   1203.12500000000        26.58582    
   1218.75000000000        12.90731    
   1234.37500000000        18.36899    
   1250.00000000000        48.30157    
   1265.62500000000        16.80279    
   1281.25000000000        18.99570    
   1296.87500000000        27.72546    
   1312.50000000000        9.684312    
   1328.12500000000        13.36875    
   1343.75000000000        19.18368    
   1359.37500000000        45.37920    
   1375.00000000000        1.119904    
   1390.62500000000        16.20692    
   1406.25000000000        10.26887    
   1421.87500000000        10.70623    
   1437.50000000000        15.70013    
   1453.12500000000        10.26969    
   1468.75000000000        8.390595    
   1484.37500000000        21.16031    
   1500.00000000000        28.53889    
   1515.62500000000        19.79009    
   1531.25000000000        7.269864    
   1546.87500000000        37.00093    
   1562.50000000000        11.37958    
   1578.12500000000        31.28147    
   1593.75000000000        11.47192    
   1609.37500000000        18.16593    
   1625.00000000000        2.426014    
   1640.62500000000        13.97536    
   1656.25000000000        24.73184    
   1671.87500000000        22.88267    
   1687.50000000000        5.595295    
   1703.12500000000        5.172008    
   1718.75000000000        24.19840    
   1734.37500000000        31.03068    
   1750.00000000000        81.71049    
   1765.62500000000        17.00561    
   1781.25000000000        14.66290    
   1796.87500000000        6.748177    
   1812.50000000000        9.565661    
   1828.12500000000        20.65703    
   1843.75000000000        7.938152    
   1859.37500000000        6.886533    
   1875.00000000000        24.44277    
   1890.62500000000        11.24579    
   1906.25000000000        16.53888    
   1921.87500000000        23.86143    
   1937.50000000000        12.66931    
   1953.12500000000        7.737412    
   1968.75000000000        16.61975    
   1984.37500000000        12.85416    
