  -2000.00000000000        18.61382    
  -1984.37500000000        21.27378    
  -1968.75000000000        18.09547    
  -1953.12500000000        18.73401    
  -1937.50000000000        6.337714    
  -1921.87500000000        25.31802    
  -1906.25000000000       0.3209552    
  -1890.62500000000        24.69782    
  -1875.00000000000        34.39369    
  -1859.37500000000        29.53671    
  -1843.75000000000        2.298317    
  -1828.12500000000        16.83841    
  -1812.50000000000        26.71982    
  -1796.87500000000        9.856296    
  -1781.25000000000        11.43884    
  -1765.62500000000        15.80989    
  -1750.00000000000        10.18183    
  -1734.37500000000        20.34305    
  -1718.75000000000        9.241143    
  -1703.12500000000        10.46812    
  -1687.50000000000        19.91880    
  -1671.87500000000        12.21031    
  -1656.25000000000        21.26312    
  -1640.62500000000        10.32662    
  -1625.00000000000        17.13621    
  -1609.37500000000        9.919194    
  -1593.75000000000        11.14592    
  -1578.12500000000        11.35537    
  -1562.50000000000        28.38886    
  -1546.87500000000        111.7067    
  -1531.25000000000        28.33691    
  -1515.62500000000        2.594026    
  -1500.00000000000        34.92176    
  -1484.37500000000        54.59529    
  -1468.75000000000        35.17149    
  -1453.12500000000        13.33667    
  -1437.50000000000        18.60888    
  -1421.87500000000        10.45269    
  -1406.25000000000        15.21480    
  -1390.62500000000        11.99857    
  -1375.00000000000        18.46926    
  -1359.37500000000        20.87128    
  -1343.75000000000        19.78761    
  -1328.12500000000        21.70039    
  -1312.50000000000        2.963462    
  -1296.87500000000        22.89780    
  -1281.25000000000        10.52495    
  -1265.62500000000        8.146253    
  -1250.00000000000        34.23649    
  -1234.37500000000        8.281554    
  -1218.75000000000        19.86926    
  -1203.12500000000        35.91281    
  -1187.50000000000        29.95841    
  -1171.87500000000        106.7805    
  -1156.25000000000        106.5517    
  -1140.62500000000        21.53153    
  -1125.00000000000        11.93101    
  -1109.37500000000        20.56577    
  -1093.75000000000        33.82213    
  -1078.12500000000        11.42412    
  -1062.50000000000        3.151834    
  -1046.87500000000        19.01030    
  -1031.25000000000        20.09202    
  -1015.62500000000        24.98596    
  -1000.00000000000        3.669275    
  -984.375000000000        39.29181    
  -968.750000000000        78.27665    
  -953.125000000000        51.96367    
  -937.500000000000        33.47212    
  -921.875000000000        58.36088    
  -906.250000000000        10.25140    
  -890.625000000000        35.60127    
  -875.000000000000        11.58296    
  -859.375000000000        16.06089    
  -843.750000000000        12.10245    
  -828.125000000000        5.961092    
  -812.500000000000        10.30511    
  -796.875000000000        53.27043    
  -781.250000000000        161.6141    
  -765.625000000000        163.7882    
  -750.000000000000        58.16113    
  -734.375000000000        45.53771    
  -718.750000000000        44.35091    
  -703.125000000000        78.78226    
  -687.500000000000        44.97662    
  -671.875000000000        62.35838    
  -656.250000000000        53.78919    
  -640.625000000000        53.81110    
  -625.000000000000        75.73683    
  -609.375000000000        122.5676    
  -593.750000000000        249.7602    
  -578.125000000000        662.2775    
  -562.500000000000        117.9374    
  -546.875000000000        27.88767    
  -531.250000000000        56.66650    
  -515.625000000000        21.61082    
  -500.000000000000        12.82007    
  -484.375000000000        4.576556    
  -468.750000000000        19.16118    
  -453.125000000000        12.61296    
  -437.500000000000        43.75910    
  -421.875000000000        32.63863    
  -406.250000000000        61.05503    
  -390.625000000000        217.0315    
  -375.000000000000        58.10404    
  -359.375000000000        37.50662    
  -343.750000000000        17.90780    
  -328.125000000000        20.86579    
  -312.500000000000        42.50559    
  -296.875000000000        55.53370    
  -281.250000000000        26.94921    
  -265.625000000000        53.07891    
  -250.000000000000        70.02483    
  -234.375000000000        71.25365    
  -218.750000000000        113.5425    
  -203.125000000000        428.5193    
  -187.500000000000        548.6055    
  -171.875000000000        155.3541    
  -156.250000000000        83.95795    
  -140.625000000000        65.92423    
  -125.000000000000        47.10127    
  -109.375000000000        38.17989    
  -93.7500000000000        29.27482    
  -78.1250000000000        63.74605    
  -62.5000000000000        34.55664    
  -46.8750000000000        43.92121    
  -31.2500000000000        22.38447    
  -15.6250000000000        106.2008    
  0.000000000000000E+000   16430.18    
   15.6250000000000        91.90879    
   31.2500000000000        37.27946    
   46.8750000000000        65.63189    
   62.5000000000000        14.09609    
   78.1250000000000        63.09029    
   93.7500000000000        24.21529    
   109.375000000000        30.16018    
   125.000000000000        70.98554    
   140.625000000000        46.94558    
   156.250000000000        57.89976    
   171.875000000000        83.46686    
   187.500000000000        290.9897    
   203.125000000000        168.2578    
   218.750000000000        90.48144    
   234.375000000000        48.62819    
   250.000000000000        62.92820    
   265.625000000000        21.19060    
   281.250000000000        35.39189    
   296.875000000000        4.830657    
   312.500000000000        46.99724    
   328.125000000000        21.47631    
   343.750000000000        28.80004    
   359.375000000000        64.19303    
   375.000000000000        157.8405    
   390.625000000000        328.9052    
   406.250000000000        93.25191    
   421.875000000000        51.15106    
   437.500000000000        52.86976    
   453.125000000000        33.63213    
   468.750000000000        12.19635    
   484.375000000000        26.35762    
   500.000000000000        44.35499    
   515.625000000000        40.95488    
   531.250000000000        58.65565    
   546.875000000000        50.43242    
   562.500000000000        118.4619    
   578.125000000000        724.4797    
   593.750000000000        273.3845    
   609.375000000000        117.1894    
   625.000000000000        69.15334    
   640.625000000000        41.62822    
   656.250000000000        71.24374    
   671.875000000000        46.76316    
   687.500000000000        53.50779    
   703.125000000000        36.12913    
   718.750000000000        58.07928    
   734.375000000000        54.88040    
   750.000000000000        61.90398    
   765.625000000000        175.5305    
   781.250000000000        215.1402    
   796.875000000000        56.80568    
   812.500000000000        33.57151    
   828.125000000000        14.64101    
   843.750000000000        16.16192    
   859.375000000000        6.464931    
   875.000000000000        7.880128    
   890.625000000000        7.941021    
   906.250000000000        57.73037    
   921.875000000000        43.92282    
   937.500000000000        16.33503    
   953.125000000000        20.70201    
   968.750000000000        125.4180    
   984.375000000000        27.68047    
   1000.00000000000        19.57057    
   1015.62500000000        13.94491    
   1031.25000000000        26.06283    
   1046.87500000000        24.72466    
   1062.50000000000        15.84394    
   1078.12500000000        10.41078    
   1093.75000000000        17.32797    
   1109.37500000000        33.66662    
   1125.00000000000        26.21030    
   1140.62500000000        35.57294    
   1156.25000000000        60.73694    
   1171.87500000000        83.07443    
   1187.50000000000        29.79365    
   1203.12500000000        19.46743    
   1218.75000000000        21.99426    
   1234.37500000000        11.60435    
   1250.00000000000        31.58364    
   1265.62500000000        9.752699    
   1281.25000000000        8.234583    
   1296.87500000000        39.48351    
   1312.50000000000        21.77884    
   1328.12500000000        10.29780    
   1343.75000000000        19.48006    
   1359.37500000000        75.74530    
   1375.00000000000        27.09799    
   1390.62500000000        24.38186    
   1406.25000000000        13.23958    
   1421.87500000000        5.022280    
   1437.50000000000        8.824001    
   1453.12500000000        12.63071    
   1468.75000000000        19.32745    
   1484.37500000000        9.428095    
   1500.00000000000        20.04890    
   1515.62500000000        13.64104    
   1531.25000000000        21.99027    
   1546.87500000000        36.14347    
   1562.50000000000        21.42988    
   1578.12500000000        19.61745    
   1593.75000000000        16.24220    
   1609.37500000000        11.50175    
   1625.00000000000        2.278315    
   1640.62500000000        16.52462    
   1656.25000000000        18.52533    
   1671.87500000000        40.00780    
   1687.50000000000        11.53672    
   1703.12500000000        2.941754    
   1718.75000000000        17.19601    
   1734.37500000000        17.63200    
   1750.00000000000        42.52105    
   1765.62500000000        3.377392    
   1781.25000000000        24.28396    
   1796.87500000000        9.403765    
   1812.50000000000        11.94137    
   1828.12500000000        14.42847    
   1843.75000000000        8.889309    
   1859.37500000000        16.81945    
   1875.00000000000        12.61395    
   1890.62500000000        33.03209    
   1906.25000000000        6.410157    
   1921.87500000000        14.04229    
   1937.50000000000        26.08444    
   1953.12500000000        12.01062    
   1968.75000000000        5.533122    
   1984.37500000000        1.634484    
