  -2000.00000000000        5.636939    
  -1984.37500000000        2.525802    
  -1968.75000000000        6.859303    
  -1953.12500000000        8.448873    
  -1937.50000000000        9.967426    
  -1921.87500000000        13.48443    
  -1906.25000000000        4.418737    
  -1890.62500000000        8.607841    
  -1875.00000000000        3.690397    
  -1859.37500000000        3.673572    
  -1843.75000000000        4.267481    
  -1828.12500000000        10.47711    
  -1812.50000000000        4.167879    
  -1796.87500000000        3.495793    
  -1781.25000000000        8.172165    
  -1765.62500000000        4.177719    
  -1750.00000000000        22.55324    
  -1734.37500000000        4.750247    
  -1718.75000000000        6.853432    
  -1703.12500000000        2.193076    
  -1687.50000000000        3.009306    
  -1671.87500000000        5.948633    
  -1656.25000000000        3.765716    
  -1640.62500000000        5.882540    
  -1625.00000000000       0.8017669    
  -1609.37500000000        4.653181    
  -1593.75000000000        5.838446    
  -1578.12500000000        10.55537    
  -1562.50000000000        7.969438    
  -1546.87500000000        26.51486    
  -1531.25000000000        6.872733    
  -1515.62500000000        6.788814    
  -1500.00000000000        16.31196    
  -1484.37500000000        7.934632    
  -1468.75000000000        2.594406    
  -1453.12500000000        3.832569    
  -1437.50000000000        3.891856    
  -1421.87500000000        8.330375    
  -1406.25000000000        6.847965    
  -1390.62500000000        5.758660    
  -1375.00000000000        2.401063    
  -1359.37500000000        13.29442    
  -1343.75000000000        6.099906    
  -1328.12500000000        5.393497    
  -1312.50000000000        4.753156    
  -1296.87500000000        11.80963    
  -1281.25000000000        4.480445    
  -1265.62500000000        5.632883    
  -1250.00000000000        22.58114    
  -1234.37500000000        9.455578    
  -1218.75000000000        6.016911    
  -1203.12500000000        16.07920    
  -1187.50000000000        18.79079    
  -1171.87500000000        53.24206    
  -1156.25000000000        51.36890    
  -1140.62500000000        12.78803    
  -1125.00000000000        5.256858    
  -1109.37500000000        9.686677    
  -1093.75000000000        1.799673    
  -1078.12500000000        3.796319    
  -1062.50000000000        2.948643    
  -1046.87500000000        2.468794    
  -1031.25000000000        4.416975    
  -1015.62500000000        3.241799    
  -1000.00000000000        1.486939    
  -984.375000000000        8.040687    
  -968.750000000000        52.68637    
  -953.125000000000        14.46072    
  -937.500000000000        9.188375    
  -921.875000000000        24.16183    
  -906.250000000000        17.05579    
  -890.625000000000        7.816193    
  -875.000000000000        6.214783    
  -859.375000000000        7.035791    
  -843.750000000000        6.723975    
  -828.125000000000        11.12213    
  -812.500000000000        12.53913    
  -796.875000000000        21.92570    
  -781.250000000000        76.17814    
  -765.625000000000        67.15726    
  -750.000000000000        22.37402    
  -734.375000000000        17.48013    
  -718.750000000000        21.38269    
  -703.125000000000        19.26892    
  -687.500000000000        20.31030    
  -671.875000000000        21.57398    
  -656.250000000000        27.17547    
  -640.625000000000        25.05756    
  -625.000000000000        40.61813    
  -609.375000000000        61.14047    
  -593.750000000000        133.4170    
  -578.125000000000        375.7356    
  -562.500000000000        63.36135    
  -546.875000000000        21.79190    
  -531.250000000000        31.19285    
  -515.625000000000        20.29062    
  -500.000000000000        16.01940    
  -484.375000000000        6.976757    
  -468.750000000000        8.236062    
  -453.125000000000        13.17839    
  -437.500000000000        23.06151    
  -421.875000000000        16.91137    
  -406.250000000000        41.74215    
  -390.625000000000        150.8322    
  -375.000000000000        55.52182    
  -359.375000000000        22.81192    
  -343.750000000000        3.605361    
  -328.125000000000        6.666222    
  -312.500000000000        17.58302    
  -296.875000000000        14.61170    
  -281.250000000000        10.70948    
  -265.625000000000        15.75460    
  -250.000000000000        24.00069    
  -234.375000000000        15.81086    
  -218.750000000000        38.52868    
  -203.125000000000        147.5252    
  -187.500000000000        169.0228    
  -171.875000000000        51.91856    
  -156.250000000000        27.40446    
  -140.625000000000        23.77824    
  -125.000000000000        21.39120    
  -109.375000000000        9.985613    
  -93.7500000000000        1.842993    
  -78.1250000000000        28.46812    
  -62.5000000000000        11.93580    
  -46.8750000000000        18.96034    
  -31.2500000000000        12.38381    
  -15.6250000000000        41.82117    
  0.000000000000000E+000   8761.239    
   15.6250000000000        42.14883    
   31.2500000000000        14.46575    
   46.8750000000000        20.88633    
   62.5000000000000        9.367667    
   78.1250000000000        27.91988    
   93.7500000000000        2.225127    
   109.375000000000        7.456628    
   125.000000000000        19.75862    
   140.625000000000        20.90511    
   156.250000000000        22.32742    
   171.875000000000        41.98743    
   187.500000000000        136.3826    
   203.125000000000        120.6622    
   218.750000000000        33.35302    
   234.375000000000        11.82738    
   250.000000000000        24.49087    
   265.625000000000        12.67067    
   281.250000000000        10.27763    
   296.875000000000        12.56778    
   312.500000000000        17.41326    
   328.125000000000        5.454090    
   343.750000000000        3.855009    
   359.375000000000        22.71818    
   375.000000000000        57.50598    
   390.625000000000        147.1268    
   406.250000000000        41.05985    
   421.875000000000        16.91848    
   437.500000000000        22.38588    
   453.125000000000        13.45703    
   468.750000000000        8.929893    
   484.375000000000        6.861814    
   500.000000000000        16.96372    
   515.625000000000        20.24691    
   531.250000000000        30.65680    
   546.875000000000        22.48837    
   562.500000000000        62.90463    
   578.125000000000        376.7049    
   593.750000000000        134.9098    
   609.375000000000        60.99146    
   625.000000000000        40.71278    
   640.625000000000        24.94022    
   656.250000000000        26.99873    
   671.875000000000        21.46337    
   687.500000000000        20.08623    
   703.125000000000        19.24140    
   718.750000000000        20.86209    
   734.375000000000        17.42661    
   750.000000000000        21.93429    
   765.625000000000        65.82378    
   781.250000000000        72.31050    
   796.875000000000        20.53518    
   812.500000000000        12.62971    
   828.125000000000        11.28759    
   843.750000000000        6.521974    
   859.375000000000        6.454700    
   875.000000000000        6.002901    
   890.625000000000        7.202969    
   906.250000000000        16.68911    
   921.875000000000        24.56027    
   937.500000000000        9.625801    
   953.125000000000        14.31684    
   968.750000000000        58.35619    
   984.375000000000        8.445653    
   1000.00000000000        1.425630    
   1015.62500000000        3.159139    
   1031.25000000000        3.565811    
   1046.87500000000        1.503812    
   1062.50000000000        3.259771    
   1078.12500000000        3.671151    
   1093.75000000000       0.4497178    
   1109.37500000000        8.292650    
   1125.00000000000        4.360641    
   1140.62500000000        11.86748    
   1156.25000000000        48.37746    
   1171.87500000000        50.94227    
   1187.50000000000        18.14657    
   1203.12500000000        15.34985    
   1218.75000000000        6.342867    
   1234.37500000000        9.296619    
   1250.00000000000        22.37928    
   1265.62500000000        5.560191    
   1281.25000000000        4.530018    
   1296.87500000000        11.78250    
   1312.50000000000        4.989830    
   1328.12500000000        5.870112    
   1343.75000000000        6.616547    
   1359.37500000000        13.96265    
   1375.00000000000        1.540622    
   1390.62500000000        5.521399    
   1406.25000000000        6.479264    
   1421.87500000000        8.144469    
   1437.50000000000        3.689979    
   1453.12500000000        3.504385    
   1468.75000000000        2.194212    
   1484.37500000000        8.071139    
   1500.00000000000        15.35348    
   1515.62500000000        6.387627    
   1531.25000000000        5.616498    
   1546.87500000000        23.52376    
   1562.50000000000        8.257916    
   1578.12500000000        10.87612    
   1593.75000000000        5.850781    
   1609.37500000000        4.811804    
   1625.00000000000       0.9935929    
   1640.62500000000        5.995580    
   1656.25000000000        3.974357    
   1671.87500000000        5.183231    
   1687.50000000000        3.024932    
   1703.12500000000        2.329838    
   1718.75000000000        7.184202    
   1734.37500000000        5.580642    
   1750.00000000000        23.12556    
   1765.62500000000        4.188173    
   1781.25000000000        7.830139    
   1796.87500000000        2.980929    
   1812.50000000000        4.305778    
   1828.12500000000        9.925203    
   1843.75000000000        4.446222    
   1859.37500000000        2.978662    
   1875.00000000000        3.613381    
   1890.62500000000        8.689904    
   1906.25000000000        4.557768    
   1921.87500000000        13.13963    
   1937.50000000000        9.778037    
   1953.12500000000        8.386627    
   1968.75000000000        6.796669    
   1984.37500000000        2.866235    
