  -2000.00000000000        45.56630    
  -1984.37500000000        19.41140    
  -1968.75000000000        33.66192    
  -1953.12500000000        32.66722    
  -1937.50000000000        26.52744    
  -1921.87500000000        28.40926    
  -1906.25000000000        16.35975    
  -1890.62500000000        10.21038    
  -1875.00000000000        62.51107    
  -1859.37500000000        66.01863    
  -1843.75000000000        9.983551    
  -1828.12500000000        17.52664    
  -1812.50000000000        16.99781    
  -1796.87500000000        38.17991    
  -1781.25000000000        21.93661    
  -1765.62500000000        42.95074    
  -1750.00000000000        96.86646    
  -1734.37500000000        56.81568    
  -1718.75000000000        47.19283    
  -1703.12500000000        10.67456    
  -1687.50000000000        8.279655    
  -1671.87500000000        81.16211    
  -1656.25000000000        47.40939    
  -1640.62500000000        50.55097    
  -1625.00000000000        22.70715    
  -1609.37500000000        31.56384    
  -1593.75000000000        57.33561    
  -1578.12500000000        31.46698    
  -1562.50000000000        50.47926    
  -1546.87500000000        99.88492    
  -1531.25000000000        23.64032    
  -1515.62500000000        9.495198    
  -1500.00000000000        36.75093    
  -1484.37500000000        86.81758    
  -1468.75000000000        26.89074    
  -1453.12500000000        31.05606    
  -1437.50000000000        26.19603    
  -1421.87500000000        39.85668    
  -1406.25000000000        29.40794    
  -1390.62500000000        11.26798    
  -1375.00000000000        26.29460    
  -1359.37500000000        66.76845    
  -1343.75000000000        83.52376    
  -1328.12500000000        33.19733    
  -1312.50000000000        41.02575    
  -1296.87500000000        68.32764    
  -1281.25000000000        57.29639    
  -1265.62500000000        16.22329    
  -1250.00000000000        79.54716    
  -1234.37500000000        28.42365    
  -1218.75000000000        31.67291    
  -1203.12500000000        63.57832    
  -1187.50000000000        73.82635    
  -1171.87500000000        194.1597    
  -1156.25000000000        187.8781    
  -1140.62500000000        31.24866    
  -1125.00000000000        24.42794    
  -1109.37500000000        43.26725    
  -1093.75000000000        67.00514    
  -1078.12500000000        13.49689    
  -1062.50000000000        12.63814    
  -1046.87500000000        24.78127    
  -1031.25000000000        45.85058    
  -1015.62500000000        17.54536    
  -1000.00000000000        15.53903    
  -984.375000000000        51.03902    
  -968.750000000000        298.2754    
  -953.125000000000        51.97324    
  -937.500000000000        61.46211    
  -921.875000000000        92.86573    
  -906.250000000000        32.81092    
  -890.625000000000        78.83571    
  -875.000000000000        39.50409    
  -859.375000000000        24.98667    
  -843.750000000000        62.71160    
  -828.125000000000        37.66398    
  -812.500000000000        49.42191    
  -796.875000000000        88.24020    
  -781.250000000000        131.5579    
  -765.625000000000        117.0102    
  -750.000000000000        42.67303    
  -734.375000000000        26.53827    
  -718.750000000000        63.18817    
  -703.125000000000        55.41538    
  -687.500000000000        72.75899    
  -671.875000000000        57.64499    
  -656.250000000000        57.33414    
  -640.625000000000        84.35689    
  -625.000000000000        153.3840    
  -609.375000000000        212.5060    
  -593.750000000000        399.3476    
  -578.125000000000        1242.073    
  -562.500000000000        227.5484    
  -546.875000000000        81.73514    
  -531.250000000000        96.14265    
  -515.625000000000        78.29816    
  -500.000000000000        62.79099    
  -484.375000000000        16.35767    
  -468.750000000000        25.02845    
  -453.125000000000        40.16595    
  -437.500000000000        40.67468    
  -421.875000000000        18.25863    
  -406.250000000000        70.84122    
  -390.625000000000        546.1674    
  -375.000000000000        59.02483    
  -359.375000000000        77.25691    
  -343.750000000000        67.64552    
  -328.125000000000        61.72226    
  -312.500000000000        82.57484    
  -296.875000000000        102.0923    
  -281.250000000000        52.51118    
  -265.625000000000        157.2575    
  -250.000000000000        156.1001    
  -234.375000000000        173.1722    
  -218.750000000000        269.0170    
  -203.125000000000        986.5128    
  -187.500000000000        1160.195    
  -171.875000000000        360.2302    
  -156.250000000000        200.0817    
  -140.625000000000        122.4294    
  -125.000000000000        90.69566    
  -109.375000000000        113.1819    
  -93.7500000000000        92.59866    
  -78.1250000000000        98.54485    
  -62.5000000000000        66.40565    
  -46.8750000000000        45.54342    
  -31.2500000000000        22.97883    
  -15.6250000000000        126.4780    
  0.000000000000000E+000   28018.32    
   15.6250000000000        155.2736    
   31.2500000000000        92.27751    
   46.8750000000000        113.4622    
   62.5000000000000        51.19762    
   78.1250000000000        118.7069    
   93.7500000000000        71.95448    
   109.375000000000        64.86166    
   125.000000000000        132.1719    
   140.625000000000        81.12907    
   156.250000000000        112.8655    
   171.875000000000        178.4988    
   187.500000000000        467.9932    
   203.125000000000        186.2979    
   218.750000000000        160.7131    
   234.375000000000        101.0435    
   250.000000000000        160.3465    
   265.625000000000        63.77940    
   281.250000000000        70.85305    
   296.875000000000        17.58980    
   312.500000000000        99.95960    
   328.125000000000        43.75144    
   343.750000000000        42.83828    
   359.375000000000        108.6184    
   375.000000000000        282.6560    
   390.625000000000        746.7281    
   406.250000000000        184.4352    
   421.875000000000        86.19347    
   437.500000000000        96.17587    
   453.125000000000        49.18302    
   468.750000000000        18.93234    
   484.375000000000        31.62300    
   500.000000000000        75.69624    
   515.625000000000        117.0690    
   531.250000000000        98.68531    
   546.875000000000        132.8935    
   562.500000000000        204.9876    
   578.125000000000        1335.512    
   593.750000000000        473.0350    
   609.375000000000        205.8340    
   625.000000000000        141.1711    
   640.625000000000        81.54693    
   656.250000000000        121.0930    
   671.875000000000        103.6334    
   687.500000000000        95.80885    
   703.125000000000        47.33760    
   718.750000000000        79.73486    
   734.375000000000        90.65827    
   750.000000000000        97.27338    
   765.625000000000        273.4881    
   781.250000000000        321.0620    
   796.875000000000        86.60231    
   812.500000000000        41.07266    
   828.125000000000        54.87137    
   843.750000000000        30.45971    
   859.375000000000        36.59002    
   875.000000000000        28.19772    
   890.625000000000        26.47512    
   906.250000000000        95.09050    
   921.875000000000        89.43311    
   937.500000000000        44.73649    
   953.125000000000        36.86905    
   968.750000000000        54.13831    
   984.375000000000        42.73655    
   1000.00000000000        24.93789    
   1015.62500000000        6.653675    
   1031.25000000000        32.18264    
   1046.87500000000        8.629809    
   1062.50000000000        15.10849    
   1078.12500000000        58.38665    
   1093.75000000000        66.26455    
   1109.37500000000        37.79548    
   1125.00000000000        5.682094    
   1140.62500000000        28.72780    
   1156.25000000000        128.7325    
   1171.87500000000        123.6981    
   1187.50000000000        32.40568    
   1203.12500000000        44.62600    
   1218.75000000000        27.91022    
   1234.37500000000        55.91553    
   1250.00000000000        74.22154    
   1265.62500000000        36.05382    
   1281.25000000000        48.89772    
   1296.87500000000        80.84138    
   1312.50000000000        38.80612    
   1328.12500000000        42.01703    
   1343.75000000000        46.33487    
   1359.37500000000        82.39623    
   1375.00000000000        32.29359    
   1390.62500000000        59.49859    
   1406.25000000000        58.80120    
   1421.87500000000        16.08680    
   1437.50000000000        17.58231    
   1453.12500000000        9.039334    
   1468.75000000000        33.33186    
   1484.37500000000        77.98571    
   1500.00000000000        48.29874    
   1515.62500000000        12.43086    
   1531.25000000000        37.46749    
   1546.87500000000        97.03012    
   1562.50000000000        28.68048    
   1578.12500000000        83.73595    
   1593.75000000000        31.75382    
   1609.37500000000        23.55711    
   1625.00000000000        42.95073    
   1640.62500000000        11.36150    
   1656.25000000000        13.33435    
   1671.87500000000        90.41380    
   1687.50000000000        44.36186    
   1703.12500000000        18.67335    
   1718.75000000000        20.48692    
   1734.37500000000        95.52206    
   1750.00000000000        30.47982    
   1765.62500000000        33.54303    
   1781.25000000000        14.19520    
   1796.87500000000        20.82024    
   1812.50000000000        2.510546    
   1828.12500000000        31.97175    
   1843.75000000000        20.10826    
   1859.37500000000        36.77979    
   1875.00000000000        132.6991    
   1890.62500000000        27.37458    
   1906.25000000000        31.95356    
   1921.87500000000        49.59515    
   1937.50000000000        67.73032    
   1953.12500000000        21.12574    
   1968.75000000000        5.510895    
   1984.37500000000        25.64533    
