  -2000.00000000000        13.03106    
  -1984.37500000000        5.026294    
  -1968.75000000000        7.882225    
  -1953.12500000000        19.17466    
  -1937.50000000000        20.55641    
  -1921.87500000000        21.83706    
  -1906.25000000000        9.302721    
  -1890.62500000000        8.891203    
  -1875.00000000000        16.37777    
  -1859.37500000000        9.788858    
  -1843.75000000000        9.276782    
  -1828.12500000000        25.62971    
  -1812.50000000000        11.18823    
  -1796.87500000000        8.101764    
  -1781.25000000000        14.26531    
  -1765.62500000000        9.785829    
  -1750.00000000000        45.27339    
  -1734.37500000000        8.878213    
  -1718.75000000000        14.05898    
  -1703.12500000000        8.138560    
  -1687.50000000000        8.955328    
  -1671.87500000000        11.77394    
  -1656.25000000000        2.726899    
  -1640.62500000000        8.806388    
  -1625.00000000000        8.268620    
  -1609.37500000000        11.65922    
  -1593.75000000000        5.952940    
  -1578.12500000000        13.72543    
  -1562.50000000000        2.695394    
  -1546.87500000000        72.67088    
  -1531.25000000000        13.43198    
  -1515.62500000000        14.59623    
  -1500.00000000000        34.14195    
  -1484.37500000000        13.05965    
  -1468.75000000000        11.29214    
  -1453.12500000000        4.626673    
  -1437.50000000000        6.860284    
  -1421.87500000000        22.53552    
  -1406.25000000000        10.39248    
  -1390.62500000000        11.43011    
  -1375.00000000000        6.657592    
  -1359.37500000000        34.39627    
  -1343.75000000000        4.632275    
  -1328.12500000000        10.67230    
  -1312.50000000000        3.880569    
  -1296.87500000000        31.34992    
  -1281.25000000000        11.50035    
  -1265.62500000000        11.47021    
  -1250.00000000000        42.71637    
  -1234.37500000000        22.30012    
  -1218.75000000000        15.82852    
  -1203.12500000000        35.06612    
  -1187.50000000000        43.28587    
  -1171.87500000000        126.6124    
  -1156.25000000000        132.5807    
  -1140.62500000000        39.26550    
  -1125.00000000000        20.12910    
  -1109.37500000000        33.30318    
  -1093.75000000000        13.33890    
  -1078.12500000000        4.793094    
  -1062.50000000000        4.027421    
  -1046.87500000000        6.105392    
  -1031.25000000000        21.82109    
  -1015.62500000000        12.14303    
  -1000.00000000000        8.884961    
  -984.375000000000        6.825091    
  -968.750000000000        126.0897    
  -953.125000000000        27.62950    
  -937.500000000000        15.47909    
  -921.875000000000        40.68467    
  -906.250000000000        28.91279    
  -890.625000000000        13.89560    
  -875.000000000000        8.991366    
  -859.375000000000        14.11543    
  -843.750000000000        19.06748    
  -828.125000000000        23.17756    
  -812.500000000000        29.80789    
  -796.875000000000        48.27452    
  -781.250000000000        166.6356    
  -765.625000000000        124.9631    
  -750.000000000000        51.48252    
  -734.375000000000        30.68917    
  -718.750000000000        30.51324    
  -703.125000000000        50.13824    
  -687.500000000000        32.10883    
  -671.875000000000        36.54111    
  -656.250000000000        45.29153    
  -640.625000000000        34.76371    
  -625.000000000000        71.41405    
  -609.375000000000        105.9432    
  -593.750000000000        206.3450    
  -578.125000000000        607.0943    
  -562.500000000000        107.9085    
  -546.875000000000        30.64181    
  -531.250000000000        52.67689    
  -515.625000000000        31.15332    
  -500.000000000000        29.57676    
  -484.375000000000        15.01254    
  -468.750000000000        20.68816    
  -453.125000000000        13.46145    
  -437.500000000000        40.64101    
  -421.875000000000        31.80672    
  -406.250000000000        79.17735    
  -390.625000000000        245.3283    
  -375.000000000000        123.3734    
  -359.375000000000        39.71633    
  -343.750000000000        10.23037    
  -328.125000000000        12.59304    
  -312.500000000000        30.29717    
  -296.875000000000        24.64519    
  -281.250000000000        16.43505    
  -265.625000000000        33.38616    
  -250.000000000000        56.46280    
  -234.375000000000        34.19285    
  -218.750000000000        79.25057    
  -203.125000000000        326.3950    
  -187.500000000000        411.2492    
  -171.875000000000        124.5647    
  -156.250000000000        65.10160    
  -140.625000000000        54.57568    
  -125.000000000000        34.28398    
  -109.375000000000        34.22095    
  -93.7500000000000        23.97125    
  -78.1250000000000        49.47380    
  -62.5000000000000        23.96833    
  -46.8750000000000        30.62764    
  -31.2500000000000        12.78065    
  -15.6250000000000        58.70372    
  0.000000000000000E+000   14077.54    
   15.6250000000000        65.85252    
   31.2500000000000        37.45620    
   46.8750000000000        39.04503    
   62.5000000000000        21.26547    
   78.1250000000000        40.73119    
   93.7500000000000        28.62003    
   109.375000000000        16.36615    
   125.000000000000        39.95130    
   140.625000000000        37.81451    
   156.250000000000        34.85983    
   171.875000000000        49.06356    
   187.500000000000        186.5094    
   203.125000000000        98.84775    
   218.750000000000        38.09473    
   234.375000000000        16.75035    
   250.000000000000        53.84523    
   265.625000000000        23.12392    
   281.250000000000        14.96977    
   296.875000000000        14.29683    
   312.500000000000        29.77884    
   328.125000000000        1.322942    
   343.750000000000        9.499122    
   359.375000000000        29.45468    
   375.000000000000        89.64936    
   390.625000000000        143.0432    
   406.250000000000        69.83241    
   421.875000000000        38.15093    
   437.500000000000        32.43920    
   453.125000000000        21.69841    
   468.750000000000        19.56836    
   484.375000000000        14.57884    
   500.000000000000        34.75536    
   515.625000000000        46.76688    
   531.250000000000        55.33422    
   546.875000000000        54.88586    
   562.500000000000        108.7233    
   578.125000000000        649.6242    
   593.750000000000        243.0772    
   609.375000000000        103.8782    
   625.000000000000        68.90220    
   640.625000000000        41.67101    
   656.250000000000        42.94893    
   671.875000000000        36.40712    
   687.500000000000        33.87645    
   703.125000000000        29.90612    
   718.750000000000        38.93022    
   734.375000000000        25.85893    
   750.000000000000        29.31335    
   765.625000000000        100.3775    
   781.250000000000        81.63049    
   796.875000000000        13.95250    
   812.500000000000        4.576062    
   828.125000000000        17.22136    
   843.750000000000        3.982479    
   859.375000000000        1.321725    
   875.000000000000        6.198194    
   890.625000000000        15.25300    
   906.250000000000        24.22378    
   921.875000000000        43.23650    
   937.500000000000        20.08351    
   953.125000000000        10.67654    
   968.750000000000        143.5289    
   984.375000000000        16.45374    
   1000.00000000000        2.783481    
   1015.62500000000        11.33101    
   1031.25000000000        11.65423    
   1046.87500000000        12.13838    
   1062.50000000000        8.530827    
   1078.12500000000        12.34434    
   1093.75000000000        24.60093    
   1109.37500000000        21.99329    
   1125.00000000000        11.46335    
   1140.62500000000        33.61882    
   1156.25000000000        97.28937    
   1171.87500000000        101.6061    
   1187.50000000000        35.34439    
   1203.12500000000        26.09400    
   1218.75000000000        14.46060    
   1234.37500000000        8.971390    
   1250.00000000000        37.01200    
   1265.62500000000        9.967421    
   1281.25000000000        20.28829    
   1296.87500000000        29.81996    
   1312.50000000000        14.39109    
   1328.12500000000        9.600936    
   1343.75000000000        14.43183    
   1359.37500000000        37.10820    
   1375.00000000000        9.713259    
   1390.62500000000        7.500033    
   1406.25000000000        16.16816    
   1421.87500000000        6.834625    
   1437.50000000000        8.499282    
   1453.12500000000        4.397911    
   1468.75000000000        4.294052    
   1484.37500000000        4.273907    
   1500.00000000000        33.52947    
   1515.62500000000        7.641001    
   1531.25000000000        7.846594    
   1546.87500000000        16.40699    
   1562.50000000000        23.33007    
   1578.12500000000        27.76036    
   1593.75000000000        10.19963    
   1609.37500000000        12.64163    
   1625.00000000000        9.321419    
   1640.62500000000        15.97337    
   1656.25000000000        3.749707    
   1671.87500000000        10.72392    
   1687.50000000000        15.07136    
   1703.12500000000        6.045593    
   1718.75000000000        15.13703    
   1734.37500000000        20.77014    
   1750.00000000000        37.34515    
   1765.62500000000        11.10021    
   1781.25000000000        13.23382    
   1796.87500000000        10.78888    
   1812.50000000000        8.972119    
   1828.12500000000        13.51173    
   1843.75000000000        12.48448    
   1859.37500000000        12.22950    
   1875.00000000000        3.397792    
   1890.62500000000        17.35392    
   1906.25000000000        14.72646    
   1921.87500000000        19.56580    
   1937.50000000000        19.44774    
   1953.12500000000        18.92061    
   1968.75000000000        11.48229    
   1984.37500000000        3.776920    
