  -4000.00000000000        215.8483    
  -3968.75000000000        434.5661    
  -3937.50000000000        594.9095    
  -3906.25000000000        264.5002    
  -3875.00000000000        411.8223    
  -3843.75000000000        445.6452    
  -3812.50000000000        336.5114    
  -3781.25000000000        454.9466    
  -3750.00000000000        305.5687    
  -3718.75000000000        370.0612    
  -3687.50000000000        329.7121    
  -3656.25000000000        393.0766    
  -3625.00000000000        204.7402    
  -3593.75000000000        285.8323    
  -3562.50000000000        287.1638    
  -3531.25000000000        118.7448    
  -3500.00000000000        348.3922    
  -3468.75000000000        302.0056    
  -3437.50000000000        185.2276    
  -3406.25000000000        514.5042    
  -3375.00000000000        159.4610    
  -3343.75000000000        158.2080    
  -3312.50000000000        307.1706    
  -3281.25000000000        273.5538    
  -3250.00000000000        205.1829    
  -3218.75000000000        267.0020    
  -3187.50000000000        136.6366    
  -3156.25000000000        295.6979    
  -3125.00000000000        174.9760    
  -3093.75000000000        246.9822    
  -3062.50000000000        263.3486    
  -3031.25000000000        217.7380    
  -3000.00000000000        136.1057    
  -2968.75000000000        136.7531    
  -2937.50000000000        222.3031    
  -2906.25000000000        31.05778    
  -2875.00000000000        135.2905    
  -2843.75000000000        71.58389    
  -2812.50000000000        168.5372    
  -2781.25000000000        37.44725    
  -2750.00000000000        93.31078    
  -2718.75000000000        86.66668    
  -2687.50000000000        158.2762    
  -2656.25000000000        67.51150    
  -2625.00000000000        38.30996    
  -2593.75000000000        109.0449    
  -2562.50000000000        63.72756    
  -2531.25000000000        30.23671    
  -2500.00000000000        176.1070    
  -2468.75000000000        9.448095    
  -2437.50000000000        101.1925    
  -2406.25000000000        43.11686    
  -2375.00000000000        44.00867    
  -2343.75000000000        172.4701    
  -2312.50000000000        130.4690    
  -2281.25000000000        42.38519    
  -2250.00000000000        56.46361    
  -2218.75000000000        83.71231    
  -2187.50000000000        134.5961    
  -2156.25000000000        130.8023    
  -2125.00000000000        95.34799    
  -2093.75000000000        117.9953    
  -2062.50000000000        90.91974    
  -2031.25000000000        37.77089    
  -2000.00000000000        56.54274    
  -1968.75000000000        101.6264    
  -1937.50000000000        57.41889    
  -1906.25000000000        7.331271    
  -1875.00000000000        100.3820    
  -1843.75000000000        120.8884    
  -1812.50000000000        320.2559    
  -1781.25000000000        375.7808    
  -1750.00000000000        207.8572    
  -1718.75000000000        128.4473    
  -1687.50000000000        162.9483    
  -1656.25000000000        235.7832    
  -1625.00000000000        114.2283    
  -1593.75000000000        96.48187    
  -1562.50000000000        227.1618    
  -1531.25000000000        203.5588    
  -1500.00000000000        66.88544    
  -1468.75000000000        91.74144    
  -1437.50000000000        65.24454    
  -1406.25000000000        92.09155    
  -1375.00000000000        125.2084    
  -1343.75000000000        114.3530    
  -1312.50000000000        111.6404    
  -1281.25000000000        121.5520    
  -1250.00000000000        255.0083    
  -1218.75000000000        66.35429    
  -1187.50000000000        58.42498    
  -1156.25000000000        212.4713    
  -1125.00000000000        31.57285    
  -1093.75000000000        88.67649    
  -1062.50000000000        220.6714    
  -1031.25000000000        70.27920    
  -1000.00000000000        96.92124    
  -968.750000000000        119.6134    
  -937.500000000000        23.57805    
  -906.250000000000        195.1582    
  -875.000000000000        113.0042    
  -843.750000000000        162.7357    
  -812.500000000000        254.1895    
  -781.250000000000        337.5087    
  -750.000000000000        240.3784    
  -718.750000000000        357.1949    
  -687.500000000000        280.2249    
  -656.250000000000        490.3039    
  -625.000000000000        54.36279    
  -593.750000000000        335.6359    
  -562.500000000000        122.2155    
  -531.250000000000        223.3802    
  -500.000000000000        380.5551    
  -468.750000000000        99.26966    
  -437.500000000000        320.9052    
  -406.250000000000        373.8827    
  -375.000000000000        816.7165    
  -343.750000000000        1278.770    
  -312.500000000000        658.9058    
  -281.250000000000        954.1885    
  -250.000000000000        490.4587    
  -218.750000000000        70.91897    
  -187.500000000000        429.6251    
  -156.250000000000        1588.412    
  -125.000000000000        1591.366    
  -93.7500000000000        578.0758    
  -62.5000000000000        1523.057    
  -31.2500000000000        2838.066    
  0.000000000000000E+000   7259.086    
   31.2500000000000        2767.583    
   62.5000000000000        1645.339    
   93.7500000000000        621.4036    
   125.000000000000        1674.709    
   156.250000000000        1685.302    
   187.500000000000        435.6193    
   218.750000000000        21.01005    
   250.000000000000        433.3004    
   281.250000000000        888.8184    
   312.500000000000        652.4501    
   343.750000000000        1243.207    
   375.000000000000        713.5510    
   406.250000000000        320.0854    
   437.500000000000        263.3409    
   468.750000000000        89.90980    
   500.000000000000        375.8885    
   531.250000000000        205.0995    
   562.500000000000        176.3203    
   593.750000000000        366.9760    
   625.000000000000        32.08288    
   656.250000000000        515.9090    
   687.500000000000        295.9056    
   718.750000000000        367.3145    
   750.000000000000        220.8576    
   781.250000000000        324.3767    
   812.500000000000        260.1631    
   843.750000000000        172.2460    
   875.000000000000        113.6623    
   906.250000000000        177.7502    
   937.500000000000        60.76429    
   968.750000000000        123.6548    
   1000.00000000000        120.3762    
   1031.25000000000        82.88947    
   1062.50000000000        197.6555    
   1093.75000000000        90.75157    
   1125.00000000000        31.01340    
   1156.25000000000        179.2925    
   1187.50000000000        21.09120    
   1218.75000000000        46.80451    
   1250.00000000000        291.3132    
   1281.25000000000        83.68175    
   1312.50000000000        92.02551    
   1343.75000000000        130.2187    
   1375.00000000000        174.4109    
   1406.25000000000        112.0630    
   1437.50000000000        29.21240    
   1468.75000000000        69.50571    
   1500.00000000000        43.34196    
   1531.25000000000        147.4905    
   1562.50000000000        227.8157    
   1593.75000000000        65.15136    
   1625.00000000000        133.8984    
   1656.25000000000        196.4864    
   1687.50000000000        153.3215    
   1718.75000000000        118.0553    
   1750.00000000000        169.7762    
   1781.25000000000        321.2147    
   1812.50000000000        294.3165    
   1843.75000000000        116.4141    
   1875.00000000000        93.06901    
   1906.25000000000        34.27663    
   1937.50000000000        72.85744    
   1968.75000000000        78.13351    
   2000.00000000000        34.99751    
   2031.25000000000        28.09322    
   2062.50000000000        76.41179    
   2093.75000000000        106.2571    
   2125.00000000000        92.47310    
   2156.25000000000        145.7608    
   2187.50000000000        135.4182    
   2218.75000000000        86.11391    
   2250.00000000000        47.24160    
   2281.25000000000        61.02630    
   2312.50000000000        100.4191    
   2343.75000000000        180.0201    
   2375.00000000000        27.94153    
   2406.25000000000        47.46842    
   2437.50000000000        108.5422    
   2468.75000000000        25.79172    
   2500.00000000000        173.6712    
   2531.25000000000        25.29658    
   2562.50000000000        68.65488    
   2593.75000000000        131.3328    
   2625.00000000000        40.21067    
   2656.25000000000        58.93430    
   2687.50000000000        160.1320    
   2718.75000000000        96.10072    
   2750.00000000000        91.76612    
   2781.25000000000        62.59261    
   2812.50000000000        170.2229    
   2843.75000000000        80.77828    
   2875.00000000000        168.8097    
   2906.25000000000        22.59271    
   2937.50000000000        240.0084    
   2968.75000000000        112.7141    
   3000.00000000000        163.0925    
   3031.25000000000        227.2148    
   3062.50000000000        254.7363    
   3093.75000000000        217.6028    
   3125.00000000000        163.8630    
   3156.25000000000        305.5718    
   3187.50000000000        137.2336    
   3218.75000000000        288.0079    
   3250.00000000000        250.9943    
   3281.25000000000        272.8588    
   3312.50000000000        255.7276    
   3343.75000000000        163.4758    
   3375.00000000000        164.3774    
   3406.25000000000        512.4667    
   3437.50000000000        184.0083    
   3468.75000000000        300.4576    
   3500.00000000000        324.0111    
   3531.25000000000        108.1261    
   3562.50000000000        322.1834    
   3593.75000000000        244.3324    
   3625.00000000000        183.7455    
   3656.25000000000        412.7686    
   3687.50000000000        337.2736    
   3718.75000000000        371.8502    
   3750.00000000000        288.7043    
   3781.25000000000        475.6418    
   3812.50000000000        321.6979    
   3843.75000000000        476.7017    
   3875.00000000000        363.4857    
   3906.25000000000        261.3188    
   3937.50000000000        556.4707    
   3968.75000000000        434.9859    
