  -2000.00000000000        23.02649    
  -1984.37500000000        15.98055    
  -1968.75000000000        11.87812    
  -1953.12500000000        23.21602    
  -1937.50000000000        126.3422    
  -1921.87500000000        40.42753    
  -1906.25000000000        38.76614    
  -1890.62500000000        98.24478    
  -1875.00000000000        96.60531    
  -1859.37500000000        30.74546    
  -1843.75000000000        54.60161    
  -1828.12500000000        103.6347    
  -1812.50000000000        59.42519    
  -1796.87500000000        77.17480    
  -1781.25000000000        81.70956    
  -1765.62500000000        36.01120    
  -1750.00000000000        108.6930    
  -1734.37500000000        88.70603    
  -1718.75000000000        64.36311    
  -1703.12500000000        50.44983    
  -1687.50000000000        82.42245    
  -1671.87500000000        265.2251    
  -1656.25000000000        66.72548    
  -1640.62500000000        41.16292    
  -1625.00000000000        81.30075    
  -1609.37500000000        32.77107    
  -1593.75000000000        31.11501    
  -1578.12500000000        83.33704    
  -1562.50000000000        69.78984    
  -1546.87500000000        268.0339    
  -1531.25000000000        126.5728    
  -1515.62500000000        54.73740    
  -1500.00000000000        187.0160    
  -1484.37500000000        86.16901    
  -1468.75000000000        22.04959    
  -1453.12500000000        24.28527    
  -1437.50000000000        91.27925    
  -1421.87500000000        129.5314    
  -1406.25000000000        39.54591    
  -1390.62500000000        64.88274    
  -1375.00000000000        61.79396    
  -1359.37500000000        348.2535    
  -1343.75000000000        109.8743    
  -1328.12500000000        65.24492    
  -1312.50000000000        77.08119    
  -1296.87500000000        151.5558    
  -1281.25000000000        140.5218    
  -1265.62500000000        55.20342    
  -1250.00000000000        202.7858    
  -1234.37500000000        117.2719    
  -1218.75000000000        102.1803    
  -1203.12500000000        165.5355    
  -1187.50000000000        247.6966    
  -1171.87500000000        675.3979    
  -1156.25000000000        627.7356    
  -1140.62500000000        33.67452    
  -1125.00000000000        83.79638    
  -1109.37500000000        68.30769    
  -1093.75000000000        105.7584    
  -1078.12500000000        105.9403    
  -1062.50000000000        18.70894    
  -1046.87500000000        106.2053    
  -1031.25000000000        94.32576    
  -1015.62500000000        98.62486    
  -1000.00000000000        69.53197    
  -984.375000000000        79.19533    
  -968.750000000000        134.6389    
  -953.125000000000        137.8296    
  -937.500000000000        94.23302    
  -921.875000000000        152.7858    
  -906.250000000000        140.0548    
  -890.625000000000        82.96464    
  -875.000000000000        56.46396    
  -859.375000000000        45.73743    
  -843.750000000000        54.04693    
  -828.125000000000        177.5813    
  -812.500000000000        122.0143    
  -796.875000000000        245.2605    
  -781.250000000000        493.7166    
  -765.625000000000        514.2182    
  -750.000000000000        202.3688    
  -734.375000000000        149.9402    
  -718.750000000000        146.2128    
  -703.125000000000        220.7835    
  -687.500000000000        143.5200    
  -671.875000000000        190.3088    
  -656.250000000000        209.7346    
  -640.625000000000        249.5975    
  -625.000000000000        326.0243    
  -609.375000000000        514.5714    
  -593.750000000000        870.8536    
  -578.125000000000        2698.335    
  -562.500000000000        525.0554    
  -546.875000000000        155.8963    
  -531.250000000000        169.2651    
  -515.625000000000        183.9803    
  -500.000000000000        103.0590    
  -484.375000000000        93.70580    
  -468.750000000000        108.4673    
  -453.125000000000        43.13533    
  -437.500000000000        106.2430    
  -421.875000000000        120.0161    
  -406.250000000000        110.5742    
  -390.625000000000        1210.402    
  -375.000000000000        60.97702    
  -359.375000000000        148.3499    
  -343.750000000000        78.38944    
  -328.125000000000        69.87766    
  -312.500000000000        137.0208    
  -296.875000000000        215.0215    
  -281.250000000000        119.6405    
  -265.625000000000        368.1093    
  -250.000000000000        359.9994    
  -234.375000000000        351.6960    
  -218.750000000000        587.7122    
  -203.125000000000        1939.044    
  -187.500000000000        2558.150    
  -171.875000000000        829.5730    
  -156.250000000000        475.4141    
  -140.625000000000        305.2718    
  -125.000000000000        331.9614    
  -109.375000000000        263.2213    
  -93.7500000000000        224.0058    
  -78.1250000000000        244.5182    
  -62.5000000000000        126.3323    
  -46.8750000000000        127.0368    
  -31.2500000000000        108.0982    
  -15.6250000000000        224.8341    
  0.000000000000000E+000   45909.06    
   15.6250000000000        277.4023    
   31.2500000000000        186.4274    
   46.8750000000000        272.3681    
   62.5000000000000        137.3503    
   78.1250000000000        152.1167    
   93.7500000000000        152.9405    
   109.375000000000        162.2870    
   125.000000000000        253.5826    
   140.625000000000        205.7335    
   156.250000000000        339.9624    
   171.875000000000        499.2350    
   187.500000000000        1364.512    
   203.125000000000        773.2601    
   218.750000000000        445.9682    
   234.375000000000        292.5949    
   250.000000000000        406.2921    
   265.625000000000        72.25374    
   281.250000000000        111.3107    
   296.875000000000        68.68253    
   312.500000000000        149.0969    
   328.125000000000        137.9475    
   343.750000000000        136.8215    
   359.375000000000        262.9108    
   375.000000000000        549.8081    
   390.625000000000        1655.681    
   406.250000000000        277.3569    
   421.875000000000        191.3373    
   437.500000000000        285.8673    
   453.125000000000        57.07137    
   468.750000000000        93.23369    
   484.375000000000        105.7041    
   500.000000000000        146.5514    
   515.625000000000        134.0237    
   531.250000000000        204.6838    
   546.875000000000        243.4799    
   562.500000000000        422.9380    
   578.125000000000        3011.483    
   593.750000000000        1110.399    
   609.375000000000        471.7674    
   625.000000000000        267.5407    
   640.625000000000        328.2282    
   656.250000000000        284.1637    
   671.875000000000        262.6097    
   687.500000000000        259.0028    
   703.125000000000        229.1738    
   718.750000000000        255.7047    
   734.375000000000        347.0700    
   750.000000000000        347.8069    
   765.625000000000        1003.390    
   781.250000000000        1222.611    
   796.875000000000        362.7006    
   812.500000000000        209.3950    
   828.125000000000        9.999450    
   843.750000000000        236.6371    
   859.375000000000        51.84153    
   875.000000000000        75.85540    
   890.625000000000        97.11789    
   906.250000000000        165.0087    
   921.875000000000        122.3284    
   937.500000000000        33.37152    
   953.125000000000        171.7222    
   968.750000000000        1228.588    
   984.375000000000        89.34042    
   1000.00000000000        32.53193    
   1015.62500000000        136.6116    
   1031.25000000000        90.28589    
   1046.87500000000        49.83764    
   1062.50000000000        26.94097    
   1078.12500000000        123.2492    
   1093.75000000000        152.1279    
   1109.37500000000        211.9010    
   1125.00000000000        129.5030    
   1140.62500000000        290.3917    
   1156.25000000000        920.1744    
   1171.87500000000        571.1325    
   1187.50000000000        244.2383    
   1203.12500000000        99.95331    
   1218.75000000000        24.63204    
   1234.37500000000        48.67092    
   1250.00000000000        189.5885    
   1265.62500000000        43.88961    
   1281.25000000000        85.33647    
   1296.87500000000        46.75311    
   1312.50000000000        104.8975    
   1328.12500000000        76.97860    
   1343.75000000000        110.1390    
   1359.37500000000        487.9065    
   1375.00000000000        132.6697    
   1390.62500000000        106.2969    
   1406.25000000000        49.68203    
   1421.87500000000        114.1993    
   1437.50000000000        17.70591    
   1453.12500000000        45.56863    
   1468.75000000000        116.9314    
   1484.37500000000        108.6889    
   1500.00000000000        188.6603    
   1515.62500000000        90.44429    
   1531.25000000000        32.73415    
   1546.87500000000        181.5843    
   1562.50000000000        34.35062    
   1578.12500000000        111.1624    
   1593.75000000000        15.83018    
   1609.37500000000        13.40932    
   1625.00000000000        19.08145    
   1640.62500000000        98.78912    
   1656.25000000000        59.19087    
   1671.87500000000        109.3122    
   1687.50000000000        93.46095    
   1703.12500000000        17.01064    
   1718.75000000000        34.77547    
   1734.37500000000        41.96996    
   1750.00000000000        171.3501    
   1765.62500000000        69.57639    
   1781.25000000000        68.95364    
   1796.87500000000        80.35687    
   1812.50000000000        139.6871    
   1828.12500000000        117.7316    
   1843.75000000000        31.51297    
   1859.37500000000        97.16918    
   1875.00000000000        145.9893    
   1890.62500000000        19.56420    
   1906.25000000000        94.71656    
   1921.87500000000        74.68432    
   1937.50000000000        101.4698    
   1953.12500000000        79.44337    
   1968.75000000000        88.32697    
   1984.37500000000        42.26514    
