  -2000.00000000000        5.170426    
  -1984.37500000000        2.408733    
  -1968.75000000000        5.914318    
  -1953.12500000000        8.470188    
  -1937.50000000000        9.461692    
  -1921.87500000000        13.37391    
  -1906.25000000000        4.628140    
  -1890.62500000000        9.225458    
  -1875.00000000000        4.910509    
  -1859.37500000000        2.463436    
  -1843.75000000000        3.968983    
  -1828.12500000000        9.089785    
  -1812.50000000000        3.863362    
  -1796.87500000000        2.956589    
  -1781.25000000000        7.472604    
  -1765.62500000000        3.796560    
  -1750.00000000000        22.69184    
  -1734.37500000000        5.603862    
  -1718.75000000000        6.629151    
  -1703.12500000000        1.822207    
  -1687.50000000000        3.157246    
  -1671.87500000000        5.664395    
  -1656.25000000000        3.874262    
  -1640.62500000000        5.333955    
  -1625.00000000000       0.1600767    
  -1609.37500000000        4.424507    
  -1593.75000000000        6.352827    
  -1578.12500000000        10.72818    
  -1562.50000000000        9.323369    
  -1546.87500000000        27.17330    
  -1531.25000000000        6.301754    
  -1515.62500000000        6.361118    
  -1500.00000000000        14.52695    
  -1484.37500000000        7.877128    
  -1468.75000000000        2.595067    
  -1453.12500000000        3.838507    
  -1437.50000000000        3.370313    
  -1421.87500000000        8.575911    
  -1406.25000000000        6.578493    
  -1390.62500000000        5.096892    
  -1375.00000000000        1.645901    
  -1359.37500000000        14.90822    
  -1343.75000000000        7.080110    
  -1328.12500000000        5.527713    
  -1312.50000000000        4.143588    
  -1296.87500000000        12.93231    
  -1281.25000000000        3.858740    
  -1265.62500000000        5.115685    
  -1250.00000000000        22.43709    
  -1234.37500000000        8.702890    
  -1218.75000000000        4.936609    
  -1203.12500000000        14.79952    
  -1187.50000000000        16.83474    
  -1171.87500000000        47.13068    
  -1156.25000000000        43.46883    
  -1140.62500000000        9.906154    
  -1125.00000000000        3.486032    
  -1109.37500000000        6.987852    
  -1093.75000000000        1.784614    
  -1078.12500000000        3.384345    
  -1062.50000000000        2.675025    
  -1046.87500000000        1.622722    
  -1031.25000000000        3.347209    
  -1015.62500000000        3.049443    
  -1000.00000000000        1.711022    
  -984.375000000000        7.697156    
  -968.750000000000        43.72112    
  -953.125000000000        13.97541    
  -937.500000000000        9.782731    
  -921.875000000000        25.19195    
  -906.250000000000        16.80480    
  -890.625000000000        6.640831    
  -875.000000000000        5.593237    
  -859.375000000000        5.912160    
  -843.750000000000        5.509723    
  -828.125000000000        9.364932    
  -812.500000000000        10.24038    
  -796.875000000000        16.64144    
  -781.250000000000        56.80610    
  -765.625000000000        56.72744    
  -750.000000000000        18.73821    
  -734.375000000000        15.57864    
  -718.750000000000        20.66336    
  -703.125000000000        18.99545    
  -687.500000000000        19.44171    
  -671.875000000000        21.54225    
  -656.250000000000        27.44798    
  -640.625000000000        24.46835    
  -625.000000000000        41.56925    
  -609.375000000000        62.93958    
  -593.750000000000        137.6161    
  -578.125000000000        389.3628    
  -562.500000000000        65.93087    
  -546.875000000000        23.72494    
  -531.250000000000        32.43426    
  -515.625000000000        21.08636    
  -500.000000000000        17.75507    
  -484.375000000000        7.525840    
  -468.750000000000        8.716550    
  -453.125000000000        14.45846    
  -437.500000000000        21.52001    
  -421.875000000000        16.85106    
  -406.250000000000        40.28921    
  -390.625000000000        144.3187    
  -375.000000000000        53.47923    
  -359.375000000000        22.12755    
  -343.750000000000        3.631814    
  -328.125000000000        7.330476    
  -312.500000000000        17.29482    
  -296.875000000000        14.05383    
  -281.250000000000        10.81099    
  -265.625000000000        15.87919    
  -250.000000000000        24.82138    
  -234.375000000000        16.03219    
  -218.750000000000        38.48701    
  -203.125000000000        145.5797    
  -187.500000000000        166.9247    
  -171.875000000000        50.49595    
  -156.250000000000        27.08120    
  -140.625000000000        23.19085    
  -125.000000000000        21.12985    
  -109.375000000000        10.55838    
  -93.7500000000000        1.564158    
  -78.1250000000000        28.63673    
  -62.5000000000000        11.35508    
  -46.8750000000000        19.17766    
  -31.2500000000000        13.11037    
  -15.6250000000000        41.79964    
  0.000000000000000E+000   8764.417    
   15.6250000000000        43.16297    
   31.2500000000000        15.31491    
   46.8750000000000        21.30268    
   62.5000000000000        10.21904    
   78.1250000000000        28.90877    
   93.7500000000000        1.282838    
   109.375000000000        7.860041    
   125.000000000000        20.65882    
   140.625000000000        22.23159    
   156.250000000000        24.35394    
   171.875000000000        45.73148    
   187.500000000000        149.4226    
   203.125000000000        128.4735    
   218.750000000000        36.93414    
   234.375000000000        14.14159    
   250.000000000000        23.90574    
   265.625000000000        13.70720    
   281.250000000000        11.34846    
   296.875000000000        12.65243    
   312.500000000000        17.79144    
   328.125000000000        6.176992    
   343.750000000000        4.167054    
   359.375000000000        23.17274    
   375.000000000000        58.95644    
   390.625000000000        151.3578    
   406.250000000000        42.86189    
   421.875000000000        18.64952    
   437.500000000000        24.39149    
   453.125000000000        14.37710    
   468.750000000000        8.948961    
   484.375000000000        7.865425    
   500.000000000000        17.75369    
   515.625000000000        21.51435    
   531.250000000000        32.37218    
   546.875000000000        24.22497    
   562.500000000000        65.59834    
   578.125000000000        389.9380    
   593.750000000000        138.5938    
   609.375000000000        62.94034    
   625.000000000000        41.69328    
   640.625000000000        25.03034    
   656.250000000000        27.78248    
   671.875000000000        22.00073    
   687.500000000000        20.25478    
   703.125000000000        19.56576    
   718.750000000000        21.22930    
   734.375000000000        18.24367    
   750.000000000000        23.22889    
   765.625000000000        68.30095    
   781.250000000000        76.07235    
   796.875000000000        21.77440    
   812.500000000000        12.45522    
   828.125000000000        10.35327    
   843.750000000000        6.413817    
   859.375000000000        6.223895    
   875.000000000000        6.289772    
   890.625000000000        7.475584    
   906.250000000000        17.69037    
   921.875000000000        24.95039    
   937.500000000000        9.745559    
   953.125000000000        14.39759    
   968.750000000000        54.35871    
   984.375000000000        7.325830    
   1000.00000000000        1.466334    
   1015.62500000000        3.010170    
   1031.25000000000        3.443588    
   1046.87500000000        2.443583    
   1062.50000000000        2.811173    
   1078.12500000000        3.753540    
   1093.75000000000        1.583392    
   1109.37500000000        9.496324    
   1125.00000000000        4.116220    
   1140.62500000000        11.08764    
   1156.25000000000        46.07158    
   1171.87500000000        48.58248    
   1187.50000000000        17.36526    
   1203.12500000000        15.07297    
   1218.75000000000        5.415814    
   1234.37500000000        8.740444    
   1250.00000000000        22.76054    
   1265.62500000000        5.704686    
   1281.25000000000        4.762243    
   1296.87500000000        12.29308    
   1312.50000000000        4.506766    
   1328.12500000000        5.474099    
   1343.75000000000        6.758603    
   1359.37500000000        13.66072    
   1375.00000000000        1.094048    
   1390.62500000000        5.370730    
   1406.25000000000        6.599357    
   1421.87500000000        8.558029    
   1437.50000000000        3.884889    
   1453.12500000000        4.004496    
   1468.75000000000        2.203388    
   1484.37500000000        7.607227    
   1500.00000000000        15.13387    
   1515.62500000000        6.488394    
   1531.25000000000        6.194290    
   1546.87500000000        26.44714    
   1562.50000000000        7.998575    
   1578.12500000000        11.00212    
   1593.75000000000        5.662987    
   1609.37500000000        4.190557    
   1625.00000000000        1.289775    
   1640.62500000000        5.578726    
   1656.25000000000        3.788881    
   1671.87500000000        5.318357    
   1687.50000000000        2.683207    
   1703.12500000000        1.170101    
   1718.75000000000        6.386378    
   1734.37500000000        4.344933    
   1750.00000000000        22.02301    
   1765.62500000000        3.895042    
   1781.25000000000        8.417208    
   1796.87500000000        3.290606    
   1812.50000000000        4.071664    
   1828.12500000000        9.609232    
   1843.75000000000        4.221659    
   1859.37500000000        2.585371    
   1875.00000000000        4.913846    
   1890.62500000000        8.269046    
   1906.25000000000        5.008247    
   1921.87500000000        13.13395    
   1937.50000000000        7.564154    
   1953.12500000000        8.192318    
   1968.75000000000        6.598609    
   1984.37500000000        2.542735    
