  -4000.00000000000        202.0779    
  -3968.75000000000        363.9108    
  -3937.50000000000        470.8125    
  -3906.25000000000        214.8605    
  -3875.00000000000        336.6410    
  -3843.75000000000        368.1389    
  -3812.50000000000        266.8967    
  -3781.25000000000        385.6560    
  -3750.00000000000        247.9726    
  -3718.75000000000        305.9132    
  -3687.50000000000        279.2704    
  -3656.25000000000        343.0441    
  -3625.00000000000        164.8880    
  -3593.75000000000        219.4330    
  -3562.50000000000        239.7175    
  -3531.25000000000        90.51038    
  -3500.00000000000        277.9561    
  -3468.75000000000        252.0610    
  -3437.50000000000        155.9111    
  -3406.25000000000        427.4343    
  -3375.00000000000        126.5406    
  -3343.75000000000        127.5309    
  -3312.50000000000        244.9770    
  -3281.25000000000        214.4599    
  -3250.00000000000        190.0403    
  -3218.75000000000        225.9749    
  -3187.50000000000        102.2992    
  -3156.25000000000        248.7995    
  -3125.00000000000        143.3651    
  -3093.75000000000        193.8512    
  -3062.50000000000        227.9769    
  -3031.25000000000        170.5612    
  -3000.00000000000        108.3434    
  -2968.75000000000        107.1100    
  -2937.50000000000        199.7234    
  -2906.25000000000        27.72402    
  -2875.00000000000        127.7044    
  -2843.75000000000        61.38100    
  -2812.50000000000        136.5935    
  -2781.25000000000        52.20606    
  -2750.00000000000        72.59854    
  -2718.75000000000        75.85448    
  -2687.50000000000        133.3602    
  -2656.25000000000        55.18281    
  -2625.00000000000        35.05443    
  -2593.75000000000        99.80289    
  -2562.50000000000        62.14385    
  -2531.25000000000        21.00961    
  -2500.00000000000        141.4109    
  -2468.75000000000        11.63284    
  -2437.50000000000        91.51559    
  -2406.25000000000        51.06282    
  -2375.00000000000        20.77811    
  -2343.75000000000        136.7715    
  -2312.50000000000        86.45713    
  -2281.25000000000        41.77330    
  -2250.00000000000        53.03669    
  -2218.75000000000        72.95425    
  -2187.50000000000        103.4107    
  -2156.25000000000        106.6582    
  -2125.00000000000        65.27534    
  -2093.75000000000        87.07380    
  -2062.50000000000        62.10989    
  -2031.25000000000        21.10645    
  -2000.00000000000        45.77752    
  -1968.75000000000        64.86395    
  -1937.50000000000        49.50330    
  -1906.25000000000        34.65515    
  -1875.00000000000        80.17081    
  -1843.75000000000        95.25217    
  -1812.50000000000        251.3073    
  -1781.25000000000        296.7409    
  -1750.00000000000        150.7895    
  -1718.75000000000        107.3363    
  -1687.50000000000        147.4193    
  -1656.25000000000        167.1565    
  -1625.00000000000        101.6257    
  -1593.75000000000        51.10249    
  -1562.50000000000        205.1051    
  -1531.25000000000        123.9820    
  -1500.00000000000        36.56466    
  -1468.75000000000        75.19371    
  -1437.50000000000        48.86604    
  -1406.25000000000        82.06960    
  -1375.00000000000        136.6046    
  -1343.75000000000        106.7635    
  -1312.50000000000        90.81535    
  -1281.25000000000        72.43752    
  -1250.00000000000        221.6448    
  -1218.75000000000        43.20208    
  -1187.50000000000        37.07886    
  -1156.25000000000        142.3161    
  -1125.00000000000        29.45218    
  -1093.75000000000        93.26826    
  -1062.50000000000        169.1625    
  -1031.25000000000        60.78336    
  -1000.00000000000        99.48418    
  -968.750000000000        87.98490    
  -937.500000000000        35.87673    
  -906.250000000000        166.6799    
  -875.000000000000        86.50392    
  -843.750000000000        132.6766    
  -812.500000000000        211.0116    
  -781.250000000000        276.5463    
  -750.000000000000        210.2793    
  -718.750000000000        268.7998    
  -687.500000000000        232.1181    
  -656.250000000000        410.7888    
  -625.000000000000        38.09203    
  -593.750000000000        306.9098    
  -562.500000000000        116.1028    
  -531.250000000000        206.0038    
  -500.000000000000        308.0401    
  -468.750000000000        83.31635    
  -437.500000000000        234.9137    
  -406.250000000000        290.4529    
  -375.000000000000        649.9151    
  -343.750000000000        1062.435    
  -312.500000000000        551.0078    
  -281.250000000000        764.3715    
  -250.000000000000        394.4492    
  -218.750000000000        37.82143    
  -187.500000000000        373.6699    
  -156.250000000000        1380.293    
  -125.000000000000        1333.666    
  -93.7500000000000        470.9514    
  -62.5000000000000        1311.552    
  -31.2500000000000        2344.230    
  0.000000000000000E+000   6392.182    
   31.2500000000000        2335.493    
   62.5000000000000        1349.486    
   93.7500000000000        489.8752    
   125.000000000000        1356.123    
   156.250000000000        1385.120    
   187.500000000000        369.2371    
   218.750000000000        38.24376    
   250.000000000000        386.4974    
   281.250000000000        757.5573    
   312.500000000000        543.7436    
   343.750000000000        1047.815    
   375.000000000000        639.1306    
   406.250000000000        286.8279    
   437.500000000000        233.8334    
   468.750000000000        69.08353    
   500.000000000000        318.8207    
   531.250000000000        190.0847    
   562.500000000000        120.3763    
   593.750000000000        306.8521    
   625.000000000000        37.50954    
   656.250000000000        415.7528    
   687.500000000000        231.5390    
   718.750000000000        280.2407    
   750.000000000000        211.6188    
   781.250000000000        275.7123    
   812.500000000000        216.6607    
   843.750000000000        121.6043    
   875.000000000000        88.75916    
   906.250000000000        170.0004    
   937.500000000000        32.89989    
   968.750000000000        94.07471    
   1000.00000000000        103.1703    
   1031.25000000000        68.31697    
   1062.50000000000        164.8476    
   1093.75000000000        90.51163    
   1125.00000000000        32.71749    
   1156.25000000000        146.2943    
   1187.50000000000        38.42952    
   1218.75000000000        39.49390    
   1250.00000000000        231.1040    
   1281.25000000000        75.18542    
   1312.50000000000        83.81761    
   1343.75000000000        106.2243    
   1375.00000000000        135.4832    
   1406.25000000000        86.18143    
   1437.50000000000        36.37095    
   1468.75000000000        70.04716    
   1500.00000000000        35.08744    
   1531.25000000000        113.9938    
   1562.50000000000        199.2525    
   1593.75000000000        52.77147    
   1625.00000000000        107.8082    
   1656.25000000000        166.4676    
   1687.50000000000        138.2445    
   1718.75000000000        99.58403    
   1750.00000000000        147.2157    
   1781.25000000000        292.5521    
   1812.50000000000        243.5454    
   1843.75000000000        91.32987    
   1875.00000000000        79.66882    
   1906.25000000000        35.27238    
   1937.50000000000        45.61531    
   1968.75000000000        67.54676    
   2000.00000000000        41.54570    
   2031.25000000000        21.15479    
   2062.50000000000        63.10770    
   2093.75000000000        86.89333    
   2125.00000000000        61.30745    
   2156.25000000000        108.9512    
   2187.50000000000        107.2858    
   2218.75000000000        75.19573    
   2250.00000000000        50.53067    
   2281.25000000000        40.41806    
   2312.50000000000        88.22488    
   2343.75000000000        146.6682    
   2375.00000000000        23.15052    
   2406.25000000000        47.20689    
   2437.50000000000        94.49886    
   2468.75000000000        10.98787    
   2500.00000000000        141.3172    
   2531.25000000000        16.13531    
   2562.50000000000        63.70718    
   2593.75000000000        91.71911    
   2625.00000000000        38.22736    
   2656.25000000000        55.14162    
   2687.50000000000        138.6699    
   2718.75000000000        70.84080    
   2750.00000000000        71.99166    
   2781.25000000000        48.99792    
   2812.50000000000        144.9502    
   2843.75000000000        63.14533    
   2875.00000000000        131.2992    
   2906.25000000000        28.99005    
   2937.50000000000        197.6101    
   2968.75000000000        107.1618    
   3000.00000000000        114.4939    
   3031.25000000000        184.4724    
   3062.50000000000        225.1628    
   3093.75000000000        193.7270    
   3125.00000000000        138.2785    
   3156.25000000000        237.4664    
   3187.50000000000        99.92173    
   3218.75000000000        239.6040    
   3250.00000000000        191.9686    
   3281.25000000000        222.7309    
   3312.50000000000        230.4431    
   3343.75000000000        121.7569    
   3375.00000000000        129.1505    
   3406.25000000000        425.1718    
   3437.50000000000        143.3862    
   3468.75000000000        263.2897    
   3500.00000000000        273.6837    
   3531.25000000000        82.57191    
   3562.50000000000        241.8491    
   3593.75000000000        209.1736    
   3625.00000000000        153.8316    
   3656.25000000000        344.3364    
   3687.50000000000        281.0342    
   3718.75000000000        301.0526    
   3750.00000000000        239.6235    
   3781.25000000000        404.2589    
   3812.50000000000        266.6487    
   3843.75000000000        380.7968    
   3875.00000000000        326.1213    
   3906.25000000000        219.5092    
   3937.50000000000        462.5754    
   3968.75000000000        370.5662    
