  -2000.00000000000        10.37228    
  -1984.37500000000        6.894410    
  -1968.75000000000        9.105006    
  -1953.12500000000        12.82378    
  -1937.50000000000        24.52488    
  -1921.87500000000        12.86162    
  -1906.25000000000        4.212379    
  -1890.62500000000        10.65789    
  -1875.00000000000        25.97369    
  -1859.37500000000        9.951611    
  -1843.75000000000        2.835144    
  -1828.12500000000        9.225565    
  -1812.50000000000        10.66579    
  -1796.87500000000        9.565965    
  -1781.25000000000        11.04762    
  -1765.62500000000        3.720226    
  -1750.00000000000        28.83178    
  -1734.37500000000        9.722969    
  -1718.75000000000        7.171877    
  -1703.12500000000        6.077213    
  -1687.50000000000        14.85555    
  -1671.87500000000        15.75032    
  -1656.25000000000        2.556767    
  -1640.62500000000        3.875348    
  -1625.00000000000        3.647278    
  -1609.37500000000        7.288970    
  -1593.75000000000        3.243694    
  -1578.12500000000        11.53066    
  -1562.50000000000        5.370298    
  -1546.87500000000        43.52639    
  -1531.25000000000        3.164186    
  -1515.62500000000        13.71151    
  -1500.00000000000        16.25581    
  -1484.37500000000        20.70804    
  -1468.75000000000        4.489295    
  -1453.12500000000        4.028994    
  -1437.50000000000       0.2856568    
  -1421.87500000000        11.20933    
  -1406.25000000000        10.08405    
  -1390.62500000000        9.201640    
  -1375.00000000000        5.191523    
  -1359.37500000000        36.81360    
  -1343.75000000000        8.766902    
  -1328.12500000000        4.573024    
  -1312.50000000000        8.752757    
  -1296.87500000000        14.07455    
  -1281.25000000000        1.498301    
  -1265.62500000000        8.287715    
  -1250.00000000000        27.14302    
  -1234.37500000000        8.855628    
  -1218.75000000000        6.458406    
  -1203.12500000000        16.13674    
  -1187.50000000000        19.84108    
  -1171.87500000000        41.91604    
  -1156.25000000000        68.16670    
  -1140.62500000000        7.578690    
  -1125.00000000000        9.741053    
  -1109.37500000000        16.11778    
  -1093.75000000000        5.577436    
  -1078.12500000000        5.691108    
  -1062.50000000000        3.587773    
  -1046.87500000000        6.862484    
  -1031.25000000000        12.73580    
  -1015.62500000000        6.805119    
  -1000.00000000000        4.098548    
  -984.375000000000        9.335372    
  -968.750000000000        63.52262    
  -953.125000000000        23.72584    
  -937.500000000000        10.38451    
  -921.875000000000        27.78351    
  -906.250000000000        20.59580    
  -890.625000000000        13.50714    
  -875.000000000000        7.778756    
  -859.375000000000        8.549684    
  -843.750000000000        14.58973    
  -828.125000000000        15.95635    
  -812.500000000000        16.80682    
  -796.875000000000        24.84383    
  -781.250000000000        94.86480    
  -765.625000000000        73.84795    
  -750.000000000000        24.51368    
  -734.375000000000        21.43919    
  -718.750000000000        29.49528    
  -703.125000000000        20.15430    
  -687.500000000000        16.61248    
  -671.875000000000        25.20494    
  -656.250000000000        38.01950    
  -640.625000000000        18.71762    
  -625.000000000000        47.97724    
  -609.375000000000        72.79983    
  -593.750000000000        153.8024    
  -578.125000000000        455.9445    
  -562.500000000000        75.43925    
  -546.875000000000        22.31485    
  -531.250000000000        31.97720    
  -515.625000000000        25.54078    
  -500.000000000000        25.60112    
  -484.375000000000        8.711323    
  -468.750000000000        16.44294    
  -453.125000000000        12.49373    
  -437.500000000000        24.53072    
  -421.875000000000        16.79806    
  -406.250000000000        49.56020    
  -390.625000000000        178.2243    
  -375.000000000000        57.87970    
  -359.375000000000        27.97370    
  -343.750000000000        2.336723    
  -328.125000000000        16.74555    
  -312.500000000000        17.14295    
  -296.875000000000        21.55741    
  -281.250000000000        10.50523    
  -265.625000000000        27.69569    
  -250.000000000000        38.24553    
  -234.375000000000        24.37053    
  -218.750000000000        52.67102    
  -203.125000000000        205.3516    
  -187.500000000000        248.9782    
  -171.875000000000        69.34160    
  -156.250000000000        40.94053    
  -140.625000000000        30.97121    
  -125.000000000000        30.84407    
  -109.375000000000        16.13776    
  -93.7500000000000        7.470025    
  -78.1250000000000        29.70613    
  -62.5000000000000        18.25880    
  -46.8750000000000        16.11703    
  -31.2500000000000        13.10505    
  -15.6250000000000        50.50182    
  0.000000000000000E+000   10543.65    
   15.6250000000000        51.41380    
   31.2500000000000        22.16824    
   46.8750000000000        27.20117    
   62.5000000000000        6.195189    
   78.1250000000000        38.87955    
   93.7500000000000        9.282014    
   109.375000000000        16.03447    
   125.000000000000        25.40613    
   140.625000000000        15.94760    
   156.250000000000        19.41875    
   171.875000000000        40.56850    
   187.500000000000        130.3336    
   203.125000000000        120.3023    
   218.750000000000        34.97434    
   234.375000000000        16.63035    
   250.000000000000        31.60031    
   265.625000000000        15.28779    
   281.250000000000        16.57891    
   296.875000000000        13.63500    
   312.500000000000        20.50675    
   328.125000000000        21.92824    
   343.750000000000        12.13885    
   359.375000000000        35.59112    
   375.000000000000        83.68108    
   390.625000000000        209.0226    
   406.250000000000        52.93684    
   421.875000000000        24.14837    
   437.500000000000        31.31284    
   453.125000000000        11.84164    
   468.750000000000        6.910405    
   484.375000000000        6.766783    
   500.000000000000        22.03464    
   515.625000000000        31.24301    
   531.250000000000        40.31948    
   546.875000000000        30.34104    
   562.500000000000        77.15988    
   578.125000000000        459.1275    
   593.750000000000        168.3357    
   609.375000000000        73.17265    
   625.000000000000        49.46646    
   640.625000000000        35.30227    
   656.250000000000        40.84012    
   671.875000000000        23.06716    
   687.500000000000        22.89557    
   703.125000000000        34.95061    
   718.750000000000        23.68209    
   734.375000000000        19.81866    
   750.000000000000        25.26025    
   765.625000000000        76.06960    
   781.250000000000        92.31394    
   796.875000000000        26.34595    
   812.500000000000        14.41422    
   828.125000000000        18.04853    
   843.750000000000        7.500192    
   859.375000000000        2.440920    
   875.000000000000        6.023166    
   890.625000000000        11.87258    
   906.250000000000        20.15465    
   921.875000000000        29.47966    
   937.500000000000        10.94188    
   953.125000000000        14.19688    
   968.750000000000        66.94161    
   984.375000000000        6.953249    
   1000.00000000000        5.628453    
   1015.62500000000        4.290160    
   1031.25000000000        4.065490    
   1046.87500000000        4.220359    
   1062.50000000000        2.478306    
   1078.12500000000        7.552746    
   1093.75000000000        10.11006    
   1109.37500000000        14.60577    
   1125.00000000000        6.482918    
   1140.62500000000        15.61884    
   1156.25000000000        54.38462    
   1171.87500000000        61.22878    
   1187.50000000000        22.70351    
   1203.12500000000        19.33407    
   1218.75000000000        7.915533    
   1234.37500000000        8.999246    
   1250.00000000000        26.34712    
   1265.62500000000        9.824829    
   1281.25000000000        8.618809    
   1296.87500000000        16.36406    
   1312.50000000000        7.801354    
   1328.12500000000        16.23686    
   1343.75000000000        19.86592    
   1359.37500000000        30.96049    
   1375.00000000000        9.624816    
   1390.62500000000        7.106091    
   1406.25000000000        3.681720    
   1421.87500000000        5.967836    
   1437.50000000000        14.17178    
   1453.12500000000        8.196134    
   1468.75000000000        8.886273    
   1484.37500000000        10.24740    
   1500.00000000000        15.91566    
   1515.62500000000        7.137184    
   1531.25000000000        6.144309    
   1546.87500000000        29.48929    
   1562.50000000000        5.575735    
   1578.12500000000        18.37675    
   1593.75000000000        3.166535    
   1609.37500000000        8.189550    
   1625.00000000000        5.873178    
   1640.62500000000        2.991717    
   1656.25000000000        7.401311    
   1671.87500000000        12.44606    
   1687.50000000000        11.58679    
   1703.12500000000        6.620574    
   1718.75000000000        9.264013    
   1734.37500000000        10.53711    
   1750.00000000000        20.80033    
   1765.62500000000        2.193192    
   1781.25000000000        9.223777    
   1796.87500000000        9.172190    
   1812.50000000000        11.14490    
   1828.12500000000        7.080205    
   1843.75000000000        4.167885    
   1859.37500000000        7.654324    
   1875.00000000000        4.484770    
   1890.62500000000        9.243885    
   1906.25000000000        7.093967    
   1921.87500000000        17.39242    
   1937.50000000000        11.70905    
   1953.12500000000        17.32484    
   1968.75000000000        14.56389    
   1984.37500000000        4.223852    
