  -4000.00000000000        224.5309    
  -3968.75000000000        402.0302    
  -3937.50000000000        534.5833    
  -3906.25000000000        250.5638    
  -3875.00000000000        380.0364    
  -3843.75000000000        404.9441    
  -3812.50000000000        306.6521    
  -3781.25000000000        430.8421    
  -3750.00000000000        274.4839    
  -3718.75000000000        337.8715    
  -3687.50000000000        305.9907    
  -3656.25000000000        372.7850    
  -3625.00000000000        186.9456    
  -3593.75000000000        252.8298    
  -3562.50000000000        253.6778    
  -3531.25000000000        92.51928    
  -3500.00000000000        307.9237    
  -3468.75000000000        278.4065    
  -3437.50000000000        168.3617    
  -3406.25000000000        476.8001    
  -3375.00000000000        150.0342    
  -3343.75000000000        135.9326    
  -3312.50000000000        267.8431    
  -3281.25000000000        227.2592    
  -3250.00000000000        203.7454    
  -3218.75000000000        244.6938    
  -3187.50000000000        113.3162    
  -3156.25000000000        280.2874    
  -3125.00000000000        163.7291    
  -3093.75000000000        217.2010    
  -3062.50000000000        238.8395    
  -3031.25000000000        193.4865    
  -3000.00000000000        115.8060    
  -2968.75000000000        127.3798    
  -2937.50000000000        224.5247    
  -2906.25000000000        40.98684    
  -2875.00000000000        156.5086    
  -2843.75000000000        66.42429    
  -2812.50000000000        145.7005    
  -2781.25000000000        48.91817    
  -2750.00000000000        76.86521    
  -2718.75000000000        72.79978    
  -2687.50000000000        140.3338    
  -2656.25000000000        59.25920    
  -2625.00000000000        30.95592    
  -2593.75000000000        108.5975    
  -2562.50000000000        65.82127    
  -2531.25000000000        22.14328    
  -2500.00000000000        149.2818    
  -2468.75000000000        21.23557    
  -2437.50000000000        105.0959    
  -2406.25000000000        45.58255    
  -2375.00000000000        21.60462    
  -2343.75000000000        149.3183    
  -2312.50000000000        92.61499    
  -2281.25000000000        47.86307    
  -2250.00000000000        64.03555    
  -2218.75000000000        74.73376    
  -2187.50000000000        121.9337    
  -2156.25000000000        120.1651    
  -2125.00000000000        70.51418    
  -2093.75000000000        89.60499    
  -2062.50000000000        64.44636    
  -2031.25000000000        24.68493    
  -2000.00000000000        50.22561    
  -1968.75000000000        69.82714    
  -1937.50000000000        53.63092    
  -1906.25000000000        42.62326    
  -1875.00000000000        87.16423    
  -1843.75000000000        106.0538    
  -1812.50000000000        282.1286    
  -1781.25000000000        336.6498    
  -1750.00000000000        160.4066    
  -1718.75000000000        120.1182    
  -1687.50000000000        168.3291    
  -1656.25000000000        190.5929    
  -1625.00000000000        113.8001    
  -1593.75000000000        65.24149    
  -1562.50000000000        232.8089    
  -1531.25000000000        135.6260    
  -1500.00000000000        35.15408    
  -1468.75000000000        84.35748    
  -1437.50000000000        46.66391    
  -1406.25000000000        94.24837    
  -1375.00000000000        145.1397    
  -1343.75000000000        113.4594    
  -1312.50000000000        100.1526    
  -1281.25000000000        88.27963    
  -1250.00000000000        239.3534    
  -1218.75000000000        52.27832    
  -1187.50000000000        47.41708    
  -1156.25000000000        164.7587    
  -1125.00000000000        28.19798    
  -1093.75000000000        103.6113    
  -1062.50000000000        191.8589    
  -1031.25000000000        71.80589    
  -1000.00000000000        93.88507    
  -968.750000000000        99.89568    
  -937.500000000000        43.88266    
  -906.250000000000        177.7530    
  -875.000000000000        98.98586    
  -843.750000000000        144.6278    
  -812.500000000000        243.4978    
  -781.250000000000        304.3410    
  -750.000000000000        237.7743    
  -718.750000000000        304.0576    
  -687.500000000000        257.3794    
  -656.250000000000        468.3291    
  -625.000000000000        27.87253    
  -593.750000000000        341.8447    
  -562.500000000000        122.7023    
  -531.250000000000        210.3318    
  -500.000000000000        338.0950    
  -468.750000000000        83.57234    
  -437.500000000000        263.1378    
  -406.250000000000        328.9760    
  -375.000000000000        737.8112    
  -343.750000000000        1194.553    
  -312.500000000000        617.4473    
  -281.250000000000        866.9463    
  -250.000000000000        441.1178    
  -218.750000000000        54.17318    
  -187.500000000000        399.8712    
  -156.250000000000        1478.667    
  -125.000000000000        1460.861    
  -93.7500000000000        521.6827    
  -62.5000000000000        1438.106    
  -31.2500000000000        2602.159    
  0.000000000000000E+000   6984.455    
   31.2500000000000        2541.981    
   62.5000000000000        1499.006    
   93.7500000000000        552.8678    
   125.000000000000        1518.229    
   156.250000000000        1545.959    
   187.500000000000        400.7040    
   218.750000000000        13.41216    
   250.000000000000        423.2524    
   281.250000000000        803.2669    
   312.500000000000        610.9631    
   343.750000000000        1151.577    
   375.000000000000        697.0410    
   406.250000000000        299.3396    
   437.500000000000        232.0155    
   468.750000000000        77.86556    
   500.000000000000        336.0797    
   531.250000000000        227.9312    
   562.500000000000        145.0001    
   593.750000000000        337.1708    
   625.000000000000        47.97041    
   656.250000000000        461.1071    
   687.500000000000        256.5515    
   718.750000000000        317.8871    
   750.000000000000        232.9249    
   781.250000000000        302.3708    
   812.500000000000        246.4141    
   843.750000000000        132.9830    
   875.000000000000        93.79413    
   906.250000000000        176.9469    
   937.500000000000        46.59822    
   968.750000000000        114.4606    
   1000.00000000000        104.0845    
   1031.25000000000        75.32029    
   1062.50000000000        174.0948    
   1093.75000000000        102.6479    
   1125.00000000000        39.67848    
   1156.25000000000        157.0063    
   1187.50000000000        37.83503    
   1218.75000000000        56.71867    
   1250.00000000000        252.1711    
   1281.25000000000        73.39111    
   1312.50000000000        94.15896    
   1343.75000000000        119.5124    
   1375.00000000000        144.0520    
   1406.25000000000        87.96979    
   1437.50000000000        41.02959    
   1468.75000000000        82.13419    
   1500.00000000000        37.47423    
   1531.25000000000        130.5106    
   1562.50000000000        219.0339    
   1593.75000000000        58.61251    
   1625.00000000000        120.0751    
   1656.25000000000        173.7430    
   1687.50000000000        160.1275    
   1718.75000000000        108.3109    
   1750.00000000000        167.6066    
   1781.25000000000        309.7121    
   1812.50000000000        268.5918    
   1843.75000000000        113.2572    
   1875.00000000000        100.1361    
   1906.25000000000        29.82959    
   1937.50000000000        53.41801    
   1968.75000000000        72.67624    
   2000.00000000000        38.65721    
   2031.25000000000        29.20079    
   2062.50000000000        79.26196    
   2093.75000000000        89.47657    
   2125.00000000000        69.71548    
   2156.25000000000        123.3836    
   2187.50000000000        104.4566    
   2218.75000000000        74.90675    
   2250.00000000000        62.11757    
   2281.25000000000        45.97119    
   2312.50000000000        94.31007    
   2343.75000000000        166.9918    
   2375.00000000000        31.90801    
   2406.25000000000        48.94410    
   2437.50000000000        111.3708    
   2468.75000000000        16.76905    
   2500.00000000000        158.9322    
   2531.25000000000        14.61501    
   2562.50000000000        80.46874    
   2593.75000000000        104.4117    
   2625.00000000000        51.97018    
   2656.25000000000        62.50866    
   2687.50000000000        159.0978    
   2718.75000000000        79.72060    
   2750.00000000000        73.46846    
   2781.25000000000        53.27538    
   2812.50000000000        164.1965    
   2843.75000000000        59.31256    
   2875.00000000000        146.7157    
   2906.25000000000        24.17785    
   2937.50000000000        221.2747    
   2968.75000000000        119.0629    
   3000.00000000000        125.8058    
   3031.25000000000        205.9091    
   3062.50000000000        232.1004    
   3093.75000000000        212.9279    
   3125.00000000000        150.3377    
   3156.25000000000        262.7826    
   3187.50000000000        116.4513    
   3218.75000000000        263.9120    
   3250.00000000000        220.5080    
   3281.25000000000        254.1291    
   3312.50000000000        261.9702    
   3343.75000000000        140.4637    
   3375.00000000000        144.1157    
   3406.25000000000        465.6833    
   3437.50000000000        174.5636    
   3468.75000000000        297.2228    
   3500.00000000000        289.1637    
   3531.25000000000        90.42414    
   3562.50000000000        278.4431    
   3593.75000000000        227.0479    
   3625.00000000000        166.3526    
   3656.25000000000        385.8561    
   3687.50000000000        313.3611    
   3718.75000000000        337.6768    
   3750.00000000000        256.5501    
   3781.25000000000        451.6848    
   3812.50000000000        289.9665    
   3843.75000000000        413.0432    
   3875.00000000000        366.1012    
   3906.25000000000        240.3767    
   3937.50000000000        500.2508    
   3968.75000000000        409.9104    
