  -4000.00000000000        198.1332    
  -3968.75000000000        362.8678    
  -3937.50000000000        465.3878    
  -3906.25000000000        217.5308    
  -3875.00000000000        331.7818    
  -3843.75000000000        367.5265    
  -3812.50000000000        265.7620    
  -3781.25000000000        389.5211    
  -3750.00000000000        238.3886    
  -3718.75000000000        302.8088    
  -3687.50000000000        277.9700    
  -3656.25000000000        338.2032    
  -3625.00000000000        157.3211    
  -3593.75000000000        214.8803    
  -3562.50000000000        238.9128    
  -3531.25000000000        84.28730    
  -3500.00000000000        273.6849    
  -3468.75000000000        249.4643    
  -3437.50000000000        149.8303    
  -3406.25000000000        421.4208    
  -3375.00000000000        127.5330    
  -3343.75000000000        123.0771    
  -3312.50000000000        233.0715    
  -3281.25000000000        214.7647    
  -3250.00000000000        182.7312    
  -3218.75000000000        225.5285    
  -3187.50000000000        101.5523    
  -3156.25000000000        244.4285    
  -3125.00000000000        141.7339    
  -3093.75000000000        190.4743    
  -3062.50000000000        218.6346    
  -3031.25000000000        172.8815    
  -3000.00000000000        111.6180    
  -2968.75000000000        105.1230    
  -2937.50000000000        194.7673    
  -2906.25000000000        23.59778    
  -2875.00000000000        126.5173    
  -2843.75000000000        62.32554    
  -2812.50000000000        137.6409    
  -2781.25000000000        47.99892    
  -2750.00000000000        68.83140    
  -2718.75000000000        68.94780    
  -2687.50000000000        134.5857    
  -2656.25000000000        55.21797    
  -2625.00000000000        35.28122    
  -2593.75000000000        95.10802    
  -2562.50000000000        59.76143    
  -2531.25000000000        15.26149    
  -2500.00000000000        140.2852    
  -2468.75000000000        18.77966    
  -2437.50000000000        93.85101    
  -2406.25000000000        52.17135    
  -2375.00000000000        21.80114    
  -2343.75000000000        137.0612    
  -2312.50000000000        84.38774    
  -2281.25000000000        39.70750    
  -2250.00000000000        50.32546    
  -2218.75000000000        69.88504    
  -2187.50000000000        101.1553    
  -2156.25000000000        105.5803    
  -2125.00000000000        66.29044    
  -2093.75000000000        84.94542    
  -2062.50000000000        61.65853    
  -2031.25000000000        15.99135    
  -2000.00000000000        41.20137    
  -1968.75000000000        71.13099    
  -1937.50000000000        48.62851    
  -1906.25000000000        31.50342    
  -1875.00000000000        73.82005    
  -1843.75000000000        92.20670    
  -1812.50000000000        258.1758    
  -1781.25000000000        294.1299    
  -1750.00000000000        147.6909    
  -1718.75000000000        102.9772    
  -1687.50000000000        139.1685    
  -1656.25000000000        163.0340    
  -1625.00000000000        104.3303    
  -1593.75000000000        56.91703    
  -1562.50000000000        201.6711    
  -1531.25000000000        116.0458    
  -1500.00000000000        37.79612    
  -1468.75000000000        73.27190    
  -1437.50000000000        44.74389    
  -1406.25000000000        81.25989    
  -1375.00000000000        132.7865    
  -1343.75000000000        114.3268    
  -1312.50000000000        85.14509    
  -1281.25000000000        71.92653    
  -1250.00000000000        221.2171    
  -1218.75000000000        43.61577    
  -1187.50000000000        39.72889    
  -1156.25000000000        140.6908    
  -1125.00000000000        29.85398    
  -1093.75000000000        92.44822    
  -1062.50000000000        157.8055    
  -1031.25000000000        68.81699    
  -1000.00000000000        86.95483    
  -968.750000000000        89.77327    
  -937.500000000000        43.33210    
  -906.250000000000        166.6301    
  -875.000000000000        92.27297    
  -843.750000000000        124.5535    
  -812.500000000000        217.5023    
  -781.250000000000        276.2378    
  -750.000000000000        210.9804    
  -718.750000000000        272.2341    
  -687.500000000000        232.4892    
  -656.250000000000        408.1184    
  -625.000000000000        30.77443    
  -593.750000000000        306.5080    
  -562.500000000000        115.3175    
  -531.250000000000        191.4428    
  -500.000000000000        300.3727    
  -468.750000000000        75.55617    
  -437.500000000000        234.7317    
  -406.250000000000        287.7523    
  -375.000000000000        647.9160    
  -343.750000000000        1055.238    
  -312.500000000000        548.2018    
  -281.250000000000        758.1097    
  -250.000000000000        385.9559    
  -218.750000000000        46.00375    
  -187.500000000000        342.8757    
  -156.250000000000        1359.316    
  -125.000000000000        1325.995    
  -93.7500000000000        467.8220    
  -62.5000000000000        1303.710    
  -31.2500000000000        2323.906    
  0.000000000000000E+000   5994.031    
   31.2500000000000        2299.508    
   62.5000000000000        1327.925    
   93.7500000000000        484.0373    
   125.000000000000        1346.187    
   156.250000000000        1364.468    
   187.500000000000        357.5362    
   218.750000000000        33.05816    
   250.000000000000        383.5019    
   281.250000000000        739.2571    
   312.500000000000        546.6176    
   343.750000000000        1044.167    
   375.000000000000        628.5649    
   406.250000000000        280.4683    
   437.500000000000        214.1280    
   468.750000000000        72.27085    
   500.000000000000        309.1337    
   531.250000000000        196.7572    
   562.500000000000        118.8545    
   593.750000000000        305.4758    
   625.000000000000        35.36673    
   656.250000000000        405.6710    
   687.500000000000        231.8082    
   718.750000000000        270.9818    
   750.000000000000        208.2141    
   781.250000000000        277.1529    
   812.500000000000        217.2003    
   843.750000000000        125.0181    
   875.000000000000        86.35554    
   906.250000000000        165.4047    
   937.500000000000        32.38583    
   968.750000000000        95.04614    
   1000.00000000000        95.42262    
   1031.25000000000        71.39092    
   1062.50000000000        160.4203    
   1093.75000000000        89.49745    
   1125.00000000000        33.06573    
   1156.25000000000        144.1051    
   1187.50000000000        36.59290    
   1218.75000000000        42.65614    
   1250.00000000000        224.0361    
   1281.25000000000        72.17984    
   1312.50000000000        84.63390    
   1343.75000000000        105.2192    
   1375.00000000000        133.0119    
   1406.25000000000        83.55989    
   1437.50000000000        47.01169    
   1468.75000000000        74.78146    
   1500.00000000000        40.15452    
   1531.25000000000        113.2009    
   1562.50000000000        195.8493    
   1593.75000000000        52.88232    
   1625.00000000000        102.7800    
   1656.25000000000        161.9825    
   1687.50000000000        138.8691    
   1718.75000000000        101.2448    
   1750.00000000000        141.4483    
   1781.25000000000        287.1916    
   1812.50000000000        243.5029    
   1843.75000000000        92.96711    
   1875.00000000000        83.42897    
   1906.25000000000        27.24396    
   1937.50000000000        47.61711    
   1968.75000000000        68.69485    
   2000.00000000000        43.09262    
   2031.25000000000        22.65056    
   2062.50000000000        67.58681    
   2093.75000000000        82.93230    
   2125.00000000000        65.42461    
   2156.25000000000        106.3771    
   2187.50000000000        104.8217    
   2218.75000000000        69.29819    
   2250.00000000000        50.25852    
   2281.25000000000        39.88823    
   2312.50000000000        86.12356    
   2343.75000000000        140.0204    
   2375.00000000000        23.94602    
   2406.25000000000        50.62876    
   2437.50000000000        95.51314    
   2468.75000000000        10.93677    
   2500.00000000000        138.3404    
   2531.25000000000        13.47967    
   2562.50000000000        64.34594    
   2593.75000000000        96.52363    
   2625.00000000000        35.17924    
   2656.25000000000        51.40995    
   2687.50000000000        136.0649    
   2718.75000000000        69.31768    
   2750.00000000000        70.22649    
   2781.25000000000        50.81629    
   2812.50000000000        140.0608    
   2843.75000000000        60.07228    
   2875.00000000000        128.7491    
   2906.25000000000        27.47797    
   2937.50000000000        194.2073    
   2968.75000000000        104.3494    
   3000.00000000000        110.7782    
   3031.25000000000        179.8710    
   3062.50000000000        223.6070    
   3093.75000000000        194.7798    
   3125.00000000000        134.7621    
   3156.25000000000        237.1994    
   3187.50000000000        101.4984    
   3218.75000000000        233.1253    
   3250.00000000000        187.1040    
   3281.25000000000        217.6847    
   3312.50000000000        229.1520    
   3343.75000000000        121.7834    
   3375.00000000000        125.7575    
   3406.25000000000        420.9197    
   3437.50000000000        148.1384    
   3468.75000000000        256.5327    
   3500.00000000000        269.8352    
   3531.25000000000        83.46137    
   3562.50000000000        241.9428    
   3593.75000000000        207.7332    
   3625.00000000000        152.9681    
   3656.25000000000        338.3985    
   3687.50000000000        278.3796    
   3718.75000000000        303.2328    
   3750.00000000000        235.7222    
   3781.25000000000        397.9067    
   3812.50000000000        263.3849    
   3843.75000000000        374.0114    
   3875.00000000000        327.8187    
   3906.25000000000        214.2916    
   3937.50000000000        458.7980    
   3968.75000000000        365.7187    
