  -4000.00000000000        247.4125    
  -3968.75000000000        492.2451    
  -3937.50000000000        643.0363    
  -3906.25000000000        332.1366    
  -3875.00000000000        461.7082    
  -3843.75000000000        505.5173    
  -3812.50000000000        379.8434    
  -3781.25000000000        490.8317    
  -3750.00000000000        384.8755    
  -3718.75000000000        421.0421    
  -3687.50000000000        358.9382    
  -3656.25000000000        486.7442    
  -3625.00000000000        241.6296    
  -3593.75000000000        333.7005    
  -3562.50000000000        317.7079    
  -3531.25000000000        106.0927    
  -3500.00000000000        384.9884    
  -3468.75000000000        325.8841    
  -3437.50000000000        239.4261    
  -3406.25000000000        582.5003    
  -3375.00000000000        158.8581    
  -3343.75000000000        157.1640    
  -3312.50000000000        323.4243    
  -3281.25000000000        267.0442    
  -3250.00000000000        250.1823    
  -3218.75000000000        289.8368    
  -3187.50000000000        118.7559    
  -3156.25000000000        329.7960    
  -3125.00000000000        231.6369    
  -3093.75000000000        303.6951    
  -3062.50000000000        310.1556    
  -3031.25000000000        223.3750    
  -3000.00000000000        126.7596    
  -2968.75000000000        156.5979    
  -2937.50000000000        266.8590    
  -2906.25000000000        56.27154    
  -2875.00000000000        169.0823    
  -2843.75000000000        78.48880    
  -2812.50000000000        198.8982    
  -2781.25000000000        59.39787    
  -2750.00000000000        92.95543    
  -2718.75000000000        74.39099    
  -2687.50000000000        158.7933    
  -2656.25000000000        63.33666    
  -2625.00000000000        54.96637    
  -2593.75000000000        144.2892    
  -2562.50000000000        75.22964    
  -2531.25000000000        50.27324    
  -2500.00000000000        162.1785    
  -2468.75000000000        14.35571    
  -2437.50000000000        122.3476    
  -2406.25000000000        40.27231    
  -2375.00000000000        16.13334    
  -2343.75000000000        196.5719    
  -2312.50000000000        107.9014    
  -2281.25000000000        72.78178    
  -2250.00000000000        64.63824    
  -2218.75000000000        102.6124    
  -2187.50000000000        159.0788    
  -2156.25000000000        139.3902    
  -2125.00000000000        114.9643    
  -2093.75000000000        123.5467    
  -2062.50000000000        77.13447    
  -2031.25000000000        38.24833    
  -2000.00000000000        76.93423    
  -1968.75000000000        71.25075    
  -1937.50000000000        83.34394    
  -1906.25000000000        19.25060    
  -1875.00000000000        92.07444    
  -1843.75000000000        145.1526    
  -1812.50000000000        386.9946    
  -1781.25000000000        436.4838    
  -1750.00000000000        194.6105    
  -1718.75000000000        157.9528    
  -1687.50000000000        216.2615    
  -1656.25000000000        262.6839    
  -1625.00000000000        184.4729    
  -1593.75000000000        150.5139    
  -1562.50000000000        292.7052    
  -1531.25000000000        182.2211    
  -1500.00000000000        69.40722    
  -1468.75000000000        90.58486    
  -1437.50000000000        78.34254    
  -1406.25000000000        108.6600    
  -1375.00000000000        177.6170    
  -1343.75000000000        111.9592    
  -1312.50000000000        97.25093    
  -1281.25000000000        111.2209    
  -1250.00000000000        314.2185    
  -1218.75000000000        67.83971    
  -1187.50000000000        43.61707    
  -1156.25000000000        247.0916    
  -1125.00000000000        31.72329    
  -1093.75000000000        125.1431    
  -1062.50000000000        224.8201    
  -1031.25000000000        93.86227    
  -1000.00000000000        94.51054    
  -968.750000000000        132.6821    
  -937.500000000000        51.99067    
  -906.250000000000        232.5678    
  -875.000000000000        113.8285    
  -843.750000000000        195.8422    
  -812.500000000000        272.1176    
  -781.250000000000        409.9414    
  -750.000000000000        260.7644    
  -718.750000000000        287.9411    
  -687.500000000000        289.0290    
  -656.250000000000        583.7983    
  -625.000000000000        17.94014    
  -593.750000000000        354.2744    
  -562.500000000000        195.2095    
  -531.250000000000        231.2147    
  -500.000000000000        409.3083    
  -468.750000000000        99.75999    
  -437.500000000000        376.5948    
  -406.250000000000        414.5117    
  -375.000000000000        914.5237    
  -343.750000000000        1478.307    
  -312.500000000000        817.5730    
  -281.250000000000        1077.022    
  -250.000000000000        583.5769    
  -218.750000000000        143.4220    
  -187.500000000000        536.6472    
  -156.250000000000        1764.541    
  -125.000000000000        1727.508    
  -93.7500000000000        621.5672    
  -62.5000000000000        1768.728    
  -31.2500000000000        3286.873    
  0.000000000000000E+000   7244.432    
   31.2500000000000        3124.415    
   62.5000000000000        1933.192    
   93.7500000000000        758.2339    
   125.000000000000        1936.070    
   156.250000000000        2017.839    
   187.500000000000        531.8360    
   218.750000000000        34.66647    
   250.000000000000        501.1188    
   281.250000000000        1078.411    
   312.500000000000        779.3858    
   343.750000000000        1415.941    
   375.000000000000        791.7234    
   406.250000000000        420.1001    
   437.500000000000        239.5638    
   468.750000000000        127.4398    
   500.000000000000        420.8628    
   531.250000000000        336.2484    
   562.500000000000        121.7133    
   593.750000000000        422.1223    
   625.000000000000        37.12589    
   656.250000000000        541.8009    
   687.500000000000        339.9785    
   718.750000000000        317.4712    
   750.000000000000        302.2075    
   781.250000000000        417.8832    
   812.500000000000        319.0637    
   843.750000000000        176.6855    
   875.000000000000        160.3626    
   906.250000000000        265.2064    
   937.500000000000        71.40797    
   968.750000000000        163.6686    
   1000.00000000000        112.0288    
   1031.25000000000        84.29279    
   1062.50000000000        200.1084    
   1093.75000000000        128.0616    
   1125.00000000000        57.71202    
   1156.25000000000        190.9335    
   1187.50000000000        65.84721    
   1218.75000000000        66.32342    
   1250.00000000000        303.0345    
   1281.25000000000        95.15694    
   1312.50000000000        97.15942    
   1343.75000000000        204.3777    
   1375.00000000000        217.0118    
   1406.25000000000        157.8484    
   1437.50000000000        34.49409    
   1468.75000000000        90.84540    
   1500.00000000000        29.70827    
   1531.25000000000        126.3703    
   1562.50000000000        220.0858    
   1593.75000000000        92.83299    
   1625.00000000000        158.7966    
   1656.25000000000        187.2001    
   1687.50000000000        158.6539    
   1718.75000000000        102.8580    
   1750.00000000000        216.6268    
   1781.25000000000        384.6371    
   1812.50000000000        312.1295    
   1843.75000000000        142.5639    
   1875.00000000000        146.3297    
   1906.25000000000        28.80656    
   1937.50000000000        62.47428    
   1968.75000000000        112.9497    
   2000.00000000000        68.94294    
   2031.25000000000        10.69338    
   2062.50000000000        95.61837    
   2093.75000000000        101.4848    
   2125.00000000000        100.1606    
   2156.25000000000        158.2455    
   2187.50000000000        117.6268    
   2218.75000000000        89.28315    
   2250.00000000000        81.58542    
   2281.25000000000        44.96025    
   2312.50000000000        128.0877    
   2343.75000000000        215.8277    
   2375.00000000000        34.39546    
   2406.25000000000        63.73544    
   2437.50000000000        106.2598    
   2468.75000000000        26.27764    
   2500.00000000000        226.0476    
   2531.25000000000        29.69636    
   2562.50000000000        78.50552    
   2593.75000000000        140.1869    
   2625.00000000000        65.30036    
   2656.25000000000        65.25076    
   2687.50000000000        207.6467    
   2718.75000000000        117.5902    
   2750.00000000000        86.11375    
   2781.25000000000        51.26922    
   2812.50000000000        233.7295    
   2843.75000000000        95.14120    
   2875.00000000000        196.9177    
   2906.25000000000        59.81523    
   2937.50000000000        286.9030    
   2968.75000000000        143.3930    
   3000.00000000000        164.7131    
   3031.25000000000        272.3454    
   3062.50000000000        331.5778    
   3093.75000000000        290.1272    
   3125.00000000000        163.6565    
   3156.25000000000        341.6651    
   3187.50000000000        149.0182    
   3218.75000000000        369.1828    
   3250.00000000000        269.2158    
   3281.25000000000        310.1278    
   3312.50000000000        328.5271    
   3343.75000000000        169.5206    
   3375.00000000000        224.7891    
   3406.25000000000        575.4733    
   3437.50000000000        193.0926    
   3468.75000000000        387.0669    
   3500.00000000000        371.0490    
   3531.25000000000        124.5549    
   3562.50000000000        367.5946    
   3593.75000000000        280.6480    
   3625.00000000000        207.4592    
   3656.25000000000        457.8490    
   3687.50000000000        384.4495    
   3718.75000000000        438.7346    
   3750.00000000000        323.6362    
   3781.25000000000        570.7887    
   3812.50000000000        369.1085    
   3843.75000000000        545.4812    
   3875.00000000000        432.6984    
   3906.25000000000        305.8934    
   3937.50000000000        660.0027    
   3968.75000000000        538.5009    
