  -4000.00000000000        204.2226    
  -3968.75000000000        379.3538    
  -3937.50000000000        492.2014    
  -3906.25000000000        230.6482    
  -3875.00000000000        356.7797    
  -3843.75000000000        384.4170    
  -3812.50000000000        282.4606    
  -3781.25000000000        401.0785    
  -3750.00000000000        250.8548    
  -3718.75000000000        320.7420    
  -3687.50000000000        293.9466    
  -3656.25000000000        359.2678    
  -3625.00000000000        171.2955    
  -3593.75000000000        231.9232    
  -3562.50000000000        245.6342    
  -3531.25000000000        96.44414    
  -3500.00000000000        290.7679    
  -3468.75000000000        259.1398    
  -3437.50000000000        162.3935    
  -3406.25000000000        433.7633    
  -3375.00000000000        132.8870    
  -3343.75000000000        133.1718    
  -3312.50000000000        249.1226    
  -3281.25000000000        225.1368    
  -3250.00000000000        193.0655    
  -3218.75000000000        237.1138    
  -3187.50000000000        103.3123    
  -3156.25000000000        251.4222    
  -3125.00000000000        155.9235    
  -3093.75000000000        200.4272    
  -3062.50000000000        237.7279    
  -3031.25000000000        184.9098    
  -3000.00000000000        106.9126    
  -2968.75000000000        120.7414    
  -2937.50000000000        197.6503    
  -2906.25000000000        29.88734    
  -2875.00000000000        129.7545    
  -2843.75000000000        66.72723    
  -2812.50000000000        147.6202    
  -2781.25000000000        52.85553    
  -2750.00000000000        76.01175    
  -2718.75000000000        80.16862    
  -2687.50000000000        131.5319    
  -2656.25000000000        60.03804    
  -2625.00000000000        34.49965    
  -2593.75000000000        101.6387    
  -2562.50000000000        70.11779    
  -2531.25000000000        20.89025    
  -2500.00000000000        144.4437    
  -2468.75000000000        12.79341    
  -2437.50000000000        92.99567    
  -2406.25000000000        56.55433    
  -2375.00000000000        20.40394    
  -2343.75000000000        144.3241    
  -2312.50000000000        99.50156    
  -2281.25000000000        47.81489    
  -2250.00000000000        57.28325    
  -2218.75000000000        75.60314    
  -2187.50000000000        108.0488    
  -2156.25000000000        111.4347    
  -2125.00000000000        64.82637    
  -2093.75000000000        99.11316    
  -2062.50000000000        64.63603    
  -2031.25000000000        9.760392    
  -2000.00000000000        45.22257    
  -1968.75000000000        69.51467    
  -1937.50000000000        52.32598    
  -1906.25000000000        36.85820    
  -1875.00000000000        85.65788    
  -1843.75000000000        99.00980    
  -1812.50000000000        264.7330    
  -1781.25000000000        314.2498    
  -1750.00000000000        163.2445    
  -1718.75000000000        107.6147    
  -1687.50000000000        144.2500    
  -1656.25000000000        175.0507    
  -1625.00000000000        111.4167    
  -1593.75000000000        49.75862    
  -1562.50000000000        211.1237    
  -1531.25000000000        135.0686    
  -1500.00000000000        37.03102    
  -1468.75000000000        74.25634    
  -1437.50000000000        48.39102    
  -1406.25000000000        88.21665    
  -1375.00000000000        139.4227    
  -1343.75000000000        111.2385    
  -1312.50000000000        93.10213    
  -1281.25000000000        79.85622    
  -1250.00000000000        231.6012    
  -1218.75000000000        45.46074    
  -1187.50000000000        46.82094    
  -1156.25000000000        150.2141    
  -1125.00000000000        38.38594    
  -1093.75000000000        91.79918    
  -1062.50000000000        177.9842    
  -1031.25000000000        68.47305    
  -1000.00000000000        90.54881    
  -968.750000000000        86.73364    
  -937.500000000000        34.88812    
  -906.250000000000        171.8594    
  -875.000000000000        105.9364    
  -843.750000000000        125.2033    
  -812.500000000000        224.5592    
  -781.250000000000        294.3749    
  -750.000000000000        211.7418    
  -718.750000000000        274.1404    
  -687.500000000000        252.8758    
  -656.250000000000        427.8648    
  -625.000000000000        26.63033    
  -593.750000000000        313.1653    
  -562.500000000000        119.7449    
  -531.250000000000        199.7755    
  -500.000000000000        310.0304    
  -468.750000000000        85.60333    
  -437.500000000000        249.9125    
  -406.250000000000        312.9634    
  -375.000000000000        678.5677    
  -343.750000000000        1111.747    
  -312.500000000000        578.1170    
  -281.250000000000        803.2971    
  -250.000000000000        401.2675    
  -218.750000000000        55.53249    
  -187.500000000000        378.3104    
  -156.250000000000        1406.460    
  -125.000000000000        1376.375    
  -93.7500000000000        496.3921    
  -62.5000000000000        1341.467    
  -31.2500000000000        2433.335    
  0.000000000000000E+000   6322.135    
   31.2500000000000        2403.323    
   62.5000000000000        1390.974    
   93.7500000000000        510.3429    
   125.000000000000        1416.459    
   156.250000000000        1448.491    
   187.500000000000        385.3066    
   218.750000000000        22.94337    
   250.000000000000        404.3156    
   281.250000000000        776.7803    
   312.500000000000        560.1264    
   343.750000000000        1087.489    
   375.000000000000        659.3284    
   406.250000000000        296.7788    
   437.500000000000        225.6117    
   468.750000000000        76.08953    
   500.000000000000        317.5582    
   531.250000000000        215.7702    
   562.500000000000        135.5835    
   593.750000000000        314.3754    
   625.000000000000        38.60234    
   656.250000000000        431.5887    
   687.500000000000        238.7350    
   718.750000000000        296.5719    
   750.000000000000        217.4142    
   781.250000000000        289.1761    
   812.500000000000        221.3693    
   843.750000000000        125.3859    
   875.000000000000        96.90356    
   906.250000000000        176.8740    
   937.500000000000        33.15579    
   968.750000000000        99.03049    
   1000.00000000000        101.3856    
   1031.25000000000        75.41314    
   1062.50000000000        162.3780    
   1093.75000000000        97.87730    
   1125.00000000000        36.29944    
   1156.25000000000        149.7768    
   1187.50000000000        38.50913    
   1218.75000000000        36.73859    
   1250.00000000000        235.2101    
   1281.25000000000        67.32375    
   1312.50000000000        85.38123    
   1343.75000000000        114.9252    
   1375.00000000000        138.1662    
   1406.25000000000        87.78512    
   1437.50000000000        38.08450    
   1468.75000000000        73.79781    
   1500.00000000000        36.94174    
   1531.25000000000        110.7522    
   1562.50000000000        213.7961    
   1593.75000000000        60.98067    
   1625.00000000000        110.1732    
   1656.25000000000        165.8795    
   1687.50000000000        152.6565    
   1718.75000000000        109.6142    
   1750.00000000000        154.1450    
   1781.25000000000        297.8568    
   1812.50000000000        252.6248    
   1843.75000000000        91.90710    
   1875.00000000000        85.38886    
   1906.25000000000        29.25251    
   1937.50000000000        54.54998    
   1968.75000000000        70.94949    
   2000.00000000000        44.40878    
   2031.25000000000        14.86341    
   2062.50000000000        67.39627    
   2093.75000000000        84.87083    
   2125.00000000000        66.12551    
   2156.25000000000        113.5847    
   2187.50000000000        114.2057    
   2218.75000000000        68.36774    
   2250.00000000000        53.60697    
   2281.25000000000        44.01353    
   2312.50000000000        87.73296    
   2343.75000000000        145.3754    
   2375.00000000000        23.17928    
   2406.25000000000        60.31501    
   2437.50000000000        98.67044    
   2468.75000000000        12.12477    
   2500.00000000000        145.3351    
   2531.25000000000        16.13988    
   2562.50000000000        64.05556    
   2593.75000000000        96.11372    
   2625.00000000000        38.42458    
   2656.25000000000        56.94818    
   2687.50000000000        140.8902    
   2718.75000000000        70.38230    
   2750.00000000000        74.96600    
   2781.25000000000        49.28448    
   2812.50000000000        142.9839    
   2843.75000000000        67.61442    
   2875.00000000000        142.3445    
   2906.25000000000        25.11154    
   2937.50000000000        207.7807    
   2968.75000000000        108.4758    
   3000.00000000000        114.6756    
   3031.25000000000        189.4791    
   3062.50000000000        227.0122    
   3093.75000000000        202.6832    
   3125.00000000000        146.7362    
   3156.25000000000        251.2101    
   3187.50000000000        109.0750    
   3218.75000000000        244.5691    
   3250.00000000000        194.6498    
   3281.25000000000        228.7666    
   3312.50000000000        238.4101    
   3343.75000000000        130.5988    
   3375.00000000000        133.8042    
   3406.25000000000        441.6010    
   3437.50000000000        149.5244    
   3468.75000000000        277.9582    
   3500.00000000000        276.8808    
   3531.25000000000        82.39874    
   3562.50000000000        256.9404    
   3593.75000000000        216.4658    
   3625.00000000000        159.0578    
   3656.25000000000        352.9366    
   3687.50000000000        290.5323    
   3718.75000000000        314.8722    
   3750.00000000000        240.6009    
   3781.25000000000        417.6474    
   3812.50000000000        279.2457    
   3843.75000000000        394.0641    
   3875.00000000000        335.3333    
   3906.25000000000        231.6245    
   3937.50000000000        478.0458    
   3968.75000000000        384.4158    
