  -2000.00000000000        6.296935    
  -1984.37500000000        3.395018    
  -1968.75000000000        17.42639    
  -1953.12500000000        22.31237    
  -1937.50000000000        49.31215    
  -1921.87500000000        54.94188    
  -1906.25000000000        15.21268    
  -1890.62500000000        70.71831    
  -1875.00000000000        19.22264    
  -1859.37500000000        46.64614    
  -1843.75000000000        15.40944    
  -1828.12500000000        13.66148    
  -1812.50000000000        23.09892    
  -1796.87500000000        17.81526    
  -1781.25000000000        34.53526    
  -1765.62500000000        7.410987    
  -1750.00000000000        82.73094    
  -1734.37500000000        33.84761    
  -1718.75000000000        22.52240    
  -1703.12500000000        32.11494    
  -1687.50000000000        30.53169    
  -1671.87500000000        67.54584    
  -1656.25000000000        16.37260    
  -1640.62500000000        5.732558    
  -1625.00000000000        47.57468    
  -1609.37500000000        11.96815    
  -1593.75000000000        5.205549    
  -1578.12500000000        2.276516    
  -1562.50000000000        43.87967    
  -1546.87500000000        131.2699    
  -1531.25000000000        67.39408    
  -1515.62500000000        43.50102    
  -1500.00000000000        53.68869    
  -1484.37500000000        80.37173    
  -1468.75000000000        26.76213    
  -1453.12500000000        14.29471    
  -1437.50000000000        12.43164    
  -1421.87500000000        30.30075    
  -1406.25000000000        23.82060    
  -1390.62500000000        8.131628    
  -1375.00000000000        37.68080    
  -1359.37500000000        68.26169    
  -1343.75000000000        11.39973    
  -1328.12500000000        11.11782    
  -1312.50000000000        39.44446    
  -1296.87500000000        63.29060    
  -1281.25000000000        31.73164    
  -1265.62500000000        8.266192    
  -1250.00000000000        49.32767    
  -1234.37500000000        32.24424    
  -1218.75000000000        4.209131    
  -1203.12500000000        49.94344    
  -1187.50000000000        57.36795    
  -1171.87500000000        125.5903    
  -1156.25000000000        130.0963    
  -1140.62500000000        62.55854    
  -1125.00000000000        25.30151    
  -1109.37500000000        9.208586    
  -1093.75000000000        49.26857    
  -1078.12500000000        15.54192    
  -1062.50000000000        16.44994    
  -1046.87500000000        17.54037    
  -1031.25000000000        44.78208    
  -1015.62500000000        12.86291    
  -1000.00000000000        23.38270    
  -984.375000000000        56.81755    
  -968.750000000000        166.6179    
  -953.125000000000        59.66764    
  -937.500000000000        19.66821    
  -921.875000000000        37.44630    
  -906.250000000000        20.15193    
  -890.625000000000        24.36994    
  -875.000000000000        2.392121    
  -859.375000000000        7.447313    
  -843.750000000000        51.71654    
  -828.125000000000        31.26317    
  -812.500000000000        42.61063    
  -796.875000000000        33.42408    
  -781.250000000000        131.2273    
  -765.625000000000        107.3035    
  -750.000000000000        27.58959    
  -734.375000000000        34.47290    
  -718.750000000000        30.94917    
  -703.125000000000        68.47559    
  -687.500000000000        50.75303    
  -671.875000000000        22.02436    
  -656.250000000000        59.06124    
  -640.625000000000        44.82713    
  -625.000000000000        71.92967    
  -609.375000000000        131.2202    
  -593.750000000000        239.9476    
  -578.125000000000        709.1163    
  -562.500000000000        124.6764    
  -546.875000000000        28.44961    
  -531.250000000000        53.76403    
  -515.625000000000        77.21099    
  -500.000000000000        50.78928    
  -484.375000000000        38.30691    
  -468.750000000000        29.77279    
  -453.125000000000        67.67407    
  -437.500000000000        66.04407    
  -421.875000000000        41.32411    
  -406.250000000000        70.44987    
  -390.625000000000        220.7007    
  -375.000000000000        83.82354    
  -359.375000000000        36.01473    
  -343.750000000000        24.46401    
  -328.125000000000        19.82416    
  -312.500000000000        71.09341    
  -296.875000000000        42.69409    
  -281.250000000000        12.77028    
  -265.625000000000        46.12562    
  -250.000000000000        65.30872    
  -234.375000000000        66.65688    
  -218.750000000000        117.9737    
  -203.125000000000        420.2076    
  -187.500000000000        540.9341    
  -171.875000000000        128.4155    
  -156.250000000000        66.08778    
  -140.625000000000        52.54139    
  -125.000000000000        82.40362    
  -109.375000000000        33.42707    
  -93.7500000000000        33.79452    
  -78.1250000000000        59.52647    
  -62.5000000000000        16.66911    
  -46.8750000000000        2.716535    
  -31.2500000000000        9.644156    
  -15.6250000000000        34.59063    
  0.000000000000000E+000   15522.67    
   15.6250000000000        97.21198    
   31.2500000000000        59.86073    
   46.8750000000000        55.62810    
   62.5000000000000        9.314306    
   78.1250000000000        62.24010    
   93.7500000000000        15.75115    
   109.375000000000        24.11825    
   125.000000000000        49.26896    
   140.625000000000        25.88035    
   156.250000000000        32.35961    
   171.875000000000        51.25537    
   187.500000000000        220.0004    
   203.125000000000        119.1806    
   218.750000000000        74.15556    
   234.375000000000        27.27534    
   250.000000000000        45.62075    
   265.625000000000        34.62358    
   281.250000000000        37.68525    
   296.875000000000        1.672009    
   312.500000000000        39.34316    
   328.125000000000        10.01548    
   343.750000000000        21.15591    
   359.375000000000        34.90379    
   375.000000000000        119.7687    
   390.625000000000        278.7671    
   406.250000000000        92.97984    
   421.875000000000        43.80182    
   437.500000000000        60.12121    
   453.125000000000        73.41453    
   468.750000000000        25.25886    
   484.375000000000        5.675284    
   500.000000000000        32.34931    
   515.625000000000        49.16758    
   531.250000000000        63.02201    
   546.875000000000        41.82866    
   562.500000000000        111.8310    
   578.125000000000        696.8426    
   593.750000000000        243.5271    
   609.375000000000        107.5568    
   625.000000000000        95.88366    
   640.625000000000        23.51539    
   656.250000000000        48.39040    
   671.875000000000        42.67998    
   687.500000000000        18.36954    
   703.125000000000        38.80458    
   718.750000000000        42.34292    
   734.375000000000        44.94955    
   750.000000000000        36.55871    
   765.625000000000        79.13696    
   781.250000000000        81.40818    
   796.875000000000        22.14520    
   812.500000000000        6.468831    
   828.125000000000        39.25346    
   843.750000000000        16.85885    
   859.375000000000        10.49377    
   875.000000000000        23.62721    
   890.625000000000        45.80941    
   906.250000000000        63.97282    
   921.875000000000        39.09838    
   937.500000000000        22.48893    
   953.125000000000        45.83897    
   968.750000000000        191.1033    
   984.375000000000        7.137530    
   1000.00000000000        17.21841    
   1015.62500000000        7.610473    
   1031.25000000000        8.669424    
   1046.87500000000        25.46028    
   1062.50000000000        21.07734    
   1078.12500000000        16.18736    
   1093.75000000000        86.30743    
   1109.37500000000        21.07754    
   1125.00000000000        21.28709    
   1140.62500000000        54.84476    
   1156.25000000000        131.3338    
   1171.87500000000        108.7760    
   1187.50000000000        50.85234    
   1203.12500000000        42.86344    
   1218.75000000000        19.87572    
   1234.37500000000        45.82656    
   1250.00000000000        52.27466    
   1265.62500000000        29.34319    
   1281.25000000000        38.44488    
   1296.87500000000        28.90419    
   1312.50000000000        12.78435    
   1328.12500000000        18.91527    
   1343.75000000000        42.75195    
   1359.37500000000        69.55315    
   1375.00000000000        16.07129    
   1390.62500000000        34.11720    
   1406.25000000000        27.71350    
   1421.87500000000        63.81311    
   1437.50000000000        8.650980    
   1453.12500000000        8.340116    
   1468.75000000000        15.67065    
   1484.37500000000        34.20020    
   1500.00000000000        57.55421    
   1515.62500000000        28.48368    
   1531.25000000000        51.69659    
   1546.87500000000        186.5474    
   1562.50000000000        43.36522    
   1578.12500000000        9.729732    
   1593.75000000000        30.75633    
   1609.37500000000        9.108729    
   1625.00000000000        15.60034    
   1640.62500000000        13.03885    
   1656.25000000000        21.16797    
   1671.87500000000        21.96958    
   1687.50000000000        29.62803    
   1703.12500000000        14.43023    
   1718.75000000000        18.68346    
   1734.37500000000        30.08281    
   1750.00000000000        22.23241    
   1765.62500000000        17.07085    
   1781.25000000000        17.62900    
   1796.87500000000        23.99353    
   1812.50000000000        26.81251    
   1828.12500000000        27.13206    
   1843.75000000000        29.81868    
   1859.37500000000        33.25170    
   1875.00000000000        9.788354    
   1890.62500000000        28.84109    
   1906.25000000000        17.20522    
   1921.87500000000        31.85217    
   1937.50000000000        35.99879    
   1953.12500000000        21.24862    
   1968.75000000000        20.18121    
   1984.37500000000        13.61100    
