  -2000.00000000000        28.70236    
  -1984.37500000000        18.67542    
  -1968.75000000000        24.38032    
  -1953.12500000000        25.95509    
  -1937.50000000000        34.74908    
  -1921.87500000000        34.00510    
  -1906.25000000000        23.31045    
  -1890.62500000000        23.16259    
  -1875.00000000000        5.833126    
  -1859.37500000000        9.676576    
  -1843.75000000000        14.99183    
  -1828.12500000000        22.34088    
  -1812.50000000000        5.513621    
  -1796.87500000000        15.78695    
  -1781.25000000000        17.73861    
  -1765.62500000000        13.75511    
  -1750.00000000000        52.21738    
  -1734.37500000000        11.16013    
  -1718.75000000000        18.02622    
  -1703.12500000000        14.43591    
  -1687.50000000000        10.49399    
  -1671.87500000000        37.73371    
  -1656.25000000000        21.59475    
  -1640.62500000000        17.00677    
  -1625.00000000000        9.016534    
  -1609.37500000000        13.79748    
  -1593.75000000000        23.64636    
  -1578.12500000000        30.21905    
  -1562.50000000000        36.69531    
  -1546.87500000000        97.69903    
  -1531.25000000000        21.15630    
  -1515.62500000000        38.08616    
  -1500.00000000000        50.19322    
  -1484.37500000000        14.79438    
  -1468.75000000000        16.22406    
  -1453.12500000000        10.14602    
  -1437.50000000000        11.27782    
  -1421.87500000000        5.516903    
  -1406.25000000000        20.12160    
  -1390.62500000000        10.89730    
  -1375.00000000000        11.59396    
  -1359.37500000000        59.45498    
  -1343.75000000000        19.78680    
  -1328.12500000000        17.64378    
  -1312.50000000000        14.65413    
  -1296.87500000000        46.19095    
  -1281.25000000000        39.03482    
  -1265.62500000000        22.00845    
  -1250.00000000000        52.61168    
  -1234.37500000000        1.335328    
  -1218.75000000000        7.654018    
  -1203.12500000000        50.62676    
  -1187.50000000000        55.93300    
  -1171.87500000000        127.8507    
  -1156.25000000000        109.2367    
  -1140.62500000000        44.93961    
  -1125.00000000000        21.28667    
  -1109.37500000000        27.52733    
  -1093.75000000000        49.43442    
  -1078.12500000000        22.88311    
  -1062.50000000000        4.946836    
  -1046.87500000000        14.98814    
  -1031.25000000000        8.219797    
  -1015.62500000000        18.61555    
  -1000.00000000000        9.438144    
  -984.375000000000        49.83262    
  -968.750000000000        184.5699    
  -953.125000000000        55.88626    
  -937.500000000000        17.18937    
  -921.875000000000        52.49182    
  -906.250000000000        24.18624    
  -890.625000000000        34.67513    
  -875.000000000000        24.30609    
  -859.375000000000        22.94667    
  -843.750000000000        32.56472    
  -828.125000000000        12.69553    
  -812.500000000000        20.89729    
  -796.875000000000        52.15848    
  -781.250000000000        153.6997    
  -765.625000000000        156.1268    
  -750.000000000000        43.10211    
  -734.375000000000        40.45946    
  -718.750000000000        50.17015    
  -703.125000000000        61.96440    
  -687.500000000000        53.37497    
  -671.875000000000        41.19345    
  -656.250000000000        28.64039    
  -640.625000000000        62.98367    
  -625.000000000000        110.1751    
  -609.375000000000        155.5935    
  -593.750000000000        298.0701    
  -578.125000000000        938.1489    
  -562.500000000000        157.0368    
  -546.875000000000        39.48591    
  -531.250000000000        79.21671    
  -515.625000000000        13.01868    
  -500.000000000000        44.28588    
  -484.375000000000        9.035637    
  -468.750000000000        14.14166    
  -453.125000000000        4.253884    
  -437.500000000000        34.57417    
  -421.875000000000        33.41145    
  -406.250000000000        63.27863    
  -390.625000000000        335.2667    
  -375.000000000000        71.98779    
  -359.375000000000        50.17197    
  -343.750000000000        9.177916    
  -328.125000000000        49.93212    
  -312.500000000000        86.26822    
  -296.875000000000        67.49949    
  -281.250000000000        43.63100    
  -265.625000000000        65.98598    
  -250.000000000000        94.55128    
  -234.375000000000        99.26440    
  -218.750000000000        156.2262    
  -203.125000000000        631.6193    
  -187.500000000000        752.4861    
  -171.875000000000        214.3960    
  -156.250000000000        137.8594    
  -140.625000000000        83.35578    
  -125.000000000000        67.89907    
  -109.375000000000        63.70012    
  -93.7500000000000        41.71560    
  -78.1250000000000        100.4621    
  -62.5000000000000        45.26188    
  -46.8750000000000        46.40599    
  -31.2500000000000        19.07374    
  -15.6250000000000        80.17579    
  0.000000000000000E+000   21158.56    
   15.6250000000000        100.7647    
   31.2500000000000        52.12921    
   46.8750000000000        75.11765    
   62.5000000000000        14.91544    
   78.1250000000000        64.39112    
   93.7500000000000        47.77771    
   109.375000000000        35.75056    
   125.000000000000        12.41540    
   140.625000000000        63.47848    
   156.250000000000        66.21593    
   171.875000000000        111.7355    
   187.500000000000        326.9419    
   203.125000000000        115.0566    
   218.750000000000        98.70821    
   234.375000000000        49.48108    
   250.000000000000        83.16479    
   265.625000000000        16.68721    
   281.250000000000        38.47227    
   296.875000000000        13.58444    
   312.500000000000        31.98274    
   328.125000000000        54.13152    
   343.750000000000        44.96814    
   359.375000000000        75.65779    
   375.000000000000        193.9196    
   390.625000000000        506.5182    
   406.250000000000        127.5218    
   421.875000000000        67.43950    
   437.500000000000        76.50462    
   453.125000000000        62.24279    
   468.750000000000        52.42105    
   484.375000000000        15.21613    
   500.000000000000        53.46374    
   515.625000000000        70.51239    
   531.250000000000        71.01167    
   546.875000000000        65.49841    
   562.500000000000        145.1111    
   578.125000000000        967.6545    
   593.750000000000        391.9925    
   609.375000000000        158.8123    
   625.000000000000        120.0780    
   640.625000000000        68.93152    
   656.250000000000        64.53268    
   671.875000000000        57.50642    
   687.500000000000        70.83056    
   703.125000000000        65.76263    
   718.750000000000        46.46238    
   734.375000000000        69.96904    
   750.000000000000        87.48588    
   765.625000000000        233.2011    
   781.250000000000        244.8540    
   796.875000000000        61.87543    
   812.500000000000        24.60275    
   828.125000000000        29.54339    
   843.750000000000        7.225104    
   859.375000000000        6.445085    
   875.000000000000        13.03938    
   890.625000000000        9.876962    
   906.250000000000        32.55066    
   921.875000000000        67.76604    
   937.500000000000        8.267935    
   953.125000000000        29.25652    
   968.750000000000        87.38187    
   984.375000000000        12.90377    
   1000.00000000000        12.59998    
   1015.62500000000        10.75411    
   1031.25000000000        6.796270    
   1046.87500000000        17.78945    
   1062.50000000000        9.749850    
   1078.12500000000        9.636654    
   1093.75000000000        10.22600    
   1109.37500000000        35.51682    
   1125.00000000000        27.18957    
   1140.62500000000        29.55879    
   1156.25000000000        122.8767    
   1171.87500000000        109.8081    
   1187.50000000000        48.32798    
   1203.12500000000        32.92332    
   1218.75000000000        25.41024    
   1234.37500000000        15.60778    
   1250.00000000000        64.15885    
   1265.62500000000        10.84927    
   1281.25000000000        6.704610    
   1296.87500000000        39.85820    
   1312.50000000000        1.973179    
   1328.12500000000        16.86838    
   1343.75000000000        13.87580    
   1359.37500000000        64.42072    
   1375.00000000000        19.62432    
   1390.62500000000        12.59929    
   1406.25000000000        20.74519    
   1421.87500000000        37.80795    
   1437.50000000000        9.579853    
   1453.12500000000        14.79025    
   1468.75000000000        9.008859    
   1484.37500000000        47.87002    
   1500.00000000000        34.93011    
   1515.62500000000        17.88430    
   1531.25000000000        16.34272    
   1546.87500000000        78.90187    
   1562.50000000000        10.03958    
   1578.12500000000        20.24623    
   1593.75000000000        14.16337    
   1609.37500000000        9.870617    
   1625.00000000000        4.418872    
   1640.62500000000        2.901175    
   1656.25000000000        9.845257    
   1671.87500000000        15.36187    
   1687.50000000000        7.363427    
   1703.12500000000        5.426405    
   1718.75000000000        25.13285    
   1734.37500000000        36.31676    
   1750.00000000000        62.28549    
   1765.62500000000        6.857258    
   1781.25000000000        25.49210    
   1796.87500000000        12.22128    
   1812.50000000000        29.18153    
   1828.12500000000        12.48440    
   1843.75000000000        9.548134    
   1859.37500000000        29.96338    
   1875.00000000000        19.52368    
   1890.62500000000        22.91718    
   1906.25000000000        16.41719    
   1921.87500000000        28.76380    
   1937.50000000000        9.646459    
   1953.12500000000        25.68727    
   1968.75000000000        16.22112    
   1984.37500000000        7.000649    
