  -2000.00000000000        27.53028    
  -1984.37500000000        34.26997    
  -1968.75000000000        30.67952    
  -1953.12500000000        17.67302    
  -1937.50000000000        36.77240    
  -1921.87500000000        25.20001    
  -1906.25000000000        40.48952    
  -1890.62500000000        12.10960    
  -1875.00000000000        71.48392    
  -1859.37500000000        60.48239    
  -1843.75000000000        19.07453    
  -1828.12500000000        24.90129    
  -1812.50000000000        24.60106    
  -1796.87500000000        3.936211    
  -1781.25000000000        48.85974    
  -1765.62500000000        8.920644    
  -1750.00000000000        148.2700    
  -1734.37500000000        55.22687    
  -1718.75000000000        21.44867    
  -1703.12500000000        32.26329    
  -1687.50000000000        48.26155    
  -1671.87500000000        27.27006    
  -1656.25000000000        41.93736    
  -1640.62500000000        53.73402    
  -1625.00000000000        40.45211    
  -1609.37500000000        14.08868    
  -1593.75000000000        44.13543    
  -1578.12500000000        8.475160    
  -1562.50000000000        40.35138    
  -1546.87500000000        116.7286    
  -1531.25000000000        43.71784    
  -1515.62500000000        11.31933    
  -1500.00000000000        34.00595    
  -1484.37500000000        68.98221    
  -1468.75000000000        6.420641    
  -1453.12500000000        34.22681    
  -1437.50000000000        14.84453    
  -1421.87500000000        25.96960    
  -1406.25000000000        34.38936    
  -1390.62500000000        15.15051    
  -1375.00000000000        20.43719    
  -1359.37500000000        51.67473    
  -1343.75000000000        34.23543    
  -1328.12500000000        41.09060    
  -1312.50000000000        37.38624    
  -1296.87500000000        66.66547    
  -1281.25000000000        44.59733    
  -1265.62500000000        5.455762    
  -1250.00000000000        51.25591    
  -1234.37500000000        29.36687    
  -1218.75000000000        21.12923    
  -1203.12500000000        41.14398    
  -1187.50000000000        45.49789    
  -1171.87500000000        109.5588    
  -1156.25000000000        128.3593    
  -1140.62500000000        30.06596    
  -1125.00000000000        10.43294    
  -1109.37500000000        51.71392    
  -1093.75000000000        35.71724    
  -1078.12500000000        16.56980    
  -1062.50000000000        9.626940    
  -1046.87500000000        40.01066    
  -1031.25000000000        38.26451    
  -1015.62500000000        31.34382    
  -1000.00000000000        15.56760    
  -984.375000000000        35.55816    
  -968.750000000000        284.7157    
  -953.125000000000        34.39088    
  -937.500000000000        27.25967    
  -921.875000000000        63.91521    
  -906.250000000000        48.97421    
  -890.625000000000        55.31662    
  -875.000000000000        32.30339    
  -859.375000000000        16.09272    
  -843.750000000000        38.77673    
  -828.125000000000        14.71570    
  -812.500000000000        14.89738    
  -796.875000000000        64.84982    
  -781.250000000000        275.8313    
  -765.625000000000        250.8324    
  -750.000000000000        81.81433    
  -734.375000000000        66.74532    
  -718.750000000000        103.9253    
  -703.125000000000        66.30621    
  -687.500000000000        47.32516    
  -671.875000000000        44.01899    
  -656.250000000000        31.25773    
  -640.625000000000        81.00314    
  -625.000000000000        142.0092    
  -609.375000000000        155.7771    
  -593.750000000000        294.1293    
  -578.125000000000        800.2056    
  -562.500000000000        108.9228    
  -546.875000000000        26.16388    
  -531.250000000000        38.34391    
  -515.625000000000        31.31789    
  -500.000000000000        36.27019    
  -484.375000000000        12.30953    
  -468.750000000000        10.24618    
  -453.125000000000        59.24247    
  -437.500000000000        44.86634    
  -421.875000000000        21.29969    
  -406.250000000000        55.81089    
  -390.625000000000        239.0047    
  -375.000000000000        26.96673    
  -359.375000000000        25.35125    
  -343.750000000000        38.46987    
  -328.125000000000        37.64585    
  -312.500000000000        107.3550    
  -296.875000000000        45.38315    
  -281.250000000000        12.61246    
  -265.625000000000        56.17310    
  -250.000000000000        52.84050    
  -234.375000000000        34.07155    
  -218.750000000000        91.01405    
  -203.125000000000        349.8719    
  -187.500000000000        411.2630    
  -171.875000000000        146.3656    
  -156.250000000000        84.25265    
  -140.625000000000        66.95529    
  -125.000000000000        94.96458    
  -109.375000000000        29.25377    
  -93.7500000000000        28.87597    
  -78.1250000000000        70.18234    
  -62.5000000000000        39.41428    
  -46.8750000000000        28.97453    
  -31.2500000000000        43.07332    
  -15.6250000000000        105.4235    
  0.000000000000000E+000   15727.13    
   15.6250000000000        67.27057    
   31.2500000000000        31.99412    
   46.8750000000000        54.72120    
   62.5000000000000        9.289490    
   78.1250000000000        70.61826    
   93.7500000000000        37.71407    
   109.375000000000        14.31995    
   125.000000000000        74.03855    
   140.625000000000        16.81733    
   156.250000000000        23.37838    
   171.875000000000        66.77882    
   187.500000000000        155.4686    
   203.125000000000        110.1596    
   218.750000000000        69.19608    
   234.375000000000        33.38249    
   250.000000000000        70.59908    
   265.625000000000        6.296291    
   281.250000000000        4.366186    
   296.875000000000        15.96899    
   312.500000000000        36.31903    
   328.125000000000        34.61853    
   343.750000000000        20.11410    
   359.375000000000        42.34541    
   375.000000000000        137.5718    
   390.625000000000        384.7083    
   406.250000000000        96.34564    
   421.875000000000        42.30141    
   437.500000000000        52.59201    
   453.125000000000        41.75108    
   468.750000000000        37.87478    
   484.375000000000        37.19239    
   500.000000000000        46.29485    
   515.625000000000        36.02488    
   531.250000000000        60.47311    
   546.875000000000        79.66895    
   562.500000000000        120.7231    
   578.125000000000        855.2103    
   593.750000000000        311.1581    
   609.375000000000        129.8858    
   625.000000000000        95.42173    
   640.625000000000        36.00401    
   656.250000000000        74.49126    
   671.875000000000        41.06263    
   687.500000000000        74.73833    
   703.125000000000        43.13080    
   718.750000000000        53.81596    
   734.375000000000        61.36263    
   750.000000000000        80.95586    
   765.625000000000        211.7862    
   781.250000000000        280.5466    
   796.875000000000        107.1045    
   812.500000000000        50.31164    
   828.125000000000        17.75241    
   843.750000000000        35.03558    
   859.375000000000        10.14931    
   875.000000000000        20.57004    
   890.625000000000        5.886678    
   906.250000000000        62.94155    
   921.875000000000        52.05904    
   937.500000000000        3.517271    
   953.125000000000        21.07529    
   968.750000000000        183.4227    
   984.375000000000        23.47962    
   1000.00000000000        14.42377    
   1015.62500000000        6.683877    
   1031.25000000000        15.49220    
   1046.87500000000        24.95367    
   1062.50000000000        20.65112    
   1078.12500000000        21.13039    
   1093.75000000000        48.56168    
   1109.37500000000        54.94298    
   1125.00000000000        46.30897    
   1140.62500000000        42.62287    
   1156.25000000000        113.4765    
   1171.87500000000        104.4988    
   1187.50000000000        35.65096    
   1203.12500000000        26.00752    
   1218.75000000000        19.27064    
   1234.37500000000        22.99562    
   1250.00000000000        48.05733    
   1265.62500000000        6.866751    
   1281.25000000000        19.88139    
   1296.87500000000        29.02531    
   1312.50000000000        16.81323    
   1328.12500000000        8.636058    
   1343.75000000000        44.31450    
   1359.37500000000        29.52064    
   1375.00000000000       0.9975889    
   1390.62500000000        14.49033    
   1406.25000000000        15.36871    
   1421.87500000000        36.90266    
   1437.50000000000        30.36383    
   1453.12500000000        9.920120    
   1468.75000000000        8.228022    
   1484.37500000000        32.50423    
   1500.00000000000        46.91898    
   1515.62500000000        18.12615    
   1531.25000000000        24.90673    
   1546.87500000000        139.1700    
   1562.50000000000        26.40057    
   1578.12500000000        40.83392    
   1593.75000000000        32.51638    
   1609.37500000000        20.34166    
   1625.00000000000        39.18171    
   1640.62500000000        19.62534    
   1656.25000000000        46.17860    
   1671.87500000000        122.8911    
   1687.50000000000        38.16109    
   1703.12500000000        18.19656    
   1718.75000000000        30.22468    
   1734.37500000000        39.81261    
   1750.00000000000        83.19881    
   1765.62500000000        5.346769    
   1781.25000000000        14.04461    
   1796.87500000000        48.80518    
   1812.50000000000        18.39749    
   1828.12500000000        19.50851    
   1843.75000000000        14.18967    
   1859.37500000000        4.779291    
   1875.00000000000        19.64121    
   1890.62500000000        34.65325    
   1906.25000000000        31.30751    
   1921.87500000000        38.10770    
   1937.50000000000        34.10576    
   1953.12500000000        37.94727    
   1968.75000000000        21.98606    
   1984.37500000000        12.09708    
