  -2000.00000000000        60.43876    
  -1984.37500000000        78.85925    
  -1968.75000000000        15.81816    
  -1953.12500000000        59.94897    
  -1937.50000000000        265.5307    
  -1921.87500000000        52.31640    
  -1906.25000000000        64.10549    
  -1890.62500000000        76.68950    
  -1875.00000000000        87.61040    
  -1859.37500000000        123.5033    
  -1843.75000000000        52.42870    
  -1828.12500000000        75.54277    
  -1812.50000000000        201.6724    
  -1796.87500000000        64.47739    
  -1781.25000000000        61.65364    
  -1765.62500000000        98.49263    
  -1750.00000000000        223.2007    
  -1734.37500000000        82.94184    
  -1718.75000000000        6.907352    
  -1703.12500000000        70.36945    
  -1687.50000000000        25.88296    
  -1671.87500000000        274.2952    
  -1656.25000000000        45.80815    
  -1640.62500000000        92.14053    
  -1625.00000000000        143.9420    
  -1609.37500000000        104.6233    
  -1593.75000000000        83.57632    
  -1578.12500000000        24.95865    
  -1562.50000000000        24.87696    
  -1546.87500000000        172.2691    
  -1531.25000000000        76.04449    
  -1515.62500000000        30.29236    
  -1500.00000000000        88.15288    
  -1484.37500000000        340.9931    
  -1468.75000000000        154.4414    
  -1453.12500000000        23.33228    
  -1437.50000000000        40.60369    
  -1421.87500000000        108.7704    
  -1406.25000000000        69.15374    
  -1390.62500000000        28.22224    
  -1375.00000000000        71.56247    
  -1359.37500000000        369.2794    
  -1343.75000000000        204.5449    
  -1328.12500000000        61.89494    
  -1312.50000000000        64.39400    
  -1296.87500000000        86.17866    
  -1281.25000000000        250.0692    
  -1265.62500000000        69.39329    
  -1250.00000000000        114.4031    
  -1234.37500000000        70.87596    
  -1218.75000000000        110.4645    
  -1203.12500000000        89.31396    
  -1187.50000000000        24.24203    
  -1171.87500000000        194.0187    
  -1156.25000000000        212.8317    
  -1140.62500000000        98.98164    
  -1125.00000000000        26.96035    
  -1109.37500000000        54.68741    
  -1093.75000000000        50.75974    
  -1078.12500000000        42.52556    
  -1062.50000000000        15.75174    
  -1046.87500000000        75.56174    
  -1031.25000000000        99.03763    
  -1015.62500000000        34.70945    
  -1000.00000000000        51.64009    
  -984.375000000000        38.43009    
  -968.750000000000        509.2714    
  -953.125000000000        128.7321    
  -937.500000000000        65.91265    
  -921.875000000000        152.2843    
  -906.250000000000        65.72999    
  -890.625000000000        64.67073    
  -875.000000000000        24.78034    
  -859.375000000000        72.22754    
  -843.750000000000        68.03972    
  -828.125000000000        100.3283    
  -812.500000000000        164.9955    
  -796.875000000000        145.9969    
  -781.250000000000        416.4598    
  -765.625000000000        136.4313    
  -750.000000000000        85.20084    
  -734.375000000000        44.64810    
  -718.750000000000        88.49030    
  -703.125000000000        39.11142    
  -687.500000000000        66.30167    
  -671.875000000000        105.6917    
  -656.250000000000        101.4288    
  -640.625000000000        92.85833    
  -625.000000000000        228.1590    
  -609.375000000000        226.8725    
  -593.750000000000        467.2419    
  -578.125000000000        1787.920    
  -562.500000000000        268.0866    
  -546.875000000000        112.5165    
  -531.250000000000        150.1799    
  -515.625000000000        108.0156    
  -500.000000000000        70.76868    
  -484.375000000000        12.23843    
  -468.750000000000        85.10495    
  -453.125000000000        87.53068    
  -437.500000000000        12.52030    
  -421.875000000000        64.69017    
  -406.250000000000        176.9079    
  -390.625000000000        694.9008    
  -375.000000000000        177.4231    
  -359.375000000000        112.9370    
  -343.750000000000        50.31762    
  -328.125000000000        105.4716    
  -312.500000000000        68.38037    
  -296.875000000000        154.4879    
  -281.250000000000        95.58045    
  -265.625000000000        202.3465    
  -250.000000000000        269.8762    
  -234.375000000000        252.8071    
  -218.750000000000        471.6135    
  -203.125000000000        1551.769    
  -187.500000000000        1993.082    
  -171.875000000000        654.3829    
  -156.250000000000        367.2352    
  -140.625000000000        228.5901    
  -125.000000000000        179.6295    
  -109.375000000000        198.0109    
  -93.7500000000000        143.6101    
  -78.1250000000000        161.6200    
  -62.5000000000000        166.6861    
  -46.8750000000000        75.06348    
  -31.2500000000000        62.35064    
  -15.6250000000000        233.0507    
  0.000000000000000E+000   42248.03    
   15.6250000000000        263.3351    
   31.2500000000000        120.2434    
   46.8750000000000        202.7771    
   62.5000000000000        85.86238    
   78.1250000000000        118.7691    
   93.7500000000000        150.9007    
   109.375000000000        105.3077    
   125.000000000000        243.3608    
   140.625000000000        129.8769    
   156.250000000000        230.6917    
   171.875000000000        320.5649    
   187.500000000000        960.9114    
   203.125000000000        432.0497    
   218.750000000000        284.1709    
   234.375000000000        206.8143    
   250.000000000000        256.5936    
   265.625000000000        108.3094    
   281.250000000000        104.8303    
   296.875000000000        43.06472    
   312.500000000000        117.3214    
   328.125000000000        57.71014    
   343.750000000000        65.99863    
   359.375000000000        201.7370    
   375.000000000000        516.7235    
   390.625000000000        1095.352    
   406.250000000000        294.4910    
   421.875000000000        150.9607    
   437.500000000000        157.0398    
   453.125000000000        104.7300    
   468.750000000000        40.41598    
   484.375000000000        75.92706    
   500.000000000000        130.7175    
   515.625000000000        101.8508    
   531.250000000000        121.8201    
   546.875000000000        224.5679    
   562.500000000000        312.1818    
   578.125000000000        1994.047    
   593.750000000000        725.5283    
   609.375000000000        234.6415    
   625.000000000000        219.2834    
   640.625000000000        137.1548    
   656.250000000000        135.4687    
   671.875000000000        132.3359    
   687.500000000000        185.9861    
   703.125000000000        176.8855    
   718.750000000000        27.82574    
   734.375000000000        104.9041    
   750.000000000000        144.9683    
   765.625000000000        423.4935    
   781.250000000000        385.1208    
   796.875000000000        126.4375    
   812.500000000000        105.2795    
   828.125000000000        61.58988    
   843.750000000000        47.67519    
   859.375000000000        69.90176    
   875.000000000000        58.52774    
   890.625000000000        44.55886    
   906.250000000000        122.0682    
   921.875000000000        90.25520    
   937.500000000000        8.645037    
   953.125000000000        73.86926    
   968.750000000000        36.17992    
   984.375000000000        61.76085    
   1000.00000000000        54.68732    
   1015.62500000000        50.41500    
   1031.25000000000        70.15150    
   1046.87500000000        51.53498    
   1062.50000000000        6.906292    
   1078.12500000000        36.42631    
   1093.75000000000        117.9025    
   1109.37500000000        14.38844    
   1125.00000000000        20.63774    
   1140.62500000000        30.01017    
   1156.25000000000        13.46360    
   1171.87500000000        42.91552    
   1187.50000000000        63.08489    
   1203.12500000000        13.96395    
   1218.75000000000        10.75100    
   1234.37500000000        53.29227    
   1250.00000000000        88.06545    
   1265.62500000000        39.35898    
   1281.25000000000        199.2068    
   1296.87500000000        63.52665    
   1312.50000000000        24.33737    
   1328.12500000000        76.65519    
   1343.75000000000        54.25936    
   1359.37500000000        433.9795    
   1375.00000000000        140.9094    
   1390.62500000000        90.68932    
   1406.25000000000        83.36745    
   1421.87500000000        32.87757    
   1437.50000000000        11.45273    
   1453.12500000000        33.28553    
   1468.75000000000        73.32988    
   1484.37500000000        96.53054    
   1500.00000000000        49.67150    
   1515.62500000000        44.67914    
   1531.25000000000        62.67229    
   1546.87500000000        112.0763    
   1562.50000000000        32.56136    
   1578.12500000000        88.21813    
   1593.75000000000        82.84175    
   1609.37500000000        79.00050    
   1625.00000000000        35.69073    
   1640.62500000000        88.31302    
   1656.25000000000        75.84048    
   1671.87500000000        58.16910    
   1687.50000000000        91.79362    
   1703.12500000000        24.28589    
   1718.75000000000        30.01847    
   1734.37500000000        157.3130    
   1750.00000000000        204.7933    
   1765.62500000000        61.60163    
   1781.25000000000        53.60394    
   1796.87500000000        63.38000    
   1812.50000000000        48.76336    
   1828.12500000000        16.02778    
   1843.75000000000        16.70168    
   1859.37500000000        156.6889    
   1875.00000000000        95.27223    
   1890.62500000000        23.39447    
   1906.25000000000        6.967604    
   1921.87500000000        161.2728    
   1937.50000000000        83.32808    
   1953.12500000000        56.48909    
   1968.75000000000        97.78444    
   1984.37500000000        98.35665    
