  -4000.00000000000        197.0806    
  -3968.75000000000        362.2609    
  -3937.50000000000        461.7839    
  -3906.25000000000        216.2710    
  -3875.00000000000        329.6427    
  -3843.75000000000        366.5446    
  -3812.50000000000        266.5418    
  -3781.25000000000        390.3101    
  -3750.00000000000        238.9119    
  -3718.75000000000        301.4087    
  -3687.50000000000        277.9850    
  -3656.25000000000        338.0189    
  -3625.00000000000        157.5448    
  -3593.75000000000        215.3746    
  -3562.50000000000        240.8023    
  -3531.25000000000        84.54161    
  -3500.00000000000        272.2171    
  -3468.75000000000        252.8829    
  -3437.50000000000        149.1181    
  -3406.25000000000        421.8811    
  -3375.00000000000        127.6143    
  -3343.75000000000        121.7030    
  -3312.50000000000        235.8310    
  -3281.25000000000        214.0531    
  -3250.00000000000        186.0957    
  -3218.75000000000        225.4933    
  -3187.50000000000        102.1973    
  -3156.25000000000        240.9467    
  -3125.00000000000        142.9980    
  -3093.75000000000        186.9476    
  -3062.50000000000        221.5898    
  -3031.25000000000        172.8611    
  -3000.00000000000        108.8720    
  -2968.75000000000        108.5196    
  -2937.50000000000        197.1949    
  -2906.25000000000        29.16373    
  -2875.00000000000        128.5716    
  -2843.75000000000        58.93412    
  -2812.50000000000        138.7269    
  -2781.25000000000        49.11055    
  -2750.00000000000        69.96138    
  -2718.75000000000        72.20713    
  -2687.50000000000        131.7948    
  -2656.25000000000        57.88157    
  -2625.00000000000        32.77615    
  -2593.75000000000        95.61202    
  -2562.50000000000        60.49308    
  -2531.25000000000        17.97150    
  -2500.00000000000        141.2957    
  -2468.75000000000        12.20994    
  -2437.50000000000        92.47311    
  -2406.25000000000        52.12205    
  -2375.00000000000        23.41320    
  -2343.75000000000        139.9879    
  -2312.50000000000        84.17328    
  -2281.25000000000        40.83494    
  -2250.00000000000        51.19458    
  -2218.75000000000        72.60678    
  -2187.50000000000        104.4937    
  -2156.25000000000        104.8470    
  -2125.00000000000        62.56588    
  -2093.75000000000        82.72861    
  -2062.50000000000        64.35378    
  -2031.25000000000        20.83284    
  -2000.00000000000        45.39016    
  -1968.75000000000        68.74837    
  -1937.50000000000        51.22716    
  -1906.25000000000        34.13529    
  -1875.00000000000        80.40804    
  -1843.75000000000        94.93623    
  -1812.50000000000        244.7586    
  -1781.25000000000        293.0617    
  -1750.00000000000        148.0847    
  -1718.75000000000        104.6893    
  -1687.50000000000        146.0226    
  -1656.25000000000        160.9915    
  -1625.00000000000        106.3289    
  -1593.75000000000        52.95546    
  -1562.50000000000        201.9684    
  -1531.25000000000        116.2020    
  -1500.00000000000        32.18835    
  -1468.75000000000        73.37273    
  -1437.50000000000        43.65546    
  -1406.25000000000        82.66528    
  -1375.00000000000        127.9317    
  -1343.75000000000        103.4566    
  -1312.50000000000        83.19001    
  -1281.25000000000        69.37271    
  -1250.00000000000        224.5309    
  -1218.75000000000        46.03288    
  -1187.50000000000        41.54495    
  -1156.25000000000        141.0791    
  -1125.00000000000        33.44381    
  -1093.75000000000        89.79475    
  -1062.50000000000        163.0741    
  -1031.25000000000        68.26646    
  -1000.00000000000        92.26745    
  -968.750000000000        85.05285    
  -937.500000000000        34.84561    
  -906.250000000000        164.0421    
  -875.000000000000        85.66639    
  -843.750000000000        125.0020    
  -812.500000000000        211.8571    
  -781.250000000000        275.3770    
  -750.000000000000        206.4442    
  -718.750000000000        269.4183    
  -687.500000000000        229.3550    
  -656.250000000000        401.6826    
  -625.000000000000        35.84367    
  -593.750000000000        295.0692    
  -562.500000000000        114.0359    
  -531.250000000000        193.9046    
  -500.000000000000        303.2245    
  -468.750000000000        75.53642    
  -437.500000000000        237.1716    
  -406.250000000000        300.3186    
  -375.000000000000        632.5845    
  -343.750000000000        1051.212    
  -312.500000000000        540.8139    
  -281.250000000000        749.7914    
  -250.000000000000        384.1726    
  -218.750000000000        40.74375    
  -187.500000000000        358.6685    
  -156.250000000000        1347.185    
  -125.000000000000        1329.403    
  -93.7500000000000        458.1583    
  -62.5000000000000        1299.936    
  -31.2500000000000        2310.658    
  0.000000000000000E+000   5635.967    
   31.2500000000000        2278.641    
   62.5000000000000        1323.604    
   93.7500000000000        489.6083    
   125.000000000000        1332.604    
   156.250000000000        1368.440    
   187.500000000000        349.1250    
   218.750000000000        27.90378    
   250.000000000000        384.8740    
   281.250000000000        737.4732    
   312.500000000000        551.9739    
   343.750000000000        1052.841    
   375.000000000000        638.0530    
   406.250000000000        277.0249    
   437.500000000000        220.5011    
   468.750000000000        69.77508    
   500.000000000000        307.2940    
   531.250000000000        197.7133    
   562.500000000000        119.5900    
   593.750000000000        299.0400    
   625.000000000000        37.89405    
   656.250000000000        418.0366    
   687.500000000000        226.7670    
   718.750000000000        269.2865    
   750.000000000000        213.5745    
   781.250000000000        273.6343    
   812.500000000000        217.8551    
   843.750000000000        118.4050    
   875.000000000000        89.10439    
   906.250000000000        164.8338    
   937.500000000000        32.29423    
   968.750000000000        87.86407    
   1000.00000000000        93.67511    
   1031.25000000000        69.57312    
   1062.50000000000        162.7605    
   1093.75000000000        90.25177    
   1125.00000000000        33.29499    
   1156.25000000000        144.7553    
   1187.50000000000        41.51252    
   1218.75000000000        40.73568    
   1250.00000000000        226.8035    
   1281.25000000000        68.88014    
   1312.50000000000        82.72491    
   1343.75000000000        107.0372    
   1375.00000000000        132.5062    
   1406.25000000000        80.39073    
   1437.50000000000        40.61164    
   1468.75000000000        68.57218    
   1500.00000000000        35.57589    
   1531.25000000000        115.2867    
   1562.50000000000        197.2560    
   1593.75000000000        51.66783    
   1625.00000000000        100.3397    
   1656.25000000000        159.8174    
   1687.50000000000        141.2539    
   1718.75000000000        103.4086    
   1750.00000000000        144.7224    
   1781.25000000000        285.9483    
   1812.50000000000        241.8680    
   1843.75000000000        90.52112    
   1875.00000000000        81.82198    
   1906.25000000000        33.03926    
   1937.50000000000        52.56198    
   1968.75000000000        65.34544    
   2000.00000000000        43.01638    
   2031.25000000000        20.25183    
   2062.50000000000        67.19775    
   2093.75000000000        81.66710    
   2125.00000000000        66.01474    
   2156.25000000000        110.1194    
   2187.50000000000        101.0176    
   2218.75000000000        71.34657    
   2250.00000000000        51.63393    
   2281.25000000000        39.10566    
   2312.50000000000        83.50179    
   2343.75000000000        141.4428    
   2375.00000000000        21.38448    
   2406.25000000000        53.89732    
   2437.50000000000        92.15118    
   2468.75000000000        11.97670    
   2500.00000000000        138.2161    
   2531.25000000000        19.88768    
   2562.50000000000        66.53347    
   2593.75000000000        94.55173    
   2625.00000000000        36.06129    
   2656.25000000000        52.58848    
   2687.50000000000        131.9364    
   2718.75000000000        71.60199    
   2750.00000000000        66.33658    
   2781.25000000000        49.12887    
   2812.50000000000        138.8177    
   2843.75000000000        59.34221    
   2875.00000000000        130.8227    
   2906.25000000000        28.11761    
   2937.50000000000        197.8825    
   2968.75000000000        107.6107    
   3000.00000000000        111.4813    
   3031.25000000000        177.8310    
   3062.50000000000        218.5845    
   3093.75000000000        191.7287    
   3125.00000000000        135.3885    
   3156.25000000000        238.3053    
   3187.50000000000        99.93088    
   3218.75000000000        233.2058    
   3250.00000000000        186.4111    
   3281.25000000000        218.9261    
   3312.50000000000        231.4157    
   3343.75000000000        121.3160    
   3375.00000000000        127.9309    
   3406.25000000000        419.8115    
   3437.50000000000        146.9138    
   3468.75000000000        258.3405    
   3500.00000000000        268.6975    
   3531.25000000000        82.63560    
   3562.50000000000        241.2642    
   3593.75000000000        208.9388    
   3625.00000000000        154.6126    
   3656.25000000000        337.4281    
   3687.50000000000        276.4952    
   3718.75000000000        301.6531    
   3750.00000000000        234.5784    
   3781.25000000000        394.7180    
   3812.50000000000        260.3933    
   3843.75000000000        372.0978    
   3875.00000000000        324.3002    
   3906.25000000000        214.9138    
   3937.50000000000        456.3690    
   3968.75000000000        364.3217    
