  -2000.00000000000        4.115703    
  -1984.37500000000        5.674745    
  -1968.75000000000        9.654321    
  -1953.12500000000        12.71126    
  -1937.50000000000        18.01419    
  -1921.87500000000        18.95348    
  -1906.25000000000        7.973455    
  -1890.62500000000        8.825342    
  -1875.00000000000        15.71550    
  -1859.37500000000        25.31079    
  -1843.75000000000        8.625731    
  -1828.12500000000        8.921685    
  -1812.50000000000        2.810070    
  -1796.87500000000        5.575779    
  -1781.25000000000        3.746445    
  -1765.62500000000        3.436867    
  -1750.00000000000        39.40010    
  -1734.37500000000        20.59007    
  -1718.75000000000        8.703287    
  -1703.12500000000        1.142266    
  -1687.50000000000        12.19232    
  -1671.87500000000        27.68337    
  -1656.25000000000        7.644950    
  -1640.62500000000        10.20080    
  -1625.00000000000        5.011781    
  -1609.37500000000        3.360700    
  -1593.75000000000        6.486294    
  -1578.12500000000        18.52830    
  -1562.50000000000        9.726392    
  -1546.87500000000        22.38216    
  -1531.25000000000        6.202121    
  -1515.62500000000        11.18606    
  -1500.00000000000        7.198576    
  -1484.37500000000        17.23012    
  -1468.75000000000        9.835255    
  -1453.12500000000        7.550002    
  -1437.50000000000        6.568621    
  -1421.87500000000        20.63325    
  -1406.25000000000        11.47915    
  -1390.62500000000        7.826252    
  -1375.00000000000        3.381424    
  -1359.37500000000        23.69422    
  -1343.75000000000        18.67918    
  -1328.12500000000        6.109921    
  -1312.50000000000        3.984991    
  -1296.87500000000        9.094618    
  -1281.25000000000        6.084425    
  -1265.62500000000        12.15413    
  -1250.00000000000        26.59640    
  -1234.37500000000        17.70291    
  -1218.75000000000        3.883200    
  -1203.12500000000        17.84715    
  -1187.50000000000        20.65165    
  -1171.87500000000        35.46910    
  -1156.25000000000        43.30100    
  -1140.62500000000        12.30998    
  -1125.00000000000        5.115531    
  -1109.37500000000        11.25685    
  -1093.75000000000        14.73544    
  -1078.12500000000        5.189055    
  -1062.50000000000        3.816098    
  -1046.87500000000        6.065871    
  -1031.25000000000        7.725760    
  -1015.62500000000        8.592009    
  -1000.00000000000        10.77316    
  -984.375000000000        9.360218    
  -968.750000000000        77.20329    
  -953.125000000000        23.28737    
  -937.500000000000        22.26972    
  -921.875000000000        36.21542    
  -906.250000000000        21.58509    
  -890.625000000000        11.23774    
  -875.000000000000        10.36926    
  -859.375000000000        14.14525    
  -843.750000000000        18.09926    
  -828.125000000000        13.97272    
  -812.500000000000        13.63854    
  -796.875000000000        23.13283    
  -781.250000000000        39.91818    
  -765.625000000000        80.49925    
  -750.000000000000        25.80165    
  -734.375000000000        19.12982    
  -718.750000000000        26.95783    
  -703.125000000000        23.82780    
  -687.500000000000        21.48326    
  -671.875000000000        26.07862    
  -656.250000000000        23.40338    
  -640.625000000000        38.78632    
  -625.000000000000        52.38844    
  -609.375000000000        76.43758    
  -593.750000000000        163.2075    
  -578.125000000000        473.4785    
  -562.500000000000        80.97075    
  -546.875000000000        16.95984    
  -531.250000000000        37.10491    
  -515.625000000000        29.27185    
  -500.000000000000        23.17456    
  -484.375000000000        8.486591    
  -468.750000000000        8.735083    
  -453.125000000000        8.443460    
  -437.500000000000        14.95747    
  -421.875000000000        11.87999    
  -406.250000000000        32.53077    
  -390.625000000000        171.0511    
  -375.000000000000        36.41307    
  -359.375000000000        32.77518    
  -343.750000000000        15.75285    
  -328.125000000000        1.335705    
  -312.500000000000        36.19232    
  -296.875000000000        29.85336    
  -281.250000000000        16.35915    
  -265.625000000000        44.64097    
  -250.000000000000        27.55245    
  -234.375000000000        18.41646    
  -218.750000000000        50.80330    
  -203.125000000000        218.7359    
  -187.500000000000        215.7300    
  -171.875000000000        72.03853    
  -156.250000000000        37.01578    
  -140.625000000000        30.52076    
  -125.000000000000        22.23254    
  -109.375000000000        14.42332    
  -93.7500000000000        9.093749    
  -78.1250000000000        28.38734    
  -62.5000000000000        19.12875    
  -46.8750000000000        21.89140    
  -31.2500000000000        11.00005    
  -15.6250000000000        68.92528    
  0.000000000000000E+000   10398.13    
   15.6250000000000        48.83391    
   31.2500000000000        22.15952    
   46.8750000000000        40.32699    
   62.5000000000000        19.62427    
   78.1250000000000        29.67807    
   93.7500000000000        9.200147    
   109.375000000000        8.959142    
   125.000000000000        31.35497    
   140.625000000000        16.45927    
   156.250000000000        28.09773    
   171.875000000000        38.27189    
   187.500000000000        151.1016    
   203.125000000000        142.9420    
   218.750000000000        44.66768    
   234.375000000000        21.09835    
   250.000000000000        31.69072    
   265.625000000000        20.04417    
   281.250000000000        17.09012    
   296.875000000000        8.893805    
   312.500000000000        25.75124    
   328.125000000000        22.92742    
   343.750000000000        13.57281    
   359.375000000000        37.81628    
   375.000000000000        73.76765    
   390.625000000000        214.2659    
   406.250000000000        47.99727    
   421.875000000000        22.91921    
   437.500000000000        37.11105    
   453.125000000000        32.67644    
   468.750000000000        26.08423    
   484.375000000000        11.99016    
   500.000000000000        26.56099    
   515.625000000000        26.91112    
   531.250000000000        38.30960    
   546.875000000000        34.37499    
   562.500000000000        91.97240    
   578.125000000000        491.5068    
   593.750000000000        179.1885    
   609.375000000000        76.00108    
   625.000000000000        53.74391    
   640.625000000000        28.43967    
   656.250000000000        54.23729    
   671.875000000000        37.76900    
   687.500000000000        27.16010    
   703.125000000000        33.66597    
   718.750000000000        44.85695    
   734.375000000000        21.17802    
   750.000000000000        36.42564    
   765.625000000000        91.07856    
   781.250000000000        113.6160    
   796.875000000000        24.09129    
   812.500000000000        14.50863    
   828.125000000000        13.89876    
   843.750000000000        8.001432    
   859.375000000000        10.50700    
   875.000000000000        7.207704    
   890.625000000000        14.82915    
   906.250000000000        20.69902    
   921.875000000000        37.13867    
   937.500000000000        12.93198    
   953.125000000000        24.73138    
   968.750000000000        22.86530    
   984.375000000000        21.42018    
   1000.00000000000        5.871454    
   1015.62500000000        5.261468    
   1031.25000000000        18.63684    
   1046.87500000000        10.97028    
   1062.50000000000        11.44506    
   1078.12500000000        10.32640    
   1093.75000000000        8.131712    
   1109.37500000000        14.24843    
   1125.00000000000        6.089550    
   1140.62500000000        1.866245    
   1156.25000000000        47.02051    
   1171.87500000000        33.72851    
   1187.50000000000        16.77433    
   1203.12500000000        14.21776    
   1218.75000000000        6.427855    
   1234.37500000000        18.00073    
   1250.00000000000        30.87381    
   1265.62500000000        8.553012    
   1281.25000000000        12.78519    
   1296.87500000000        5.761515    
   1312.50000000000        8.117121    
   1328.12500000000        2.842573    
   1343.75000000000        8.960013    
   1359.37500000000        18.93661    
   1375.00000000000        5.493761    
   1390.62500000000        12.53147    
   1406.25000000000        17.85331    
   1421.87500000000        18.57397    
   1437.50000000000        7.868308    
   1453.12500000000        5.067119    
   1468.75000000000        14.37998    
   1484.37500000000        34.32810    
   1500.00000000000        14.38379    
   1515.62500000000        4.794518    
   1531.25000000000        4.547658    
   1546.87500000000        11.71189    
   1562.50000000000        6.425979    
   1578.12500000000        24.09124    
   1593.75000000000        5.273325    
   1609.37500000000        3.794917    
   1625.00000000000        6.741709    
   1640.62500000000        1.177003    
   1656.25000000000        10.20097    
   1671.87500000000        19.58662    
   1687.50000000000        9.777602    
   1703.12500000000        6.018857    
   1718.75000000000        15.86397    
   1734.37500000000        17.01830    
   1750.00000000000        46.53701    
   1765.62500000000        12.03676    
   1781.25000000000        10.32039    
   1796.87500000000        16.16670    
   1812.50000000000        8.209087    
   1828.12500000000        7.424718    
   1843.75000000000        8.910060    
   1859.37500000000        6.830850    
   1875.00000000000        13.36869    
   1890.62500000000        8.783668    
   1906.25000000000        13.14121    
   1921.87500000000        14.74583    
   1937.50000000000        14.36246    
   1953.12500000000        13.96401    
   1968.75000000000        8.336365    
   1984.37500000000        7.257025    
