  -2000.00000000000        33.47847    
  -1984.37500000000        71.60535    
  -1968.75000000000        33.24962    
  -1953.12500000000        67.03817    
  -1937.50000000000        255.2655    
  -1921.87500000000        114.7384    
  -1906.25000000000        13.21786    
  -1890.62500000000        71.07471    
  -1875.00000000000        41.15476    
  -1859.37500000000        67.72149    
  -1843.75000000000        72.25616    
  -1828.12500000000        71.18156    
  -1812.50000000000        20.95889    
  -1796.87500000000        35.50559    
  -1781.25000000000        58.66511    
  -1765.62500000000        147.9981    
  -1750.00000000000        194.5316    
  -1734.37500000000        98.43869    
  -1718.75000000000        53.22775    
  -1703.12500000000        31.49246    
  -1687.50000000000        20.64593    
  -1671.87500000000        10.05925    
  -1656.25000000000        17.32374    
  -1640.62500000000        12.24677    
  -1625.00000000000        54.38459    
  -1609.37500000000        93.23889    
  -1593.75000000000        30.28242    
  -1578.12500000000        81.88219    
  -1562.50000000000        28.78671    
  -1546.87500000000        52.34880    
  -1531.25000000000        59.37668    
  -1515.62500000000        42.53443    
  -1500.00000000000        87.76022    
  -1484.37500000000        29.36926    
  -1468.75000000000        20.33314    
  -1453.12500000000        20.32636    
  -1437.50000000000        28.39280    
  -1421.87500000000        31.40683    
  -1406.25000000000        89.71576    
  -1390.62500000000        39.11425    
  -1375.00000000000        55.62036    
  -1359.37500000000        63.22623    
  -1343.75000000000        21.83223    
  -1328.12500000000        21.14835    
  -1312.50000000000        19.48412    
  -1296.87500000000        44.01535    
  -1281.25000000000        98.82465    
  -1265.62500000000        35.67096    
  -1250.00000000000        88.98892    
  -1234.37500000000        50.32837    
  -1218.75000000000        52.76080    
  -1203.12500000000        53.12712    
  -1187.50000000000        79.78601    
  -1171.87500000000        187.6254    
  -1156.25000000000        211.1999    
  -1140.62500000000        38.81831    
  -1125.00000000000        20.10534    
  -1109.37500000000        49.86762    
  -1093.75000000000        123.4459    
  -1078.12500000000        65.99405    
  -1062.50000000000        16.95187    
  -1046.87500000000        6.849691    
  -1031.25000000000        43.71179    
  -1015.62500000000        9.506480    
  -1000.00000000000        23.00538    
  -984.375000000000        23.20747    
  -968.750000000000        322.8766    
  -953.125000000000        97.56247    
  -937.500000000000        42.20660    
  -921.875000000000        100.7928    
  -906.250000000000        42.04112    
  -890.625000000000        10.78294    
  -875.000000000000        11.61950    
  -859.375000000000        41.95160    
  -843.750000000000        26.54887    
  -828.125000000000        33.05871    
  -812.500000000000        65.28278    
  -796.875000000000        62.04890    
  -781.250000000000        249.9662    
  -765.625000000000        187.6572    
  -750.000000000000        70.48774    
  -734.375000000000        47.99750    
  -718.750000000000        67.21062    
  -703.125000000000        89.41760    
  -687.500000000000        62.17244    
  -671.875000000000        77.34781    
  -656.250000000000        79.82105    
  -640.625000000000        77.21819    
  -625.000000000000        166.7232    
  -609.375000000000        218.8401    
  -593.750000000000        453.2296    
  -578.125000000000        1436.115    
  -562.500000000000        248.0138    
  -546.875000000000        81.79991    
  -531.250000000000        113.4856    
  -515.625000000000        18.18313    
  -500.000000000000        84.02328    
  -484.375000000000        21.67785    
  -468.750000000000        57.33177    
  -453.125000000000        42.93565    
  -437.500000000000        61.71919    
  -421.875000000000        75.51826    
  -406.250000000000        114.9150    
  -390.625000000000        581.5630    
  -375.000000000000        98.56608    
  -359.375000000000        87.26756    
  -343.750000000000        64.37090    
  -328.125000000000        82.91752    
  -312.500000000000        80.90688    
  -296.875000000000        95.27562    
  -281.250000000000        72.18564    
  -265.625000000000        111.3246    
  -250.000000000000        214.9727    
  -234.375000000000        187.2897    
  -218.750000000000        350.8697    
  -203.125000000000        1197.930    
  -187.500000000000        1526.855    
  -171.875000000000        482.5504    
  -156.250000000000        256.4675    
  -140.625000000000        173.6602    
  -125.000000000000        177.3167    
  -109.375000000000        144.8549    
  -93.7500000000000        89.07188    
  -78.1250000000000        151.2747    
  -62.5000000000000        89.99173    
  -46.8750000000000        69.29440    
  -31.2500000000000        51.94606    
  -15.6250000000000        157.7353    
  0.000000000000000E+000   32684.04    
   15.6250000000000        215.0569    
   31.2500000000000        139.3618    
   46.8750000000000        127.9647    
   62.5000000000000        37.14025    
   78.1250000000000        117.1041    
   93.7500000000000        115.2893    
   109.375000000000        80.50861    
   125.000000000000        195.0561    
   140.625000000000        113.5634    
   156.250000000000        165.1738    
   171.875000000000        265.7849    
   187.500000000000        716.8569    
   203.125000000000        343.6295    
   218.750000000000        212.0555    
   234.375000000000        132.6132    
   250.000000000000        194.9935    
   265.625000000000        65.97057    
   281.250000000000        70.96809    
   296.875000000000        35.01682    
   312.500000000000        105.7245    
   328.125000000000        69.72229    
   343.750000000000        46.05637    
   359.375000000000        114.9077    
   375.000000000000        327.1244    
   390.625000000000        802.6502    
   406.250000000000        184.3687    
   421.875000000000        107.0037    
   437.500000000000        95.90453    
   453.125000000000        36.01268    
   468.750000000000        8.644588    
   484.375000000000        49.30537    
   500.000000000000        41.84868    
   515.625000000000        144.3088    
   531.250000000000        142.6907    
   546.875000000000        150.5614    
   562.500000000000        233.8268    
   578.125000000000        1516.098    
   593.750000000000        563.5013    
   609.375000000000        231.8204    
   625.000000000000        171.9203    
   640.625000000000        127.4100    
   656.250000000000        105.1772    
   671.875000000000        95.15233    
   687.500000000000        106.6199    
   703.125000000000        130.0043    
   718.750000000000        74.44765    
   734.375000000000        93.69897    
   750.000000000000        104.2075    
   765.625000000000        295.0630    
   781.250000000000        359.4675    
   796.875000000000        81.35571    
   812.500000000000        45.11611    
   828.125000000000        35.11692    
   843.750000000000        54.90823    
   859.375000000000        28.00867    
   875.000000000000        25.80717    
   890.625000000000        21.46751    
   906.250000000000        96.26365    
   921.875000000000        57.21092    
   937.500000000000        31.21486    
   953.125000000000        47.76028    
   968.750000000000        131.4443    
   984.375000000000        10.87701    
   1000.00000000000        7.058180    
   1015.62500000000        22.32320    
   1031.25000000000        34.19302    
   1046.87500000000        11.20599    
   1062.50000000000        24.89585    
   1078.12500000000        30.65650    
   1093.75000000000        104.4057    
   1109.37500000000        46.37515    
   1125.00000000000        22.23521    
   1140.62500000000        69.78972    
   1156.25000000000        166.4085    
   1171.87500000000        173.9066    
   1187.50000000000        56.96770    
   1203.12500000000        40.43978    
   1218.75000000000        31.59995    
   1234.37500000000        41.57666    
   1250.00000000000        67.73106    
   1265.62500000000        35.90275    
   1281.25000000000        67.43623    
   1296.87500000000        46.63502    
   1312.50000000000        12.99109    
   1328.12500000000        23.58415    
   1343.75000000000        9.757194    
   1359.37500000000        113.5860    
   1375.00000000000        13.59998    
   1390.62500000000        32.64271    
   1406.25000000000        60.46761    
   1421.87500000000        47.98708    
   1437.50000000000        33.13726    
   1453.12500000000        47.68845    
   1468.75000000000        43.24835    
   1484.37500000000        69.18361    
   1500.00000000000        49.72243    
   1515.62500000000        32.01269    
   1531.25000000000        28.82934    
   1546.87500000000        94.92690    
   1562.50000000000        46.49810    
   1578.12500000000        67.99504    
   1593.75000000000        30.19022    
   1609.37500000000        85.32848    
   1625.00000000000        39.24347    
   1640.62500000000        56.83385    
   1656.25000000000        67.05257    
   1671.87500000000        49.53765    
   1687.50000000000        76.02515    
   1703.12500000000        41.42978    
   1718.75000000000        81.22086    
   1734.37500000000        128.1742    
   1750.00000000000        167.5171    
   1765.62500000000        16.15066    
   1781.25000000000        38.90778    
   1796.87500000000        6.243349    
   1812.50000000000        35.87304    
   1828.12500000000        48.68241    
   1843.75000000000        7.419444    
   1859.37500000000        15.38433    
   1875.00000000000        160.5462    
   1890.62500000000        90.61812    
   1906.25000000000        58.07369    
   1921.87500000000        62.18534    
   1937.50000000000        159.7764    
   1953.12500000000        54.69009    
   1968.75000000000        25.22568    
   1984.37500000000        50.68351    
