  -4000.00000000000        211.2577    
  -3968.75000000000        389.2193    
  -3937.50000000000        512.2064    
  -3906.25000000000        239.6996    
  -3875.00000000000        374.5197    
  -3843.75000000000        400.6467    
  -3812.50000000000        295.6777    
  -3781.25000000000        417.0033    
  -3750.00000000000        270.0710    
  -3718.75000000000        328.0755    
  -3687.50000000000        305.7113    
  -3656.25000000000        368.1045    
  -3625.00000000000        183.5172    
  -3593.75000000000        242.7577    
  -3562.50000000000        252.9529    
  -3531.25000000000        98.64954    
  -3500.00000000000        307.6834    
  -3468.75000000000        274.8672    
  -3437.50000000000        161.6484    
  -3406.25000000000        459.0275    
  -3375.00000000000        140.5625    
  -3343.75000000000        131.4884    
  -3312.50000000000        264.1565    
  -3281.25000000000        225.0766    
  -3250.00000000000        197.8512    
  -3218.75000000000        243.4773    
  -3187.50000000000        110.8097    
  -3156.25000000000        264.6833    
  -3125.00000000000        166.7050    
  -3093.75000000000        212.9314    
  -3062.50000000000        249.8996    
  -3031.25000000000        193.1626    
  -3000.00000000000        113.9307    
  -2968.75000000000        111.2762    
  -2937.50000000000        220.4727    
  -2906.25000000000        30.31608    
  -2875.00000000000        140.7752    
  -2843.75000000000        60.39555    
  -2812.50000000000        143.5009    
  -2781.25000000000        55.43980    
  -2750.00000000000        85.42853    
  -2718.75000000000        70.84837    
  -2687.50000000000        145.1287    
  -2656.25000000000        58.35857    
  -2625.00000000000        31.47106    
  -2593.75000000000        106.6582    
  -2562.50000000000        59.87516    
  -2531.25000000000        31.04092    
  -2500.00000000000        145.3421    
  -2468.75000000000        17.73529    
  -2437.50000000000        111.0488    
  -2406.25000000000        58.39860    
  -2375.00000000000        26.98849    
  -2343.75000000000        157.3069    
  -2312.50000000000        100.0869    
  -2281.25000000000        40.51582    
  -2250.00000000000        53.35377    
  -2218.75000000000        86.55983    
  -2187.50000000000        116.7072    
  -2156.25000000000        120.7807    
  -2125.00000000000        68.79645    
  -2093.75000000000        86.69566    
  -2062.50000000000        71.99414    
  -2031.25000000000        15.64017    
  -2000.00000000000        48.29132    
  -1968.75000000000        72.67127    
  -1937.50000000000        49.05980    
  -1906.25000000000        42.20309    
  -1875.00000000000        87.65393    
  -1843.75000000000        102.3145    
  -1812.50000000000        276.9576    
  -1781.25000000000        330.5652    
  -1750.00000000000        158.6539    
  -1718.75000000000        114.2335    
  -1687.50000000000        152.7171    
  -1656.25000000000        193.6099    
  -1625.00000000000        116.2096    
  -1593.75000000000        64.51611    
  -1562.50000000000        224.0735    
  -1531.25000000000        135.3700    
  -1500.00000000000        40.18414    
  -1468.75000000000        82.29877    
  -1437.50000000000        48.74926    
  -1406.25000000000        93.53135    
  -1375.00000000000        131.7084    
  -1343.75000000000        104.9715    
  -1312.50000000000        90.72880    
  -1281.25000000000        88.11472    
  -1250.00000000000        234.9914    
  -1218.75000000000        45.85801    
  -1187.50000000000        39.43657    
  -1156.25000000000        161.8631    
  -1125.00000000000        34.26082    
  -1093.75000000000        98.37324    
  -1062.50000000000        185.3551    
  -1031.25000000000        73.62756    
  -1000.00000000000        100.2202    
  -968.750000000000        105.8173    
  -937.500000000000        36.93395    
  -906.250000000000        178.4436    
  -875.000000000000        97.97905    
  -843.750000000000        137.6588    
  -812.500000000000        235.1236    
  -781.250000000000        299.2595    
  -750.000000000000        223.8545    
  -718.750000000000        285.8068    
  -687.500000000000        260.0446    
  -656.250000000000        456.9944    
  -625.000000000000        35.08021    
  -593.750000000000        325.8242    
  -562.500000000000        114.7460    
  -531.250000000000        202.9090    
  -500.000000000000        334.5084    
  -468.750000000000        82.11250    
  -437.500000000000        267.8086    
  -406.250000000000        318.9543    
  -375.000000000000        706.1355    
  -343.750000000000        1151.177    
  -312.500000000000        599.9766    
  -281.250000000000        844.5833    
  -250.000000000000        422.3261    
  -218.750000000000        67.50344    
  -187.500000000000        395.2785    
  -156.250000000000        1454.758    
  -125.000000000000        1439.366    
  -93.7500000000000        515.6260    
  -62.5000000000000        1412.768    
  -31.2500000000000        2566.859    
  0.000000000000000E+000   6593.690    
   31.2500000000000        2480.498    
   62.5000000000000        1471.659    
   93.7500000000000        551.1110    
   125.000000000000        1488.730    
   156.250000000000        1526.365    
   187.500000000000        398.5787    
   218.750000000000        29.39693    
   250.000000000000        420.7877    
   281.250000000000        800.7528    
   312.500000000000        591.7623    
   343.750000000000        1131.591    
   375.000000000000        684.2140    
   406.250000000000        302.1602    
   437.500000000000        224.4429    
   468.750000000000        83.95897    
   500.000000000000        333.3210    
   531.250000000000        233.9491    
   562.500000000000        130.0717    
   593.750000000000        329.1273    
   625.000000000000        40.35024    
   656.250000000000        440.0648    
   687.500000000000        249.4723    
   718.750000000000        300.3149    
   750.000000000000        234.1312    
   781.250000000000        309.1561    
   812.500000000000        240.6609    
   843.750000000000        136.8419    
   875.000000000000        85.09431    
   906.250000000000        176.8043    
   937.500000000000        37.01833    
   968.750000000000        101.1735    
   1000.00000000000        104.7570    
   1031.25000000000        79.22591    
   1062.50000000000        169.5754    
   1093.75000000000        102.9695    
   1125.00000000000        44.30613    
   1156.25000000000        156.1555    
   1187.50000000000        40.97951    
   1218.75000000000        55.37922    
   1250.00000000000        261.5652    
   1281.25000000000        79.82112    
   1312.50000000000        89.34251    
   1343.75000000000        122.2578    
   1375.00000000000        141.3822    
   1406.25000000000        99.68198    
   1437.50000000000        49.23267    
   1468.75000000000        70.96054    
   1500.00000000000        42.79958    
   1531.25000000000        120.5647    
   1562.50000000000        220.2548    
   1593.75000000000        57.07224    
   1625.00000000000        117.3582    
   1656.25000000000        167.9516    
   1687.50000000000        156.5725    
   1718.75000000000        102.3680    
   1750.00000000000        161.7094    
   1781.25000000000        305.1712    
   1812.50000000000        265.1138    
   1843.75000000000        96.96754    
   1875.00000000000        84.90234    
   1906.25000000000        33.97929    
   1937.50000000000        47.59296    
   1968.75000000000        66.25185    
   2000.00000000000        44.77822    
   2031.25000000000        16.29528    
   2062.50000000000        69.60075    
   2093.75000000000        83.66609    
   2125.00000000000        63.74203    
   2156.25000000000        120.1207    
   2187.50000000000        111.9825    
   2218.75000000000        86.07561    
   2250.00000000000        58.98882    
   2281.25000000000        47.87249    
   2312.50000000000        82.25217    
   2343.75000000000        158.9487    
   2375.00000000000        30.09036    
   2406.25000000000        60.17985    
   2437.50000000000        103.5273    
   2468.75000000000        15.10538    
   2500.00000000000        158.5995    
   2531.25000000000        8.334683    
   2562.50000000000        69.57564    
   2593.75000000000        102.3076    
   2625.00000000000        45.64002    
   2656.25000000000        61.96140    
   2687.50000000000        159.1400    
   2718.75000000000        74.42819    
   2750.00000000000        77.62994    
   2781.25000000000        48.79204    
   2812.50000000000        157.8378    
   2843.75000000000        69.05923    
   2875.00000000000        154.2632    
   2906.25000000000        33.09190    
   2937.50000000000        215.2531    
   2968.75000000000        114.2093    
   3000.00000000000        126.9081    
   3031.25000000000        200.6223    
   3062.50000000000        234.1463    
   3093.75000000000        214.0307    
   3125.00000000000        140.7578    
   3156.25000000000        256.9960    
   3187.50000000000        114.4419    
   3218.75000000000        262.5068    
   3250.00000000000        211.5430    
   3281.25000000000        245.5050    
   3312.50000000000        250.1346    
   3343.75000000000        128.7392    
   3375.00000000000        137.6357    
   3406.25000000000        465.7511    
   3437.50000000000        160.2165    
   3468.75000000000        294.7870    
   3500.00000000000        287.4817    
   3531.25000000000        94.19189    
   3562.50000000000        280.3383    
   3593.75000000000        215.8526    
   3625.00000000000        169.8004    
   3656.25000000000        371.7108    
   3687.50000000000        306.5352    
   3718.75000000000        338.5981    
   3750.00000000000        252.6609    
   3781.25000000000        435.9231    
   3812.50000000000        283.3329    
   3843.75000000000        405.9166    
   3875.00000000000        352.2132    
   3906.25000000000        244.0113    
   3937.50000000000        493.0641    
   3968.75000000000        404.4384    
