  -4000.00000000000        211.6108    
  -3968.75000000000        394.0107    
  -3937.50000000000        510.4227    
  -3906.25000000000        235.1143    
  -3875.00000000000        358.0503    
  -3843.75000000000        397.7904    
  -3812.50000000000        296.2058    
  -3781.25000000000        418.3177    
  -3750.00000000000        269.1221    
  -3718.75000000000        329.4731    
  -3687.50000000000        306.8846    
  -3656.25000000000        376.8813    
  -3625.00000000000        176.6729    
  -3593.75000000000        237.0678    
  -3562.50000000000        257.1041    
  -3531.25000000000        97.97633    
  -3500.00000000000        313.2639    
  -3468.75000000000        271.9977    
  -3437.50000000000        165.0392    
  -3406.25000000000        456.3073    
  -3375.00000000000        135.9721    
  -3343.75000000000        128.7468    
  -3312.50000000000        264.9545    
  -3281.25000000000        233.4090    
  -3250.00000000000        197.9499    
  -3218.75000000000        246.0664    
  -3187.50000000000        106.1358    
  -3156.25000000000        271.7483    
  -3125.00000000000        161.5752    
  -3093.75000000000        209.3315    
  -3062.50000000000        246.6629    
  -3031.25000000000        184.2257    
  -3000.00000000000        116.7353    
  -2968.75000000000        118.8669    
  -2937.50000000000        216.3784    
  -2906.25000000000        27.86650    
  -2875.00000000000        149.9682    
  -2843.75000000000        67.63000    
  -2812.50000000000        154.3266    
  -2781.25000000000        54.94598    
  -2750.00000000000        69.90718    
  -2718.75000000000        75.22906    
  -2687.50000000000        143.5417    
  -2656.25000000000        53.79205    
  -2625.00000000000        40.46935    
  -2593.75000000000        115.4463    
  -2562.50000000000        64.66676    
  -2531.25000000000        27.74550    
  -2500.00000000000        153.2384    
  -2468.75000000000        8.790160    
  -2437.50000000000        107.3383    
  -2406.25000000000        68.59120    
  -2375.00000000000        22.82743    
  -2343.75000000000        154.2700    
  -2312.50000000000        94.39165    
  -2281.25000000000        37.72289    
  -2250.00000000000        54.28641    
  -2218.75000000000        81.50449    
  -2187.50000000000        112.5580    
  -2156.25000000000        116.8011    
  -2125.00000000000        76.74905    
  -2093.75000000000        91.27644    
  -2062.50000000000        72.62780    
  -2031.25000000000        18.63102    
  -2000.00000000000        46.28699    
  -1968.75000000000        74.53515    
  -1937.50000000000        51.65195    
  -1906.25000000000        25.04771    
  -1875.00000000000        89.39600    
  -1843.75000000000        113.4899    
  -1812.50000000000        281.0179    
  -1781.25000000000        341.6820    
  -1750.00000000000        159.9701    
  -1718.75000000000        113.8184    
  -1687.50000000000        160.8141    
  -1656.25000000000        181.2980    
  -1625.00000000000        122.9895    
  -1593.75000000000        60.21098    
  -1562.50000000000        229.0308    
  -1531.25000000000        128.1042    
  -1500.00000000000        48.20323    
  -1468.75000000000        79.44032    
  -1437.50000000000        42.36818    
  -1406.25000000000        86.02909    
  -1375.00000000000        136.2281    
  -1343.75000000000        101.7484    
  -1312.50000000000        98.44702    
  -1281.25000000000        86.64391    
  -1250.00000000000        242.5755    
  -1218.75000000000        55.69538    
  -1187.50000000000        51.40069    
  -1156.25000000000        152.6948    
  -1125.00000000000        35.68114    
  -1093.75000000000        89.31826    
  -1062.50000000000        186.5118    
  -1031.25000000000        78.31266    
  -1000.00000000000        104.7849    
  -968.750000000000        97.14459    
  -937.500000000000        37.42949    
  -906.250000000000        174.7931    
  -875.000000000000        98.37454    
  -843.750000000000        140.0177    
  -812.500000000000        240.2303    
  -781.250000000000        301.6829    
  -750.000000000000        233.7892    
  -718.750000000000        291.5323    
  -687.500000000000        260.2829    
  -656.250000000000        458.2099    
  -625.000000000000        35.81229    
  -593.750000000000        335.2096    
  -562.500000000000        120.4546    
  -531.250000000000        218.1314    
  -500.000000000000        344.4916    
  -468.750000000000        80.05991    
  -437.500000000000        255.3806    
  -406.250000000000        340.9590    
  -375.000000000000        720.6540    
  -343.750000000000        1152.608    
  -312.500000000000        594.4393    
  -281.250000000000        847.7305    
  -250.000000000000        421.9510    
  -218.750000000000        67.39133    
  -187.500000000000        385.6837    
  -156.250000000000        1435.426    
  -125.000000000000        1438.052    
  -93.7500000000000        503.9768    
  -62.5000000000000        1410.549    
  -31.2500000000000        2565.243    
  0.000000000000000E+000   6673.844    
   31.2500000000000        2522.418    
   62.5000000000000        1468.499    
   93.7500000000000        543.8248    
   125.000000000000        1496.959    
   156.250000000000        1514.070    
   187.500000000000        395.9457    
   218.750000000000        18.80078    
   250.000000000000        406.3232    
   281.250000000000        791.1450    
   312.500000000000        598.3123    
   343.750000000000        1129.555    
   375.000000000000        685.1257    
   406.250000000000        322.7656    
   437.500000000000        224.0946    
   468.750000000000        81.12640    
   500.000000000000        342.5678    
   531.250000000000        214.1522    
   562.500000000000        137.3337    
   593.750000000000        343.5509    
   625.000000000000        41.71281    
   656.250000000000        456.8932    
   687.500000000000        253.7191    
   718.750000000000        311.7893    
   750.000000000000        233.8100    
   781.250000000000        305.8297    
   812.500000000000        228.0686    
   843.750000000000        131.2661    
   875.000000000000        100.4471    
   906.250000000000        180.7919    
   937.500000000000        36.70059    
   968.750000000000        94.20896    
   1000.00000000000        105.4384    
   1031.25000000000        77.18168    
   1062.50000000000        171.6222    
   1093.75000000000        101.4187    
   1125.00000000000        45.08018    
   1156.25000000000        157.3595    
   1187.50000000000        37.38198    
   1218.75000000000        47.35114    
   1250.00000000000        255.0801    
   1281.25000000000        70.49825    
   1312.50000000000        95.87557    
   1343.75000000000        120.9214    
   1375.00000000000        153.2802    
   1406.25000000000        92.39544    
   1437.50000000000        44.87416    
   1468.75000000000        64.36317    
   1500.00000000000        48.01354    
   1531.25000000000        113.5370    
   1562.50000000000        213.1405    
   1593.75000000000        58.26891    
   1625.00000000000        118.4015    
   1656.25000000000        171.6674    
   1687.50000000000        167.9771    
   1718.75000000000        109.5064    
   1750.00000000000        153.6844    
   1781.25000000000        309.3354    
   1812.50000000000        261.2983    
   1843.75000000000        105.4367    
   1875.00000000000        75.49358    
   1906.25000000000        42.07825    
   1937.50000000000        53.63967    
   1968.75000000000        67.14106    
   2000.00000000000        49.02388    
   2031.25000000000        19.72779    
   2062.50000000000        73.84536    
   2093.75000000000        90.43602    
   2125.00000000000        69.12371    
   2156.25000000000        124.5401    
   2187.50000000000        109.1335    
   2218.75000000000        77.28445    
   2250.00000000000        59.67641    
   2281.25000000000        45.56200    
   2312.50000000000        92.74101    
   2343.75000000000        155.1413    
   2375.00000000000        31.19228    
   2406.25000000000        55.39487    
   2437.50000000000        96.17497    
   2468.75000000000        22.43664    
   2500.00000000000        157.9519    
   2531.25000000000        17.87903    
   2562.50000000000        75.88540    
   2593.75000000000        110.1065    
   2625.00000000000        40.23797    
   2656.25000000000        53.07250    
   2687.50000000000        153.5315    
   2718.75000000000        80.72898    
   2750.00000000000        74.64566    
   2781.25000000000        50.99317    
   2812.50000000000        154.5167    
   2843.75000000000        65.53240    
   2875.00000000000        154.2990    
   2906.25000000000        35.57477    
   2937.50000000000        217.8545    
   2968.75000000000        116.4646    
   3000.00000000000        125.3448    
   3031.25000000000        202.7535    
   3062.50000000000        234.0018    
   3093.75000000000        216.7726    
   3125.00000000000        145.8258    
   3156.25000000000        261.6729    
   3187.50000000000        112.1306    
   3218.75000000000        265.4438    
   3250.00000000000        208.0652    
   3281.25000000000        246.7791    
   3312.50000000000        250.5673    
   3343.75000000000        126.4250    
   3375.00000000000        140.0562    
   3406.25000000000        464.2464    
   3437.50000000000        158.5706    
   3468.75000000000        288.0540    
   3500.00000000000        285.6992    
   3531.25000000000        92.53643    
   3562.50000000000        264.2108    
   3593.75000000000        217.9122    
   3625.00000000000        163.2574    
   3656.25000000000        367.1639    
   3687.50000000000        301.5516    
   3718.75000000000        342.4298    
   3750.00000000000        263.3449    
   3781.25000000000        446.3997    
   3812.50000000000        283.6039    
   3843.75000000000        415.6791    
   3875.00000000000        345.0458    
   3906.25000000000        242.1890    
   3937.50000000000        489.5391    
   3968.75000000000        409.8221    
