  -4000.00000000000        200.8159    
  -3968.75000000000        372.8534    
  -3937.50000000000        478.8576    
  -3906.25000000000        216.9301    
  -3875.00000000000        336.4661    
  -3843.75000000000        373.6023    
  -3812.50000000000        275.2911    
  -3781.25000000000        394.2657    
  -3750.00000000000        247.6648    
  -3718.75000000000        307.7790    
  -3687.50000000000        283.5458    
  -3656.25000000000        342.1608    
  -3625.00000000000        163.5955    
  -3593.75000000000        218.4746    
  -3562.50000000000        244.0351    
  -3531.25000000000        86.31537    
  -3500.00000000000        282.3450    
  -3468.75000000000        256.2382    
  -3437.50000000000        147.6881    
  -3406.25000000000        428.5641    
  -3375.00000000000        132.4954    
  -3343.75000000000        120.6487    
  -3312.50000000000        239.7259    
  -3281.25000000000        212.3157    
  -3250.00000000000        191.9877    
  -3218.75000000000        230.2475    
  -3187.50000000000        104.0336    
  -3156.25000000000        238.5024    
  -3125.00000000000        145.1069    
  -3093.75000000000        196.2243    
  -3062.50000000000        224.1338    
  -3031.25000000000        177.2392    
  -3000.00000000000        113.1470    
  -2968.75000000000        112.7840    
  -2937.50000000000        196.2279    
  -2906.25000000000        31.04374    
  -2875.00000000000        140.3466    
  -2843.75000000000        59.52753    
  -2812.50000000000        139.8173    
  -2781.25000000000        51.32127    
  -2750.00000000000        70.18384    
  -2718.75000000000        74.62509    
  -2687.50000000000        137.9678    
  -2656.25000000000        54.58353    
  -2625.00000000000        32.77719    
  -2593.75000000000        93.85482    
  -2562.50000000000        58.90953    
  -2531.25000000000        18.99966    
  -2500.00000000000        141.3157    
  -2468.75000000000        11.36019    
  -2437.50000000000        96.01496    
  -2406.25000000000        52.32821    
  -2375.00000000000        19.68600    
  -2343.75000000000        145.2635    
  -2312.50000000000        89.53475    
  -2281.25000000000        46.16862    
  -2250.00000000000        53.47384    
  -2218.75000000000        71.80709    
  -2187.50000000000        108.4484    
  -2156.25000000000        108.2200    
  -2125.00000000000        65.71063    
  -2093.75000000000        81.35977    
  -2062.50000000000        70.40390    
  -2031.25000000000        20.09620    
  -2000.00000000000        48.04982    
  -1968.75000000000        66.43592    
  -1937.50000000000        49.78620    
  -1906.25000000000        30.91209    
  -1875.00000000000        76.81233    
  -1843.75000000000        92.75054    
  -1812.50000000000        251.6429    
  -1781.25000000000        305.3397    
  -1750.00000000000        157.3949    
  -1718.75000000000        109.5566    
  -1687.50000000000        134.5053    
  -1656.25000000000        172.3727    
  -1625.00000000000        104.0151    
  -1593.75000000000        54.19701    
  -1562.50000000000        202.5461    
  -1531.25000000000        120.0758    
  -1500.00000000000        37.86621    
  -1468.75000000000        73.90462    
  -1437.50000000000        47.39142    
  -1406.25000000000        84.05765    
  -1375.00000000000        132.5480    
  -1343.75000000000        102.4708    
  -1312.50000000000        83.53452    
  -1281.25000000000        72.69343    
  -1250.00000000000        224.3341    
  -1218.75000000000        40.63172    
  -1187.50000000000        47.04775    
  -1156.25000000000        148.4082    
  -1125.00000000000        32.92749    
  -1093.75000000000        85.48806    
  -1062.50000000000        168.1066    
  -1031.25000000000        65.47000    
  -1000.00000000000        85.03922    
  -968.750000000000        91.90573    
  -937.500000000000        28.77859    
  -906.250000000000        165.4245    
  -875.000000000000        84.02635    
  -843.750000000000        128.3312    
  -812.500000000000        214.0431    
  -781.250000000000        277.7057    
  -750.000000000000        207.9524    
  -718.750000000000        271.3868    
  -687.500000000000        235.4135    
  -656.250000000000        415.7592    
  -625.000000000000        24.37507    
  -593.750000000000        303.0163    
  -562.500000000000        108.1337    
  -531.250000000000        191.3508    
  -500.000000000000        308.9182    
  -468.750000000000        70.46826    
  -437.500000000000        236.5718    
  -406.250000000000        298.2299    
  -375.000000000000        652.4322    
  -343.750000000000        1069.470    
  -312.500000000000        556.7133    
  -281.250000000000        772.3350    
  -250.000000000000        388.1448    
  -218.750000000000        49.88987    
  -187.500000000000        364.5311    
  -156.250000000000        1360.900    
  -125.000000000000        1338.722    
  -93.7500000000000        485.7372    
  -62.5000000000000        1320.807    
  -31.2500000000000        2370.274    
  0.000000000000000E+000   6166.803    
   31.2500000000000        2316.595    
   62.5000000000000        1347.776    
   93.7500000000000        497.2633    
   125.000000000000        1364.014    
   156.250000000000        1400.823    
   187.500000000000        364.0669    
   218.750000000000        18.77244    
   250.000000000000        382.0529    
   281.250000000000        751.5208    
   312.500000000000        547.6206    
   343.750000000000        1062.744    
   375.000000000000        643.0454    
   406.250000000000        283.7235    
   437.500000000000        212.9645    
   468.750000000000        76.72813    
   500.000000000000        311.3676    
   531.250000000000        208.5439    
   562.500000000000        127.6687    
   593.750000000000        312.0289    
   625.000000000000        31.50996    
   656.250000000000        427.8492    
   687.500000000000        236.7341    
   718.750000000000        284.6711    
   750.000000000000        213.7089    
   781.250000000000        283.0468    
   812.500000000000        224.3402    
   843.750000000000        121.1573    
   875.000000000000        91.54225    
   906.250000000000        169.4280    
   937.500000000000        41.86632    
   968.750000000000        96.86325    
   1000.00000000000        99.70483    
   1031.25000000000        65.86554    
   1062.50000000000        160.5250    
   1093.75000000000        90.01026    
   1125.00000000000        34.82619    
   1156.25000000000        144.7224    
   1187.50000000000        41.15234    
   1218.75000000000        47.40904    
   1250.00000000000        231.4630    
   1281.25000000000        68.72569    
   1312.50000000000        87.27898    
   1343.75000000000        111.1753    
   1375.00000000000        133.7376    
   1406.25000000000        90.53557    
   1437.50000000000        38.88346    
   1468.75000000000        70.83543    
   1500.00000000000        34.84750    
   1531.25000000000        116.6040    
   1562.50000000000        196.8783    
   1593.75000000000        50.55377    
   1625.00000000000        103.5574    
   1656.25000000000        162.7410    
   1687.50000000000        146.5457    
   1718.75000000000        106.1693    
   1750.00000000000        143.4689    
   1781.25000000000        296.8509    
   1812.50000000000        243.1626    
   1843.75000000000        98.47428    
   1875.00000000000        77.81303    
   1906.25000000000        41.37674    
   1937.50000000000        47.50539    
   1968.75000000000        70.15210    
   2000.00000000000        35.76717    
   2031.25000000000        19.73994    
   2062.50000000000        72.72991    
   2093.75000000000        84.95213    
   2125.00000000000        63.65044    
   2156.25000000000        107.6805    
   2187.50000000000        107.3643    
   2218.75000000000        75.62936    
   2250.00000000000        54.20549    
   2281.25000000000        51.42173    
   2312.50000000000        86.81208    
   2343.75000000000        141.4202    
   2375.00000000000        28.33829    
   2406.25000000000        57.55762    
   2437.50000000000        93.15495    
   2468.75000000000        13.25600    
   2500.00000000000        140.2322    
   2531.25000000000        19.17103    
   2562.50000000000        58.50772    
   2593.75000000000        99.62752    
   2625.00000000000        34.44995    
   2656.25000000000        51.83709    
   2687.50000000000        136.3870    
   2718.75000000000        65.54840    
   2750.00000000000        71.93312    
   2781.25000000000        49.58434    
   2812.50000000000        146.1687    
   2843.75000000000        59.38697    
   2875.00000000000        130.6171    
   2906.25000000000        32.70638    
   2937.50000000000        198.8798    
   2968.75000000000        110.2816    
   3000.00000000000        110.2911    
   3031.25000000000        183.8004    
   3062.50000000000        223.6033    
   3093.75000000000        192.6886    
   3125.00000000000        135.0441    
   3156.25000000000        242.9059    
   3187.50000000000        104.6032    
   3218.75000000000        241.8447    
   3250.00000000000        186.2865    
   3281.25000000000        226.7281    
   3312.50000000000        240.0460    
   3343.75000000000        125.4875    
   3375.00000000000        126.0397    
   3406.25000000000        425.2449    
   3437.50000000000        149.7937    
   3468.75000000000        266.2842    
   3500.00000000000        271.5546    
   3531.25000000000        89.07863    
   3562.50000000000        249.8957    
   3593.75000000000        211.0129    
   3625.00000000000        156.7304    
   3656.25000000000        341.5475    
   3687.50000000000        284.6071    
   3718.75000000000        311.4993    
   3750.00000000000        233.6109    
   3781.25000000000        401.7978    
   3812.50000000000        266.9229    
   3843.75000000000        379.8388    
   3875.00000000000        327.5211    
   3906.25000000000        219.4999    
   3937.50000000000        463.6687    
   3968.75000000000        377.6366    
