  -2000.00000000000        8.480987    
  -1984.37500000000        4.915705    
  -1968.75000000000        10.98059    
  -1953.12500000000        11.13526    
  -1937.50000000000        19.00964    
  -1921.87500000000        27.49658    
  -1906.25000000000        5.983750    
  -1890.62500000000        15.87259    
  -1875.00000000000        6.495096    
  -1859.37500000000        15.55294    
  -1843.75000000000        10.89075    
  -1828.12500000000        20.91717    
  -1812.50000000000        7.579280    
  -1796.87500000000        3.209579    
  -1781.25000000000        15.56810    
  -1765.62500000000        10.60955    
  -1750.00000000000        49.19949    
  -1734.37500000000        20.14360    
  -1718.75000000000        9.881209    
  -1703.12500000000        3.127525    
  -1687.50000000000        8.594151    
  -1671.87500000000        11.16419    
  -1656.25000000000        9.389531    
  -1640.62500000000        9.890367    
  -1625.00000000000        5.023188    
  -1609.37500000000        9.528001    
  -1593.75000000000        9.789333    
  -1578.12500000000        14.77434    
  -1562.50000000000        5.980929    
  -1546.87500000000        53.03535    
  -1531.25000000000        17.06130    
  -1515.62500000000        13.31949    
  -1500.00000000000        29.57133    
  -1484.37500000000        14.26752    
  -1468.75000000000       0.8794513    
  -1453.12500000000        6.794406    
  -1437.50000000000        5.613502    
  -1421.87500000000        15.80934    
  -1406.25000000000        13.48157    
  -1390.62500000000        8.618701    
  -1375.00000000000        6.977102    
  -1359.37500000000        25.59669    
  -1343.75000000000        14.11205    
  -1328.12500000000        12.47855    
  -1312.50000000000        9.921474    
  -1296.87500000000        30.07751    
  -1281.25000000000        16.81350    
  -1265.62500000000        11.78060    
  -1250.00000000000        41.83640    
  -1234.37500000000        24.39161    
  -1218.75000000000        13.27503    
  -1203.12500000000        33.61572    
  -1187.50000000000        34.74182    
  -1171.87500000000        105.3506    
  -1156.25000000000        100.8354    
  -1140.62500000000        25.28776    
  -1125.00000000000        11.59270    
  -1109.37500000000        10.04219    
  -1093.75000000000        6.935489    
  -1078.12500000000        4.935457    
  -1062.50000000000        5.254779    
  -1046.87500000000        2.438072    
  -1031.25000000000        5.150528    
  -1015.62500000000        4.966668    
  -1000.00000000000        3.554809    
  -984.375000000000        14.01528    
  -968.750000000000        126.1881    
  -953.125000000000        29.66099    
  -937.500000000000        16.93072    
  -921.875000000000        39.99180    
  -906.250000000000        36.87868    
  -890.625000000000        18.98482    
  -875.000000000000        13.84225    
  -859.375000000000        14.40259    
  -843.750000000000        18.63004    
  -828.125000000000        21.75529    
  -812.500000000000        19.53048    
  -796.875000000000        27.04611    
  -781.250000000000        83.68291    
  -765.625000000000        80.77423    
  -750.000000000000        25.60468    
  -734.375000000000        20.01702    
  -718.750000000000        37.12455    
  -703.125000000000        35.91920    
  -687.500000000000        28.21984    
  -671.875000000000        34.58565    
  -656.250000000000        44.55261    
  -640.625000000000        38.83410    
  -625.000000000000        71.53762    
  -609.375000000000        109.4139    
  -593.750000000000        226.0783    
  -578.125000000000        656.4154    
  -562.500000000000        109.6117    
  -546.875000000000        31.63733    
  -531.250000000000        60.75730    
  -515.625000000000        40.37574    
  -500.000000000000        19.99406    
  -484.375000000000        6.203463    
  -468.750000000000        15.84846    
  -453.125000000000        20.38231    
  -437.500000000000        26.40326    
  -421.875000000000        20.20897    
  -406.250000000000        54.34794    
  -390.625000000000        295.3898    
  -375.000000000000        67.62988    
  -359.375000000000        45.06048    
  -343.750000000000        17.19054    
  -328.125000000000        19.85877    
  -312.500000000000        38.11902    
  -296.875000000000        43.18132    
  -281.250000000000        20.82043    
  -265.625000000000        44.89362    
  -250.000000000000        55.06491    
  -234.375000000000        51.31190    
  -218.750000000000        101.4253    
  -203.125000000000        370.0001    
  -187.500000000000        450.1947    
  -171.875000000000        139.0107    
  -156.250000000000        75.09808    
  -140.625000000000        56.86427    
  -125.000000000000        47.63028    
  -109.375000000000        38.68966    
  -93.7500000000000        20.40445    
  -78.1250000000000        55.33994    
  -62.5000000000000        21.70953    
  -46.8750000000000        27.24294    
  -31.2500000000000        16.12713    
  -15.6250000000000        72.85109    
  0.000000000000000E+000   15277.93    
   15.6250000000000        70.98618    
   31.2500000000000        38.53918    
   46.8750000000000        55.15914    
   62.5000000000000        14.18869    
   78.1250000000000        51.76606    
   93.7500000000000        19.45726    
   109.375000000000        20.05274    
   125.000000000000        31.13535    
   140.625000000000        38.95497    
   156.250000000000        45.24199    
   171.875000000000        69.12665    
   187.500000000000        208.1089    
   203.125000000000        136.5846    
   218.750000000000        67.66509    
   234.375000000000        33.37925    
   250.000000000000        48.98033    
   265.625000000000        19.16000    
   281.250000000000        24.10680    
   296.875000000000        13.71698    
   312.500000000000        33.87638    
   328.125000000000        12.79197    
   343.750000000000        17.95214    
   359.375000000000        50.53234    
   375.000000000000        127.6271    
   390.625000000000        363.3454    
   406.250000000000        81.77787    
   421.875000000000        37.40843    
   437.500000000000        48.72478    
   453.125000000000        22.40178    
   468.750000000000        16.84254    
   484.375000000000        15.15279    
   500.000000000000        37.50134    
   515.625000000000        40.82488    
   531.250000000000        58.53403    
   546.875000000000        48.93626    
   562.500000000000        114.5926    
   578.125000000000        688.7845    
   593.750000000000        255.6913    
   609.375000000000        117.0589    
   625.000000000000        75.46709    
   640.625000000000        45.30346    
   656.250000000000        50.48741    
   671.875000000000        44.08066    
   687.500000000000        39.09264    
   703.125000000000        33.21680    
   718.750000000000        42.63927    
   734.375000000000        38.32624    
   750.000000000000        52.71000    
   765.625000000000        148.5551    
   781.250000000000        168.7668    
   796.875000000000        45.15121    
   812.500000000000        24.37163    
   828.125000000000        21.39558    
   843.750000000000        15.13373    
   859.375000000000        7.274522    
   875.000000000000        13.69822    
   890.625000000000        16.44705    
   906.250000000000        28.32061    
   921.875000000000        46.41467    
   937.500000000000        18.18624    
   953.125000000000        18.61578    
   968.750000000000        72.61639    
   984.375000000000        13.69066    
   1000.00000000000       0.9932144    
   1015.62500000000        4.303048    
   1031.25000000000        3.808461    
   1046.87500000000        6.683360    
   1062.50000000000        7.462817    
   1078.12500000000        4.022287    
   1093.75000000000        15.32665    
   1109.37500000000        21.09638    
   1125.00000000000        8.646783    
   1140.62500000000        23.46733    
   1156.25000000000        85.64035    
   1171.87500000000        88.67750    
   1187.50000000000        30.78847    
   1203.12500000000        26.47976    
   1218.75000000000        9.975404    
   1234.37500000000        11.60844    
   1250.00000000000        37.76240    
   1265.62500000000        6.452401    
   1281.25000000000        1.403090    
   1296.87500000000        19.33556    
   1312.50000000000        5.343289    
   1328.12500000000        7.546751    
   1343.75000000000        7.305611    
   1359.37500000000        9.932808    
   1375.00000000000        5.134562    
   1390.62500000000        9.474409    
   1406.25000000000        9.532363    
   1421.87500000000        11.20041    
   1437.50000000000        7.958932    
   1453.12500000000        5.785816    
   1468.75000000000        4.384377    
   1484.37500000000        9.142670    
   1500.00000000000        26.97798    
   1515.62500000000        7.621417    
   1531.25000000000        9.009939    
   1546.87500000000        28.98982    
   1562.50000000000        18.17736    
   1578.12500000000        23.80620    
   1593.75000000000        11.40330    
   1609.37500000000        7.114643    
   1625.00000000000       0.1403320    
   1640.62500000000        10.55951    
   1656.25000000000        7.978297    
   1671.87500000000        9.376021    
   1687.50000000000        3.408470    
   1703.12500000000        3.788248    
   1718.75000000000        12.76051    
   1734.37500000000        10.67030    
   1750.00000000000        45.94839    
   1765.62500000000        11.26931    
   1781.25000000000        14.49321    
   1796.87500000000        4.079127    
   1812.50000000000        10.86721    
   1828.12500000000        19.30604    
   1843.75000000000        6.338763    
   1859.37500000000        10.92198    
   1875.00000000000        14.92493    
   1890.62500000000        17.70124    
   1906.25000000000        11.31044    
   1921.87500000000        25.73494    
   1937.50000000000        3.926448    
   1953.12500000000        14.72384    
   1968.75000000000        13.43317    
   1984.37500000000        4.907944    
