  -4000.00000000000        195.6945    
  -3968.75000000000        360.7390    
  -3937.50000000000        456.3634    
  -3906.25000000000        214.0788    
  -3875.00000000000        324.6563    
  -3843.75000000000        365.3844    
  -3812.50000000000        261.8113    
  -3781.25000000000        387.4401    
  -3750.00000000000        234.2206    
  -3718.75000000000        300.0279    
  -3687.50000000000        274.8263    
  -3656.25000000000        335.7342    
  -3625.00000000000        154.8739    
  -3593.75000000000        210.6362    
  -3562.50000000000        237.4613    
  -3531.25000000000        83.62341    
  -3500.00000000000        268.8892    
  -3468.75000000000        252.2421    
  -3437.50000000000        146.1168    
  -3406.25000000000        416.8874    
  -3375.00000000000        126.1818    
  -3343.75000000000        121.6460    
  -3312.50000000000        231.9765    
  -3281.25000000000        213.5538    
  -3250.00000000000        183.8703    
  -3218.75000000000        224.7390    
  -3187.50000000000        100.4567    
  -3156.25000000000        238.1825    
  -3125.00000000000        140.8494    
  -3093.75000000000        189.0781    
  -3062.50000000000        218.6187    
  -3031.25000000000        173.8550    
  -3000.00000000000        107.9557    
  -2968.75000000000        106.5720    
  -2937.50000000000        195.0609    
  -2906.25000000000        26.24512    
  -2875.00000000000        128.0799    
  -2843.75000000000        59.13681    
  -2812.50000000000        138.2218    
  -2781.25000000000        46.92002    
  -2750.00000000000        68.56228    
  -2718.75000000000        69.74318    
  -2687.50000000000        133.0659    
  -2656.25000000000        53.42883    
  -2625.00000000000        33.58087    
  -2593.75000000000        94.86582    
  -2562.50000000000        61.53683    
  -2531.25000000000        17.78140    
  -2500.00000000000        137.4497    
  -2468.75000000000        12.07344    
  -2437.50000000000        92.73127    
  -2406.25000000000        51.13560    
  -2375.00000000000        22.50010    
  -2343.75000000000        138.9442    
  -2312.50000000000        84.87707    
  -2281.25000000000        38.35518    
  -2250.00000000000        51.08501    
  -2218.75000000000        71.42234    
  -2187.50000000000        103.0845    
  -2156.25000000000        105.6864    
  -2125.00000000000        64.03715    
  -2093.75000000000        83.18385    
  -2062.50000000000        63.58726    
  -2031.25000000000        18.94136    
  -2000.00000000000        44.12768    
  -1968.75000000000        67.29976    
  -1937.50000000000        49.22958    
  -1906.25000000000        32.37107    
  -1875.00000000000        78.97930    
  -1843.75000000000        92.70448    
  -1812.50000000000        244.8105    
  -1781.25000000000        291.1448    
  -1750.00000000000        145.7467    
  -1718.75000000000        102.6706    
  -1687.50000000000        141.2241    
  -1656.25000000000        164.6272    
  -1625.00000000000        100.3037    
  -1593.75000000000        51.64686    
  -1562.50000000000        197.9108    
  -1531.25000000000        112.2638    
  -1500.00000000000        32.14853    
  -1468.75000000000        72.75405    
  -1437.50000000000        42.44745    
  -1406.25000000000        78.51207    
  -1375.00000000000        127.5586    
  -1343.75000000000        109.0536    
  -1312.50000000000        84.45210    
  -1281.25000000000        73.85755    
  -1250.00000000000        219.8071    
  -1218.75000000000        40.71239    
  -1187.50000000000        39.93237    
  -1156.25000000000        144.4528    
  -1125.00000000000        32.47327    
  -1093.75000000000        85.57551    
  -1062.50000000000        162.2102    
  -1031.25000000000        71.23220    
  -1000.00000000000        91.70075    
  -968.750000000000        88.61085    
  -937.500000000000        40.11471    
  -906.250000000000        162.6683    
  -875.000000000000        80.96127    
  -843.750000000000        126.8618    
  -812.500000000000        223.1874    
  -781.250000000000        269.2794    
  -750.000000000000        205.7176    
  -718.750000000000        273.6227    
  -687.500000000000        229.6465    
  -656.250000000000        396.0027    
  -625.000000000000        32.01733    
  -593.750000000000        297.5802    
  -562.500000000000        121.8346    
  -531.250000000000        191.7502    
  -500.000000000000        305.7875    
  -468.750000000000        69.70956    
  -437.500000000000        225.0198    
  -406.250000000000        288.2068    
  -375.000000000000        629.8988    
  -343.750000000000        1029.147    
  -312.500000000000        541.8566    
  -281.250000000000        758.3295    
  -250.000000000000        390.6632    
  -218.750000000000        47.00299    
  -187.500000000000        348.1811    
  -156.250000000000        1347.251    
  -125.000000000000        1319.840    
  -93.7500000000000        459.0881    
  -62.5000000000000        1296.192    
  -31.2500000000000        2270.321    
  0.000000000000000E+000   5960.582    
   31.2500000000000        2284.425    
   62.5000000000000        1306.912    
   93.7500000000000        478.8997    
   125.000000000000        1323.523    
   156.250000000000        1334.954    
   187.500000000000        348.8024    
   218.750000000000        47.65995    
   250.000000000000        368.9619    
   281.250000000000        736.9649    
   312.500000000000        538.8814    
   343.750000000000        1037.094    
   375.000000000000        633.7928    
   406.250000000000        275.7189    
   437.500000000000        216.4251    
   468.750000000000        64.62244    
   500.000000000000        300.6259    
   531.250000000000        186.7719    
   562.500000000000        123.5781    
   593.750000000000        299.6815    
   625.000000000000        46.53354    
   656.250000000000        406.3081    
   687.500000000000        222.8004    
   718.750000000000        269.2208    
   750.000000000000        209.5118    
   781.250000000000        274.5125    
   812.500000000000        224.6757    
   843.750000000000        124.3336    
   875.000000000000        85.05016    
   906.250000000000        159.7078    
   937.500000000000        32.26435    
   968.750000000000        90.65812    
   1000.00000000000        90.14987    
   1031.25000000000        65.26332    
   1062.50000000000        159.3935    
   1093.75000000000        89.82196    
   1125.00000000000        31.21038    
   1156.25000000000        141.4086    
   1187.50000000000        37.34134    
   1218.75000000000        43.77735    
   1250.00000000000        224.4707    
   1281.25000000000        73.30446    
   1312.50000000000        84.95832    
   1343.75000000000        107.3603    
   1375.00000000000        130.8803    
   1406.25000000000        82.33801    
   1437.50000000000        43.41446    
   1468.75000000000        70.37782    
   1500.00000000000        31.76293    
   1531.25000000000        115.6797    
   1562.50000000000        198.5410    
   1593.75000000000        53.17154    
   1625.00000000000        102.4363    
   1656.25000000000        163.4115    
   1687.50000000000        141.2744    
   1718.75000000000        100.8536    
   1750.00000000000        145.1923    
   1781.25000000000        287.5424    
   1812.50000000000        243.2311    
   1843.75000000000        90.76514    
   1875.00000000000        76.99528    
   1906.25000000000        32.24834    
   1937.50000000000        50.42057    
   1968.75000000000        66.44719    
   2000.00000000000        41.92104    
   2031.25000000000        19.57798    
   2062.50000000000        64.55087    
   2093.75000000000        82.54106    
   2125.00000000000        63.58603    
   2156.25000000000        105.5478    
   2187.50000000000        101.9156    
   2218.75000000000        71.02583    
   2250.00000000000        51.13794    
   2281.25000000000        39.82494    
   2312.50000000000        83.72636    
   2343.75000000000        138.2863    
   2375.00000000000        22.49993    
   2406.25000000000        51.08108    
   2437.50000000000        92.23420    
   2468.75000000000        11.27628    
   2500.00000000000        138.0401    
   2531.25000000000        18.57790    
   2562.50000000000        61.40029    
   2593.75000000000        94.61951    
   2625.00000000000        33.73705    
   2656.25000000000        52.81597    
   2687.50000000000        132.4267    
   2718.75000000000        69.75208    
   2750.00000000000        68.29666    
   2781.25000000000        46.75977    
   2812.50000000000        138.1790    
   2843.75000000000        59.60752    
   2875.00000000000        129.1132    
   2906.25000000000        26.19836    
   2937.50000000000        195.2523    
   2968.75000000000        105.9342    
   3000.00000000000        108.6317    
   3031.25000000000        174.4167    
   3062.50000000000        218.4982    
   3093.75000000000        188.4546    
   3125.00000000000        139.4930    
   3156.25000000000        238.3248    
   3187.50000000000        100.8092    
   3218.75000000000        227.3686    
   3250.00000000000        185.3654    
   3281.25000000000        216.1052    
   3312.50000000000        230.0593    
   3343.75000000000        121.2592    
   3375.00000000000        126.1526    
   3406.25000000000        416.7516    
   3437.50000000000        145.8049    
   3468.75000000000        254.8407    
   3500.00000000000        267.6147    
   3531.25000000000        82.90828    
   3562.50000000000        238.8721    
   3593.75000000000        209.1346    
   3625.00000000000        152.8015    
   3656.25000000000        334.8602    
   3687.50000000000        274.3533    
   3718.75000000000        298.7363    
   3750.00000000000        234.1300    
   3781.25000000000        389.1917    
   3812.50000000000        260.6288    
   3843.75000000000        367.9700    
   3875.00000000000        323.3763    
   3906.25000000000        213.9900    
   3937.50000000000        455.2649    
   3968.75000000000        361.5171    
