  -2000.00000000000        18.31841    
  -1984.37500000000        6.461757    
  -1968.75000000000        8.754161    
  -1953.12500000000        10.26600    
  -1937.50000000000        22.27623    
  -1921.87500000000        10.05568    
  -1906.25000000000        13.96762    
  -1890.62500000000        11.34399    
  -1875.00000000000        16.12485    
  -1859.37500000000        24.12622    
  -1843.75000000000        10.06895    
  -1828.12500000000        17.52552    
  -1812.50000000000        13.67579    
  -1796.87500000000        13.97597    
  -1781.25000000000        8.405172    
  -1765.62500000000        6.951509    
  -1750.00000000000        26.45236    
  -1734.37500000000        10.89719    
  -1718.75000000000        8.981132    
  -1703.12500000000        2.255777    
  -1687.50000000000        6.123415    
  -1671.87500000000        16.37874    
  -1656.25000000000        10.07739    
  -1640.62500000000        8.077168    
  -1625.00000000000        4.491668    
  -1609.37500000000        6.756642    
  -1593.75000000000        12.53150    
  -1578.12500000000        6.775251    
  -1562.50000000000        25.49302    
  -1546.87500000000        46.13150    
  -1531.25000000000        6.883523    
  -1515.62500000000        10.83358    
  -1500.00000000000        30.04800    
  -1484.37500000000        10.28821    
  -1468.75000000000        5.679884    
  -1453.12500000000        4.345550    
  -1437.50000000000        7.593895    
  -1421.87500000000        8.268664    
  -1406.25000000000        1.690302    
  -1390.62500000000        12.22110    
  -1375.00000000000        8.540623    
  -1359.37500000000        36.44959    
  -1343.75000000000        9.167089    
  -1328.12500000000        13.21008    
  -1312.50000000000        5.582670    
  -1296.87500000000        26.93232    
  -1281.25000000000        3.235647    
  -1265.62500000000        4.054088    
  -1250.00000000000        29.58987    
  -1234.37500000000        30.17178    
  -1218.75000000000        8.275280    
  -1203.12500000000        24.63968    
  -1187.50000000000        35.65439    
  -1171.87500000000        91.80257    
  -1156.25000000000        91.99475    
  -1140.62500000000        22.17627    
  -1125.00000000000        16.34182    
  -1109.37500000000        7.537746    
  -1093.75000000000        11.06838    
  -1078.12500000000        13.37811    
  -1062.50000000000        5.609138    
  -1046.87500000000        16.65686    
  -1031.25000000000        5.353100    
  -1015.62500000000        10.97749    
  -1000.00000000000        4.771520    
  -984.375000000000        9.647214    
  -968.750000000000        94.58923    
  -953.125000000000        18.27128    
  -937.500000000000        13.21209    
  -921.875000000000        36.14539    
  -906.250000000000        31.33451    
  -890.625000000000        11.05088    
  -875.000000000000        13.80246    
  -859.375000000000        13.27698    
  -843.750000000000        29.21629    
  -828.125000000000        19.31063    
  -812.500000000000        15.02252    
  -796.875000000000        32.80973    
  -781.250000000000        93.16961    
  -765.625000000000        85.45279    
  -750.000000000000        20.92059    
  -734.375000000000        20.74933    
  -718.750000000000        29.43829    
  -703.125000000000        7.828338    
  -687.500000000000        24.14590    
  -671.875000000000        21.34018    
  -656.250000000000        33.19952    
  -640.625000000000        25.04833    
  -625.000000000000        51.37268    
  -609.375000000000        78.88493    
  -593.750000000000        171.6663    
  -578.125000000000        460.4401    
  -562.500000000000        78.79013    
  -546.875000000000        27.78206    
  -531.250000000000        44.21328    
  -515.625000000000        38.66171    
  -500.000000000000        17.50178    
  -484.375000000000        11.57770    
  -468.750000000000        14.33045    
  -453.125000000000        2.293623    
  -437.500000000000        27.18420    
  -421.875000000000        21.50728    
  -406.250000000000        50.80988    
  -390.625000000000        148.4891    
  -375.000000000000        59.61669    
  -359.375000000000        21.41329    
  -343.750000000000        6.612516    
  -328.125000000000        13.98071    
  -312.500000000000        19.69623    
  -296.875000000000        21.60095    
  -281.250000000000        12.33542    
  -265.625000000000        20.08591    
  -250.000000000000        37.48593    
  -234.375000000000        21.69992    
  -218.750000000000        59.19286    
  -203.125000000000        217.8170    
  -187.500000000000        255.7646    
  -171.875000000000        79.17570    
  -156.250000000000        34.42780    
  -140.625000000000        34.32465    
  -125.000000000000        12.85799    
  -109.375000000000        14.53006    
  -93.7500000000000        5.379893    
  -78.1250000000000        45.95759    
  -62.5000000000000        19.61726    
  -46.8750000000000        17.28748    
  -31.2500000000000        9.211146    
  -15.6250000000000        51.72571    
  0.000000000000000E+000   11876.61    
   15.6250000000000        47.68521    
   31.2500000000000        19.28255    
   46.8750000000000        26.08364    
   62.5000000000000        18.24707    
   78.1250000000000        44.87113    
   93.7500000000000        10.48952    
   109.375000000000        3.389242    
   125.000000000000        22.16042    
   140.625000000000        22.53147    
   156.250000000000        27.55598    
   171.875000000000        44.38091    
   187.500000000000        153.7376    
   203.125000000000        128.5094    
   218.750000000000        34.29316    
   234.375000000000        10.93040    
   250.000000000000        31.42944    
   265.625000000000        4.996610    
   281.250000000000        9.796837    
   296.875000000000        13.51229    
   312.500000000000        20.43031    
   328.125000000000        2.321455    
   343.750000000000        5.445701    
   359.375000000000        27.10213    
   375.000000000000        78.95016    
   390.625000000000        169.0944    
   406.250000000000        51.48187    
   421.875000000000        22.80325    
   437.500000000000        29.17090    
   453.125000000000        13.18319    
   468.750000000000        11.86204    
   484.375000000000        8.675515    
   500.000000000000        23.73277    
   515.625000000000        22.19820    
   531.250000000000        42.74330    
   546.875000000000        27.49239    
   562.500000000000        70.41086    
   578.125000000000        487.6544    
   593.750000000000        181.9408    
   609.375000000000        79.32324    
   625.000000000000        47.60281    
   640.625000000000        27.13152    
   656.250000000000        35.08410    
   671.875000000000        32.48329    
   687.500000000000        25.11109    
   703.125000000000        28.72999    
   718.750000000000        23.88190    
   734.375000000000        26.26475    
   750.000000000000        28.49028    
   765.625000000000        83.65046    
   781.250000000000        100.4914    
   796.875000000000        29.95540    
   812.500000000000        12.88423    
   828.125000000000        12.96482    
   843.750000000000        6.208416    
   859.375000000000        22.71800    
   875.000000000000        14.53501    
   890.625000000000        18.65823    
   906.250000000000        38.26299    
   921.875000000000        24.32971    
   937.500000000000        6.532637    
   953.125000000000        20.60497    
   968.750000000000        101.3308    
   984.375000000000        13.94933    
   1000.00000000000        5.098042    
   1015.62500000000        7.383412    
   1031.25000000000        11.59756    
   1046.87500000000        6.966477    
   1062.50000000000        13.08375    
   1078.12500000000        16.52824    
   1093.75000000000        15.43904    
   1109.37500000000        18.12749    
   1125.00000000000        15.16801    
   1140.62500000000        24.29771    
   1156.25000000000        108.7621    
   1171.87500000000        84.27644    
   1187.50000000000        34.81686    
   1203.12500000000        23.87930    
   1218.75000000000        10.93926    
   1234.37500000000        27.33811    
   1250.00000000000        30.45077    
   1265.62500000000        6.098410    
   1281.25000000000        21.82868    
   1296.87500000000        31.19625    
   1312.50000000000        11.34470    
   1328.12500000000        7.290650    
   1343.75000000000        16.44053    
   1359.37500000000        31.40988    
   1375.00000000000        19.28870    
   1390.62500000000        11.47420    
   1406.25000000000        13.48944    
   1421.87500000000        17.98238    
   1437.50000000000        10.82295    
   1453.12500000000        9.304001    
   1468.75000000000        3.866549    
   1484.37500000000        21.77055    
   1500.00000000000        34.48956    
   1515.62500000000        13.19486    
   1531.25000000000        19.33006    
   1546.87500000000        51.54183    
   1562.50000000000        4.390425    
   1578.12500000000        15.12719    
   1593.75000000000        7.131175    
   1609.37500000000        18.24568    
   1625.00000000000        7.712018    
   1640.62500000000        9.518516    
   1656.25000000000        6.084357    
   1671.87500000000        13.47056    
   1687.50000000000        5.286404    
   1703.12500000000        7.107939    
   1718.75000000000        6.329825    
   1734.37500000000        14.66242    
   1750.00000000000        17.22361    
   1765.62500000000        6.727139    
   1781.25000000000        9.837774    
   1796.87500000000        14.08695    
   1812.50000000000        3.123084    
   1828.12500000000        11.13337    
   1843.75000000000        4.750479    
   1859.37500000000        25.54273    
   1875.00000000000        6.705730    
   1890.62500000000        15.88304    
   1906.25000000000        10.14312    
   1921.87500000000        15.45965    
   1937.50000000000        20.30054    
   1953.12500000000        17.29126    
   1968.75000000000        9.745138    
   1984.37500000000        2.688419    
