  -2000.00000000000        5.422769    
  -1984.37500000000        2.390685    
  -1968.75000000000        6.431687    
  -1953.12500000000        8.264215    
  -1937.50000000000        7.968975    
  -1921.87500000000        13.23044    
  -1906.25000000000        4.401477    
  -1890.62500000000        8.193066    
  -1875.00000000000        4.183764    
  -1859.37500000000        3.019873    
  -1843.75000000000        4.104268    
  -1828.12500000000        9.835579    
  -1812.50000000000        3.934412    
  -1796.87500000000        3.452243    
  -1781.25000000000        8.038538    
  -1765.62500000000        4.160911    
  -1750.00000000000        23.40339    
  -1734.37500000000        5.510134    
  -1718.75000000000        6.777751    
  -1703.12500000000        1.746354    
  -1687.50000000000        3.672060    
  -1671.87500000000        6.081567    
  -1656.25000000000        3.816506    
  -1640.62500000000        6.004280    
  -1625.00000000000       0.7358158    
  -1609.37500000000        4.325232    
  -1593.75000000000        5.820601    
  -1578.12500000000        10.50573    
  -1562.50000000000        7.714028    
  -1546.87500000000        25.27414    
  -1531.25000000000        6.258298    
  -1515.62500000000        6.507025    
  -1500.00000000000        15.38097    
  -1484.37500000000        8.150039    
  -1468.75000000000        2.437066    
  -1453.12500000000        3.662412    
  -1437.50000000000        3.785912    
  -1421.87500000000        7.724728    
  -1406.25000000000        6.280882    
  -1390.62500000000        5.443540    
  -1375.00000000000        1.044961    
  -1359.37500000000        18.66873    
  -1343.75000000000        7.563159    
  -1328.12500000000        5.635231    
  -1312.50000000000        4.629961    
  -1296.87500000000        12.60256    
  -1281.25000000000        4.379412    
  -1265.62500000000        5.694695    
  -1250.00000000000        22.45012    
  -1234.37500000000        9.564603    
  -1218.75000000000        6.216460    
  -1203.12500000000        15.75545    
  -1187.50000000000        18.37160    
  -1171.87500000000        51.50023    
  -1156.25000000000        49.63738    
  -1140.62500000000        11.94245    
  -1125.00000000000        4.803977    
  -1109.37500000000        9.591640    
  -1093.75000000000        1.507241    
  -1078.12500000000        3.681953    
  -1062.50000000000        2.872156    
  -1046.87500000000        2.432700    
  -1031.25000000000        4.082554    
  -1015.62500000000        3.676744    
  -1000.00000000000        1.345077    
  -984.375000000000        7.986993    
  -968.750000000000        54.14784    
  -953.125000000000        14.47316    
  -937.500000000000        9.511191    
  -921.875000000000        23.97140    
  -906.250000000000        16.93008    
  -890.625000000000        7.730000    
  -875.000000000000        6.264408    
  -859.375000000000        6.982061    
  -843.750000000000        6.713763    
  -828.125000000000        10.93426    
  -812.500000000000        12.98644    
  -796.875000000000        22.47563    
  -781.250000000000        77.90299    
  -765.625000000000        68.60425    
  -750.000000000000        22.60710    
  -734.375000000000        17.69983    
  -718.750000000000        22.06049    
  -703.125000000000        19.52717    
  -687.500000000000        19.53648    
  -671.875000000000        21.04930    
  -656.250000000000        26.77225    
  -640.625000000000        24.21490    
  -625.000000000000        40.49898    
  -609.375000000000        61.03619    
  -593.750000000000        132.9779    
  -578.125000000000        369.2449    
  -562.500000000000        62.17284    
  -546.875000000000        21.91556    
  -531.250000000000        30.85979    
  -515.625000000000        19.80746    
  -500.000000000000        15.78308    
  -484.375000000000        6.783780    
  -468.750000000000        8.146115    
  -453.125000000000        12.85354    
  -437.500000000000        22.74171    
  -421.875000000000        16.21659    
  -406.250000000000        40.66247    
  -390.625000000000        159.8559    
  -375.000000000000        55.06401    
  -359.375000000000        24.32454    
  -343.750000000000        4.675129    
  -328.125000000000        7.389694    
  -312.500000000000        18.37135    
  -296.875000000000        14.20956    
  -281.250000000000        11.21776    
  -265.625000000000        15.65740    
  -250.000000000000        21.94240    
  -234.375000000000        15.97525    
  -218.750000000000        39.44453    
  -203.125000000000        142.4411    
  -187.500000000000        165.5566    
  -171.875000000000        51.09636    
  -156.250000000000        26.80432    
  -140.625000000000        23.16000    
  -125.000000000000        21.51208    
  -109.375000000000        9.357022    
  -93.7500000000000       0.6906133    
  -78.1250000000000        28.87913    
  -62.5000000000000        11.21180    
  -46.8750000000000        19.99868    
  -31.2500000000000        13.49825    
  -15.6250000000000        42.44939    
  0.000000000000000E+000   8780.906    
   15.6250000000000        42.80055    
   31.2500000000000        14.65259    
   46.8750000000000        21.43503    
   62.5000000000000        10.04382    
   78.1250000000000        28.19507    
   93.7500000000000        1.326373    
   109.375000000000        8.615189    
   125.000000000000        21.12921    
   140.625000000000        22.24185    
   156.250000000000        24.87773    
   171.875000000000        45.98527    
   187.500000000000        149.6100    
   203.125000000000        127.4519    
   218.750000000000        37.33376    
   234.375000000000        14.60702    
   250.000000000000        23.09596    
   265.625000000000        13.63554    
   281.250000000000        11.47024    
   296.875000000000        12.45167    
   312.500000000000        18.39423    
   328.125000000000        6.654517    
   343.750000000000        5.299854    
   359.375000000000        24.91844    
   375.000000000000        59.24345    
   390.625000000000        162.0362    
   406.250000000000        42.12619    
   421.875000000000        16.61363    
   437.500000000000        22.25208    
   453.125000000000        13.72912    
   468.750000000000        8.734815    
   484.375000000000        6.996914    
   500.000000000000        17.44912    
   515.625000000000        20.76152    
   531.250000000000        31.68510    
   546.875000000000        22.96009    
   562.500000000000        64.62549    
   578.125000000000        385.3335    
   593.750000000000        136.2795    
   609.375000000000        62.73240    
   625.000000000000        41.47654    
   640.625000000000        25.12324    
   656.250000000000        27.30570    
   671.875000000000        21.60036    
   687.500000000000        19.62700    
   703.125000000000        19.29124    
   718.750000000000        21.10567    
   734.375000000000        16.81968    
   750.000000000000        21.02111    
   765.625000000000        62.26932    
   781.250000000000        66.09292    
   796.875000000000        19.24294    
   812.500000000000        11.50025    
   828.125000000000        9.810248    
   843.750000000000        6.222615    
   859.375000000000        6.061690    
   875.000000000000        5.853507    
   890.625000000000        7.126341    
   906.250000000000        16.87914    
   921.875000000000        25.18384    
   937.500000000000        10.21490    
   953.125000000000        14.12748    
   968.750000000000        49.72192    
   984.375000000000        8.020055    
   1000.00000000000        1.474123    
   1015.62500000000        3.144522    
   1031.25000000000        4.148128    
   1046.87500000000        2.299816    
   1062.50000000000        2.718101    
   1078.12500000000        2.958766    
   1093.75000000000        1.696134    
   1109.37500000000        7.554434    
   1125.00000000000        3.493463    
   1140.62500000000        9.996764    
   1156.25000000000        43.31353    
   1171.87500000000        46.84126    
   1187.50000000000        16.75744    
   1203.12500000000        14.79229    
   1218.75000000000        5.937859    
   1234.37500000000        9.039104    
   1250.00000000000        22.55283    
   1265.62500000000        5.452433    
   1281.25000000000        3.785331    
   1296.87500000000        12.26999    
   1312.50000000000        4.607419    
   1328.12500000000        5.767579    
   1343.75000000000        7.123340    
   1359.37500000000        17.94960    
   1375.00000000000        1.247832    
   1390.62500000000        5.617113    
   1406.25000000000        6.644948    
   1421.87500000000        7.235864    
   1437.50000000000        3.368573    
   1453.12500000000        3.529448    
   1468.75000000000        2.619259    
   1484.37500000000        7.438612    
   1500.00000000000        14.47982    
   1515.62500000000        6.406448    
   1531.25000000000        6.059789    
   1546.87500000000        25.78341    
   1562.50000000000        8.220389    
   1578.12500000000        10.58685    
   1593.75000000000        6.075217    
   1609.37500000000        4.470143    
   1625.00000000000       0.5537346    
   1640.62500000000        5.883073    
   1656.25000000000        3.905831    
   1671.87500000000        4.413190    
   1687.50000000000        3.812342    
   1703.12500000000        1.994843    
   1718.75000000000        7.119100    
   1734.37500000000        6.189744    
   1750.00000000000        23.84359    
   1765.62500000000        4.501841    
   1781.25000000000        7.858393    
   1796.87500000000        3.512060    
   1812.50000000000        4.362639    
   1828.12500000000        9.347136    
   1843.75000000000        4.460654    
   1859.37500000000        2.814012    
   1875.00000000000        4.354026    
   1890.62500000000        8.750586    
   1906.25000000000        4.551540    
   1921.87500000000        13.46157    
   1937.50000000000        8.682704    
   1953.12500000000        8.560676    
   1968.75000000000        6.571099    
   1984.37500000000        2.689555    
