  -2000.00000000000        4.620168    
  -1984.37500000000        3.331905    
  -1968.75000000000        6.055082    
  -1953.12500000000        8.270944    
  -1937.50000000000        3.690680    
  -1921.87500000000        11.90038    
  -1906.25000000000        5.200026    
  -1890.62500000000        9.945674    
  -1875.00000000000        7.354580    
  -1859.37500000000       0.6305583    
  -1843.75000000000        3.534033    
  -1828.12500000000        8.947195    
  -1812.50000000000        2.815471    
  -1796.87500000000        3.353051    
  -1781.25000000000        8.538103    
  -1765.62500000000        3.504659    
  -1750.00000000000        23.27781    
  -1734.37500000000        5.836129    
  -1718.75000000000        6.462744    
  -1703.12500000000        2.008601    
  -1687.50000000000        2.600713    
  -1671.87500000000        4.949637    
  -1656.25000000000        5.084299    
  -1640.62500000000        5.026961    
  -1625.00000000000        1.701658    
  -1609.37500000000        3.801238    
  -1593.75000000000        6.094698    
  -1578.12500000000        10.84418    
  -1562.50000000000        10.24105    
  -1546.87500000000        26.09478    
  -1531.25000000000        5.682723    
  -1515.62500000000        6.143898    
  -1500.00000000000        15.67045    
  -1484.37500000000        7.113662    
  -1468.75000000000        1.445873    
  -1453.12500000000        3.837173    
  -1437.50000000000        3.658071    
  -1421.87500000000        8.112372    
  -1406.25000000000        5.519479    
  -1390.62500000000        3.901631    
  -1375.00000000000        1.536440    
  -1359.37500000000        18.40135    
  -1343.75000000000        7.969485    
  -1328.12500000000        5.830601    
  -1312.50000000000        4.202852    
  -1296.87500000000        12.25835    
  -1281.25000000000        6.214469    
  -1265.62500000000        6.282342    
  -1250.00000000000        22.42439    
  -1234.37500000000        8.945028    
  -1218.75000000000        5.156645    
  -1203.12500000000        15.06823    
  -1187.50000000000        17.60372    
  -1171.87500000000        50.13871    
  -1156.25000000000        46.23992    
  -1140.62500000000        10.98038    
  -1125.00000000000        4.183107    
  -1109.37500000000        9.060206    
  -1093.75000000000       0.6702800    
  -1078.12500000000        3.466849    
  -1062.50000000000        2.055175    
  -1046.87500000000        1.675659    
  -1031.25000000000        3.014022    
  -1015.62500000000        3.036199    
  -1000.00000000000        1.507731    
  -984.375000000000        6.955941    
  -968.750000000000        53.67141    
  -953.125000000000        15.54196    
  -937.500000000000        9.695175    
  -921.875000000000        24.21584    
  -906.250000000000        17.38066    
  -890.625000000000        6.956740    
  -875.000000000000        6.193788    
  -859.375000000000        7.020177    
  -843.750000000000        5.545949    
  -828.125000000000        9.942806    
  -812.500000000000        12.14389    
  -796.875000000000        20.99389    
  -781.250000000000        73.36510    
  -765.625000000000        66.57380    
  -750.000000000000        21.65898    
  -734.375000000000        17.67704    
  -718.750000000000        21.50838    
  -703.125000000000        19.51372    
  -687.500000000000        19.70118    
  -671.875000000000        21.76357    
  -656.250000000000        28.01532    
  -640.625000000000        24.81042    
  -625.000000000000        41.95568    
  -609.375000000000        62.82013    
  -593.750000000000        135.3930    
  -578.125000000000        380.9520    
  -562.500000000000        64.53011    
  -546.875000000000        22.79584    
  -531.250000000000        31.49870    
  -515.625000000000        20.63081    
  -500.000000000000        17.30685    
  -484.375000000000        7.206535    
  -468.750000000000        8.486418    
  -453.125000000000        13.91173    
  -437.500000000000        23.02977    
  -421.875000000000        17.29264    
  -406.250000000000        41.09554    
  -390.625000000000        143.9362    
  -375.000000000000        53.62926    
  -359.375000000000        21.36101    
  -343.750000000000        3.029581    
  -328.125000000000        7.245622    
  -312.500000000000        17.47588    
  -296.875000000000        15.69645    
  -281.250000000000        10.77216    
  -265.625000000000        17.56601    
  -250.000000000000        25.24199    
  -234.375000000000        16.88476    
  -218.750000000000        40.59472    
  -203.125000000000        154.8364    
  -187.500000000000        176.1523    
  -171.875000000000        53.98510    
  -156.250000000000        28.63411    
  -140.625000000000        24.61322    
  -125.000000000000        21.60942    
  -109.375000000000        10.54552    
  -93.7500000000000        1.845438    
  -78.1250000000000        29.53685    
  -62.5000000000000        11.78631    
  -46.8750000000000        19.26735    
  -31.2500000000000        13.42735    
  -15.6250000000000        41.95946    
  0.000000000000000E+000   8943.966    
   15.6250000000000        44.08163    
   31.2500000000000        15.26927    
   46.8750000000000        21.86028    
   62.5000000000000        9.965339    
   78.1250000000000        28.74630    
   93.7500000000000        2.251397    
   109.375000000000        7.160994    
   125.000000000000        19.84354    
   140.625000000000        21.32801    
   156.250000000000        22.38379    
   171.875000000000        42.41612    
   187.500000000000        136.4589    
   203.125000000000        121.2119    
   218.750000000000        33.69792    
   234.375000000000        11.62684    
   250.000000000000        25.92562    
   265.625000000000        12.18191    
   281.250000000000        10.37430    
   296.875000000000        11.57848    
   312.500000000000        16.92917    
   328.125000000000        5.513406    
   343.750000000000        4.270490    
   359.375000000000        23.52413    
   375.000000000000        60.47388    
   390.625000000000        155.6241    
   406.250000000000        43.27828    
   421.875000000000        18.50696    
   437.500000000000        24.03445    
   453.125000000000        13.99891    
   468.750000000000        9.423348    
   484.375000000000        7.688076    
   500.000000000000        17.73942    
   515.625000000000        21.47928    
   531.250000000000        32.20601    
   546.875000000000        24.17405    
   562.500000000000        66.17587    
   578.125000000000        395.7621    
   593.750000000000        141.5936    
   609.375000000000        64.59718    
   625.000000000000        42.88321    
   640.625000000000        25.02682    
   656.250000000000        28.88803    
   671.875000000000        22.26573    
   687.500000000000        21.85862    
   703.125000000000        20.37597    
   718.750000000000        22.02788    
   734.375000000000        18.95013    
   750.000000000000        23.56059    
   765.625000000000        69.38000    
   781.250000000000        76.46474    
   796.875000000000        20.78033    
   812.500000000000        12.06533    
   828.125000000000        10.59651    
   843.750000000000        5.699872    
   859.375000000000        5.949047    
   875.000000000000        6.112556    
   890.625000000000        6.730853    
   906.250000000000        18.32168    
   921.875000000000        25.09886    
   937.500000000000        10.22912    
   953.125000000000        13.02165    
   968.750000000000        54.84628    
   984.375000000000        7.989526    
   1000.00000000000        1.235660    
   1015.62500000000        3.727556    
   1031.25000000000        4.664206    
   1046.87500000000        2.455027    
   1062.50000000000        2.486553    
   1078.12500000000        4.292809    
   1093.75000000000        1.265922    
   1109.37500000000        10.06357    
   1125.00000000000        4.887178    
   1140.62500000000        11.29331    
   1156.25000000000        47.56581    
   1171.87500000000        50.43142    
   1187.50000000000        17.69942    
   1203.12500000000        14.91216    
   1218.75000000000        4.777178    
   1234.37500000000        8.802287    
   1250.00000000000        22.88778    
   1265.62500000000        5.631673    
   1281.25000000000        4.256747    
   1296.87500000000        12.66241    
   1312.50000000000        4.008300    
   1328.12500000000        4.789570    
   1343.75000000000        6.361689    
   1359.37500000000        15.07265    
   1375.00000000000        2.284640    
   1390.62500000000        5.962662    
   1406.25000000000        6.361575    
   1421.87500000000        8.556937    
   1437.50000000000        4.153011    
   1453.12500000000        4.438513    
   1468.75000000000        2.502803    
   1484.37500000000        7.011819    
   1500.00000000000        15.53070    
   1515.62500000000        6.016436    
   1531.25000000000        6.077422    
   1546.87500000000        26.92992    
   1562.50000000000        10.08566    
   1578.12500000000        12.07460    
   1593.75000000000        5.921432    
   1609.37500000000        5.078792    
   1625.00000000000       0.8773319    
   1640.62500000000        6.000446    
   1656.25000000000        3.784987    
   1671.87500000000        7.736690    
   1687.50000000000        3.437202    
   1703.12500000000        1.415488    
   1718.75000000000        5.707201    
   1734.37500000000        5.308511    
   1750.00000000000        18.39599    
   1765.62500000000        2.655953    
   1781.25000000000        7.554881    
   1796.87500000000        3.860810    
   1812.50000000000        3.853335    
   1828.12500000000        9.000221    
   1843.75000000000        3.985504    
   1859.37500000000       0.6998235    
   1875.00000000000        5.587046    
   1890.62500000000        9.800884    
   1906.25000000000        5.384750    
   1921.87500000000        13.38357    
   1937.50000000000        3.068542    
   1953.12500000000        9.169092    
   1968.75000000000        7.014760    
   1984.37500000000        2.010786    
