  -2000.00000000000        58.28125    
  -1984.37500000000        62.57869    
  -1968.75000000000        55.54987    
  -1953.12500000000        47.96315    
  -1937.50000000000        64.91248    
  -1921.87500000000        69.08454    
  -1906.25000000000        40.05088    
  -1890.62500000000        23.59864    
  -1875.00000000000        183.0274    
  -1859.37500000000        77.83716    
  -1843.75000000000        6.756389    
  -1828.12500000000        81.09524    
  -1812.50000000000        40.06633    
  -1796.87500000000        52.38983    
  -1781.25000000000        35.12847    
  -1765.62500000000        29.92020    
  -1750.00000000000        78.31323    
  -1734.37500000000        70.30100    
  -1718.75000000000        51.81745    
  -1703.12500000000        80.26039    
  -1687.50000000000        43.81939    
  -1671.87500000000        123.6902    
  -1656.25000000000        43.41899    
  -1640.62500000000        73.20096    
  -1625.00000000000        47.75340    
  -1609.37500000000        43.16861    
  -1593.75000000000        47.14241    
  -1578.12500000000        65.52758    
  -1562.50000000000        37.47342    
  -1546.87500000000        237.1824    
  -1531.25000000000        77.61646    
  -1515.62500000000        47.37234    
  -1500.00000000000        82.82845    
  -1484.37500000000        155.9271    
  -1468.75000000000        94.74644    
  -1453.12500000000        28.97385    
  -1437.50000000000        66.99697    
  -1421.87500000000        74.68252    
  -1406.25000000000        46.63773    
  -1390.62500000000        91.31104    
  -1375.00000000000        54.46933    
  -1359.37500000000        510.1347    
  -1343.75000000000        52.47285    
  -1328.12500000000        80.65046    
  -1312.50000000000        35.44520    
  -1296.87500000000        70.47525    
  -1281.25000000000        82.26025    
  -1265.62500000000        41.64539    
  -1250.00000000000        144.4149    
  -1234.37500000000        87.40942    
  -1218.75000000000        41.71745    
  -1203.12500000000        47.54285    
  -1187.50000000000        157.9082    
  -1171.87500000000        279.0186    
  -1156.25000000000        412.0784    
  -1140.62500000000        135.2527    
  -1125.00000000000        72.12439    
  -1109.37500000000        81.81622    
  -1093.75000000000        43.03062    
  -1078.12500000000        30.52993    
  -1062.50000000000        34.56488    
  -1046.87500000000        40.55038    
  -1031.25000000000        159.5228    
  -1015.62500000000        46.86860    
  -1000.00000000000        55.17663    
  -984.375000000000        66.28874    
  -968.750000000000        359.1180    
  -953.125000000000        221.7706    
  -937.500000000000        92.28069    
  -921.875000000000        238.0675    
  -906.250000000000        48.41211    
  -890.625000000000        53.15517    
  -875.000000000000        37.03746    
  -859.375000000000        102.8225    
  -843.750000000000        92.75215    
  -828.125000000000        139.5463    
  -812.500000000000        155.1953    
  -796.875000000000        195.4553    
  -781.250000000000        560.6701    
  -765.625000000000        212.3019    
  -750.000000000000        50.47680    
  -734.375000000000        30.53040    
  -718.750000000000        104.9981    
  -703.125000000000        35.63920    
  -687.500000000000        41.62123    
  -671.875000000000        99.27120    
  -656.250000000000        147.3378    
  -640.625000000000        113.1924    
  -625.000000000000        245.7563    
  -609.375000000000        361.3589    
  -593.750000000000        721.0915    
  -578.125000000000        2414.281    
  -562.500000000000        477.7792    
  -546.875000000000        135.3632    
  -531.250000000000        201.2087    
  -515.625000000000        172.8751    
  -500.000000000000        114.0612    
  -484.375000000000        58.16992    
  -468.750000000000        104.9634    
  -453.125000000000        105.1500    
  -437.500000000000        56.69320    
  -421.875000000000        82.93909    
  -406.250000000000        177.0011    
  -390.625000000000        1173.978    
  -375.000000000000        99.90916    
  -359.375000000000        188.5515    
  -343.750000000000        132.4002    
  -328.125000000000        155.6251    
  -312.500000000000        159.0513    
  -296.875000000000        217.9632    
  -281.250000000000        138.2360    
  -265.625000000000        283.9437    
  -250.000000000000        320.4288    
  -234.375000000000        369.4191    
  -218.750000000000        632.4063    
  -203.125000000000        2041.404    
  -187.500000000000        2787.650    
  -171.875000000000        839.3523    
  -156.250000000000        500.5155    
  -140.625000000000        328.4182    
  -125.000000000000        308.3463    
  -109.375000000000        314.8143    
  -93.7500000000000        221.5841    
  -78.1250000000000        254.2966    
  -62.5000000000000        158.1259    
  -46.8750000000000        133.6408    
  -31.2500000000000        82.36225    
  -15.6250000000000        296.6903    
  0.000000000000000E+000   47844.25    
   15.6250000000000        264.6477    
   31.2500000000000        213.7991    
   46.8750000000000        254.5066    
   62.5000000000000        110.8985    
   78.1250000000000        221.7063    
   93.7500000000000        169.8308    
   109.375000000000        177.6796    
   125.000000000000        263.2787    
   140.625000000000        229.2599    
   156.250000000000        356.6797    
   171.875000000000        598.7807    
   187.500000000000        1589.943    
   203.125000000000        870.8928    
   218.750000000000        450.8568    
   234.375000000000        279.6469    
   250.000000000000        332.7000    
   265.625000000000        143.7911    
   281.250000000000        131.5029    
   296.875000000000        91.18456    
   312.500000000000        136.8621    
   328.125000000000        83.54195    
   343.750000000000        86.13438    
   359.375000000000        161.3394    
   375.000000000000        351.6591    
   390.625000000000        1201.353    
   406.250000000000        213.8092    
   421.875000000000        148.5021    
   437.500000000000        132.8649    
   453.125000000000        71.37381    
   468.750000000000        68.98769    
   484.375000000000        52.30614    
   500.000000000000        175.2401    
   515.625000000000        170.9033    
   531.250000000000        220.6783    
   546.875000000000        259.7923    
   562.500000000000        417.9254    
   578.125000000000        2586.617    
   593.750000000000        920.3102    
   609.375000000000        370.1158    
   625.000000000000        280.2578    
   640.625000000000        178.4176    
   656.250000000000        166.9930    
   671.875000000000        179.1300    
   687.500000000000        137.7595    
   703.125000000000        106.7150    
   718.750000000000        98.42280    
   734.375000000000        150.1094    
   750.000000000000        126.5387    
   765.625000000000        396.4228    
   781.250000000000        429.9587    
   796.875000000000        68.80866    
   812.500000000000        132.2968    
   828.125000000000        91.01505    
   843.750000000000        79.00710    
   859.375000000000        67.00113    
   875.000000000000        61.13990    
   890.625000000000        23.71464    
   906.250000000000        108.7952    
   921.875000000000        205.3710    
   937.500000000000        79.88251    
   953.125000000000        83.53186    
   968.750000000000        248.4642    
   984.375000000000        101.4900    
   1000.00000000000        53.49851    
   1015.62500000000        61.59576    
   1031.25000000000        96.93479    
   1046.87500000000        58.68989    
   1062.50000000000        87.77374    
   1078.12500000000        15.21775    
   1093.75000000000        39.91312    
   1109.37500000000        52.69624    
   1125.00000000000        107.3948    
   1140.62500000000        143.4718    
   1156.25000000000        204.0546    
   1171.87500000000        252.4823    
   1187.50000000000        28.41696    
   1203.12500000000        72.59317    
   1218.75000000000        33.62718    
   1234.37500000000        16.61563    
   1250.00000000000        121.6217    
   1265.62500000000        50.92476    
   1281.25000000000        83.17961    
   1296.87500000000        46.65671    
   1312.50000000000        25.77475    
   1328.12500000000        54.42545    
   1343.75000000000        154.8964    
   1359.37500000000        456.2419    
   1375.00000000000        121.6414    
   1390.62500000000        53.64734    
   1406.25000000000        23.06019    
   1421.87500000000        102.8651    
   1437.50000000000        30.16261    
   1453.12500000000        22.51643    
   1468.75000000000        68.86985    
   1484.37500000000        73.22858    
   1500.00000000000        73.71357    
   1515.62500000000        34.93835    
   1531.25000000000        53.64592    
   1546.87500000000        157.9323    
   1562.50000000000        40.30608    
   1578.12500000000        113.9484    
   1593.75000000000        29.35267    
   1609.37500000000        13.58753    
   1625.00000000000        10.74700    
   1640.62500000000        63.60503    
   1656.25000000000        27.40873    
   1671.87500000000        68.08498    
   1687.50000000000        22.83352    
   1703.12500000000        41.89405    
   1718.75000000000        68.86040    
   1734.37500000000        72.16573    
   1750.00000000000        162.3094    
   1765.62500000000        65.98186    
   1781.25000000000        29.80550    
   1796.87500000000        109.3137    
   1812.50000000000        55.36697    
   1828.12500000000        32.11568    
   1843.75000000000        44.61615    
   1859.37500000000        95.58264    
   1875.00000000000        95.73157    
   1890.62500000000        87.37566    
   1906.25000000000        50.40327    
   1921.87500000000        52.66380    
   1937.50000000000        72.01627    
   1953.12500000000        66.49496    
   1968.75000000000        50.30764    
   1984.37500000000        31.40234    
