  -2000.00000000000        147.0520    
  -1984.37500000000        43.20261    
  -1968.75000000000        62.00213    
  -1953.12500000000        114.0700    
  -1937.50000000000        302.8197    
  -1921.87500000000        235.8048    
  -1906.25000000000        40.10618    
  -1890.62500000000        90.22897    
  -1875.00000000000        118.2556    
  -1859.37500000000        181.2276    
  -1843.75000000000        198.6713    
  -1828.12500000000        109.9340    
  -1812.50000000000        59.91550    
  -1796.87500000000        113.5366    
  -1781.25000000000        94.20054    
  -1765.62500000000        196.3287    
  -1750.00000000000        640.1735    
  -1734.37500000000        250.1020    
  -1718.75000000000        77.37251    
  -1703.12500000000        94.35975    
  -1687.50000000000        85.84515    
  -1671.87500000000        334.4835    
  -1656.25000000000        136.1994    
  -1640.62500000000        86.18519    
  -1625.00000000000        86.94465    
  -1609.37500000000        46.43928    
  -1593.75000000000        170.0358    
  -1578.12500000000        28.57414    
  -1562.50000000000        78.51457    
  -1546.87500000000        306.2593    
  -1531.25000000000        82.16961    
  -1515.62500000000        105.1438    
  -1500.00000000000        154.8280    
  -1484.37500000000        15.31386    
  -1468.75000000000        104.1303    
  -1453.12500000000        127.8003    
  -1437.50000000000        40.92059    
  -1421.87500000000        69.95269    
  -1406.25000000000        108.2506    
  -1390.62500000000        36.81142    
  -1375.00000000000        126.4834    
  -1359.37500000000        1068.927    
  -1343.75000000000        291.9958    
  -1328.12500000000        123.4289    
  -1312.50000000000        93.69595    
  -1296.87500000000        177.7742    
  -1281.25000000000        286.8640    
  -1265.62500000000        76.61718    
  -1250.00000000000        276.9017    
  -1234.37500000000        111.5118    
  -1218.75000000000        159.5353    
  -1203.12500000000        234.0642    
  -1187.50000000000        89.46312    
  -1171.87500000000        856.2457    
  -1156.25000000000        693.5941    
  -1140.62500000000        384.5693    
  -1125.00000000000        219.4423    
  -1109.37500000000        221.3359    
  -1093.75000000000        223.6924    
  -1078.12500000000        124.7217    
  -1062.50000000000        129.4180    
  -1046.87500000000        83.74751    
  -1031.25000000000        152.5335    
  -1015.62500000000        218.1594    
  -1000.00000000000        139.0947    
  -984.375000000000        285.3173    
  -968.750000000000        1251.031    
  -953.125000000000        372.5831    
  -937.500000000000        240.7384    
  -921.875000000000        319.6127    
  -906.250000000000        166.9401    
  -890.625000000000        108.4496    
  -875.000000000000        153.7613    
  -859.375000000000        189.6316    
  -843.750000000000        116.0639    
  -828.125000000000        238.1335    
  -812.500000000000        188.8486    
  -796.875000000000        264.4698    
  -781.250000000000        864.2530    
  -765.625000000000        258.4271    
  -750.000000000000        207.8017    
  -734.375000000000        130.7363    
  -718.750000000000        125.1566    
  -703.125000000000        193.0470    
  -687.500000000000        169.9812    
  -671.875000000000        193.9258    
  -656.250000000000        260.9769    
  -640.625000000000        82.17348    
  -625.000000000000        507.3988    
  -609.375000000000        625.8998    
  -593.750000000000        1247.572    
  -578.125000000000        3964.805    
  -562.500000000000        730.4406    
  -546.875000000000        255.0576    
  -531.250000000000        319.4521    
  -515.625000000000        258.7535    
  -500.000000000000        229.5315    
  -484.375000000000        58.73923    
  -468.750000000000        88.93295    
  -453.125000000000        177.0441    
  -437.500000000000        26.18536    
  -421.875000000000        237.7563    
  -406.250000000000        184.3486    
  -390.625000000000        3518.731    
  -375.000000000000        192.7766    
  -359.375000000000        477.2697    
  -343.750000000000        332.3377    
  -328.125000000000        338.2569    
  -312.500000000000        324.7900    
  -296.875000000000        539.8632    
  -281.250000000000        391.8356    
  -265.625000000000        730.6608    
  -250.000000000000        889.4910    
  -234.375000000000        1015.220    
  -218.750000000000        1523.265    
  -203.125000000000        5217.402    
  -187.500000000000        6693.510    
  -171.875000000000        2134.057    
  -156.250000000000        1260.957    
  -140.625000000000        796.4894    
  -125.000000000000        776.2930    
  -109.375000000000        711.5004    
  -93.7500000000000        573.4222    
  -78.1250000000000        470.6440    
  -62.5000000000000        410.1949    
  -46.8750000000000        467.1492    
  -31.2500000000000        278.1114    
  -15.6250000000000        751.9599    
  0.000000000000000E+000   94667.80    
   15.6250000000000        979.3873    
   31.2500000000000        573.0944    
   46.8750000000000        686.7634    
   62.5000000000000        360.3877    
   78.1250000000000        435.1733    
   93.7500000000000        538.9843    
   109.375000000000        575.2448    
   125.000000000000        727.5184    
   140.625000000000        528.2842    
   156.250000000000        946.0436    
   171.875000000000        1568.538    
   187.500000000000        4852.979    
   203.125000000000        2617.809    
   218.750000000000        1299.080    
   234.375000000000        780.9703    
   250.000000000000        837.1896    
   265.625000000000        480.8781    
   281.250000000000        316.0709    
   296.875000000000        285.2199    
   312.500000000000        255.4171    
   328.125000000000        304.5885    
   343.750000000000        296.2797    
   359.375000000000        589.6028    
   375.000000000000        1269.918    
   390.625000000000        3745.030    
   406.250000000000        696.8333    
   421.875000000000        373.7868    
   437.500000000000        328.9606    
   453.125000000000        227.6662    
   468.750000000000        81.09008    
   484.375000000000        197.2534    
   500.000000000000        394.6828    
   515.625000000000        329.7101    
   531.250000000000        290.1424    
   546.875000000000        413.5544    
   562.500000000000        579.8239    
   578.125000000000        4393.375    
   593.750000000000        1789.195    
   609.375000000000        684.4747    
   625.000000000000        507.1422    
   640.625000000000        298.6949    
   656.250000000000        314.2109    
   671.875000000000        291.7580    
   687.500000000000        372.1137    
   703.125000000000        144.2668    
   718.750000000000        292.6143    
   734.375000000000        317.3865    
   750.000000000000        332.5478    
   765.625000000000        792.1418    
   781.250000000000        830.6367    
   796.875000000000        194.8325    
   812.500000000000        171.7651    
   828.125000000000        340.5875    
   843.750000000000        104.4826    
   859.375000000000        149.0756    
   875.000000000000        106.8922    
   890.625000000000        136.9149    
   906.250000000000        155.5445    
   921.875000000000        350.7960    
   937.500000000000        138.7346    
   953.125000000000        287.3555    
   968.750000000000        303.3384    
   984.375000000000        233.6745    
   1000.00000000000        162.8713    
   1015.62500000000        365.9072    
   1031.25000000000        192.6876    
   1046.87500000000        167.8107    
   1062.50000000000        184.5752    
   1078.12500000000        132.4016    
   1093.75000000000        371.6339    
   1109.37500000000        186.8370    
   1125.00000000000        429.9610    
   1140.62500000000        540.2663    
   1156.25000000000        1390.680    
   1171.87500000000        989.6890    
   1187.50000000000        431.3106    
   1203.12500000000        243.9332    
   1218.75000000000        372.5947    
   1234.37500000000        153.4548    
   1250.00000000000        148.7788    
   1265.62500000000        154.9284    
   1281.25000000000        170.4418    
   1296.87500000000        96.48402    
   1312.50000000000        28.84904    
   1328.12500000000        132.2435    
   1343.75000000000        381.0596    
   1359.37500000000        1518.885    
   1375.00000000000        241.5785    
   1390.62500000000        197.7720    
   1406.25000000000        111.1855    
   1421.87500000000        96.04897    
   1437.50000000000        55.49340    
   1453.12500000000        101.0140    
   1468.75000000000        174.6139    
   1484.37500000000        376.2024    
   1500.00000000000        228.3131    
   1515.62500000000        142.0336    
   1531.25000000000        99.96672    
   1546.87500000000        855.2675    
   1562.50000000000        312.8542    
   1578.12500000000        151.8948    
   1593.75000000000        101.2544    
   1609.37500000000        32.30353    
   1625.00000000000        128.1732    
   1640.62500000000        84.37171    
   1656.25000000000        23.78004    
   1671.87500000000        244.6961    
   1687.50000000000        279.7041    
   1703.12500000000        148.5926    
   1718.75000000000        151.7286    
   1734.37500000000        266.4677    
   1750.00000000000        513.8582    
   1765.62500000000        115.0095    
   1781.25000000000        127.1018    
   1796.87500000000        78.26984    
   1812.50000000000        102.8550    
   1828.12500000000        110.8918    
   1843.75000000000        134.0186    
   1859.37500000000        125.3635    
   1875.00000000000        63.48511    
   1890.62500000000        105.5159    
   1906.25000000000        83.45339    
   1921.87500000000        203.5502    
   1937.50000000000        106.6892    
   1953.12500000000        119.5495    
   1968.75000000000        128.6422    
   1984.37500000000        52.46366    
