  -4000.00000000000        216.8607    
  -3968.75000000000        397.2767    
  -3937.50000000000        522.5918    
  -3906.25000000000        232.2380    
  -3875.00000000000        374.5514    
  -3843.75000000000        390.6992    
  -3812.50000000000        285.2220    
  -3781.25000000000        418.4021    
  -3750.00000000000        271.1801    
  -3718.75000000000        336.2671    
  -3687.50000000000        315.6324    
  -3656.25000000000        373.1963    
  -3625.00000000000        182.7009    
  -3593.75000000000        240.1210    
  -3562.50000000000        252.4769    
  -3531.25000000000        92.57331    
  -3500.00000000000        310.8242    
  -3468.75000000000        267.1183    
  -3437.50000000000        171.5462    
  -3406.25000000000        460.3510    
  -3375.00000000000        135.9283    
  -3343.75000000000        122.7289    
  -3312.50000000000        266.9365    
  -3281.25000000000        229.6283    
  -3250.00000000000        192.5997    
  -3218.75000000000        244.0269    
  -3187.50000000000        120.3760    
  -3156.25000000000        267.4448    
  -3125.00000000000        158.4159    
  -3093.75000000000        216.7533    
  -3062.50000000000        248.0404    
  -3031.25000000000        186.3600    
  -3000.00000000000        115.8476    
  -2968.75000000000        124.1370    
  -2937.50000000000        219.2896    
  -2906.25000000000        33.60300    
  -2875.00000000000        140.1135    
  -2843.75000000000        63.63010    
  -2812.50000000000        154.3750    
  -2781.25000000000        51.63932    
  -2750.00000000000        77.62541    
  -2718.75000000000        85.90173    
  -2687.50000000000        141.9271    
  -2656.25000000000        60.75276    
  -2625.00000000000        36.66227    
  -2593.75000000000        101.0686    
  -2562.50000000000        67.83943    
  -2531.25000000000        24.39416    
  -2500.00000000000        143.8924    
  -2468.75000000000        22.46085    
  -2437.50000000000        101.4605    
  -2406.25000000000        61.55510    
  -2375.00000000000        21.95439    
  -2343.75000000000        154.2412    
  -2312.50000000000        95.81384    
  -2281.25000000000        41.78793    
  -2250.00000000000        41.23045    
  -2218.75000000000        69.94940    
  -2187.50000000000        112.0834    
  -2156.25000000000        119.3721    
  -2125.00000000000        73.56184    
  -2093.75000000000        96.03869    
  -2062.50000000000        69.81277    
  -2031.25000000000        23.26148    
  -2000.00000000000        56.97757    
  -1968.75000000000        81.82873    
  -1937.50000000000        61.10832    
  -1906.25000000000        35.76206    
  -1875.00000000000        87.47779    
  -1843.75000000000        106.9130    
  -1812.50000000000        278.9441    
  -1781.25000000000        331.4757    
  -1750.00000000000        158.0603    
  -1718.75000000000        123.4427    
  -1687.50000000000        158.0645    
  -1656.25000000000        186.9052    
  -1625.00000000000        109.6947    
  -1593.75000000000        54.60497    
  -1562.50000000000        220.4107    
  -1531.25000000000        139.6750    
  -1500.00000000000        38.26836    
  -1468.75000000000        79.89224    
  -1437.50000000000        57.68624    
  -1406.25000000000        90.62332    
  -1375.00000000000        139.9722    
  -1343.75000000000        109.7564    
  -1312.50000000000        95.58999    
  -1281.25000000000        92.38010    
  -1250.00000000000        236.3097    
  -1218.75000000000        49.41647    
  -1187.50000000000        47.70521    
  -1156.25000000000        168.0495    
  -1125.00000000000        32.13018    
  -1093.75000000000        92.81637    
  -1062.50000000000        184.2682    
  -1031.25000000000        76.30502    
  -1000.00000000000        94.64366    
  -968.750000000000        104.8164    
  -937.500000000000        37.49056    
  -906.250000000000        177.1295    
  -875.000000000000        106.8806    
  -843.750000000000        129.8479    
  -812.500000000000        244.9429    
  -781.250000000000        306.5313    
  -750.000000000000        232.6754    
  -718.750000000000        283.9609    
  -687.500000000000        258.5406    
  -656.250000000000        445.0502    
  -625.000000000000        39.70827    
  -593.750000000000        312.1606    
  -562.500000000000        123.4613    
  -531.250000000000        200.8561    
  -500.000000000000        328.8375    
  -468.750000000000        86.13560    
  -437.500000000000        268.6924    
  -406.250000000000        330.1139    
  -375.000000000000        719.1522    
  -343.750000000000        1164.099    
  -312.500000000000        595.4988    
  -281.250000000000        849.5701    
  -250.000000000000        438.5739    
  -218.750000000000        52.49513    
  -187.500000000000        408.2688    
  -156.250000000000        1453.362    
  -125.000000000000        1440.817    
  -93.7500000000000        506.7763    
  -62.5000000000000        1407.190    
  -31.2500000000000        2568.134    
  0.000000000000000E+000   6202.775    
   31.2500000000000        2482.238    
   62.5000000000000        1475.932    
   93.7500000000000        548.0782    
   125.000000000000        1496.063    
   156.250000000000        1537.025    
   187.500000000000        399.0491    
   218.750000000000        19.47991    
   250.000000000000        411.1368    
   281.250000000000        799.6263    
   312.500000000000        597.9568    
   343.750000000000        1128.446    
   375.000000000000        680.1890    
   406.250000000000        310.7409    
   437.500000000000        226.5500    
   468.750000000000        76.49356    
   500.000000000000        336.0258    
   531.250000000000        227.9801    
   562.500000000000        146.5297    
   593.750000000000        333.9551    
   625.000000000000        40.60405    
   656.250000000000        452.5094    
   687.500000000000        257.4749    
   718.750000000000        302.6086    
   750.000000000000        226.9510    
   781.250000000000        304.5303    
   812.500000000000        237.5816    
   843.750000000000        128.9898    
   875.000000000000        96.94270    
   906.250000000000        174.9626    
   937.500000000000        42.04158    
   968.750000000000        106.1033    
   1000.00000000000        109.8136    
   1031.25000000000        80.46370    
   1062.50000000000        166.7928    
   1093.75000000000        105.0631    
   1125.00000000000        36.54857    
   1156.25000000000        163.1012    
   1187.50000000000        34.38332    
   1218.75000000000        45.27599    
   1250.00000000000        247.2793    
   1281.25000000000        76.54910    
   1312.50000000000        91.44277    
   1343.75000000000        123.0162    
   1375.00000000000        149.9151    
   1406.25000000000        92.43881    
   1437.50000000000        34.98850    
   1468.75000000000        74.18830    
   1500.00000000000        39.84362    
   1531.25000000000        120.5465    
   1562.50000000000        217.2488    
   1593.75000000000        64.19164    
   1625.00000000000        109.3019    
   1656.25000000000        164.9875    
   1687.50000000000        153.0006    
   1718.75000000000        106.6750    
   1750.00000000000        159.3282    
   1781.25000000000        307.0891    
   1812.50000000000        254.5156    
   1843.75000000000        89.97088    
   1875.00000000000        92.47772    
   1906.25000000000        40.66036    
   1937.50000000000        53.73980    
   1968.75000000000        79.54515    
   2000.00000000000        42.77449    
   2031.25000000000        28.03666    
   2062.50000000000        62.69351    
   2093.75000000000        87.54787    
   2125.00000000000        67.05663    
   2156.25000000000        116.3357    
   2187.50000000000        110.2540    
   2218.75000000000        79.61120    
   2250.00000000000        53.56641    
   2281.25000000000        54.43727    
   2312.50000000000        91.51554    
   2343.75000000000        162.9668    
   2375.00000000000        7.100851    
   2406.25000000000        53.24618    
   2437.50000000000        102.1140    
   2468.75000000000        16.09995    
   2500.00000000000        154.3049    
   2531.25000000000        22.54971    
   2562.50000000000        74.30866    
   2593.75000000000        103.0972    
   2625.00000000000        36.57272    
   2656.25000000000        56.08039    
   2687.50000000000        151.9925    
   2718.75000000000        72.76170    
   2750.00000000000        72.75368    
   2781.25000000000        51.54393    
   2812.50000000000        152.4297    
   2843.75000000000        72.51551    
   2875.00000000000        150.5366    
   2906.25000000000        22.04936    
   2937.50000000000        217.4427    
   2968.75000000000        120.3438    
   3000.00000000000        127.3389    
   3031.25000000000        189.4417    
   3062.50000000000        242.2918    
   3093.75000000000        213.6210    
   3125.00000000000        145.2409    
   3156.25000000000        261.7333    
   3187.50000000000        114.1133    
   3218.75000000000        261.0512    
   3250.00000000000        216.7667    
   3281.25000000000        245.3925    
   3312.50000000000        250.1180    
   3343.75000000000        145.5019    
   3375.00000000000        143.2965    
   3406.25000000000        460.9637    
   3437.50000000000        160.1734    
   3468.75000000000        300.6424    
   3500.00000000000        285.7813    
   3531.25000000000        93.99427    
   3562.50000000000        274.5024    
   3593.75000000000        215.9193    
   3625.00000000000        170.7466    
   3656.25000000000        371.6791    
   3687.50000000000        306.0801    
   3718.75000000000        331.8395    
   3750.00000000000        260.5573    
   3781.25000000000        447.4410    
   3812.50000000000        286.3855    
   3843.75000000000        426.1440    
   3875.00000000000        355.2896    
   3906.25000000000        236.1579    
   3937.50000000000        496.4606    
   3968.75000000000        405.5294    
