  -4000.00000000000        247.9986    
  -3968.75000000000        462.9368    
  -3937.50000000000        620.3527    
  -3906.25000000000        300.5469    
  -3875.00000000000        438.9226    
  -3843.75000000000        486.5463    
  -3812.50000000000        406.7510    
  -3781.25000000000        494.9653    
  -3750.00000000000        339.8216    
  -3718.75000000000        379.9803    
  -3687.50000000000        367.9233    
  -3656.25000000000        457.8392    
  -3625.00000000000        203.5857    
  -3593.75000000000        286.1929    
  -3562.50000000000        303.6404    
  -3531.25000000000        124.9954    
  -3500.00000000000        377.1408    
  -3468.75000000000        310.8790    
  -3437.50000000000        220.9236    
  -3406.25000000000        538.0992    
  -3375.00000000000        185.4523    
  -3343.75000000000        127.9507    
  -3312.50000000000        331.0414    
  -3281.25000000000        285.2657    
  -3250.00000000000        217.7497    
  -3218.75000000000        266.8401    
  -3187.50000000000        134.0591    
  -3156.25000000000        325.3310    
  -3125.00000000000        189.1823    
  -3093.75000000000        273.7948    
  -3062.50000000000        305.9666    
  -3031.25000000000        221.1171    
  -3000.00000000000        135.5804    
  -2968.75000000000        153.5641    
  -2937.50000000000        258.4823    
  -2906.25000000000        17.19641    
  -2875.00000000000        170.2763    
  -2843.75000000000        78.92443    
  -2812.50000000000        183.7601    
  -2781.25000000000        84.26740    
  -2750.00000000000        110.5736    
  -2718.75000000000        91.44373    
  -2687.50000000000        151.7200    
  -2656.25000000000        63.53791    
  -2625.00000000000        44.34118    
  -2593.75000000000        135.7629    
  -2562.50000000000        68.15166    
  -2531.25000000000        19.44821    
  -2500.00000000000        174.1696    
  -2468.75000000000        35.05817    
  -2437.50000000000        115.1297    
  -2406.25000000000        68.86954    
  -2375.00000000000        15.28456    
  -2343.75000000000        182.7642    
  -2312.50000000000        127.1707    
  -2281.25000000000        57.85961    
  -2250.00000000000        71.54121    
  -2218.75000000000        94.79321    
  -2187.50000000000        155.2823    
  -2156.25000000000        140.8844    
  -2125.00000000000        95.81514    
  -2093.75000000000        97.81589    
  -2062.50000000000        78.47604    
  -2031.25000000000        23.09447    
  -2000.00000000000        66.33606    
  -1968.75000000000        105.9305    
  -1937.50000000000        76.59745    
  -1906.25000000000        32.23965    
  -1875.00000000000        94.75415    
  -1843.75000000000        145.4447    
  -1812.50000000000        343.2179    
  -1781.25000000000        414.5685    
  -1750.00000000000        178.3934    
  -1718.75000000000        134.8307    
  -1687.50000000000        164.5780    
  -1656.25000000000        230.7314    
  -1625.00000000000        135.4918    
  -1593.75000000000        44.40451    
  -1562.50000000000        271.8676    
  -1531.25000000000        164.4738    
  -1500.00000000000        65.42014    
  -1468.75000000000        103.4531    
  -1437.50000000000        89.01751    
  -1406.25000000000        101.9263    
  -1375.00000000000        170.2293    
  -1343.75000000000        105.3219    
  -1312.50000000000        127.2119    
  -1281.25000000000        89.05918    
  -1250.00000000000        286.0614    
  -1218.75000000000        67.63002    
  -1187.50000000000        65.13578    
  -1156.25000000000        197.2898    
  -1125.00000000000        39.10453    
  -1093.75000000000        81.71909    
  -1062.50000000000        234.7066    
  -1031.25000000000        97.18286    
  -1000.00000000000        94.47340    
  -968.750000000000        103.0821    
  -937.500000000000        46.39550    
  -906.250000000000        208.3737    
  -875.000000000000        110.9898    
  -843.750000000000        177.7035    
  -812.500000000000        278.4608    
  -781.250000000000        349.1050    
  -750.000000000000        305.2879    
  -718.750000000000        326.0899    
  -687.500000000000        334.4288    
  -656.250000000000        536.1083    
  -625.000000000000        29.18673    
  -593.750000000000        405.8073    
  -562.500000000000        121.7007    
  -531.250000000000        231.4773    
  -500.000000000000        393.7496    
  -468.750000000000        133.1180    
  -437.500000000000        354.4681    
  -406.250000000000        399.0480    
  -375.000000000000        884.2742    
  -343.750000000000        1402.534    
  -312.500000000000        693.6021    
  -281.250000000000        1046.213    
  -250.000000000000        507.5536    
  -218.750000000000        103.5221    
  -187.500000000000        472.5107    
  -156.250000000000        1768.446    
  -125.000000000000        1688.295    
  -93.7500000000000        664.6385    
  -62.5000000000000        1690.691    
  -31.2500000000000        3131.247    
  0.000000000000000E+000   8633.326    
   31.2500000000000        2931.859    
   62.5000000000000        1818.447    
   93.7500000000000        721.0636    
   125.000000000000        1855.434    
   156.250000000000        1824.030    
   187.500000000000        484.4070    
   218.750000000000        66.15082    
   250.000000000000        418.3055    
   281.250000000000        935.8055    
   312.500000000000        761.9807    
   343.750000000000        1381.590    
   375.000000000000        828.4625    
   406.250000000000        354.6518    
   437.500000000000        260.4039    
   468.750000000000        101.0576    
   500.000000000000        386.7610    
   531.250000000000        242.8456    
   562.500000000000        218.8770    
   593.750000000000        413.8543    
   625.000000000000        41.94349    
   656.250000000000        526.0774    
   687.500000000000        291.2975    
   718.750000000000        390.3044    
   750.000000000000        277.6786    
   781.250000000000        335.4572    
   812.500000000000        280.1529    
   843.750000000000        160.5189    
   875.000000000000        141.3015    
   906.250000000000        201.2820    
   937.500000000000        47.62088    
   968.750000000000        129.6582    
   1000.00000000000        118.4861    
   1031.25000000000        107.4383    
   1062.50000000000        189.2367    
   1093.75000000000        118.0057    
   1125.00000000000        46.81077    
   1156.25000000000        187.9432    
   1187.50000000000        46.40292    
   1218.75000000000        57.46664    
   1250.00000000000        303.5435    
   1281.25000000000        63.77505    
   1312.50000000000        94.56722    
   1343.75000000000        119.6694    
   1375.00000000000        198.9232    
   1406.25000000000        123.0807    
   1437.50000000000        61.69141    
   1468.75000000000        100.0614    
   1500.00000000000        44.64500    
   1531.25000000000        148.9633    
   1562.50000000000        247.2212    
   1593.75000000000        68.88306    
   1625.00000000000        118.4119    
   1656.25000000000        199.4827    
   1687.50000000000        190.6550    
   1718.75000000000        130.8059    
   1750.00000000000        182.4813    
   1781.25000000000        379.0479    
   1812.50000000000        308.2369    
   1843.75000000000        112.6582    
   1875.00000000000        104.5945    
   1906.25000000000        31.53539    
   1937.50000000000        46.71717    
   1968.75000000000        69.65698    
   2000.00000000000        55.71268    
   2031.25000000000        8.541093    
   2062.50000000000        80.93653    
   2093.75000000000        111.1357    
   2125.00000000000        73.73377    
   2156.25000000000        150.7971    
   2187.50000000000        157.9089    
   2218.75000000000        113.8279    
   2250.00000000000        71.64129    
   2281.25000000000        62.16777    
   2312.50000000000        93.94978    
   2343.75000000000        198.6615    
   2375.00000000000        33.64082    
   2406.25000000000        67.36895    
   2437.50000000000        113.9608    
   2468.75000000000        10.31594    
   2500.00000000000        196.8763    
   2531.25000000000        15.55509    
   2562.50000000000        75.63059    
   2593.75000000000        114.2636    
   2625.00000000000        48.98421    
   2656.25000000000        65.76456    
   2687.50000000000        184.5715    
   2718.75000000000        95.46393    
   2750.00000000000        84.54056    
   2781.25000000000        30.78953    
   2812.50000000000        186.7354    
   2843.75000000000        90.79346    
   2875.00000000000        193.4599    
   2906.25000000000        32.90342    
   2937.50000000000        262.4361    
   2968.75000000000        121.1521    
   3000.00000000000        150.2458    
   3031.25000000000        255.1871    
   3062.50000000000        291.8555    
   3093.75000000000        247.6211    
   3125.00000000000        149.2395    
   3156.25000000000        325.0742    
   3187.50000000000        147.8872    
   3218.75000000000        345.1727    
   3250.00000000000        245.7124    
   3281.25000000000        289.9024    
   3312.50000000000        291.5388    
   3343.75000000000        137.8959    
   3375.00000000000        195.2234    
   3406.25000000000        573.4344    
   3437.50000000000        165.2731    
   3468.75000000000        377.9933    
   3500.00000000000        350.5716    
   3531.25000000000        110.6051    
   3562.50000000000        333.7340    
   3593.75000000000        250.7354    
   3625.00000000000        195.7134    
   3656.25000000000        438.7804    
   3687.50000000000        392.1779    
   3718.75000000000        423.0941    
   3750.00000000000        323.6094    
   3781.25000000000        534.6864    
   3812.50000000000        334.2632    
   3843.75000000000        476.2756    
   3875.00000000000        453.0237    
   3906.25000000000        305.2201    
   3937.50000000000        617.4858    
   3968.75000000000        523.6412    
