  -4000.00000000000        209.1514    
  -3968.75000000000        388.6097    
  -3937.50000000000        507.8741    
  -3906.25000000000        237.1212    
  -3875.00000000000        356.1810    
  -3843.75000000000        399.2255    
  -3812.50000000000        291.5907    
  -3781.25000000000        416.6845    
  -3750.00000000000        259.2655    
  -3718.75000000000        316.6349    
  -3687.50000000000        301.6163    
  -3656.25000000000        363.1007    
  -3625.00000000000        172.5350    
  -3593.75000000000        241.4990    
  -3562.50000000000        252.1345    
  -3531.25000000000        96.77545    
  -3500.00000000000        301.2016    
  -3468.75000000000        261.4858    
  -3437.50000000000        164.5408    
  -3406.25000000000        450.3896    
  -3375.00000000000        139.6751    
  -3343.75000000000        128.2550    
  -3312.50000000000        256.0869    
  -3281.25000000000        225.6230    
  -3250.00000000000        198.0564    
  -3218.75000000000        234.2153    
  -3187.50000000000        107.0631    
  -3156.25000000000        267.0425    
  -3125.00000000000        166.9786    
  -3093.75000000000        208.2215    
  -3062.50000000000        238.4618    
  -3031.25000000000        192.3528    
  -3000.00000000000        116.3429    
  -2968.75000000000        112.8955    
  -2937.50000000000        217.8144    
  -2906.25000000000        23.88500    
  -2875.00000000000        138.1315    
  -2843.75000000000        62.17843    
  -2812.50000000000        146.6805    
  -2781.25000000000        44.30845    
  -2750.00000000000        76.49921    
  -2718.75000000000        75.95267    
  -2687.50000000000        138.9248    
  -2656.25000000000        56.80028    
  -2625.00000000000        30.36295    
  -2593.75000000000        102.0369    
  -2562.50000000000        61.70886    
  -2531.25000000000        16.77651    
  -2500.00000000000        147.2228    
  -2468.75000000000        14.15846    
  -2437.50000000000        104.6789    
  -2406.25000000000        61.32896    
  -2375.00000000000        21.92841    
  -2343.75000000000        159.9470    
  -2312.50000000000        100.1840    
  -2281.25000000000        36.13750    
  -2250.00000000000        50.83620    
  -2218.75000000000        75.04262    
  -2187.50000000000        113.5861    
  -2156.25000000000        118.2536    
  -2125.00000000000        75.69011    
  -2093.75000000000        91.77061    
  -2062.50000000000        64.59973    
  -2031.25000000000        20.15112    
  -2000.00000000000        45.27400    
  -1968.75000000000        71.96342    
  -1937.50000000000        65.10007    
  -1906.25000000000        28.77158    
  -1875.00000000000        83.06507    
  -1843.75000000000        112.7198    
  -1812.50000000000        271.5570    
  -1781.25000000000        321.4946    
  -1750.00000000000        152.3728    
  -1718.75000000000        124.3730    
  -1687.50000000000        143.9764    
  -1656.25000000000        187.2015    
  -1625.00000000000        111.8905    
  -1593.75000000000        65.97398    
  -1562.50000000000        218.0599    
  -1531.25000000000        125.3526    
  -1500.00000000000        44.84377    
  -1468.75000000000        76.88942    
  -1437.50000000000        50.06990    
  -1406.25000000000        85.92660    
  -1375.00000000000        145.7460    
  -1343.75000000000        107.4908    
  -1312.50000000000        84.85032    
  -1281.25000000000        85.06759    
  -1250.00000000000        240.5506    
  -1218.75000000000        42.42577    
  -1187.50000000000        41.80711    
  -1156.25000000000        158.3159    
  -1125.00000000000        33.78650    
  -1093.75000000000        94.88247    
  -1062.50000000000        173.0735    
  -1031.25000000000        67.52395    
  -1000.00000000000        79.88972    
  -968.750000000000        106.8663    
  -937.500000000000        31.30675    
  -906.250000000000        169.6221    
  -875.000000000000        83.07149    
  -843.750000000000        142.6055    
  -812.500000000000        237.6498    
  -781.250000000000        289.7927    
  -750.000000000000        234.2903    
  -718.750000000000        285.8208    
  -687.500000000000        253.4072    
  -656.250000000000        454.2285    
  -625.000000000000        33.35109    
  -593.750000000000        325.5177    
  -562.500000000000        113.3720    
  -531.250000000000        215.8674    
  -500.000000000000        324.5638    
  -468.750000000000        84.12351    
  -437.500000000000        257.0308    
  -406.250000000000        303.5089    
  -375.000000000000        708.3779    
  -343.750000000000        1145.394    
  -312.500000000000        587.4499    
  -281.250000000000        825.7521    
  -250.000000000000        414.2438    
  -218.750000000000        58.10978    
  -187.500000000000        386.3218    
  -156.250000000000        1440.783    
  -125.000000000000        1430.092    
  -93.7500000000000        508.2792    
  -62.5000000000000        1397.780    
  -31.2500000000000        2517.346    
  0.000000000000000E+000   6233.393    
   31.2500000000000        2458.897    
   62.5000000000000        1444.895    
   93.7500000000000        540.3048    
   125.000000000000        1469.510    
   156.250000000000        1491.574    
   187.500000000000        389.8815    
   218.750000000000        16.72431    
   250.000000000000        406.5766    
   281.250000000000        789.6632    
   312.500000000000        578.5972    
   343.750000000000        1113.265    
   375.000000000000        679.8619    
   406.250000000000        293.2216    
   437.500000000000        224.1356    
   468.750000000000        76.83420    
   500.000000000000        333.8645    
   531.250000000000        217.6601    
   562.500000000000        135.7785    
   593.750000000000        322.6426    
   625.000000000000        37.68471    
   656.250000000000        435.2559    
   687.500000000000        255.5825    
   718.750000000000        297.1440    
   750.000000000000        225.9987    
   781.250000000000        299.8716    
   812.500000000000        238.4689    
   843.750000000000        140.4962    
   875.000000000000        92.66245    
   906.250000000000        173.9850    
   937.500000000000        30.78861    
   968.750000000000        102.0867    
   1000.00000000000        115.3681    
   1031.25000000000        72.82360    
   1062.50000000000        170.9898    
   1093.75000000000        90.65626    
   1125.00000000000        35.85138    
   1156.25000000000        154.1279    
   1187.50000000000        49.87946    
   1218.75000000000        49.55101    
   1250.00000000000        249.8426    
   1281.25000000000        72.19696    
   1312.50000000000        84.21427    
   1343.75000000000        111.8089    
   1375.00000000000        148.1114    
   1406.25000000000        91.65898    
   1437.50000000000        48.11200    
   1468.75000000000        76.36407    
   1500.00000000000        38.18834    
   1531.25000000000        125.0280    
   1562.50000000000        205.0045    
   1593.75000000000        62.64507    
   1625.00000000000        109.6743    
   1656.25000000000        167.7291    
   1687.50000000000        157.3654    
   1718.75000000000        114.8021    
   1750.00000000000        157.2887    
   1781.25000000000        313.6326    
   1812.50000000000        254.7186    
   1843.75000000000        100.5352    
   1875.00000000000        90.84936    
   1906.25000000000        39.28992    
   1937.50000000000        53.82847    
   1968.75000000000        72.64554    
   2000.00000000000        38.84978    
   2031.25000000000        18.43813    
   2062.50000000000        75.11578    
   2093.75000000000        87.30915    
   2125.00000000000        72.00275    
   2156.25000000000        129.7991    
   2187.50000000000        104.8112    
   2218.75000000000        81.64843    
   2250.00000000000        54.35508    
   2281.25000000000        47.44598    
   2312.50000000000        93.09505    
   2343.75000000000        157.8189    
   2375.00000000000        19.27741    
   2406.25000000000        52.43419    
   2437.50000000000        100.5972    
   2468.75000000000        18.72092    
   2500.00000000000        141.4548    
   2531.25000000000        15.47479    
   2562.50000000000        74.59570    
   2593.75000000000        99.21819    
   2625.00000000000        44.13546    
   2656.25000000000        52.25255    
   2687.50000000000        137.6023    
   2718.75000000000        73.68105    
   2750.00000000000        71.19307    
   2781.25000000000        48.20420    
   2812.50000000000        159.5873    
   2843.75000000000        66.56071    
   2875.00000000000        138.7623    
   2906.25000000000        31.96393    
   2937.50000000000        221.5638    
   2968.75000000000        115.0381    
   3000.00000000000        126.1991    
   3031.25000000000        193.9810    
   3062.50000000000        238.6280    
   3093.75000000000        204.4438    
   3125.00000000000        150.8939    
   3156.25000000000        259.2559    
   3187.50000000000        113.3446    
   3218.75000000000        258.2221    
   3250.00000000000        208.0108    
   3281.25000000000        239.1034    
   3312.50000000000        235.3197    
   3343.75000000000        127.3190    
   3375.00000000000        137.2281    
   3406.25000000000        460.3853    
   3437.50000000000        155.8878    
   3468.75000000000        283.1523    
   3500.00000000000        279.8150    
   3531.25000000000        89.46964    
   3562.50000000000        260.1737    
   3593.75000000000        219.1781    
   3625.00000000000        161.4527    
   3656.25000000000        361.7336    
   3687.50000000000        302.4203    
   3718.75000000000        332.8956    
   3750.00000000000        244.8244    
   3781.25000000000        437.3059    
   3812.50000000000        280.2887    
   3843.75000000000        411.9446    
   3875.00000000000        343.2904    
   3906.25000000000        237.5292    
   3937.50000000000        490.6519    
   3968.75000000000        404.8059    
