  -2000.00000000000        12.14866    
  -1984.37500000000        14.71702    
  -1968.75000000000        17.81295    
  -1953.12500000000        18.61309    
  -1937.50000000000        36.01962    
  -1921.87500000000        10.71995    
  -1906.25000000000        13.06228    
  -1890.62500000000        12.31507    
  -1875.00000000000        35.69540    
  -1859.37500000000        20.36739    
  -1843.75000000000        2.552403    
  -1828.12500000000        4.696217    
  -1812.50000000000        22.00322    
  -1796.87500000000        2.666955    
  -1781.25000000000        8.186941    
  -1765.62500000000        5.723825    
  -1750.00000000000        9.172031    
  -1734.37500000000        21.80875    
  -1718.75000000000        8.150319    
  -1703.12500000000        6.457716    
  -1687.50000000000        15.21367    
  -1671.87500000000        22.48856    
  -1656.25000000000        13.37636    
  -1640.62500000000        6.185051    
  -1625.00000000000        5.427643    
  -1609.37500000000        17.38170    
  -1593.75000000000        6.160023    
  -1578.12500000000        12.95335    
  -1562.50000000000        5.120171    
  -1546.87500000000        79.41701    
  -1531.25000000000        21.94305    
  -1515.62500000000        11.57885    
  -1500.00000000000        20.68340    
  -1484.37500000000        38.27666    
  -1468.75000000000        14.81336    
  -1453.12500000000        3.222441    
  -1437.50000000000        5.614799    
  -1421.87500000000        19.58352    
  -1406.25000000000        9.506674    
  -1390.62500000000        13.89185    
  -1375.00000000000        12.69825    
  -1359.37500000000        77.53690    
  -1343.75000000000        15.18172    
  -1328.12500000000        11.87221    
  -1312.50000000000        8.789802    
  -1296.87500000000        17.22829    
  -1281.25000000000        20.78253    
  -1265.62500000000        4.117044    
  -1250.00000000000        28.63407    
  -1234.37500000000        12.95870    
  -1218.75000000000        19.22127    
  -1203.12500000000        9.692197    
  -1187.50000000000        11.96668    
  -1171.87500000000        23.85718    
  -1156.25000000000        34.22916    
  -1140.62500000000        8.109678    
  -1125.00000000000        5.355178    
  -1109.37500000000        18.22789    
  -1093.75000000000        8.953418    
  -1078.12500000000        3.936001    
  -1062.50000000000        1.726535    
  -1046.87500000000        5.443485    
  -1031.25000000000        19.13773    
  -1015.62500000000        13.54549    
  -1000.00000000000        5.777942    
  -984.375000000000        11.22515    
  -968.750000000000        124.5709    
  -953.125000000000        25.50040    
  -937.500000000000        9.555923    
  -921.875000000000        30.12355    
  -906.250000000000        41.62692    
  -890.625000000000        21.20325    
  -875.000000000000        15.46650    
  -859.375000000000        8.413181    
  -843.750000000000        17.33533    
  -828.125000000000        12.25141    
  -812.500000000000        12.00007    
  -796.875000000000        40.33449    
  -781.250000000000        113.3375    
  -765.625000000000        93.73783    
  -750.000000000000        35.60518    
  -734.375000000000        29.10548    
  -718.750000000000        33.91638    
  -703.125000000000        40.74317    
  -687.500000000000        28.58638    
  -671.875000000000        25.34514    
  -656.250000000000        33.83033    
  -640.625000000000        45.41139    
  -625.000000000000        59.72115    
  -609.375000000000        98.93755    
  -593.750000000000        205.1592    
  -578.125000000000        610.9850    
  -562.500000000000        96.65025    
  -546.875000000000        30.48518    
  -531.250000000000        60.35922    
  -515.625000000000        48.15400    
  -500.000000000000        30.13263    
  -484.375000000000        13.89696    
  -468.750000000000        14.36358    
  -453.125000000000        22.25009    
  -437.500000000000        36.12500    
  -421.875000000000        26.10847    
  -406.250000000000        61.26954    
  -390.625000000000        175.3147    
  -375.000000000000        69.82781    
  -359.375000000000        30.54121    
  -343.750000000000        14.84778    
  -328.125000000000        18.49282    
  -312.500000000000        34.05956    
  -296.875000000000        32.92048    
  -281.250000000000        20.70753    
  -265.625000000000        38.10221    
  -250.000000000000        47.35764    
  -234.375000000000        36.63316    
  -218.750000000000        75.77065    
  -203.125000000000        308.5256    
  -187.500000000000        320.8329    
  -171.875000000000        99.87267    
  -156.250000000000        54.61758    
  -140.625000000000        40.03403    
  -125.000000000000        34.22542    
  -109.375000000000        24.84905    
  -93.7500000000000        7.960295    
  -78.1250000000000        41.13487    
  -62.5000000000000        30.24474    
  -46.8750000000000        17.98095    
  -31.2500000000000        12.23133    
  -15.6250000000000        63.98970    
  0.000000000000000E+000   13030.68    
   15.6250000000000        77.65793    
   31.2500000000000        27.20772    
   46.8750000000000        38.77082    
   62.5000000000000        3.331852    
   78.1250000000000        42.96135    
   93.7500000000000        15.61214    
   109.375000000000        5.567261    
   125.000000000000        16.67009    
   140.625000000000        27.49449    
   156.250000000000        27.47023    
   171.875000000000        44.59208    
   187.500000000000        133.6154    
   203.125000000000        120.9610    
   218.750000000000        44.11341    
   234.375000000000        20.04970    
   250.000000000000        49.44342    
   265.625000000000        11.16488    
   281.250000000000        14.39584    
   296.875000000000        11.19162    
   312.500000000000        21.49848    
   328.125000000000        3.984377    
   343.750000000000        11.01530    
   359.375000000000        32.12923    
   375.000000000000        108.9430    
   390.625000000000        282.3243    
   406.250000000000        75.74862    
   421.875000000000        35.88738    
   437.500000000000        49.39144    
   453.125000000000        24.87992    
   468.750000000000        15.64422    
   484.375000000000        19.21948    
   500.000000000000        34.22554    
   515.625000000000        35.08837    
   531.250000000000        48.03421    
   546.875000000000        37.92410    
   562.500000000000        92.20470    
   578.125000000000        574.0427    
   593.750000000000        223.5271    
   609.375000000000        100.9980    
   625.000000000000        65.74974    
   640.625000000000        45.18808    
   656.250000000000        45.23897    
   671.875000000000        39.75643    
   687.500000000000        36.39999    
   703.125000000000        20.87366    
   718.750000000000        38.45058    
   734.375000000000        37.69324    
   750.000000000000        43.39858    
   765.625000000000        124.8051    
   781.250000000000        149.5393    
   796.875000000000        38.92515    
   812.500000000000        18.08465    
   828.125000000000        13.02131    
   843.750000000000        7.175493    
   859.375000000000        8.266273    
   875.000000000000        7.814200    
   890.625000000000        8.515261    
   906.250000000000        28.69817    
   921.875000000000        32.19075    
   937.500000000000        13.62034    
   953.125000000000        14.67321    
   968.750000000000        45.45069    
   984.375000000000        13.26606    
   1000.00000000000        11.05519    
   1015.62500000000        7.713178    
   1031.25000000000        26.79058    
   1046.87500000000        7.356232    
   1062.50000000000        5.867399    
   1078.12500000000        10.37314    
   1093.75000000000        6.696314    
   1109.37500000000        16.72635    
   1125.00000000000        2.672659    
   1140.62500000000        13.82547    
   1156.25000000000        12.17288    
   1171.87500000000        25.56711    
   1187.50000000000        2.287804    
   1203.12500000000        15.07995    
   1218.75000000000        7.702731    
   1234.37500000000        12.10062    
   1250.00000000000        31.45213    
   1265.62500000000        6.339849    
   1281.25000000000        7.470882    
   1296.87500000000        32.49591    
   1312.50000000000        7.931418    
   1328.12500000000        4.991961    
   1343.75000000000        15.97984    
   1359.37500000000        58.22007    
   1375.00000000000        11.59239    
   1390.62500000000        15.41985    
   1406.25000000000        12.80930    
   1421.87500000000        16.22716    
   1437.50000000000        3.516223    
   1453.12500000000        10.09712    
   1468.75000000000        12.24879    
   1484.37500000000        52.88564    
   1500.00000000000        24.90141    
   1515.62500000000        11.86768    
   1531.25000000000        20.15201    
   1546.87500000000        49.62264    
   1562.50000000000        9.481258    
   1578.12500000000        15.03300    
   1593.75000000000        6.539300    
   1609.37500000000        10.53188    
   1625.00000000000        12.11501    
   1640.62500000000        9.056517    
   1656.25000000000        11.11913    
   1671.87500000000        36.97063    
   1687.50000000000        15.63051    
   1703.12500000000        5.383664    
   1718.75000000000        15.05279    
   1734.37500000000        22.60873    
   1750.00000000000        10.68236    
   1765.62500000000        8.498491    
   1781.25000000000        11.06690    
   1796.87500000000        5.829277    
   1812.50000000000        18.30772    
   1828.12500000000        11.53082    
   1843.75000000000        21.08549    
   1859.37500000000        14.37602    
   1875.00000000000        9.775810    
   1890.62500000000        14.12639    
   1906.25000000000        7.858512    
   1921.87500000000        12.39170    
   1937.50000000000        41.26837    
   1953.12500000000        14.90594    
   1968.75000000000        13.77547    
   1984.37500000000        4.154985    
