  -2000.00000000000        5.751131    
  -1984.37500000000        1.579264    
  -1968.75000000000        8.138016    
  -1953.12500000000        10.52618    
  -1937.50000000000        1.175562    
  -1921.87500000000        13.81916    
  -1906.25000000000        7.847905    
  -1890.62500000000        13.21996    
  -1875.00000000000        10.56804    
  -1859.37500000000        3.016547    
  -1843.75000000000        1.918892    
  -1828.12500000000        15.02297    
  -1812.50000000000        4.067292    
  -1796.87500000000        6.216660    
  -1781.25000000000        10.60653    
  -1765.62500000000        8.650036    
  -1750.00000000000        34.34466    
  -1734.37500000000        12.59034    
  -1718.75000000000        6.719114    
  -1703.12500000000       0.3557559    
  -1687.50000000000        3.872847    
  -1671.87500000000        15.40768    
  -1656.25000000000        4.245584    
  -1640.62500000000        9.495353    
  -1625.00000000000        1.527224    
  -1609.37500000000        4.918746    
  -1593.75000000000        5.314929    
  -1578.12500000000        13.19234    
  -1562.50000000000        11.66451    
  -1546.87500000000        35.45712    
  -1531.25000000000        7.500774    
  -1515.62500000000        7.276669    
  -1500.00000000000        17.45875    
  -1484.37500000000        1.946988    
  -1468.75000000000        8.490035    
  -1453.12500000000        7.143374    
  -1437.50000000000        7.131918    
  -1421.87500000000        7.318770    
  -1406.25000000000        7.162619    
  -1390.62500000000        4.852335    
  -1375.00000000000        2.210842    
  -1359.37500000000        22.18763    
  -1343.75000000000        8.400018    
  -1328.12500000000        6.763310    
  -1312.50000000000        5.178871    
  -1296.87500000000        12.82040    
  -1281.25000000000        5.833855    
  -1265.62500000000        5.615268    
  -1250.00000000000        24.45957    
  -1234.37500000000        7.176788    
  -1218.75000000000        5.412963    
  -1203.12500000000        19.13304    
  -1187.50000000000        21.95428    
  -1171.87500000000        64.00967    
  -1156.25000000000        61.08760    
  -1140.62500000000        15.13760    
  -1125.00000000000        8.413451    
  -1109.37500000000        12.69213    
  -1093.75000000000        9.662439    
  -1078.12500000000        2.627823    
  -1062.50000000000        5.371481    
  -1046.87500000000        3.363577    
  -1031.25000000000        4.105198    
  -1015.62500000000        5.014829    
  -1000.00000000000        2.128822    
  -984.375000000000        6.478807    
  -968.750000000000        63.35491    
  -953.125000000000        15.68130    
  -937.500000000000        13.40880    
  -921.875000000000        29.81519    
  -906.250000000000        14.85030    
  -890.625000000000        10.10183    
  -875.000000000000        9.466908    
  -859.375000000000        9.031615    
  -843.750000000000        10.29537    
  -828.125000000000        14.16502    
  -812.500000000000        12.45361    
  -796.875000000000        27.62312    
  -781.250000000000        75.85751    
  -765.625000000000        70.37489    
  -750.000000000000        22.56292    
  -734.375000000000        17.51781    
  -718.750000000000        21.10138    
  -703.125000000000        24.77097    
  -687.500000000000        20.90410    
  -671.875000000000        25.40900    
  -656.250000000000        29.73338    
  -640.625000000000        32.84224    
  -625.000000000000        47.61656    
  -609.375000000000        71.95442    
  -593.750000000000        148.1371    
  -578.125000000000        432.5190    
  -562.500000000000        72.89912    
  -546.875000000000        23.05488    
  -531.250000000000        37.10446    
  -515.625000000000        27.26750    
  -500.000000000000        15.88710    
  -484.375000000000        7.670638    
  -468.750000000000        13.21855    
  -453.125000000000        16.62673    
  -437.500000000000        22.47313    
  -421.875000000000        18.03629    
  -406.250000000000        43.22093    
  -390.625000000000        162.7024    
  -375.000000000000        53.29865    
  -359.375000000000        23.57211    
  -343.750000000000        6.068682    
  -328.125000000000        5.771619    
  -312.500000000000        25.08504    
  -296.875000000000        20.54856    
  -281.250000000000        10.87239    
  -265.625000000000        24.16291    
  -250.000000000000        26.95276    
  -234.375000000000        23.05544    
  -218.750000000000        48.43664    
  -203.125000000000        191.1156    
  -187.500000000000        218.8191    
  -171.875000000000        68.58471    
  -156.250000000000        35.59073    
  -140.625000000000        30.72111    
  -125.000000000000        29.91403    
  -109.375000000000        17.52424    
  -93.7500000000000        2.978563    
  -78.1250000000000        39.13332    
  -62.5000000000000        16.69312    
  -46.8750000000000        23.05214    
  -31.2500000000000        10.47627    
  -15.6250000000000        45.42081    
  0.000000000000000E+000   10212.90    
   15.6250000000000        48.33969    
   31.2500000000000        21.64082    
   46.8750000000000        29.02107    
   62.5000000000000        10.83806    
   78.1250000000000        31.52358    
   93.7500000000000        7.441287    
   109.375000000000        7.034074    
   125.000000000000        10.93437    
   140.625000000000        25.91488    
   156.250000000000        25.20250    
   171.875000000000        43.40507    
   187.500000000000        151.0511    
   203.125000000000        126.8059    
   218.750000000000        42.90136    
   234.375000000000        14.94369    
   250.000000000000        23.40549    
   265.625000000000        11.92578    
   281.250000000000        8.296614    
   296.875000000000        13.82844    
   312.500000000000        20.52370    
   328.125000000000        3.208783    
   343.750000000000        3.904673    
   359.375000000000        24.86093    
   375.000000000000        65.92611    
   390.625000000000        180.0831    
   406.250000000000        48.71001    
   421.875000000000        19.00885    
   437.500000000000        27.71522    
   453.125000000000        12.36862    
   468.750000000000        15.62470    
   484.375000000000        7.911252    
   500.000000000000        21.21777    
   515.625000000000        21.54930    
   531.250000000000        37.27853    
   546.875000000000        27.45829    
   562.500000000000        71.93587    
   578.125000000000        445.6758    
   593.750000000000        162.5756    
   609.375000000000        75.47624    
   625.000000000000        48.26366    
   640.625000000000        33.32208    
   656.250000000000        30.13464    
   671.875000000000        27.57469    
   687.500000000000        23.89991    
   703.125000000000        21.44254    
   718.750000000000        28.23328    
   734.375000000000        22.02177    
   750.000000000000        31.29217    
   765.625000000000        86.73421    
   781.250000000000        91.20454    
   796.875000000000        24.69767    
   812.500000000000        12.33722    
   828.125000000000        12.69680    
   843.750000000000        6.968840    
   859.375000000000        8.996689    
   875.000000000000        7.250857    
   890.625000000000        3.132165    
   906.250000000000        26.90570    
   921.875000000000        27.59795    
   937.500000000000        10.22353    
   953.125000000000        9.168708    
   968.750000000000        35.91291    
   984.375000000000        9.734197    
   1000.00000000000        1.673731    
   1015.62500000000        3.421774    
   1031.25000000000        2.025173    
   1046.87500000000        4.784535    
   1062.50000000000        5.433985    
   1078.12500000000        3.081889    
   1093.75000000000        3.958133    
   1109.37500000000        11.39053    
   1125.00000000000        5.180579    
   1140.62500000000        12.97676    
   1156.25000000000        52.85493    
   1171.87500000000        53.28238    
   1187.50000000000        18.28473    
   1203.12500000000        16.33606    
   1218.75000000000        7.566642    
   1234.37500000000        14.41656    
   1250.00000000000        26.33570    
   1265.62500000000        2.996356    
   1281.25000000000        8.658360    
   1296.87500000000        13.40789    
   1312.50000000000        3.484842    
   1328.12500000000        5.841316    
   1343.75000000000        6.435073    
   1359.37500000000        16.35650    
   1375.00000000000        1.066296    
   1390.62500000000        4.155829    
   1406.25000000000        7.849658    
   1421.87500000000        11.61377    
   1437.50000000000        3.444643    
   1453.12500000000        3.980984    
   1468.75000000000        7.302517    
   1484.37500000000        5.612787    
   1500.00000000000        18.43370    
   1515.62500000000        4.494835    
   1531.25000000000        8.985271    
   1546.87500000000        30.24703    
   1562.50000000000        11.97227    
   1578.12500000000        12.73827    
   1593.75000000000        8.896014    
   1609.37500000000        1.301312    
   1625.00000000000        5.831636    
   1640.62500000000        7.119379    
   1656.25000000000        6.293726    
   1671.87500000000        10.33999    
   1687.50000000000        6.229121    
   1703.12500000000        3.857241    
   1718.75000000000        8.007258    
   1734.37500000000        6.915658    
   1750.00000000000        27.02686    
   1765.62500000000        2.862844    
   1781.25000000000        9.851293    
   1796.87500000000        2.825172    
   1812.50000000000        5.626259    
   1828.12500000000        9.791582    
   1843.75000000000        8.104524    
   1859.37500000000        6.875562    
   1875.00000000000        7.244221    
   1890.62500000000        10.42758    
   1906.25000000000        2.849789    
   1921.87500000000        17.51264    
   1937.50000000000        3.686918    
   1953.12500000000        9.559438    
   1968.75000000000        7.488243    
   1984.37500000000        6.925595    
