  -4000.00000000000        221.7184    
  -3968.75000000000        396.8909    
  -3937.50000000000        523.2168    
  -3906.25000000000        243.4928    
  -3875.00000000000        373.9669    
  -3843.75000000000        399.5431    
  -3812.50000000000        300.3099    
  -3781.25000000000        422.4611    
  -3750.00000000000        272.8951    
  -3718.75000000000        335.7563    
  -3687.50000000000        312.1780    
  -3656.25000000000        378.9277    
  -3625.00000000000        180.7798    
  -3593.75000000000        252.2464    
  -3562.50000000000        264.3581    
  -3531.25000000000        98.68517    
  -3500.00000000000        313.5214    
  -3468.75000000000        264.6371    
  -3437.50000000000        163.5168    
  -3406.25000000000        466.1884    
  -3375.00000000000        142.9873    
  -3343.75000000000        134.5225    
  -3312.50000000000        266.8095    
  -3281.25000000000        233.1453    
  -3250.00000000000        200.9723    
  -3218.75000000000        246.4173    
  -3187.50000000000        102.6226    
  -3156.25000000000        279.6325    
  -3125.00000000000        167.6559    
  -3093.75000000000        219.2725    
  -3062.50000000000        251.6565    
  -3031.25000000000        187.5942    
  -3000.00000000000        113.7356    
  -2968.75000000000        122.8065    
  -2937.50000000000        219.7182    
  -2906.25000000000        28.96800    
  -2875.00000000000        140.6030    
  -2843.75000000000        75.54707    
  -2812.50000000000        158.0553    
  -2781.25000000000        57.62453    
  -2750.00000000000        82.14410    
  -2718.75000000000        83.83834    
  -2687.50000000000        152.8263    
  -2656.25000000000        49.48191    
  -2625.00000000000        23.50907    
  -2593.75000000000        109.6365    
  -2562.50000000000        74.24571    
  -2531.25000000000        22.55072    
  -2500.00000000000        157.4988    
  -2468.75000000000        22.89518    
  -2437.50000000000        104.8781    
  -2406.25000000000        78.61557    
  -2375.00000000000        24.93008    
  -2343.75000000000        141.6493    
  -2312.50000000000        101.3378    
  -2281.25000000000        46.32586    
  -2250.00000000000        52.61165    
  -2218.75000000000        81.65205    
  -2187.50000000000        113.0274    
  -2156.25000000000        117.4117    
  -2125.00000000000        71.88086    
  -2093.75000000000        98.84467    
  -2062.50000000000        66.36339    
  -2031.25000000000        18.52801    
  -2000.00000000000        53.27454    
  -1968.75000000000        67.52468    
  -1937.50000000000        61.44522    
  -1906.25000000000        43.34901    
  -1875.00000000000        90.57394    
  -1843.75000000000        106.3535    
  -1812.50000000000        274.5395    
  -1781.25000000000        340.6617    
  -1750.00000000000        169.6414    
  -1718.75000000000        112.2013    
  -1687.50000000000        161.9302    
  -1656.25000000000        204.4425    
  -1625.00000000000        118.2118    
  -1593.75000000000        60.70550    
  -1562.50000000000        232.1147    
  -1531.25000000000        137.8560    
  -1500.00000000000        39.77127    
  -1468.75000000000        78.60239    
  -1437.50000000000        52.15841    
  -1406.25000000000        85.64311    
  -1375.00000000000        144.8498    
  -1343.75000000000        116.8618    
  -1312.50000000000        110.0748    
  -1281.25000000000        92.04636    
  -1250.00000000000        239.1687    
  -1218.75000000000        48.69269    
  -1187.50000000000        45.28532    
  -1156.25000000000        168.8214    
  -1125.00000000000        32.30587    
  -1093.75000000000        95.79515    
  -1062.50000000000        187.5018    
  -1031.25000000000        73.46098    
  -1000.00000000000        94.33217    
  -968.750000000000        92.45591    
  -937.500000000000        38.27856    
  -906.250000000000        186.1208    
  -875.000000000000        88.94936    
  -843.750000000000        146.6778    
  -812.500000000000        244.2134    
  -781.250000000000        310.3481    
  -750.000000000000        228.4883    
  -718.750000000000        296.0697    
  -687.500000000000        253.9300    
  -656.250000000000        457.7943    
  -625.000000000000        23.28252    
  -593.750000000000        338.6002    
  -562.500000000000        121.8734    
  -531.250000000000        212.9131    
  -500.000000000000        324.9825    
  -468.750000000000        92.66784    
  -437.500000000000        269.2753    
  -406.250000000000        327.6836    
  -375.000000000000        733.1841    
  -343.750000000000        1174.967    
  -312.500000000000        605.4286    
  -281.250000000000        860.5993    
  -250.000000000000        442.6082    
  -218.750000000000        69.27810    
  -187.500000000000        388.6999    
  -156.250000000000        1465.064    
  -125.000000000000        1460.160    
  -93.7500000000000        512.8633    
  -62.5000000000000        1422.089    
  -31.2500000000000        2597.629    
  0.000000000000000E+000   6397.484    
   31.2500000000000        2523.414    
   62.5000000000000        1504.169    
   93.7500000000000        566.3114    
   125.000000000000        1524.673    
   156.250000000000        1556.950    
   187.500000000000        410.9879    
   218.750000000000        20.96245    
   250.000000000000        425.8636    
   281.250000000000        814.3700    
   312.500000000000        604.3027    
   343.750000000000        1157.192    
   375.000000000000        686.3234    
   406.250000000000        308.4554    
   437.500000000000        234.9565    
   468.750000000000        82.61300    
   500.000000000000        343.5295    
   531.250000000000        225.4573    
   562.500000000000        125.1629    
   593.750000000000        350.0146    
   625.000000000000        51.04676    
   656.250000000000        447.8777    
   687.500000000000        257.1096    
   718.750000000000        324.2635    
   750.000000000000        234.3474    
   781.250000000000        308.6602    
   812.500000000000        230.5878    
   843.750000000000        131.6621    
   875.000000000000        92.41359    
   906.250000000000        181.3762    
   937.500000000000        40.65551    
   968.750000000000        103.8660    
   1000.00000000000        102.5502    
   1031.25000000000        79.25988    
   1062.50000000000        176.3577    
   1093.75000000000        109.0832    
   1125.00000000000        43.04484    
   1156.25000000000        157.2970    
   1187.50000000000        36.56319    
   1218.75000000000        53.67027    
   1250.00000000000        257.2005    
   1281.25000000000        76.07328    
   1312.50000000000        102.6461    
   1343.75000000000        117.7134    
   1375.00000000000        147.5533    
   1406.25000000000        100.8479    
   1437.50000000000        41.52081    
   1468.75000000000        83.15916    
   1500.00000000000        32.63038    
   1531.25000000000        134.6959    
   1562.50000000000        225.1681    
   1593.75000000000        64.14407    
   1625.00000000000        108.2490    
   1656.25000000000        162.7706    
   1687.50000000000        159.9327    
   1718.75000000000        113.0376    
   1750.00000000000        160.6048    
   1781.25000000000        312.5821    
   1812.50000000000        259.0771    
   1843.75000000000        85.31950    
   1875.00000000000        90.23521    
   1906.25000000000        33.15195    
   1937.50000000000        54.18521    
   1968.75000000000        71.95745    
   2000.00000000000        49.91179    
   2031.25000000000        20.80788    
   2062.50000000000        72.01157    
   2093.75000000000        88.57056    
   2125.00000000000        68.59222    
   2156.25000000000        121.3382    
   2187.50000000000        110.4489    
   2218.75000000000        79.97200    
   2250.00000000000        59.85402    
   2281.25000000000        49.23471    
   2312.50000000000        93.04258    
   2343.75000000000        166.9762    
   2375.00000000000        25.47020    
   2406.25000000000        48.09270    
   2437.50000000000        105.3456    
   2468.75000000000        14.23236    
   2500.00000000000        158.7836    
   2531.25000000000        15.72787    
   2562.50000000000        66.17716    
   2593.75000000000        107.8633    
   2625.00000000000        39.10952    
   2656.25000000000        55.78687    
   2687.50000000000        156.9791    
   2718.75000000000        76.06382    
   2750.00000000000        71.82645    
   2781.25000000000        50.77588    
   2812.50000000000        157.2506    
   2843.75000000000        77.10543    
   2875.00000000000        155.1468    
   2906.25000000000        25.25025    
   2937.50000000000        221.5542    
   2968.75000000000        106.8955    
   3000.00000000000        139.0605    
   3031.25000000000        196.4876    
   3062.50000000000        247.2390    
   3093.75000000000        209.3239    
   3125.00000000000        145.7252    
   3156.25000000000        262.3172    
   3187.50000000000        120.2425    
   3218.75000000000        269.3448    
   3250.00000000000        213.6222    
   3281.25000000000        245.0672    
   3312.50000000000        256.2388    
   3343.75000000000        148.2210    
   3375.00000000000        152.7758    
   3406.25000000000        477.0954    
   3437.50000000000        167.8232    
   3468.75000000000        296.1118    
   3500.00000000000        299.8849    
   3531.25000000000        89.21143    
   3562.50000000000        275.7919    
   3593.75000000000        226.6739    
   3625.00000000000        163.2012    
   3656.25000000000        373.9740    
   3687.50000000000        308.9012    
   3718.75000000000        333.8913    
   3750.00000000000        251.7418    
   3781.25000000000        451.6756    
   3812.50000000000        292.3947    
   3843.75000000000        426.5108    
   3875.00000000000        359.2467    
   3906.25000000000        243.5997    
   3937.50000000000        501.5753    
   3968.75000000000        413.9185    
