  -2000.00000000000        6.224761    
  -1984.37500000000        4.708997    
  -1968.75000000000        6.598698    
  -1953.12500000000        7.286269    
  -1937.50000000000        19.40195    
  -1921.87500000000        16.54743    
  -1906.25000000000        5.913431    
  -1890.62500000000        13.29531    
  -1875.00000000000        4.019432    
  -1859.37500000000        2.794048    
  -1843.75000000000        5.874091    
  -1828.12500000000        11.36649    
  -1812.50000000000        3.039087    
  -1796.87500000000        4.312226    
  -1781.25000000000        7.627666    
  -1765.62500000000        5.477646    
  -1750.00000000000        29.39998    
  -1734.37500000000        5.093074    
  -1718.75000000000        7.225317    
  -1703.12500000000        1.555226    
  -1687.50000000000        7.140416    
  -1671.87500000000        13.09211    
  -1656.25000000000        7.044932    
  -1640.62500000000        7.247958    
  -1625.00000000000        2.425526    
  -1609.37500000000        3.451882    
  -1593.75000000000        7.270640    
  -1578.12500000000        10.25171    
  -1562.50000000000        7.854271    
  -1546.87500000000        39.02530    
  -1531.25000000000        9.381127    
  -1515.62500000000        9.036700    
  -1500.00000000000        16.32519    
  -1484.37500000000        6.904322    
  -1468.75000000000        3.630490    
  -1453.12500000000        1.929832    
  -1437.50000000000        4.298343    
  -1421.87500000000        8.848269    
  -1406.25000000000        5.010937    
  -1390.62500000000        5.334377    
  -1375.00000000000        3.150344    
  -1359.37500000000        29.99850    
  -1343.75000000000        11.76865    
  -1328.12500000000        9.606697    
  -1312.50000000000        6.289089    
  -1296.87500000000        17.49846    
  -1281.25000000000        14.74242    
  -1265.62500000000        8.443644    
  -1250.00000000000        26.18403    
  -1234.37500000000        10.61504    
  -1218.75000000000        9.079676    
  -1203.12500000000        20.62890    
  -1187.50000000000        25.99337    
  -1171.87500000000        61.06401    
  -1156.25000000000        58.88250    
  -1140.62500000000        14.74481    
  -1125.00000000000        8.641439    
  -1109.37500000000        9.538744    
  -1093.75000000000        3.081177    
  -1078.12500000000        4.848145    
  -1062.50000000000        4.969162    
  -1046.87500000000        1.749690    
  -1031.25000000000        6.799148    
  -1015.62500000000        6.284268    
  -1000.00000000000        1.371495    
  -984.375000000000        9.138006    
  -968.750000000000        68.59119    
  -953.125000000000        17.88511    
  -937.500000000000        8.978198    
  -921.875000000000        27.89551    
  -906.250000000000        21.16055    
  -890.625000000000        10.02691    
  -875.000000000000        8.108788    
  -859.375000000000        7.789632    
  -843.750000000000        11.93615    
  -828.125000000000        13.99371    
  -812.500000000000        13.08646    
  -796.875000000000        23.37881    
  -781.250000000000        72.39412    
  -765.625000000000        62.80739    
  -750.000000000000        19.58543    
  -734.375000000000        15.48621    
  -718.750000000000        26.51745    
  -703.125000000000        15.17757    
  -687.500000000000        21.98030    
  -671.875000000000        25.41829    
  -656.250000000000        34.25623    
  -640.625000000000        28.92200    
  -625.000000000000        46.03940    
  -609.375000000000        69.42104    
  -593.750000000000        147.3250    
  -578.125000000000        424.2702    
  -562.500000000000        71.84406    
  -546.875000000000        21.69452    
  -531.250000000000        34.60637    
  -515.625000000000        17.33074    
  -500.000000000000        18.63869    
  -484.375000000000        10.15298    
  -468.750000000000        8.577868    
  -453.125000000000        13.19429    
  -437.500000000000        23.37124    
  -421.875000000000        15.37336    
  -406.250000000000        42.31631    
  -390.625000000000        187.5109    
  -375.000000000000        51.73986    
  -359.375000000000        28.14703    
  -343.750000000000        6.974308    
  -328.125000000000        15.20822    
  -312.500000000000        16.82685    
  -296.875000000000        17.26082    
  -281.250000000000        14.52552    
  -265.625000000000        22.28208    
  -250.000000000000        31.99423    
  -234.375000000000        22.65715    
  -218.750000000000        49.38317    
  -203.125000000000        199.1717    
  -187.500000000000        230.0504    
  -171.875000000000        66.08379    
  -156.250000000000        34.36766    
  -140.625000000000        30.43829    
  -125.000000000000        22.59394    
  -109.375000000000        12.82682    
  -93.7500000000000        4.211221    
  -78.1250000000000        32.63728    
  -62.5000000000000        21.93807    
  -46.8750000000000        18.49227    
  -31.2500000000000        12.69983    
  -15.6250000000000        47.02961    
  0.000000000000000E+000   9998.315    
   15.6250000000000        50.92200    
   31.2500000000000        19.27824    
   46.8750000000000        28.03004    
   62.5000000000000        12.55452    
   78.1250000000000        27.00221    
   93.7500000000000        3.559964    
   109.375000000000        7.299409    
   125.000000000000        23.24527    
   140.625000000000        22.45530    
   156.250000000000        22.12197    
   171.875000000000        41.48087    
   187.500000000000        132.7269    
   203.125000000000        108.8404    
   218.750000000000        37.59011    
   234.375000000000        16.32054    
   250.000000000000        28.19145    
   265.625000000000        11.80274    
   281.250000000000        9.692294    
   296.875000000000        12.66959    
   312.500000000000        15.87963    
   328.125000000000        9.787826    
   343.750000000000        7.600140    
   359.375000000000        33.16364    
   375.000000000000        74.48186    
   390.625000000000        215.6067    
   406.250000000000        51.36757    
   421.875000000000        20.25430    
   437.500000000000        29.24530    
   453.125000000000        20.90000    
   468.750000000000        13.80680    
   484.375000000000        7.103213    
   500.000000000000        20.40468    
   515.625000000000        22.87331    
   531.250000000000        32.64211    
   546.875000000000        27.06692    
   562.500000000000        71.94634    
   578.125000000000        435.1227    
   593.750000000000        158.6492    
   609.375000000000        69.44610    
   625.000000000000        48.53384    
   640.625000000000        25.54980    
   656.250000000000        34.33434    
   671.875000000000        27.61967    
   687.500000000000        24.18132    
   703.125000000000        18.22321    
   718.750000000000        26.78999    
   734.375000000000        20.22449    
   750.000000000000        25.75884    
   765.625000000000        75.95183    
   781.250000000000        87.15854    
   796.875000000000        23.75251    
   812.500000000000        15.65029    
   828.125000000000        15.56095    
   843.750000000000        7.166586    
   859.375000000000        7.612041    
   875.000000000000        7.665082    
   890.625000000000        10.89820    
   906.250000000000        20.08388    
   921.875000000000        30.84097    
   937.500000000000        14.11854    
   953.125000000000        19.27299    
   968.750000000000        50.19196    
   984.375000000000        8.723322    
   1000.00000000000        4.004305    
   1015.62500000000        4.729512    
   1031.25000000000        8.621606    
   1046.87500000000        3.346116    
   1062.50000000000        4.977255    
   1078.12500000000        4.341239    
   1093.75000000000        3.959272    
   1109.37500000000        8.951467    
   1125.00000000000        4.786671    
   1140.62500000000        12.05032    
   1156.25000000000        55.41535    
   1171.87500000000        58.37084    
   1187.50000000000        20.83382    
   1203.12500000000        17.69519    
   1218.75000000000        3.570122    
   1234.37500000000        11.76895    
   1250.00000000000        28.18595    
   1265.62500000000        8.648383    
   1281.25000000000        9.895689    
   1296.87500000000        13.04578    
   1312.50000000000        7.256484    
   1328.12500000000        6.745644    
   1343.75000000000        8.185632    
   1359.37500000000        22.90101    
   1375.00000000000        1.364253    
   1390.62500000000        9.539165    
   1406.25000000000        11.18321    
   1421.87500000000        8.940024    
   1437.50000000000        4.273578    
   1453.12500000000        8.051475    
   1468.75000000000        4.036152    
   1484.37500000000        8.190827    
   1500.00000000000        17.98023    
   1515.62500000000        8.604588    
   1531.25000000000        8.442817    
   1546.87500000000        37.47437    
   1562.50000000000        7.892805    
   1578.12500000000        12.46993    
   1593.75000000000        6.216787    
   1609.37500000000        6.485318    
   1625.00000000000        2.199142    
   1640.62500000000        6.233365    
   1656.25000000000        2.685323    
   1671.87500000000        10.88509    
   1687.50000000000        5.656076    
   1703.12500000000        2.542599    
   1718.75000000000        8.732729    
   1734.37500000000        3.841210    
   1750.00000000000        26.71703    
   1765.62500000000        5.684339    
   1781.25000000000        11.66528    
   1796.87500000000        2.330521    
   1812.50000000000        4.841494    
   1828.12500000000        13.40718    
   1843.75000000000        7.075340    
   1859.37500000000        6.612347    
   1875.00000000000        8.321691    
   1890.62500000000        8.005836    
   1906.25000000000        5.200143    
   1921.87500000000        16.24007    
   1937.50000000000        10.39276    
   1953.12500000000        5.703650    
   1968.75000000000        8.471341    
   1984.37500000000        3.493286    
