  -4000.00000000000        258.6357    
  -3968.75000000000        493.4422    
  -3937.50000000000        639.0858    
  -3906.25000000000        301.0098    
  -3875.00000000000        480.7256    
  -3843.75000000000        440.3671    
  -3812.50000000000        394.1720    
  -3781.25000000000        484.8622    
  -3750.00000000000        316.6181    
  -3718.75000000000        426.4485    
  -3687.50000000000        375.6838    
  -3656.25000000000        440.9054    
  -3625.00000000000        228.0578    
  -3593.75000000000        290.6884    
  -3562.50000000000        294.2227    
  -3531.25000000000        96.72261    
  -3500.00000000000        365.5517    
  -3468.75000000000        313.3642    
  -3437.50000000000        199.4010    
  -3406.25000000000        572.6705    
  -3375.00000000000        173.9126    
  -3343.75000000000        145.6930    
  -3312.50000000000        332.3275    
  -3281.25000000000        272.8446    
  -3250.00000000000        225.0312    
  -3218.75000000000        294.8816    
  -3187.50000000000        124.1344    
  -3156.25000000000        319.6939    
  -3125.00000000000        206.4975    
  -3093.75000000000        254.7386    
  -3062.50000000000        315.5457    
  -3031.25000000000        220.8224    
  -3000.00000000000        120.0212    
  -2968.75000000000        140.9182    
  -2937.50000000000        254.0429    
  -2906.25000000000        34.42922    
  -2875.00000000000        170.7252    
  -2843.75000000000        86.18015    
  -2812.50000000000        195.0119    
  -2781.25000000000        84.98575    
  -2750.00000000000        98.43050    
  -2718.75000000000        113.8228    
  -2687.50000000000        168.2477    
  -2656.25000000000        54.74977    
  -2625.00000000000        58.37411    
  -2593.75000000000        142.4794    
  -2562.50000000000        75.19808    
  -2531.25000000000        46.53134    
  -2500.00000000000        193.4458    
  -2468.75000000000        35.37328    
  -2437.50000000000        106.9164    
  -2406.25000000000        92.58260    
  -2375.00000000000        20.50585    
  -2343.75000000000        190.1971    
  -2312.50000000000        131.7292    
  -2281.25000000000        47.75780    
  -2250.00000000000        53.06321    
  -2218.75000000000        100.8977    
  -2187.50000000000        135.5431    
  -2156.25000000000        140.8898    
  -2125.00000000000        83.62596    
  -2093.75000000000        106.1789    
  -2062.50000000000        75.01504    
  -2031.25000000000        24.37183    
  -2000.00000000000        76.83289    
  -1968.75000000000        101.8716    
  -1937.50000000000        82.05508    
  -1906.25000000000        26.81922    
  -1875.00000000000        84.69470    
  -1843.75000000000        159.1587    
  -1812.50000000000        350.0779    
  -1781.25000000000        406.7071    
  -1750.00000000000        200.9163    
  -1718.75000000000        143.1226    
  -1687.50000000000        204.9969    
  -1656.25000000000        215.6288    
  -1625.00000000000        141.6418    
  -1593.75000000000        76.91981    
  -1562.50000000000        270.5051    
  -1531.25000000000        149.7833    
  -1500.00000000000        42.78816    
  -1468.75000000000        78.22346    
  -1437.50000000000        63.42084    
  -1406.25000000000        102.7101    
  -1375.00000000000        153.1540    
  -1343.75000000000        105.1673    
  -1312.50000000000        141.0645    
  -1281.25000000000        98.07590    
  -1250.00000000000        306.9996    
  -1218.75000000000        41.66086    
  -1187.50000000000        70.87208    
  -1156.25000000000        163.7544    
  -1125.00000000000        18.31263    
  -1093.75000000000        143.2319    
  -1062.50000000000        240.9174    
  -1031.25000000000        111.2539    
  -1000.00000000000        81.50716    
  -968.750000000000        85.48743    
  -937.500000000000        54.99493    
  -906.250000000000        202.9529    
  -875.000000000000        110.0770    
  -843.750000000000        148.3152    
  -812.500000000000        316.6646    
  -781.250000000000        383.2151    
  -750.000000000000        309.0386    
  -718.750000000000        344.0478    
  -687.500000000000        361.9153    
  -656.250000000000        537.4073    
  -625.000000000000        21.78460    
  -593.750000000000        426.4607    
  -562.500000000000        163.1440    
  -531.250000000000        247.1305    
  -500.000000000000        380.3081    
  -468.750000000000        115.8578    
  -437.500000000000        348.0579    
  -406.250000000000        397.1792    
  -375.000000000000        907.9833    
  -343.750000000000        1412.046    
  -312.500000000000        696.6122    
  -281.250000000000        1037.104    
  -250.000000000000        522.7040    
  -218.750000000000        133.1941    
  -187.500000000000        460.7080    
  -156.250000000000        1804.575    
  -125.000000000000        1698.989    
  -93.7500000000000        692.1672    
  -62.5000000000000        1702.552    
  -31.2500000000000        3138.009    
  0.000000000000000E+000   7832.905    
   31.2500000000000        3015.525    
   62.5000000000000        1854.440    
   93.7500000000000        675.5596    
   125.000000000000        1867.131    
   156.250000000000        1887.156    
   187.500000000000        507.3994    
   218.750000000000        54.53173    
   250.000000000000        462.6667    
   281.250000000000        941.5503    
   312.500000000000        762.2988    
   343.750000000000        1360.077    
   375.000000000000        822.8288    
   406.250000000000        343.8963    
   437.500000000000        291.7946    
   468.750000000000        114.7346    
   500.000000000000        414.8918    
   531.250000000000        277.6240    
   562.500000000000        229.0074    
   593.750000000000        438.5068    
   625.000000000000        48.83220    
   656.250000000000        552.3165    
   687.500000000000        266.7694    
   718.750000000000        379.2223    
   750.000000000000        304.1359    
   781.250000000000        371.1931    
   812.500000000000        299.2009    
   843.750000000000        169.2597    
   875.000000000000        143.1721    
   906.250000000000        226.8461    
   937.500000000000        53.96251    
   968.750000000000        140.8685    
   1000.00000000000        114.3961    
   1031.25000000000        126.2286    
   1062.50000000000        198.4747    
   1093.75000000000        120.6107    
   1125.00000000000        44.02613    
   1156.25000000000        171.2816    
   1187.50000000000        54.68018    
   1218.75000000000        29.85939    
   1250.00000000000        316.8889    
   1281.25000000000        92.27204    
   1312.50000000000        111.5441    
   1343.75000000000        126.4018    
   1375.00000000000        162.6186    
   1406.25000000000        118.3659    
   1437.50000000000        63.52209    
   1468.75000000000        76.80900    
   1500.00000000000        63.25110    
   1531.25000000000        151.1490    
   1562.50000000000        243.3920    
   1593.75000000000        76.41482    
   1625.00000000000        88.17813    
   1656.25000000000        189.6918    
   1687.50000000000        173.0348    
   1718.75000000000        144.4329    
   1750.00000000000        171.8407    
   1781.25000000000        356.0443    
   1812.50000000000        293.8102    
   1843.75000000000        132.7993    
   1875.00000000000        128.2741    
   1906.25000000000        43.21087    
   1937.50000000000        47.88393    
   1968.75000000000        54.73368    
   2000.00000000000        56.73870    
   2031.25000000000        4.741343    
   2062.50000000000        75.42812    
   2093.75000000000        101.7543    
   2125.00000000000        62.26100    
   2156.25000000000        133.6592    
   2187.50000000000        153.6582    
   2218.75000000000        104.9919    
   2250.00000000000        47.84498    
   2281.25000000000        58.06973    
   2312.50000000000        95.12879    
   2343.75000000000        210.1575    
   2375.00000000000        27.44414    
   2406.25000000000        67.20785    
   2437.50000000000        115.4249    
   2468.75000000000        25.07908    
   2500.00000000000        206.1634    
   2531.25000000000        25.90536    
   2562.50000000000        94.11024    
   2593.75000000000        156.4570    
   2625.00000000000        75.70081    
   2656.25000000000        49.78272    
   2687.50000000000        202.3758    
   2718.75000000000        112.0210    
   2750.00000000000        77.51332    
   2781.25000000000        73.61733    
   2812.50000000000        192.0879    
   2843.75000000000        72.04303    
   2875.00000000000        220.4713    
   2906.25000000000        40.90739    
   2937.50000000000        267.5120    
   2968.75000000000        114.6868    
   3000.00000000000        171.4921    
   3031.25000000000        245.9371    
   3062.50000000000        269.3075    
   3093.75000000000        244.6918    
   3125.00000000000        171.2472    
   3156.25000000000        312.1622    
   3187.50000000000        152.2905    
   3218.75000000000        330.8281    
   3250.00000000000        257.7522    
   3281.25000000000        315.7550    
   3312.50000000000        284.3259    
   3343.75000000000        158.2426    
   3375.00000000000        152.7205    
   3406.25000000000        581.4047    
   3437.50000000000        204.4291    
   3468.75000000000        340.1534    
   3500.00000000000        337.8394    
   3531.25000000000        107.8491    
   3562.50000000000        303.7690    
   3593.75000000000        232.8699    
   3625.00000000000        183.1730    
   3656.25000000000        451.5378    
   3687.50000000000        348.9812    
   3718.75000000000        418.3631    
   3750.00000000000        308.4314    
   3781.25000000000        549.5117    
   3812.50000000000        337.0910    
   3843.75000000000        494.2527    
   3875.00000000000        444.7320    
   3906.25000000000        275.4157    
   3937.50000000000        598.5403    
   3968.75000000000        516.4544    
