  -2000.00000000000        8.309541    
  -1984.37500000000        4.797578    
  -1968.75000000000        12.74438    
  -1953.12500000000        15.08687    
  -1937.50000000000        51.31544    
  -1921.87500000000        10.47290    
  -1906.25000000000        9.607306    
  -1890.62500000000        10.13852    
  -1875.00000000000        9.413093    
  -1859.37500000000        25.17824    
  -1843.75000000000        6.357654    
  -1828.12500000000        21.94598    
  -1812.50000000000        2.872815    
  -1796.87500000000        8.965863    
  -1781.25000000000        12.15631    
  -1765.62500000000        5.726595    
  -1750.00000000000        37.82554    
  -1734.37500000000        13.72085    
  -1718.75000000000        14.82570    
  -1703.12500000000        4.837978    
  -1687.50000000000        7.124426    
  -1671.87500000000        6.615630    
  -1656.25000000000        5.403484    
  -1640.62500000000        6.505449    
  -1625.00000000000        11.15770    
  -1609.37500000000        13.43029    
  -1593.75000000000        12.42446    
  -1578.12500000000        10.71706    
  -1562.50000000000        17.90230    
  -1546.87500000000        39.33005    
  -1531.25000000000        18.81425    
  -1515.62500000000        2.551249    
  -1500.00000000000        25.86263    
  -1484.37500000000        14.80834    
  -1468.75000000000        17.63924    
  -1453.12500000000        5.418418    
  -1437.50000000000        7.897345    
  -1421.87500000000        21.15834    
  -1406.25000000000        9.867042    
  -1390.62500000000        6.471372    
  -1375.00000000000        9.763214    
  -1359.37500000000        22.26029    
  -1343.75000000000        13.82572    
  -1328.12500000000        11.40027    
  -1312.50000000000        8.149268    
  -1296.87500000000        18.81366    
  -1281.25000000000        17.38089    
  -1265.62500000000        7.731355    
  -1250.00000000000        26.84657    
  -1234.37500000000        21.27135    
  -1218.75000000000        10.67206    
  -1203.12500000000        21.80913    
  -1187.50000000000        25.10475    
  -1171.87500000000        79.72613    
  -1156.25000000000        70.18375    
  -1140.62500000000        20.70148    
  -1125.00000000000        11.98459    
  -1109.37500000000        15.88852    
  -1093.75000000000        27.46704    
  -1078.12500000000        7.820650    
  -1062.50000000000        5.387279    
  -1046.87500000000        9.596491    
  -1031.25000000000        5.452958    
  -1015.62500000000        9.802171    
  -1000.00000000000        11.66134    
  -984.375000000000        9.027457    
  -968.750000000000        48.00680    
  -953.125000000000        8.051773    
  -937.500000000000        5.951472    
  -921.875000000000        34.92604    
  -906.250000000000        34.11160    
  -890.625000000000        5.498156    
  -875.000000000000        1.930949    
  -859.375000000000        13.69537    
  -843.750000000000        16.77093    
  -828.125000000000        21.39863    
  -812.500000000000        20.41081    
  -796.875000000000        34.94832    
  -781.250000000000        105.2680    
  -765.625000000000        89.63945    
  -750.000000000000        31.35707    
  -734.375000000000        24.61169    
  -718.750000000000        31.50034    
  -703.125000000000        15.86712    
  -687.500000000000        19.85902    
  -671.875000000000        21.90111    
  -656.250000000000        26.57186    
  -640.625000000000        23.14188    
  -625.000000000000        34.98262    
  -609.375000000000        62.00733    
  -593.750000000000        150.9985    
  -578.125000000000        427.3927    
  -562.500000000000        64.51948    
  -546.875000000000        25.76478    
  -531.250000000000        40.19638    
  -515.625000000000        39.34494    
  -500.000000000000        10.11472    
  -484.375000000000        7.109170    
  -468.750000000000        15.02191    
  -453.125000000000        14.37313    
  -437.500000000000        26.85673    
  -421.875000000000        18.32019    
  -406.250000000000        52.33446    
  -390.625000000000        192.1092    
  -375.000000000000        62.78349    
  -359.375000000000        40.69767    
  -343.750000000000        7.347816    
  -328.125000000000        13.84753    
  -312.500000000000        20.31233    
  -296.875000000000        28.61590    
  -281.250000000000        16.03130    
  -265.625000000000        25.50768    
  -250.000000000000        24.96078    
  -234.375000000000        28.60534    
  -218.750000000000        69.73727    
  -203.125000000000        230.3135    
  -187.500000000000        276.8505    
  -171.875000000000        90.66943    
  -156.250000000000        47.06018    
  -140.625000000000        41.16045    
  -125.000000000000        11.31594    
  -109.375000000000        13.65122    
  -93.7500000000000        10.20614    
  -78.1250000000000        36.99380    
  -62.5000000000000        28.10273    
  -46.8750000000000        17.69118    
  -31.2500000000000       0.8944671    
  -15.6250000000000        44.10981    
  0.000000000000000E+000   10347.57    
   15.6250000000000        48.02208    
   31.2500000000000        22.43712    
   46.8750000000000        25.70375    
   62.5000000000000        3.565983    
   78.1250000000000        52.56741    
   93.7500000000000        8.185600    
   109.375000000000        16.56006    
   125.000000000000        41.41033    
   140.625000000000        30.88794    
   156.250000000000        35.75018    
   171.875000000000        54.30986    
   187.500000000000        162.2717    
   203.125000000000        123.4849    
   218.750000000000        44.18926    
   234.375000000000        24.27567    
   250.000000000000        26.40352    
   265.625000000000        11.37475    
   281.250000000000        16.11344    
   296.875000000000        19.40711    
   312.500000000000        25.55809    
   328.125000000000        2.293981    
   343.750000000000        6.171539    
   359.375000000000        28.98555    
   375.000000000000        74.43729    
   390.625000000000        190.4391    
   406.250000000000        52.44098    
   421.875000000000        15.89795    
   437.500000000000        26.41105    
   453.125000000000        20.68480    
   468.750000000000        15.74764    
   484.375000000000        12.06978    
   500.000000000000        28.16668    
   515.625000000000        30.75337    
   531.250000000000        34.55933    
   546.875000000000        27.18119    
   562.500000000000        76.74277    
   578.125000000000        444.4146    
   593.750000000000        172.8871    
   609.375000000000        71.13483    
   625.000000000000        47.97778    
   640.625000000000        30.94497    
   656.250000000000        27.84889    
   671.875000000000        32.25981    
   687.500000000000        29.66760    
   703.125000000000        56.76347    
   718.750000000000        12.17632    
   734.375000000000        14.12085    
   750.000000000000        20.95691    
   765.625000000000        58.06112    
   781.250000000000        57.91934    
   796.875000000000        21.93610    
   812.500000000000        9.960830    
   828.125000000000        15.99388    
   843.750000000000       0.4712051    
   859.375000000000        2.919963    
   875.000000000000        7.683838    
   890.625000000000        17.19387    
   906.250000000000        7.699827    
   921.875000000000        32.08283    
   937.500000000000        9.179410    
   953.125000000000        10.85687    
   968.750000000000        54.88747    
   984.375000000000        21.58212    
   1000.00000000000        4.159242    
   1015.62500000000        14.51035    
   1031.25000000000        7.093965    
   1046.87500000000        14.48819    
   1062.50000000000        11.40720    
   1078.12500000000        11.57880    
   1093.75000000000        27.34581    
   1109.37500000000        11.15641    
   1125.00000000000        4.004471    
   1140.62500000000        11.30369    
   1156.25000000000        53.91522    
   1171.87500000000        58.69401    
   1187.50000000000        19.15946    
   1203.12500000000        13.88517    
   1218.75000000000        8.295676    
   1234.37500000000        9.848951    
   1250.00000000000        28.81608    
   1265.62500000000        12.67457    
   1281.25000000000        5.777459    
   1296.87500000000        23.08770    
   1312.50000000000        6.756802    
   1328.12500000000        9.794966    
   1343.75000000000        11.25992    
   1359.37500000000        7.605226    
   1375.00000000000        20.83877    
   1390.62500000000        12.40811    
   1406.25000000000        16.13823    
   1421.87500000000        22.19043    
   1437.50000000000        4.863440    
   1453.12500000000        6.697268    
   1468.75000000000        14.82089    
   1484.37500000000        10.62535    
   1500.00000000000        8.645711    
   1515.62500000000        6.786355    
   1531.25000000000        12.25740    
   1546.87500000000        18.28463    
   1562.50000000000        20.49510    
   1578.12500000000        22.65988    
   1593.75000000000        5.869843    
   1609.37500000000        5.898020    
   1625.00000000000        5.381701    
   1640.62500000000        9.370533    
   1656.25000000000        10.13954    
   1671.87500000000        23.42472    
   1687.50000000000        14.07232    
   1703.12500000000        13.16771    
   1718.75000000000        12.60684    
   1734.37500000000        17.78365    
   1750.00000000000        30.61897    
   1765.62500000000        8.283050    
   1781.25000000000        9.663986    
   1796.87500000000        7.487892    
   1812.50000000000        12.13830    
   1828.12500000000        18.01795    
   1843.75000000000        4.764829    
   1859.37500000000        16.93007    
   1875.00000000000        31.67736    
   1890.62500000000        12.64099    
   1906.25000000000        11.99442    
   1921.87500000000        14.52584    
   1937.50000000000        5.519921    
   1953.12500000000        11.77384    
   1968.75000000000        9.966976    
   1984.37500000000        5.015214    
