  -4000.00000000000        195.4257    
  -3968.75000000000        360.2813    
  -3937.50000000000        456.9630    
  -3906.25000000000        214.6843    
  -3875.00000000000        325.7466    
  -3843.75000000000        365.6909    
  -3812.50000000000        262.8717    
  -3781.25000000000        387.8557    
  -3750.00000000000        235.2278    
  -3718.75000000000        299.2616    
  -3687.50000000000        274.6393    
  -3656.25000000000        336.3820    
  -3625.00000000000        155.0003    
  -3593.75000000000        210.8498    
  -3562.50000000000        237.7292    
  -3531.25000000000        83.42211    
  -3500.00000000000        269.1000    
  -3468.75000000000        251.7441    
  -3437.50000000000        146.1312    
  -3406.25000000000        417.0720    
  -3375.00000000000        126.2760    
  -3343.75000000000        121.7358    
  -3312.50000000000        231.9215    
  -3281.25000000000        213.9963    
  -3250.00000000000        184.1761    
  -3218.75000000000        224.7687    
  -3187.50000000000        100.2811    
  -3156.25000000000        239.3306    
  -3125.00000000000        140.3066    
  -3093.75000000000        189.5607    
  -3062.50000000000        219.0837    
  -3031.25000000000        174.0216    
  -3000.00000000000        107.5772    
  -2968.75000000000        107.2427    
  -2937.50000000000        195.9140    
  -2906.25000000000        26.19789    
  -2875.00000000000        128.3088    
  -2843.75000000000        59.75006    
  -2812.50000000000        138.3953    
  -2781.25000000000        47.52805    
  -2750.00000000000        68.73992    
  -2718.75000000000        70.24989    
  -2687.50000000000        131.9542    
  -2656.25000000000        53.54212    
  -2625.00000000000        33.64596    
  -2593.75000000000        94.70158    
  -2562.50000000000        61.40113    
  -2531.25000000000        18.23601    
  -2500.00000000000        137.3988    
  -2468.75000000000        12.21609    
  -2437.50000000000        93.21633    
  -2406.25000000000        51.00898    
  -2375.00000000000        22.13013    
  -2343.75000000000        138.9525    
  -2312.50000000000        84.33267    
  -2281.25000000000        40.17645    
  -2250.00000000000        51.54074    
  -2218.75000000000        71.84618    
  -2187.50000000000        102.9765    
  -2156.25000000000        104.8423    
  -2125.00000000000        63.33934    
  -2093.75000000000        82.49731    
  -2062.50000000000        63.04575    
  -2031.25000000000        19.77766    
  -2000.00000000000        43.87375    
  -1968.75000000000        66.66190    
  -1937.50000000000        49.82505    
  -1906.25000000000        31.27717    
  -1875.00000000000        79.13518    
  -1843.75000000000        93.04951    
  -1812.50000000000        244.9799    
  -1781.25000000000        290.3260    
  -1750.00000000000        145.5953    
  -1718.75000000000        104.0609    
  -1687.50000000000        142.9449    
  -1656.25000000000        163.7923    
  -1625.00000000000        101.4114    
  -1593.75000000000        54.58295    
  -1562.50000000000        195.6253    
  -1531.25000000000        116.0509    
  -1500.00000000000        36.17876    
  -1468.75000000000        71.69250    
  -1437.50000000000        42.97459    
  -1406.25000000000        81.29479    
  -1375.00000000000        129.7600    
  -1343.75000000000        109.0143    
  -1312.50000000000        85.21854    
  -1281.25000000000        70.97141    
  -1250.00000000000        221.1278    
  -1218.75000000000        42.09449    
  -1187.50000000000        36.84002    
  -1156.25000000000        145.3540    
  -1125.00000000000        31.25762    
  -1093.75000000000        90.14418    
  -1062.50000000000        162.8458    
  -1031.25000000000        70.10896    
  -1000.00000000000        93.21960    
  -968.750000000000        88.28632    
  -937.500000000000        37.44578    
  -906.250000000000        159.0591    
  -875.000000000000        84.33935    
  -843.750000000000        118.9529    
  -812.500000000000        214.4719    
  -781.250000000000        273.2708    
  -750.000000000000        206.2285    
  -718.750000000000        266.5293    
  -687.500000000000        229.3395    
  -656.250000000000        406.9579    
  -625.000000000000        30.31890    
  -593.750000000000        300.2177    
  -562.500000000000        117.5899    
  -531.250000000000        195.0711    
  -500.000000000000        306.0800    
  -468.750000000000        71.71237    
  -437.500000000000        229.6116    
  -406.250000000000        272.1801    
  -375.000000000000        631.9357    
  -343.750000000000        1035.334    
  -312.500000000000        553.3601    
  -281.250000000000        733.8595    
  -250.000000000000        368.1935    
  -218.750000000000        36.09089    
  -187.500000000000        356.8652    
  -156.250000000000        1336.621    
  -125.000000000000        1315.125    
  -93.7500000000000        475.4179    
  -62.5000000000000        1294.934    
  -31.2500000000000        2275.902    
  0.000000000000000E+000   5891.557    
   31.2500000000000        2277.577    
   62.5000000000000        1307.478    
   93.7500000000000        475.6223    
   125.000000000000        1319.329    
   156.250000000000        1358.964    
   187.500000000000        371.5122    
   218.750000000000        34.34662    
   250.000000000000        390.5364    
   281.250000000000        740.1370    
   312.500000000000        542.1782    
   343.750000000000        1040.353    
   375.000000000000        628.0270    
   406.250000000000        281.9229    
   437.500000000000        214.9410    
   468.750000000000        69.71779    
   500.000000000000        295.8278    
   531.250000000000        201.7556    
   562.500000000000        120.3736    
   593.750000000000        296.9883    
   625.000000000000        30.85559    
   656.250000000000        408.2726    
   687.500000000000        225.1835    
   718.750000000000        272.0293    
   750.000000000000        205.8340    
   781.250000000000        272.7562    
   812.500000000000        212.6479    
   843.750000000000        119.9523    
   875.000000000000        87.95493    
   906.250000000000        162.7784    
   937.500000000000        34.06299    
   968.750000000000        92.92179    
   1000.00000000000        90.39518    
   1031.25000000000        69.64588    
   1062.50000000000        163.2133    
   1093.75000000000        92.67963    
   1125.00000000000        30.42079    
   1156.25000000000        147.4298    
   1187.50000000000        39.90919    
   1218.75000000000        41.23536    
   1250.00000000000        219.9212    
   1281.25000000000        69.82488    
   1312.50000000000        85.14338    
   1343.75000000000        104.2118    
   1375.00000000000        131.0607    
   1406.25000000000        83.74313    
   1437.50000000000        43.77796    
   1468.75000000000        71.91234    
   1500.00000000000        37.06764    
   1531.25000000000        115.4528    
   1562.50000000000        198.6539    
   1593.75000000000        51.53957    
   1625.00000000000        101.1200    
   1656.25000000000        162.4433    
   1687.50000000000        138.9556    
   1718.75000000000        101.0170    
   1750.00000000000        142.9441    
   1781.25000000000        288.8530    
   1812.50000000000        240.0613    
   1843.75000000000        90.59238    
   1875.00000000000        80.39216    
   1906.25000000000        32.49743    
   1937.50000000000        48.19791    
   1968.75000000000        66.63385    
   2000.00000000000        42.01934    
   2031.25000000000        18.50240    
   2062.50000000000        64.99155    
   2093.75000000000        81.72614    
   2125.00000000000        64.29547    
   2156.25000000000        106.5622    
   2187.50000000000        103.4687    
   2218.75000000000        71.54383    
   2250.00000000000        49.88111    
   2281.25000000000        39.84729    
   2312.50000000000        83.77542    
   2343.75000000000        139.8829    
   2375.00000000000        22.18855    
   2406.25000000000        50.98637    
   2437.50000000000        92.30807    
   2468.75000000000        11.60010    
   2500.00000000000        137.7032    
   2531.25000000000        17.99566    
   2562.50000000000        63.07080    
   2593.75000000000        94.44806    
   2625.00000000000        34.55637    
   2656.25000000000        53.03823    
   2687.50000000000        133.5133    
   2718.75000000000        70.40168    
   2750.00000000000        68.28221    
   2781.25000000000        47.54474    
   2812.50000000000        138.7685    
   2843.75000000000        59.37342    
   2875.00000000000        130.1782    
   2906.25000000000        26.50430    
   2937.50000000000        195.0923    
   2968.75000000000        105.8691    
   3000.00000000000        108.9522    
   3031.25000000000        175.2347    
   3062.50000000000        218.9693    
   3093.75000000000        189.1921    
   3125.00000000000        138.8723    
   3156.25000000000        238.5604    
   3187.50000000000        101.6347    
   3218.75000000000        227.5797    
   3250.00000000000        184.6823    
   3281.25000000000        215.3616    
   3312.50000000000        230.7957    
   3343.75000000000        121.5806    
   3375.00000000000        126.2462    
   3406.25000000000        417.4250    
   3437.50000000000        146.1838    
   3468.75000000000        254.6979    
   3500.00000000000        267.6424    
   3531.25000000000        83.01642    
   3562.50000000000        239.3709    
   3593.75000000000        208.8518    
   3625.00000000000        153.0477    
   3656.25000000000        335.4829    
   3687.50000000000        274.1436    
   3718.75000000000        299.5318    
   3750.00000000000        233.2717    
   3781.25000000000        390.5333    
   3812.50000000000        260.6624    
   3843.75000000000        367.6427    
   3875.00000000000        323.5053    
   3906.25000000000        213.8191    
   3937.50000000000        455.2736    
   3968.75000000000        361.8960    
