  -4000.00000000000        206.9799    
  -3968.75000000000        371.2740    
  -3937.50000000000        482.5288    
  -3906.25000000000        224.8498    
  -3875.00000000000        345.4707    
  -3843.75000000000        375.0016    
  -3812.50000000000        270.8241    
  -3781.25000000000        392.9674    
  -3750.00000000000        247.4480    
  -3718.75000000000        312.4502    
  -3687.50000000000        288.7041    
  -3656.25000000000        351.2605    
  -3625.00000000000        168.8358    
  -3593.75000000000        226.7978    
  -3562.50000000000        240.9917    
  -3531.25000000000        86.74457    
  -3500.00000000000        286.3911    
  -3468.75000000000        254.4947    
  -3437.50000000000        148.9473    
  -3406.25000000000        436.5332    
  -3375.00000000000        128.5392    
  -3343.75000000000        125.5842    
  -3312.50000000000        243.4591    
  -3281.25000000000        218.8902    
  -3250.00000000000        184.1497    
  -3218.75000000000        228.9265    
  -3187.50000000000        102.2891    
  -3156.25000000000        249.4663    
  -3125.00000000000        149.7308    
  -3093.75000000000        195.5574    
  -3062.50000000000        226.5968    
  -3031.25000000000        181.0623    
  -3000.00000000000        113.4660    
  -2968.75000000000        112.5983    
  -2937.50000000000        201.4524    
  -2906.25000000000        34.93382    
  -2875.00000000000        138.5373    
  -2843.75000000000        65.45805    
  -2812.50000000000        143.7396    
  -2781.25000000000        54.43517    
  -2750.00000000000        72.06191    
  -2718.75000000000        67.94421    
  -2687.50000000000        130.3451    
  -2656.25000000000        60.87940    
  -2625.00000000000        28.84441    
  -2593.75000000000        96.31503    
  -2562.50000000000        63.60621    
  -2531.25000000000        22.84376    
  -2500.00000000000        142.5041    
  -2468.75000000000        21.55914    
  -2437.50000000000        97.12094    
  -2406.25000000000        57.56518    
  -2375.00000000000        26.74120    
  -2343.75000000000        138.2847    
  -2312.50000000000        80.56269    
  -2281.25000000000        43.21267    
  -2250.00000000000        49.20721    
  -2218.75000000000        69.58997    
  -2187.50000000000        103.2709    
  -2156.25000000000        112.4798    
  -2125.00000000000        66.59774    
  -2093.75000000000        87.07661    
  -2062.50000000000        61.72427    
  -2031.25000000000        21.78885    
  -2000.00000000000        49.41160    
  -1968.75000000000        68.49887    
  -1937.50000000000        50.17193    
  -1906.25000000000        35.47947    
  -1875.00000000000        81.35103    
  -1843.75000000000        96.26804    
  -1812.50000000000        258.0914    
  -1781.25000000000        305.2002    
  -1750.00000000000        148.4137    
  -1718.75000000000        107.6696    
  -1687.50000000000        152.3049    
  -1656.25000000000        176.8441    
  -1625.00000000000        109.4318    
  -1593.75000000000        57.52758    
  -1562.50000000000        212.9054    
  -1531.25000000000        114.8704    
  -1500.00000000000        39.27015    
  -1468.75000000000        75.52515    
  -1437.50000000000        52.78762    
  -1406.25000000000        79.91325    
  -1375.00000000000        131.4916    
  -1343.75000000000        108.5118    
  -1312.50000000000        90.91013    
  -1281.25000000000        72.08317    
  -1250.00000000000        231.1432    
  -1218.75000000000        40.38074    
  -1187.50000000000        40.83336    
  -1156.25000000000        155.6281    
  -1125.00000000000        34.58617    
  -1093.75000000000        92.80340    
  -1062.50000000000        165.3489    
  -1031.25000000000        69.15230    
  -1000.00000000000        93.55433    
  -968.750000000000        97.39677    
  -937.500000000000        33.55534    
  -906.250000000000        166.8991    
  -875.000000000000        91.26337    
  -843.750000000000        126.2822    
  -812.500000000000        225.6798    
  -781.250000000000        285.5063    
  -750.000000000000        213.6506    
  -718.750000000000        273.4821    
  -687.500000000000        241.3504    
  -656.250000000000        422.2535    
  -625.000000000000        34.79653    
  -593.750000000000        306.1889    
  -562.500000000000        122.8734    
  -531.250000000000        198.8707    
  -500.000000000000        308.6961    
  -468.750000000000        71.62659    
  -437.500000000000        239.9818    
  -406.250000000000        289.2844    
  -375.000000000000        672.1639    
  -343.750000000000        1094.521    
  -312.500000000000        564.2487    
  -281.250000000000        782.0870    
  -250.000000000000        403.8879    
  -218.750000000000        46.16173    
  -187.500000000000        372.6170    
  -156.250000000000        1369.123    
  -125.000000000000        1361.518    
  -93.7500000000000        479.2439    
  -62.5000000000000        1337.180    
  -31.2500000000000        2393.792    
  0.000000000000000E+000   6217.207    
   31.2500000000000        2357.753    
   62.5000000000000        1366.853    
   93.7500000000000        497.3256    
   125.000000000000        1399.276    
   156.250000000000        1420.904    
   187.500000000000        369.7810    
   218.750000000000        21.43935    
   250.000000000000        382.3549    
   281.250000000000        757.8144    
   312.500000000000        561.9238    
   343.750000000000        1068.699    
   375.000000000000        656.7968    
   406.250000000000        287.1278    
   437.500000000000        232.6191    
   468.750000000000        68.64293    
   500.000000000000        319.5174    
   531.250000000000        216.5631    
   562.500000000000        138.6503    
   593.750000000000        311.3959    
   625.000000000000        38.55312    
   656.250000000000        423.3010    
   687.500000000000        229.3933    
   718.750000000000        282.2515    
   750.000000000000        217.6640    
   781.250000000000        278.9169    
   812.500000000000        228.9957    
   843.750000000000        129.6110    
   875.000000000000        92.90575    
   906.250000000000        165.0824    
   937.500000000000        28.42028    
   968.750000000000        96.64019    
   1000.00000000000        104.1944    
   1031.25000000000        73.25967    
   1062.50000000000        159.9754    
   1093.75000000000        92.98867    
   1125.00000000000        39.13995    
   1156.25000000000        148.9535    
   1187.50000000000        40.29406    
   1218.75000000000        44.61959    
   1250.00000000000        234.1384    
   1281.25000000000        68.79926    
   1312.50000000000        79.98147    
   1343.75000000000        109.4129    
   1375.00000000000        134.7919    
   1406.25000000000        85.38097    
   1437.50000000000        39.88754    
   1468.75000000000        69.92126    
   1500.00000000000        35.15005    
   1531.25000000000        120.6117    
   1562.50000000000        200.8527    
   1593.75000000000        56.32874    
   1625.00000000000        102.0502    
   1656.25000000000        169.3857    
   1687.50000000000        141.0562    
   1718.75000000000        100.4911    
   1750.00000000000        147.9818    
   1781.25000000000        292.4180    
   1812.50000000000        247.6605    
   1843.75000000000        93.73161    
   1875.00000000000        78.75469    
   1906.25000000000        38.51252    
   1937.50000000000        48.21132    
   1968.75000000000        76.17973    
   2000.00000000000        44.13005    
   2031.25000000000        17.51028    
   2062.50000000000        64.39323    
   2093.75000000000        85.74178    
   2125.00000000000        67.13273    
   2156.25000000000        108.5759    
   2187.50000000000        108.5537    
   2218.75000000000        75.12910    
   2250.00000000000        54.31837    
   2281.25000000000        46.66401    
   2312.50000000000        87.56901    
   2343.75000000000        146.8352    
   2375.00000000000        23.02301    
   2406.25000000000        50.13189    
   2437.50000000000        97.99380    
   2468.75000000000        12.30345    
   2500.00000000000        144.9275    
   2531.25000000000        14.38723    
   2562.50000000000        60.10102    
   2593.75000000000        102.2102    
   2625.00000000000        38.52461    
   2656.25000000000        50.58443    
   2687.50000000000        140.2560    
   2718.75000000000        69.80926    
   2750.00000000000        74.85143    
   2781.25000000000        45.15664    
   2812.50000000000        148.3977    
   2843.75000000000        60.94601    
   2875.00000000000        137.4253    
   2906.25000000000        25.96765    
   2937.50000000000        207.7204    
   2968.75000000000        111.2241    
   3000.00000000000        118.1795    
   3031.25000000000        187.6388    
   3062.50000000000        225.3804    
   3093.75000000000        201.2607    
   3125.00000000000        142.3483    
   3156.25000000000        246.2773    
   3187.50000000000        107.3167    
   3218.75000000000        241.3720    
   3250.00000000000        198.1026    
   3281.25000000000        229.3352    
   3312.50000000000        234.2681    
   3343.75000000000        128.0520    
   3375.00000000000        132.7031    
   3406.25000000000        431.0387    
   3437.50000000000        151.7173    
   3468.75000000000        264.9758    
   3500.00000000000        274.5823    
   3531.25000000000        82.87543    
   3562.50000000000        253.8788    
   3593.75000000000        215.0380    
   3625.00000000000        155.2064    
   3656.25000000000        353.2579    
   3687.50000000000        281.9732    
   3718.75000000000        312.8585    
   3750.00000000000        240.2453    
   3781.25000000000        405.3277    
   3812.50000000000        273.2254    
   3843.75000000000        384.3738    
   3875.00000000000        334.6672    
   3906.25000000000        221.7654    
   3937.50000000000        467.6816    
   3968.75000000000        380.7426    
