  -4000.00000000000        205.8458    
  -3968.75000000000        375.2573    
  -3937.50000000000        481.4889    
  -3906.25000000000        223.0487    
  -3875.00000000000        342.7426    
  -3843.75000000000        378.7752    
  -3812.50000000000        280.5503    
  -3781.25000000000        399.2748    
  -3750.00000000000        249.9230    
  -3718.75000000000        316.0989    
  -3687.50000000000        288.7711    
  -3656.25000000000        350.7773    
  -3625.00000000000        168.1616    
  -3593.75000000000        226.9166    
  -3562.50000000000        243.0975    
  -3531.25000000000        89.84528    
  -3500.00000000000        286.8541    
  -3468.75000000000        258.6213    
  -3437.50000000000        160.4283    
  -3406.25000000000        435.2436    
  -3375.00000000000        129.5263    
  -3343.75000000000        122.5474    
  -3312.50000000000        248.7215    
  -3281.25000000000        222.9236    
  -3250.00000000000        185.8239    
  -3218.75000000000        224.8720    
  -3187.50000000000        103.7176    
  -3156.25000000000        245.2306    
  -3125.00000000000        151.6546    
  -3093.75000000000        201.3256    
  -3062.50000000000        228.5495    
  -3031.25000000000        176.3633    
  -3000.00000000000        104.7444    
  -2968.75000000000        119.1283    
  -2937.50000000000        196.1974    
  -2906.25000000000        27.06031    
  -2875.00000000000        128.6886    
  -2843.75000000000        61.90414    
  -2812.50000000000        142.4114    
  -2781.25000000000        50.83565    
  -2750.00000000000        67.30547    
  -2718.75000000000        72.14134    
  -2687.50000000000        136.1171    
  -2656.25000000000        57.55000    
  -2625.00000000000        34.14564    
  -2593.75000000000        99.21748    
  -2562.50000000000        62.96568    
  -2531.25000000000        20.44384    
  -2500.00000000000        145.6534    
  -2468.75000000000        11.33940    
  -2437.50000000000        98.18912    
  -2406.25000000000        57.56659    
  -2375.00000000000        23.26987    
  -2343.75000000000        138.8859    
  -2312.50000000000        89.69029    
  -2281.25000000000        35.85135    
  -2250.00000000000        52.36269    
  -2218.75000000000        72.39274    
  -2187.50000000000        99.41382    
  -2156.25000000000        107.8214    
  -2125.00000000000        68.26643    
  -2093.75000000000        87.40877    
  -2062.50000000000        71.01711    
  -2031.25000000000        20.02185    
  -2000.00000000000        53.72992    
  -1968.75000000000        73.77599    
  -1937.50000000000        50.35714    
  -1906.25000000000        24.79555    
  -1875.00000000000        79.26004    
  -1843.75000000000        102.2218    
  -1812.50000000000        267.4055    
  -1781.25000000000        306.3219    
  -1750.00000000000        155.7958    
  -1718.75000000000        116.2575    
  -1687.50000000000        142.3328    
  -1656.25000000000        174.6657    
  -1625.00000000000        105.3892    
  -1593.75000000000        57.04509    
  -1562.50000000000        205.7455    
  -1531.25000000000        117.0232    
  -1500.00000000000        35.02406    
  -1468.75000000000        79.16629    
  -1437.50000000000        52.25842    
  -1406.25000000000        88.18320    
  -1375.00000000000        128.8486    
  -1343.75000000000        114.3224    
  -1312.50000000000        92.18954    
  -1281.25000000000        81.49840    
  -1250.00000000000        234.1138    
  -1218.75000000000        44.37944    
  -1187.50000000000        38.13806    
  -1156.25000000000        145.7776    
  -1125.00000000000        27.48705    
  -1093.75000000000        90.72668    
  -1062.50000000000        176.5282    
  -1031.25000000000        69.77064    
  -1000.00000000000        87.21107    
  -968.750000000000        94.15816    
  -937.500000000000        34.75908    
  -906.250000000000        165.0937    
  -875.000000000000        98.17524    
  -843.750000000000        120.4116    
  -812.500000000000        222.6416    
  -781.250000000000        288.3922    
  -750.000000000000        206.2717    
  -718.750000000000        270.9399    
  -687.500000000000        237.4541    
  -656.250000000000        427.6959    
  -625.000000000000        32.38145    
  -593.750000000000        299.1362    
  -562.500000000000        121.2677    
  -531.250000000000        190.2556    
  -500.000000000000        310.4319    
  -468.750000000000        77.00373    
  -437.500000000000        252.3181    
  -406.250000000000        303.8742    
  -375.000000000000        675.5469    
  -343.750000000000        1094.247    
  -312.500000000000        573.2252    
  -281.250000000000        799.5780    
  -250.000000000000        412.9650    
  -218.750000000000        51.39183    
  -187.500000000000        374.7297    
  -156.250000000000        1366.083    
  -125.000000000000        1357.464    
  -93.7500000000000        487.2657    
  -62.5000000000000        1339.884    
  -31.2500000000000        2410.817    
  0.000000000000000E+000   6092.251    
   31.2500000000000        2353.594    
   62.5000000000000        1377.789    
   93.7500000000000        513.1523    
   125.000000000000        1401.683    
   156.250000000000        1426.265    
   187.500000000000        368.6386    
   218.750000000000        13.83538    
   250.000000000000        368.1759    
   281.250000000000        751.1160    
   312.500000000000        558.4232    
   343.750000000000        1077.692    
   375.000000000000        655.2971    
   406.250000000000        295.8840    
   437.500000000000        216.5173    
   468.750000000000        77.87134    
   500.000000000000        307.0642    
   531.250000000000        219.6692    
   562.500000000000        130.6344    
   593.750000000000        321.1165    
   625.000000000000        43.74840    
   656.250000000000        435.7172    
   687.500000000000        243.0866    
   718.750000000000        289.9345    
   750.000000000000        219.1966    
   781.250000000000        291.0437    
   812.500000000000        225.5802    
   843.750000000000        121.5615    
   875.000000000000        95.60934    
   906.250000000000        167.4191    
   937.500000000000        32.45861    
   968.750000000000        93.58680    
   1000.00000000000        101.1266    
   1031.25000000000        73.79831    
   1062.50000000000        160.0263    
   1093.75000000000        96.21967    
   1125.00000000000        31.66767    
   1156.25000000000        149.3637    
   1187.50000000000        38.55284    
   1218.75000000000        46.00927    
   1250.00000000000        239.2264    
   1281.25000000000        68.70082    
   1312.50000000000        89.02164    
   1343.75000000000        113.2955    
   1375.00000000000        139.5341    
   1406.25000000000        88.13657    
   1437.50000000000        39.95821    
   1468.75000000000        74.07828    
   1500.00000000000        40.43163    
   1531.25000000000        112.9479    
   1562.50000000000        207.5398    
   1593.75000000000        56.37414    
   1625.00000000000        112.0609    
   1656.25000000000        165.1369    
   1687.50000000000        148.8240    
   1718.75000000000        96.70713    
   1750.00000000000        152.4687    
   1781.25000000000        297.8183    
   1812.50000000000        240.0550    
   1843.75000000000        96.62671    
   1875.00000000000        77.72551    
   1906.25000000000        25.04149    
   1937.50000000000        52.62813    
   1968.75000000000        64.88387    
   2000.00000000000        36.50250    
   2031.25000000000        22.88278    
   2062.50000000000        71.85187    
   2093.75000000000        80.51405    
   2125.00000000000        67.59673    
   2156.25000000000        110.8493    
   2187.50000000000        101.9572    
   2218.75000000000        74.55700    
   2250.00000000000        51.70801    
   2281.25000000000        46.19408    
   2312.50000000000        87.59782    
   2343.75000000000        153.7203    
   2375.00000000000        27.19784    
   2406.25000000000        50.61749    
   2437.50000000000        95.57653    
   2468.75000000000        12.41079    
   2500.00000000000        148.0671    
   2531.25000000000        19.99619    
   2562.50000000000        65.06020    
   2593.75000000000        92.42533    
   2625.00000000000        44.60603    
   2656.25000000000        53.59669    
   2687.50000000000        140.0284    
   2718.75000000000        75.80185    
   2750.00000000000        72.59367    
   2781.25000000000        47.96420    
   2812.50000000000        148.1903    
   2843.75000000000        61.94499    
   2875.00000000000        136.6264    
   2906.25000000000        27.08775    
   2937.50000000000        207.1256    
   2968.75000000000        106.9983    
   3000.00000000000        116.4019    
   3031.25000000000        188.7003    
   3062.50000000000        226.4739    
   3093.75000000000        196.1234    
   3125.00000000000        140.6649    
   3156.25000000000        254.7201    
   3187.50000000000        104.9832    
   3218.75000000000        240.0956    
   3250.00000000000        200.1138    
   3281.25000000000        230.0605    
   3312.50000000000        239.5987    
   3343.75000000000        134.8078    
   3375.00000000000        130.0634    
   3406.25000000000        438.4748    
   3437.50000000000        150.0777    
   3468.75000000000        263.7432    
   3500.00000000000        276.7751    
   3531.25000000000        86.12505    
   3562.50000000000        252.3505    
   3593.75000000000        212.6123    
   3625.00000000000        157.4724    
   3656.25000000000        350.8497    
   3687.50000000000        286.8577    
   3718.75000000000        314.6518    
   3750.00000000000        240.6332    
   3781.25000000000        412.0474    
   3812.50000000000        270.2843    
   3843.75000000000        386.4950    
   3875.00000000000        336.8346    
   3906.25000000000        225.3578    
   3937.50000000000        475.9237    
   3968.75000000000        380.5707    
