  -4000.00000000000        193.9693    
  -3968.75000000000        373.2590    
  -3937.50000000000        480.3857    
  -3906.25000000000        221.5627    
  -3875.00000000000        340.0742    
  -3843.75000000000        378.2960    
  -3812.50000000000        272.2696    
  -3781.25000000000        397.8867    
  -3750.00000000000        245.0185    
  -3718.75000000000        306.1029    
  -3687.50000000000        284.3751    
  -3656.25000000000        347.5476    
  -3625.00000000000        162.5245    
  -3593.75000000000        227.5629    
  -3562.50000000000        238.0172    
  -3531.25000000000        87.90143    
  -3500.00000000000        285.8522    
  -3468.75000000000        258.0457    
  -3437.50000000000        155.5096    
  -3406.25000000000        428.6103    
  -3375.00000000000        130.8548    
  -3343.75000000000        122.3981    
  -3312.50000000000        237.1889    
  -3281.25000000000        215.5490    
  -3250.00000000000        188.9658    
  -3218.75000000000        231.9756    
  -3187.50000000000        100.8511    
  -3156.25000000000        245.8105    
  -3125.00000000000        148.5304    
  -3093.75000000000        200.6689    
  -3062.50000000000        231.4442    
  -3031.25000000000        178.6010    
  -3000.00000000000        105.4502    
  -2968.75000000000        112.4823    
  -2937.50000000000        203.7068    
  -2906.25000000000        27.67559    
  -2875.00000000000        133.4422    
  -2843.75000000000        61.55823    
  -2812.50000000000        143.5765    
  -2781.25000000000        52.92294    
  -2750.00000000000        78.49653    
  -2718.75000000000        72.95686    
  -2687.50000000000        132.4042    
  -2656.25000000000        58.22069    
  -2625.00000000000        35.43327    
  -2593.75000000000        99.35683    
  -2562.50000000000        65.24760    
  -2531.25000000000        21.29379    
  -2500.00000000000        148.8972    
  -2468.75000000000        10.78917    
  -2437.50000000000        97.08331    
  -2406.25000000000        56.90677    
  -2375.00000000000        20.26741    
  -2343.75000000000        137.0629    
  -2312.50000000000        86.85214    
  -2281.25000000000        39.98678    
  -2250.00000000000        48.92269    
  -2218.75000000000        70.62293    
  -2187.50000000000        105.7903    
  -2156.25000000000        108.9874    
  -2125.00000000000        68.34951    
  -2093.75000000000        88.01974    
  -2062.50000000000        66.35297    
  -2031.25000000000        20.51491    
  -2000.00000000000        45.95794    
  -1968.75000000000        69.80915    
  -1937.50000000000        49.34798    
  -1906.25000000000        35.31250    
  -1875.00000000000        74.60692    
  -1843.75000000000        95.12521    
  -1812.50000000000        262.0567    
  -1781.25000000000        298.9626    
  -1750.00000000000        145.1550    
  -1718.75000000000        106.5868    
  -1687.50000000000        147.0482    
  -1656.25000000000        181.5784    
  -1625.00000000000        108.3888    
  -1593.75000000000        59.26811    
  -1562.50000000000        209.0176    
  -1531.25000000000        128.5742    
  -1500.00000000000        34.16378    
  -1468.75000000000        74.37035    
  -1437.50000000000        48.37912    
  -1406.25000000000        85.85880    
  -1375.00000000000        127.7363    
  -1343.75000000000        109.5335    
  -1312.50000000000        87.52036    
  -1281.25000000000        83.73338    
  -1250.00000000000        226.0679    
  -1218.75000000000        36.47518    
  -1187.50000000000        40.64641    
  -1156.25000000000        144.8991    
  -1125.00000000000        22.97785    
  -1093.75000000000        96.57925    
  -1062.50000000000        166.5237    
  -1031.25000000000        69.15086    
  -1000.00000000000        96.12449    
  -968.750000000000        88.81271    
  -937.500000000000        33.16455    
  -906.250000000000        174.8531    
  -875.000000000000        100.4720    
  -843.750000000000        125.7886    
  -812.500000000000        219.3399    
  -781.250000000000        281.4177    
  -750.000000000000        201.6008    
  -718.750000000000        272.0215    
  -687.500000000000        238.9556    
  -656.250000000000        415.2932    
  -625.000000000000        44.76129    
  -593.750000000000        309.3741    
  -562.500000000000        125.6513    
  -531.250000000000        193.5230    
  -500.000000000000        310.1478    
  -468.750000000000        79.57236    
  -437.500000000000        259.4803    
  -406.250000000000        285.6488    
  -375.000000000000        677.5997    
  -343.750000000000        1092.881    
  -312.500000000000        564.4172    
  -281.250000000000        779.0141    
  -250.000000000000        399.7900    
  -218.750000000000        38.24963    
  -187.500000000000        376.9320    
  -156.250000000000        1367.793    
  -125.000000000000        1353.854    
  -93.7500000000000        490.6895    
  -62.5000000000000        1333.884    
  -31.2500000000000        2384.811    
  0.000000000000000E+000   6396.687    
   31.2500000000000        2338.229    
   62.5000000000000        1366.816    
   93.7500000000000        504.1748    
   125.000000000000        1380.903    
   156.250000000000        1423.860    
   187.500000000000        365.9552    
   218.750000000000        30.55812    
   250.000000000000        383.1389    
   281.250000000000        764.0964    
   312.500000000000        558.1650    
   343.750000000000        1075.462    
   375.000000000000        643.1404    
   406.250000000000        290.0563    
   437.500000000000        224.8595    
   468.750000000000        80.54875    
   500.000000000000        311.2221    
   531.250000000000        219.4471    
   562.500000000000        133.0848    
   593.750000000000        309.5496    
   625.000000000000        41.28649    
   656.250000000000        417.3458    
   687.500000000000        237.5476    
   718.750000000000        284.7790    
   750.000000000000        221.4069    
   781.250000000000        279.2178    
   812.500000000000        225.0636    
   843.750000000000        122.0054    
   875.000000000000        90.41994    
   906.250000000000        172.0446    
   937.500000000000        36.37355    
   968.750000000000        97.23253    
   1000.00000000000        104.0334    
   1031.25000000000        72.09019    
   1062.50000000000        159.9151    
   1093.75000000000        85.51669    
   1125.00000000000        34.41616    
   1156.25000000000        145.1641    
   1187.50000000000        47.78932    
   1218.75000000000        31.37019    
   1250.00000000000        232.1783    
   1281.25000000000        56.89988    
   1312.50000000000        89.45384    
   1343.75000000000        111.9204    
   1375.00000000000        133.4177    
   1406.25000000000        84.07848    
   1437.50000000000        40.64754    
   1468.75000000000        74.77328    
   1500.00000000000        32.91083    
   1531.25000000000        109.6240    
   1562.50000000000        204.2900    
   1593.75000000000        52.93824    
   1625.00000000000        106.0374    
   1656.25000000000        164.3744    
   1687.50000000000        139.0365    
   1718.75000000000        101.9073    
   1750.00000000000        149.0319    
   1781.25000000000        294.5486    
   1812.50000000000        241.8434    
   1843.75000000000        99.11880    
   1875.00000000000        81.52553    
   1906.25000000000        29.23072    
   1937.50000000000        38.97417    
   1968.75000000000        74.05282    
   2000.00000000000        40.75366    
   2031.25000000000        28.95707    
   2062.50000000000        68.83942    
   2093.75000000000        87.97335    
   2125.00000000000        63.59915    
   2156.25000000000        113.4040    
   2187.50000000000        110.3715    
   2218.75000000000        74.30627    
   2250.00000000000        48.35559    
   2281.25000000000        42.75303    
   2312.50000000000        83.71525    
   2343.75000000000        145.4115    
   2375.00000000000        23.34715    
   2406.25000000000        47.67390    
   2437.50000000000        96.24758    
   2468.75000000000        11.96271    
   2500.00000000000        141.8275    
   2531.25000000000        19.90391    
   2562.50000000000        61.84966    
   2593.75000000000        96.07430    
   2625.00000000000        37.87044    
   2656.25000000000        58.22537    
   2687.50000000000        140.8531    
   2718.75000000000        73.73010    
   2750.00000000000        67.47510    
   2781.25000000000        49.17247    
   2812.50000000000        146.5230    
   2843.75000000000        60.15326    
   2875.00000000000        131.9360    
   2906.25000000000        28.00981    
   2937.50000000000        197.4518    
   2968.75000000000        111.9079    
   3000.00000000000        115.8403    
   3031.25000000000        184.1841    
   3062.50000000000        220.8063    
   3093.75000000000        199.3913    
   3125.00000000000        141.6343    
   3156.25000000000        245.0409    
   3187.50000000000        111.9639    
   3218.75000000000        237.9424    
   3250.00000000000        192.7041    
   3281.25000000000        226.5350    
   3312.50000000000        234.2061    
   3343.75000000000        127.1637    
   3375.00000000000        129.0378    
   3406.25000000000        433.9908    
   3437.50000000000        150.5137    
   3468.75000000000        270.1969    
   3500.00000000000        275.5298    
   3531.25000000000        84.36757    
   3562.50000000000        246.6907    
   3593.75000000000        210.2740    
   3625.00000000000        155.9970    
   3656.25000000000        348.6884    
   3687.50000000000        287.7509    
   3718.75000000000        317.4824    
   3750.00000000000        233.2231    
   3781.25000000000        404.8642    
   3812.50000000000        271.2336    
   3843.75000000000        380.4101    
   3875.00000000000        329.6314    
   3906.25000000000        220.6757    
   3937.50000000000        472.6534    
   3968.75000000000        385.1975    
