  -2000.00000000000        19.68495    
  -1984.37500000000        31.64210    
  -1968.75000000000        131.3373    
  -1953.12500000000        137.3244    
  -1937.50000000000        228.1536    
  -1921.87500000000        75.99531    
  -1906.25000000000        36.17717    
  -1890.62500000000        155.9519    
  -1875.00000000000        58.63789    
  -1859.37500000000        72.88359    
  -1843.75000000000        99.29642    
  -1828.12500000000        115.7971    
  -1812.50000000000        20.87139    
  -1796.87500000000        27.48537    
  -1781.25000000000        57.26405    
  -1765.62500000000        50.33245    
  -1750.00000000000        265.3214    
  -1734.37500000000        116.8496    
  -1718.75000000000        99.83798    
  -1703.12500000000        66.00684    
  -1687.50000000000        81.94285    
  -1671.87500000000        24.13033    
  -1656.25000000000        77.20325    
  -1640.62500000000        144.3559    
  -1625.00000000000        81.70373    
  -1609.37500000000        45.27761    
  -1593.75000000000        101.0343    
  -1578.12500000000        23.83488    
  -1562.50000000000        246.7218    
  -1546.87500000000        479.9913    
  -1531.25000000000        129.2601    
  -1515.62500000000        104.7423    
  -1500.00000000000        115.8194    
  -1484.37500000000        30.11240    
  -1468.75000000000        85.28706    
  -1453.12500000000        129.0556    
  -1437.50000000000        100.6670    
  -1421.87500000000        78.30512    
  -1406.25000000000        41.36101    
  -1390.62500000000        53.93660    
  -1375.00000000000        92.94383    
  -1359.37500000000        233.0465    
  -1343.75000000000        82.67287    
  -1328.12500000000        80.19252    
  -1312.50000000000        161.0097    
  -1296.87500000000        233.9356    
  -1281.25000000000        102.9991    
  -1265.62500000000        83.38141    
  -1250.00000000000        108.9268    
  -1234.37500000000        105.7067    
  -1218.75000000000        95.69155    
  -1203.12500000000        80.99732    
  -1187.50000000000        183.5450    
  -1171.87500000000        453.4891    
  -1156.25000000000        841.2197    
  -1140.62500000000        543.5386    
  -1125.00000000000        257.8716    
  -1109.37500000000        199.2635    
  -1093.75000000000        273.5423    
  -1078.12500000000        55.97332    
  -1062.50000000000        138.7412    
  -1046.87500000000        49.46186    
  -1031.25000000000        78.78744    
  -1015.62500000000        78.50181    
  -1000.00000000000        90.84516    
  -984.375000000000        190.2836    
  -968.750000000000        2263.401    
  -953.125000000000        118.1503    
  -937.500000000000        127.0856    
  -921.875000000000        238.2342    
  -906.250000000000        210.7517    
  -890.625000000000        60.56396    
  -875.000000000000        72.56279    
  -859.375000000000        159.0151    
  -843.750000000000        27.82581    
  -828.125000000000        91.77048    
  -812.500000000000        223.9923    
  -796.875000000000        276.9109    
  -781.250000000000        917.1185    
  -765.625000000000        721.5823    
  -750.000000000000        246.5156    
  -734.375000000000        218.8056    
  -718.750000000000        238.5255    
  -703.125000000000        298.7293    
  -687.500000000000        151.9166    
  -671.875000000000        190.0274    
  -656.250000000000        267.3337    
  -640.625000000000        116.4862    
  -625.000000000000        436.3432    
  -609.375000000000        680.8674    
  -593.750000000000        1116.851    
  -578.125000000000        3757.471    
  -562.500000000000        642.6511    
  -546.875000000000        168.6782    
  -531.250000000000        282.3340    
  -515.625000000000        230.9281    
  -500.000000000000        198.6287    
  -484.375000000000        84.11649    
  -468.750000000000        80.85015    
  -453.125000000000        117.5362    
  -437.500000000000        174.7892    
  -421.875000000000        216.4439    
  -406.250000000000        169.1779    
  -390.625000000000        2053.280    
  -375.000000000000        132.5775    
  -359.375000000000        304.6933    
  -343.750000000000        234.0248    
  -328.125000000000        212.3254    
  -312.500000000000        243.0216    
  -296.875000000000        429.9255    
  -281.250000000000        241.9684    
  -265.625000000000        502.3014    
  -250.000000000000        593.3014    
  -234.375000000000        656.2427    
  -218.750000000000        1074.513    
  -203.125000000000        3438.248    
  -187.500000000000        4492.701    
  -171.875000000000        1394.153    
  -156.250000000000        808.7889    
  -140.625000000000        527.8578    
  -125.000000000000        472.3477    
  -109.375000000000        426.1218    
  -93.7500000000000        368.5607    
  -78.1250000000000        341.1777    
  -62.5000000000000        245.5036    
  -46.8750000000000        251.8853    
  -31.2500000000000        170.8137    
  -15.6250000000000        380.5209    
  0.000000000000000E+000   68736.65    
   15.6250000000000        514.9562    
   31.2500000000000        326.4776    
   46.8750000000000        438.7989    
   62.5000000000000        170.8458    
   78.1250000000000        353.4651    
   93.7500000000000        337.4842    
   109.375000000000        343.5126    
   125.000000000000        453.3671    
   140.625000000000        377.0591    
   156.250000000000        636.3098    
   171.875000000000        969.0892    
   187.500000000000        3056.722    
   203.125000000000        1725.132    
   218.750000000000        847.8055    
   234.375000000000        488.1029    
   250.000000000000        619.0175    
   265.625000000000        224.9588    
   281.250000000000        235.5830    
   296.875000000000        162.4326    
   312.500000000000        173.5382    
   328.125000000000        174.5132    
   343.750000000000        216.8328    
   359.375000000000        362.8036    
   375.000000000000        916.0914    
   390.625000000000        2791.861    
   406.250000000000        486.0018    
   421.875000000000        297.2621    
   437.500000000000        390.8785    
   453.125000000000        120.9787    
   468.750000000000        91.72660    
   484.375000000000        115.0546    
   500.000000000000        278.4064    
   515.625000000000        286.9592    
   531.250000000000        220.8825    
   546.875000000000        329.6013    
   562.500000000000        510.0586    
   578.125000000000        3929.982    
   593.750000000000        1469.638    
   609.375000000000        637.5902    
   625.000000000000        463.7813    
   640.625000000000        325.9015    
   656.250000000000        374.6052    
   671.875000000000        383.5538    
   687.500000000000        360.0359    
   703.125000000000        376.9791    
   718.750000000000        351.5774    
   734.375000000000        524.5047    
   750.000000000000        659.0269    
   765.625000000000        1402.627    
   781.250000000000        2070.946    
   796.875000000000        524.1223    
   812.500000000000        223.6803    
   828.125000000000        396.0242    
   843.750000000000        244.5282    
   859.375000000000        80.17536    
   875.000000000000        13.36780    
   890.625000000000        98.00600    
   906.250000000000        200.6330    
   921.875000000000        214.8889    
   937.500000000000        174.7576    
   953.125000000000        88.24512    
   968.750000000000        376.3143    
   984.375000000000        121.5087    
   1000.00000000000        128.9914    
   1015.62500000000        87.96936    
   1031.25000000000        136.5374    
   1046.87500000000        45.89521    
   1062.50000000000        144.9761    
   1078.12500000000        108.6478    
   1093.75000000000        88.90212    
   1109.37500000000        211.8362    
   1125.00000000000        253.7412    
   1140.62500000000        383.4077    
   1156.25000000000        950.8412    
   1171.87500000000        864.5701    
   1187.50000000000        267.1683    
   1203.12500000000        177.3103    
   1218.75000000000        338.5691    
   1234.37500000000        99.14987    
   1250.00000000000        137.7653    
   1265.62500000000        85.85418    
   1281.25000000000        89.69342    
   1296.87500000000        72.84621    
   1312.50000000000        125.6181    
   1328.12500000000        125.6410    
   1343.75000000000        85.11902    
   1359.37500000000        273.7970    
   1375.00000000000        12.91358    
   1390.62500000000        105.4622    
   1406.25000000000        106.3422    
   1421.87500000000        151.9368    
   1437.50000000000        55.60264    
   1453.12500000000        96.96102    
   1468.75000000000        53.57182    
   1484.37500000000        115.5527    
   1500.00000000000        143.6979    
   1515.62500000000        63.25596    
   1531.25000000000        83.49852    
   1546.87500000000        719.3652    
   1562.50000000000        26.47759    
   1578.12500000000        137.1811    
   1593.75000000000        88.29818    
   1609.37500000000        29.65295    
   1625.00000000000        36.80837    
   1640.62500000000        45.64029    
   1656.25000000000        42.09927    
   1671.87500000000        120.3793    
   1687.50000000000        43.06635    
   1703.12500000000        41.43451    
   1718.75000000000        90.70372    
   1734.37500000000        47.62856    
   1750.00000000000        85.30849    
   1765.62500000000        88.12771    
   1781.25000000000        118.3545    
   1796.87500000000        59.38390    
   1812.50000000000        32.23877    
   1828.12500000000        100.8549    
   1843.75000000000        73.22044    
   1859.37500000000        54.49229    
   1875.00000000000        166.7641    
   1890.62500000000        24.79374    
   1906.25000000000        44.30220    
   1921.87500000000        135.6015    
   1937.50000000000        73.23535    
   1953.12500000000        11.96776    
   1968.75000000000        34.92451    
   1984.37500000000        25.53156    
