  -2000.00000000000        35.61059    
  -1984.37500000000        30.18681    
  -1968.75000000000        37.81509    
  -1953.12500000000        44.65618    
  -1937.50000000000        8.021932    
  -1921.87500000000        50.35059    
  -1906.25000000000        24.01555    
  -1890.62500000000        38.77357    
  -1875.00000000000        38.91179    
  -1859.37500000000        11.07125    
  -1843.75000000000        20.23102    
  -1828.12500000000        29.64750    
  -1812.50000000000        44.63633    
  -1796.87500000000        41.73328    
  -1781.25000000000        28.85557    
  -1765.62500000000        44.75819    
  -1750.00000000000        58.56301    
  -1734.37500000000        44.76829    
  -1718.75000000000        21.43753    
  -1703.12500000000        28.94474    
  -1687.50000000000        30.76180    
  -1671.87500000000        93.08604    
  -1656.25000000000        34.54852    
  -1640.62500000000        40.99808    
  -1625.00000000000        27.64622    
  -1609.37500000000        36.50452    
  -1593.75000000000        36.52208    
  -1578.12500000000        39.06871    
  -1562.50000000000        29.31663    
  -1546.87500000000        147.7863    
  -1531.25000000000        28.57269    
  -1515.62500000000        27.73466    
  -1500.00000000000        51.46555    
  -1484.37500000000        91.20069    
  -1468.75000000000        29.17804    
  -1453.12500000000        36.08866    
  -1437.50000000000        32.92041    
  -1421.87500000000        52.47272    
  -1406.25000000000        17.45041    
  -1390.62500000000        14.36738    
  -1375.00000000000        13.29837    
  -1359.37500000000        45.97102    
  -1343.75000000000        33.25063    
  -1328.12500000000        16.50263    
  -1312.50000000000        23.63220    
  -1296.87500000000        58.77777    
  -1281.25000000000        29.96000    
  -1265.62500000000        23.79456    
  -1250.00000000000        36.06070    
  -1234.37500000000        80.60462    
  -1218.75000000000        43.72435    
  -1203.12500000000        58.66033    
  -1187.50000000000        55.84922    
  -1171.87500000000        138.4461    
  -1156.25000000000        171.0724    
  -1140.62500000000        48.26434    
  -1125.00000000000        18.09675    
  -1109.37500000000        63.01583    
  -1093.75000000000        113.3667    
  -1078.12500000000        44.65545    
  -1062.50000000000        36.34116    
  -1046.87500000000        7.799506    
  -1031.25000000000        10.29238    
  -1015.62500000000        29.05012    
  -1000.00000000000        19.96598    
  -984.375000000000        15.01106    
  -968.750000000000        290.8216    
  -953.125000000000        54.65884    
  -937.500000000000        42.07158    
  -921.875000000000        68.74037    
  -906.250000000000        162.5230    
  -890.625000000000        18.04083    
  -875.000000000000        6.263272    
  -859.375000000000        40.48632    
  -843.750000000000        7.101809    
  -828.125000000000        19.74289    
  -812.500000000000        20.51100    
  -796.875000000000        51.14659    
  -781.250000000000        160.4858    
  -765.625000000000        177.5457    
  -750.000000000000        18.08217    
  -734.375000000000        10.98645    
  -718.750000000000        68.21425    
  -703.125000000000        86.38027    
  -687.500000000000        51.60205    
  -671.875000000000        62.64229    
  -656.250000000000        76.36259    
  -640.625000000000        77.35033    
  -625.000000000000        133.4250    
  -609.375000000000        191.7750    
  -593.750000000000        364.1856    
  -578.125000000000        1109.490    
  -562.500000000000        181.4579    
  -546.875000000000        43.05253    
  -531.250000000000        79.35158    
  -515.625000000000        11.26391    
  -500.000000000000        46.77976    
  -484.375000000000        23.21460    
  -468.750000000000        26.91049    
  -453.125000000000        35.99728    
  -437.500000000000        35.89936    
  -421.875000000000        46.91517    
  -406.250000000000        91.62238    
  -390.625000000000        541.7917    
  -375.000000000000        82.02390    
  -359.375000000000        78.47379    
  -343.750000000000        32.77079    
  -328.125000000000        47.02108    
  -312.500000000000        91.35399    
  -296.875000000000        94.32567    
  -281.250000000000        48.43829    
  -265.625000000000        114.4968    
  -250.000000000000        135.2463    
  -234.375000000000        116.8529    
  -218.750000000000        212.5811    
  -203.125000000000        828.1168    
  -187.500000000000        997.1173    
  -171.875000000000        299.3169    
  -156.250000000000        183.9796    
  -140.625000000000        107.6193    
  -125.000000000000        129.8854    
  -109.375000000000        104.3662    
  -93.7500000000000        55.21260    
  -78.1250000000000        85.86065    
  -62.5000000000000        65.41911    
  -46.8750000000000        51.69319    
  -31.2500000000000        29.98995    
  -15.6250000000000        105.0009    
  0.000000000000000E+000   26068.93    
   15.6250000000000        141.3256    
   31.2500000000000        80.50779    
   46.8750000000000        113.4709    
   62.5000000000000        51.82146    
   78.1250000000000        78.30344    
   93.7500000000000        56.32733    
   109.375000000000        65.20470    
   125.000000000000        66.26794    
   140.625000000000        65.75920    
   156.250000000000        97.82036    
   171.875000000000        146.0815    
   187.500000000000        384.0957    
   203.125000000000        134.6262    
   218.750000000000        135.3658    
   234.375000000000        113.8042    
   250.000000000000        133.1373    
   265.625000000000        15.29068    
   281.250000000000        35.82544    
   296.875000000000        25.44369    
   312.500000000000        43.97091    
   328.125000000000        45.17406    
   343.750000000000        37.96848    
   359.375000000000        96.66265    
   375.000000000000        233.3740    
   390.625000000000        627.9976    
   406.250000000000        136.2816    
   421.875000000000        55.91948    
   437.500000000000        94.99634    
   453.125000000000        45.91500    
   468.750000000000        35.11307    
   484.375000000000        29.89675    
   500.000000000000        56.79187    
   515.625000000000        51.90881    
   531.250000000000        83.57117    
   546.875000000000        76.36161    
   562.500000000000        185.3149    
   578.125000000000        1146.471    
   593.750000000000        443.2860    
   609.375000000000        187.0135    
   625.000000000000        113.7654    
   640.625000000000        103.4416    
   656.250000000000        103.1237    
   671.875000000000        71.08572    
   687.500000000000        99.94340    
   703.125000000000        62.95330    
   718.750000000000        76.33057    
   734.375000000000        105.7477    
   750.000000000000        118.1830    
   765.625000000000        253.7559    
   781.250000000000        333.4307    
   796.875000000000        82.24823    
   812.500000000000        40.12942    
   828.125000000000        39.09431    
   843.750000000000        22.35506    
   859.375000000000        18.37269    
   875.000000000000        4.933834    
   890.625000000000        40.27101    
   906.250000000000        88.43774    
   921.875000000000        86.64013    
   937.500000000000        25.33084    
   953.125000000000        19.38353    
   968.750000000000        27.08582    
   984.375000000000        21.33731    
   1000.00000000000        19.34620    
   1015.62500000000        29.10272    
   1031.25000000000        13.67124    
   1046.87500000000        33.42032    
   1062.50000000000        26.52995    
   1078.12500000000        40.77236    
   1093.75000000000        137.8313    
   1109.37500000000        72.26543    
   1125.00000000000        21.82901    
   1140.62500000000        24.41818    
   1156.25000000000        100.2031    
   1171.87500000000        108.0696    
   1187.50000000000        30.16865    
   1203.12500000000        28.48500    
   1218.75000000000        6.501573    
   1234.37500000000        17.95308    
   1250.00000000000        53.82213    
   1265.62500000000        50.51167    
   1281.25000000000        86.41559    
   1296.87500000000        139.7855    
   1312.50000000000        33.28647    
   1328.12500000000        22.08477    
   1343.75000000000        70.10509    
   1359.37500000000        46.70768    
   1375.00000000000        18.11888    
   1390.62500000000        25.11445    
   1406.25000000000        15.27762    
   1421.87500000000        99.71748    
   1437.50000000000        28.07684    
   1453.12500000000        11.59054    
   1468.75000000000        32.64111    
   1484.37500000000        158.2715    
   1500.00000000000        47.53380    
   1515.62500000000        27.79289    
   1531.25000000000        43.12540    
   1546.87500000000        64.35551    
   1562.50000000000        52.36961    
   1578.12500000000        30.94634    
   1593.75000000000        2.145883    
   1609.37500000000        14.52566    
   1625.00000000000        63.26914    
   1640.62500000000        27.13505    
   1656.25000000000        34.88689    
   1671.87500000000        72.05279    
   1687.50000000000        27.25066    
   1703.12500000000        5.877450    
   1718.75000000000        36.44543    
   1734.37500000000        53.71020    
   1750.00000000000        30.20782    
   1765.62500000000        28.55974    
   1781.25000000000        12.05928    
   1796.87500000000        12.34317    
   1812.50000000000        64.98984    
   1828.12500000000        22.89640    
   1843.75000000000        12.68339    
   1859.37500000000        20.56187    
   1875.00000000000        20.09186    
   1890.62500000000        27.86049    
   1906.25000000000        26.35318    
   1921.87500000000        47.06606    
   1937.50000000000        57.76428    
   1953.12500000000        34.24188    
   1968.75000000000        15.42945    
   1984.37500000000        15.45774    
