  -4000.00000000000        284.2807    
  -3968.75000000000        468.0244    
  -3937.50000000000        669.6715    
  -3906.25000000000        289.5312    
  -3875.00000000000        493.0427    
  -3843.75000000000        482.0396    
  -3812.50000000000        412.6977    
  -3781.25000000000        547.7403    
  -3750.00000000000        370.6779    
  -3718.75000000000        436.9267    
  -3687.50000000000        395.4637    
  -3656.25000000000        470.5129    
  -3625.00000000000        230.8721    
  -3593.75000000000        318.5209    
  -3562.50000000000        324.3351    
  -3531.25000000000        122.7372    
  -3500.00000000000        393.6573    
  -3468.75000000000        361.1893    
  -3437.50000000000        206.3766    
  -3406.25000000000        549.1289    
  -3375.00000000000        159.2081    
  -3343.75000000000        157.8641    
  -3312.50000000000        341.2807    
  -3281.25000000000        263.5198    
  -3250.00000000000        235.1670    
  -3218.75000000000        289.9982    
  -3187.50000000000        122.7641    
  -3156.25000000000        333.1164    
  -3125.00000000000        181.6662    
  -3093.75000000000        254.1769    
  -3062.50000000000        291.5609    
  -3031.25000000000        247.6471    
  -3000.00000000000        108.4894    
  -2968.75000000000        177.8984    
  -2937.50000000000        254.1491    
  -2906.25000000000        43.86859    
  -2875.00000000000        180.5282    
  -2843.75000000000        72.25922    
  -2812.50000000000        161.9513    
  -2781.25000000000        90.06654    
  -2750.00000000000        91.55492    
  -2718.75000000000        90.15394    
  -2687.50000000000        181.6316    
  -2656.25000000000        97.71732    
  -2625.00000000000        47.95963    
  -2593.75000000000        131.4488    
  -2562.50000000000        78.26128    
  -2531.25000000000        23.74664    
  -2500.00000000000        216.3338    
  -2468.75000000000        24.54440    
  -2437.50000000000        120.0554    
  -2406.25000000000        101.0172    
  -2375.00000000000        35.91592    
  -2343.75000000000        195.7894    
  -2312.50000000000        126.3562    
  -2281.25000000000        56.45221    
  -2250.00000000000        71.06075    
  -2218.75000000000        96.58010    
  -2187.50000000000        167.5134    
  -2156.25000000000        143.8281    
  -2125.00000000000        84.34655    
  -2093.75000000000        126.4026    
  -2062.50000000000        83.87564    
  -2031.25000000000        31.24721    
  -2000.00000000000        80.02173    
  -1968.75000000000        98.86990    
  -1937.50000000000        54.25047    
  -1906.25000000000        66.24974    
  -1875.00000000000        114.1393    
  -1843.75000000000        130.7789    
  -1812.50000000000        380.9514    
  -1781.25000000000        435.1485    
  -1750.00000000000        221.8756    
  -1718.75000000000        160.4261    
  -1687.50000000000        189.1950    
  -1656.25000000000        252.1331    
  -1625.00000000000        153.1054    
  -1593.75000000000        86.60102    
  -1562.50000000000        300.6806    
  -1531.25000000000        145.7219    
  -1500.00000000000        45.25126    
  -1468.75000000000        108.2575    
  -1437.50000000000        89.55415    
  -1406.25000000000        126.9461    
  -1375.00000000000        174.7339    
  -1343.75000000000        140.6577    
  -1312.50000000000        159.9523    
  -1281.25000000000        142.6338    
  -1250.00000000000        257.5070    
  -1218.75000000000        61.40234    
  -1187.50000000000        57.97344    
  -1156.25000000000        222.7534    
  -1125.00000000000        30.33220    
  -1093.75000000000        113.6595    
  -1062.50000000000        249.9098    
  -1031.25000000000        95.41876    
  -1000.00000000000        125.4557    
  -968.750000000000        135.4937    
  -937.500000000000        52.70186    
  -906.250000000000        224.8865    
  -875.000000000000        122.8606    
  -843.750000000000        156.9404    
  -812.500000000000        327.0139    
  -781.250000000000        379.3398    
  -750.000000000000        275.6703    
  -718.750000000000        385.5428    
  -687.500000000000        282.4141    
  -656.250000000000        564.3849    
  -625.000000000000        27.14066    
  -593.750000000000        414.5445    
  -562.500000000000        192.6825    
  -531.250000000000        237.4669    
  -500.000000000000        359.8441    
  -468.750000000000        148.8020    
  -437.500000000000        387.1393    
  -406.250000000000        409.5830    
  -375.000000000000        905.7948    
  -343.750000000000        1465.017    
  -312.500000000000        770.2463    
  -281.250000000000        1049.414    
  -250.000000000000        533.6118    
  -218.750000000000        72.48626    
  -187.500000000000        536.3482    
  -156.250000000000        1777.261    
  -125.000000000000        1784.268    
  -93.7500000000000        597.0478    
  -62.5000000000000        1689.378    
  -31.2500000000000        3222.800    
  0.000000000000000E+000   7363.262    
   31.2500000000000        2973.455    
   62.5000000000000        1873.517    
   93.7500000000000        769.8581    
   125.000000000000        1889.825    
   156.250000000000        1979.198    
   187.500000000000        500.0446    
   218.750000000000        7.052834    
   250.000000000000        512.8773    
   281.250000000000        947.7700    
   312.500000000000        737.2710    
   343.750000000000        1393.344    
   375.000000000000        806.7966    
   406.250000000000        368.9514    
   437.500000000000        257.7444    
   468.750000000000        126.2708    
   500.000000000000        388.6827    
   531.250000000000        244.2651    
   562.500000000000        228.8256    
   593.750000000000        394.2491    
   625.000000000000        44.60020    
   656.250000000000        590.5468    
   687.500000000000        299.7165    
   718.750000000000        419.3259    
   750.000000000000        283.9813    
   781.250000000000        390.1905    
   812.500000000000        267.2208    
   843.750000000000        160.6144    
   875.000000000000        120.7319    
   906.250000000000        201.6766    
   937.500000000000        79.57798    
   968.750000000000        125.5692    
   1000.00000000000        120.3588    
   1031.25000000000        107.4244    
   1062.50000000000        205.8165    
   1093.75000000000        181.4794    
   1125.00000000000        54.61253    
   1156.25000000000        200.0518    
   1187.50000000000        57.03317    
   1218.75000000000        45.76188    
   1250.00000000000        353.7454    
   1281.25000000000        85.34143    
   1312.50000000000        108.4194    
   1343.75000000000        132.5062    
   1375.00000000000        200.8720    
   1406.25000000000        143.1440    
   1437.50000000000        71.27949    
   1468.75000000000        81.66876    
   1500.00000000000        37.01342    
   1531.25000000000        147.3888    
   1562.50000000000        256.4926    
   1593.75000000000        80.27881    
   1625.00000000000        159.9131    
   1656.25000000000        209.0065    
   1687.50000000000        210.8497    
   1718.75000000000        130.5754    
   1750.00000000000        215.2560    
   1781.25000000000        382.1018    
   1812.50000000000        292.7599    
   1843.75000000000        118.7653    
   1875.00000000000        93.00138    
   1906.25000000000        62.41748    
   1937.50000000000        81.07025    
   1968.75000000000        72.76118    
   2000.00000000000        56.60090    
   2031.25000000000        47.31572    
   2062.50000000000        85.88148    
   2093.75000000000        119.7676    
   2125.00000000000        92.71769    
   2156.25000000000        154.2840    
   2187.50000000000        132.9663    
   2218.75000000000        98.85909    
   2250.00000000000        80.28521    
   2281.25000000000        58.70771    
   2312.50000000000        102.4533    
   2343.75000000000        199.4487    
   2375.00000000000        20.42600    
   2406.25000000000        59.27364    
   2437.50000000000        122.0769    
   2468.75000000000        12.21382    
   2500.00000000000        193.4754    
   2531.25000000000        13.38595    
   2562.50000000000        113.8075    
   2593.75000000000        114.6248    
   2625.00000000000        41.70736    
   2656.25000000000        91.03854    
   2687.50000000000        195.3414    
   2718.75000000000        90.84027    
   2750.00000000000        109.8300    
   2781.25000000000        74.85166    
   2812.50000000000        187.0420    
   2843.75000000000        81.78870    
   2875.00000000000        181.5025    
   2906.25000000000        45.03707    
   2937.50000000000        275.1981    
   2968.75000000000        176.1147    
   3000.00000000000        181.9129    
   3031.25000000000        252.3180    
   3062.50000000000        302.0039    
   3093.75000000000        288.6380    
   3125.00000000000        159.6458    
   3156.25000000000        335.2383    
   3187.50000000000        140.9794    
   3218.75000000000        366.3269    
   3250.00000000000        272.8763    
   3281.25000000000        292.9531    
   3312.50000000000        316.3211    
   3343.75000000000        158.3004    
   3375.00000000000        145.2280    
   3406.25000000000        585.6322    
   3437.50000000000        177.6828    
   3468.75000000000        394.1725    
   3500.00000000000        347.3338    
   3531.25000000000        107.7980    
   3562.50000000000        347.5708    
   3593.75000000000        287.1412    
   3625.00000000000        185.1439    
   3656.25000000000        417.5160    
   3687.50000000000        392.8158    
   3718.75000000000        428.8682    
   3750.00000000000        331.1856    
   3781.25000000000        515.4443    
   3812.50000000000        359.2271    
   3843.75000000000        510.7060    
   3875.00000000000        404.7731    
   3906.25000000000        278.4447    
   3937.50000000000        625.0907    
   3968.75000000000        548.1106    
