  -2000.00000000000        80.98596    
  -1984.37500000000        56.94305    
  -1968.75000000000        43.36282    
  -1953.12500000000        74.20962    
  -1937.50000000000        159.5006    
  -1921.87500000000        104.0582    
  -1906.25000000000        72.76380    
  -1890.62500000000        54.65972    
  -1875.00000000000        73.33857    
  -1859.37500000000        54.87074    
  -1843.75000000000        14.52546    
  -1828.12500000000        123.7667    
  -1812.50000000000        37.53526    
  -1796.87500000000        78.92448    
  -1781.25000000000        105.9554    
  -1765.62500000000        106.6484    
  -1750.00000000000        398.9611    
  -1734.37500000000        104.9526    
  -1718.75000000000        39.11409    
  -1703.12500000000        10.74898    
  -1687.50000000000        53.17087    
  -1671.87500000000        77.04914    
  -1656.25000000000        25.57226    
  -1640.62500000000        68.07297    
  -1625.00000000000        16.11310    
  -1609.37500000000        42.52751    
  -1593.75000000000        48.65272    
  -1578.12500000000        78.90242    
  -1562.50000000000        50.66006    
  -1546.87500000000        382.3700    
  -1531.25000000000        103.3838    
  -1515.62500000000        55.83261    
  -1500.00000000000        199.7198    
  -1484.37500000000        19.28552    
  -1468.75000000000        24.48046    
  -1453.12500000000        39.22305    
  -1437.50000000000        55.81210    
  -1421.87500000000        73.89111    
  -1406.25000000000        121.6750    
  -1390.62500000000        28.72983    
  -1375.00000000000        13.65782    
  -1359.37500000000        466.0867    
  -1343.75000000000        145.1252    
  -1328.12500000000        114.4633    
  -1312.50000000000        45.80355    
  -1296.87500000000        149.1484    
  -1281.25000000000        49.56097    
  -1265.62500000000        83.23621    
  -1250.00000000000        203.6759    
  -1234.37500000000        155.1638    
  -1218.75000000000        48.62491    
  -1203.12500000000        221.0978    
  -1187.50000000000        207.8545    
  -1171.87500000000        710.8149    
  -1156.25000000000        715.7039    
  -1140.62500000000        175.5893    
  -1125.00000000000        145.6918    
  -1109.37500000000        97.54829    
  -1093.75000000000        175.1342    
  -1078.12500000000        38.54317    
  -1062.50000000000        39.36378    
  -1046.87500000000        7.020859    
  -1031.25000000000        61.76616    
  -1015.62500000000        91.78016    
  -1000.00000000000        64.21107    
  -984.375000000000        71.94347    
  -968.750000000000        1072.571    
  -953.125000000000        247.0202    
  -937.500000000000        96.10846    
  -921.875000000000        239.8896    
  -906.250000000000        137.3283    
  -890.625000000000        81.40135    
  -875.000000000000        71.44196    
  -859.375000000000        155.1663    
  -843.750000000000        128.0860    
  -828.125000000000        179.0809    
  -812.500000000000        147.3897    
  -796.875000000000        251.7824    
  -781.250000000000        619.0496    
  -765.625000000000        226.0341    
  -750.000000000000        101.2290    
  -734.375000000000        15.05761    
  -718.750000000000        115.1187    
  -703.125000000000        83.33616    
  -687.500000000000        92.07117    
  -671.875000000000        149.3354    
  -656.250000000000        184.3361    
  -640.625000000000        104.4255    
  -625.000000000000        407.9016    
  -609.375000000000        554.9543    
  -593.750000000000        991.9217    
  -578.125000000000        3567.761    
  -562.500000000000        658.1492    
  -546.875000000000        263.3254    
  -531.250000000000        306.7305    
  -515.625000000000        230.3645    
  -500.000000000000        158.8956    
  -484.375000000000        97.25465    
  -468.750000000000        75.84593    
  -453.125000000000        172.1381    
  -437.500000000000        63.82755    
  -421.875000000000        245.1130    
  -406.250000000000        287.7030    
  -390.625000000000        1723.360    
  -375.000000000000        295.4561    
  -359.375000000000        251.1331    
  -343.750000000000        238.8135    
  -328.125000000000        241.5894    
  -312.500000000000        173.6280    
  -296.875000000000        440.0950    
  -281.250000000000        276.2010    
  -265.625000000000        478.5989    
  -250.000000000000        788.6642    
  -234.375000000000        734.8885    
  -218.750000000000        1414.757    
  -203.125000000000        4173.645    
  -187.500000000000        5480.685    
  -171.875000000000        1847.240    
  -156.250000000000        985.2842    
  -140.625000000000        730.8719    
  -125.000000000000        557.8475    
  -109.375000000000        535.0180    
  -93.7500000000000        482.9384    
  -78.1250000000000        302.7316    
  -62.5000000000000        362.1286    
  -46.8750000000000        426.0226    
  -31.2500000000000        228.2412    
  -15.6250000000000        597.6152    
  0.000000000000000E+000   89195.34    
   15.6250000000000        512.2637    
   31.2500000000000        371.6849    
   46.8750000000000        654.6796    
   62.5000000000000        106.2658    
   78.1250000000000        478.8472    
   93.7500000000000        490.6867    
   109.375000000000        435.4176    
   125.000000000000        609.5630    
   140.625000000000        502.2342    
   156.250000000000        836.4953    
   171.875000000000        1355.274    
   187.500000000000        3387.944    
   203.125000000000        2176.944    
   218.750000000000        979.4795    
   234.375000000000        670.6854    
   250.000000000000        733.2748    
   265.625000000000        367.7078    
   281.250000000000        396.8587    
   296.875000000000        247.3779    
   312.500000000000        190.2889    
   328.125000000000        237.5366    
   343.750000000000        348.2716    
   359.375000000000        499.7313    
   375.000000000000        1166.756    
   390.625000000000        3249.731    
   406.250000000000        611.3019    
   421.875000000000        390.0436    
   437.500000000000        411.2698    
   453.125000000000        130.3753    
   468.750000000000        125.6877    
   484.375000000000        122.4754    
   500.000000000000        315.1671    
   515.625000000000        240.7414    
   531.250000000000        256.8755    
   546.875000000000        421.8850    
   562.500000000000        570.7481    
   578.125000000000        4161.326    
   593.750000000000        1585.431    
   609.375000000000        664.0623    
   625.000000000000        487.0148    
   640.625000000000        322.8789    
   656.250000000000        294.5910    
   671.875000000000        322.0643    
   687.500000000000        363.6011    
   703.125000000000        319.7074    
   718.750000000000        174.4258    
   734.375000000000        310.5080    
   750.000000000000        373.4658    
   765.625000000000        946.5238    
   781.250000000000        1156.335    
   796.875000000000        230.5836    
   812.500000000000        154.1227    
   828.125000000000        160.1684    
   843.750000000000        35.09752    
   859.375000000000        47.26136    
   875.000000000000        46.48182    
   890.625000000000        110.5296    
   906.250000000000        176.7905    
   921.875000000000        278.2698    
   937.500000000000        111.9680    
   953.125000000000        35.05599    
   968.750000000000        121.1174    
   984.375000000000        100.4667    
   1000.00000000000        78.85078    
   1015.62500000000        121.4914    
   1031.25000000000        107.4072    
   1046.87500000000        13.85204    
   1062.50000000000        92.72270    
   1078.12500000000        72.08774    
   1093.75000000000        32.71462    
   1109.37500000000        132.1884    
   1125.00000000000        112.4726    
   1140.62500000000        169.9871    
   1156.25000000000        563.7432    
   1171.87500000000        429.5374    
   1187.50000000000        157.6606    
   1203.12500000000        158.3403    
   1218.75000000000        92.71257    
   1234.37500000000        35.78310    
   1250.00000000000        184.1911    
   1265.62500000000        54.06256    
   1281.25000000000        82.68338    
   1296.87500000000        92.87621    
   1312.50000000000        31.62197    
   1328.12500000000        11.88761    
   1343.75000000000        94.70345    
   1359.37500000000        596.3947    
   1375.00000000000        80.93947    
   1390.62500000000        133.5760    
   1406.25000000000        88.39130    
   1421.87500000000        147.3264    
   1437.50000000000        20.39385    
   1453.12500000000        14.89821    
   1468.75000000000        68.78093    
   1484.37500000000        112.8187    
   1500.00000000000        155.6883    
   1515.62500000000        53.08117    
   1531.25000000000        16.42312    
   1546.87500000000        119.1741    
   1562.50000000000        129.4257    
   1578.12500000000        167.7382    
   1593.75000000000        63.58154    
   1609.37500000000        76.53020    
   1625.00000000000        24.44847    
   1640.62500000000        47.69052    
   1656.25000000000        47.23938    
   1671.87500000000        75.30294    
   1687.50000000000        96.08228    
   1703.12500000000        42.31659    
   1718.75000000000        92.88408    
   1734.37500000000        55.61613    
   1750.00000000000        148.7399    
   1765.62500000000        52.83405    
   1781.25000000000        68.02176    
   1796.87500000000        25.83742    
   1812.50000000000        58.47957    
   1828.12500000000        61.74769    
   1843.75000000000        65.90246    
   1859.37500000000        43.65863    
   1875.00000000000        51.61311    
   1890.62500000000        74.13190    
   1906.25000000000        91.35445    
   1921.87500000000        132.2067    
   1937.50000000000        46.40114    
   1953.12500000000        63.83780    
   1968.75000000000        69.51144    
   1984.37500000000        13.02966    
