  -2000.00000000000        11.33221    
  -1984.37500000000        9.467620    
  -1968.75000000000        5.327927    
  -1953.12500000000        11.64501    
  -1937.50000000000        14.66400    
  -1921.87500000000        30.84743    
  -1906.25000000000        6.602623    
  -1890.62500000000        20.14911    
  -1875.00000000000        5.904895    
  -1859.37500000000        15.70339    
  -1843.75000000000        5.021469    
  -1828.12500000000        21.65967    
  -1812.50000000000        16.03958    
  -1796.87500000000        2.802277    
  -1781.25000000000        16.79934    
  -1765.62500000000        7.109586    
  -1750.00000000000        44.38952    
  -1734.37500000000        23.39496    
  -1718.75000000000        20.77380    
  -1703.12500000000        3.500596    
  -1687.50000000000        9.732752    
  -1671.87500000000        26.74791    
  -1656.25000000000        11.81635    
  -1640.62500000000        14.75799    
  -1625.00000000000        7.160473    
  -1609.37500000000        18.32737    
  -1593.75000000000        8.028395    
  -1578.12500000000        9.789508    
  -1562.50000000000        16.90076    
  -1546.87500000000        74.90566    
  -1531.25000000000        20.86191    
  -1515.62500000000        18.36665    
  -1500.00000000000        35.87426    
  -1484.37500000000        25.61087    
  -1468.75000000000        6.981274    
  -1453.12500000000        9.301163    
  -1437.50000000000        1.493759    
  -1421.87500000000        15.19705    
  -1406.25000000000        18.11619    
  -1390.62500000000        4.901975    
  -1375.00000000000        17.47912    
  -1359.37500000000        21.03537    
  -1343.75000000000        3.018865    
  -1328.12500000000        4.945171    
  -1312.50000000000        6.491714    
  -1296.87500000000        24.40207    
  -1281.25000000000        36.94890    
  -1265.62500000000        20.72715    
  -1250.00000000000        38.31822    
  -1234.37500000000        24.44066    
  -1218.75000000000        13.06797    
  -1203.12500000000        30.91178    
  -1187.50000000000        34.53498    
  -1171.87500000000        115.6187    
  -1156.25000000000        96.68869    
  -1140.62500000000        33.44056    
  -1125.00000000000        8.925797    
  -1109.37500000000        12.70453    
  -1093.75000000000        22.93339    
  -1078.12500000000        11.35332    
  -1062.50000000000        10.07100    
  -1046.87500000000        7.994561    
  -1031.25000000000        23.22875    
  -1015.62500000000        7.094043    
  -1000.00000000000        3.433082    
  -984.375000000000        12.66879    
  -968.750000000000        151.6077    
  -953.125000000000        31.20765    
  -937.500000000000        15.03799    
  -921.875000000000        39.55669    
  -906.250000000000        23.13052    
  -890.625000000000        17.34185    
  -875.000000000000        4.204252    
  -859.375000000000        15.08338    
  -843.750000000000        12.75569    
  -828.125000000000        22.65158    
  -812.500000000000        20.85709    
  -796.875000000000        26.33476    
  -781.250000000000        90.90057    
  -765.625000000000        74.33310    
  -750.000000000000        20.73772    
  -734.375000000000        14.57238    
  -718.750000000000        31.49381    
  -703.125000000000        42.18436    
  -687.500000000000        29.47183    
  -671.875000000000        33.81237    
  -656.250000000000        50.93653    
  -640.625000000000        17.51047    
  -625.000000000000        71.16149    
  -609.375000000000        86.77625    
  -593.750000000000        190.3012    
  -578.125000000000        539.1168    
  -562.500000000000        90.47632    
  -546.875000000000        26.81966    
  -531.250000000000        41.59075    
  -515.625000000000        37.30367    
  -500.000000000000        20.36319    
  -484.375000000000        6.209702    
  -468.750000000000        15.89465    
  -453.125000000000        25.37844    
  -437.500000000000        25.33524    
  -421.875000000000        21.26266    
  -406.250000000000        55.37053    
  -390.625000000000        246.8574    
  -375.000000000000        64.94078    
  -359.375000000000        34.42311    
  -343.750000000000        12.07868    
  -328.125000000000        24.04323    
  -312.500000000000        20.30139    
  -296.875000000000        32.08829    
  -281.250000000000        13.32659    
  -265.625000000000        40.08675    
  -250.000000000000        50.86562    
  -234.375000000000        40.65438    
  -218.750000000000        84.35762    
  -203.125000000000        302.6666    
  -187.500000000000        362.9759    
  -171.875000000000        116.2623    
  -156.250000000000        67.78523    
  -140.625000000000        46.02457    
  -125.000000000000        43.68363    
  -109.375000000000        24.25658    
  -93.7500000000000        20.70515    
  -78.1250000000000        40.62803    
  -62.5000000000000        27.20271    
  -46.8750000000000        22.71598    
  -31.2500000000000        21.93316    
  -15.6250000000000        78.74398    
  0.000000000000000E+000   13360.42    
   15.6250000000000        85.61941    
   31.2500000000000        35.20848    
   46.8750000000000        48.67588    
   62.5000000000000        12.26634    
   78.1250000000000        41.67672    
   93.7500000000000        15.16571    
   109.375000000000        12.79707    
   125.000000000000        50.49216    
   140.625000000000        29.34769    
   156.250000000000        30.18727    
   171.875000000000        65.25546    
   187.500000000000        160.0687    
   203.125000000000        148.3129    
   218.750000000000        46.52272    
   234.375000000000        17.06588    
   250.000000000000        52.16924    
   265.625000000000        18.48381    
   281.250000000000        20.79332    
   296.875000000000        4.175578    
   312.500000000000        31.61194    
   328.125000000000        26.37723    
   343.750000000000        20.51778    
   359.375000000000        44.44621    
   375.000000000000        121.8334    
   390.625000000000        343.1578    
   406.250000000000        73.87250    
   421.875000000000        34.48146    
   437.500000000000        44.20212    
   453.125000000000        31.48082    
   468.750000000000        2.208653    
   484.375000000000        15.70994    
   500.000000000000        22.88087    
   515.625000000000        57.48923    
   531.250000000000        58.16417    
   546.875000000000        51.47418    
   562.500000000000        105.6607    
   578.125000000000        622.2586    
   593.750000000000        230.0423    
   609.375000000000        92.95443    
   625.000000000000        66.72767    
   640.625000000000        28.88509    
   656.250000000000        60.05985    
   671.875000000000        38.77820    
   687.500000000000        37.56489    
   703.125000000000        30.34799    
   718.750000000000        28.40978    
   734.375000000000        41.31921    
   750.000000000000        46.12957    
   765.625000000000        128.1772    
   781.250000000000        135.8442    
   796.875000000000        38.51428    
   812.500000000000        19.18096    
   828.125000000000        23.07820    
   843.750000000000        24.00486    
   859.375000000000        5.182488    
   875.000000000000        17.13892    
   890.625000000000        23.95742    
   906.250000000000        16.16533    
   921.875000000000        36.21786    
   937.500000000000        15.04037    
   953.125000000000        12.00329    
   968.750000000000        81.94639    
   984.375000000000        15.42634    
   1000.00000000000        6.403157    
   1015.62500000000        5.551057    
   1031.25000000000        6.240213    
   1046.87500000000        4.436889    
   1062.50000000000        11.00856    
   1078.12500000000        13.99640    
   1093.75000000000        19.71512    
   1109.37500000000        24.44041    
   1125.00000000000        16.69038    
   1140.62500000000        35.82141    
   1156.25000000000        121.6956    
   1171.87500000000        122.9745    
   1187.50000000000        38.39060    
   1203.12500000000        33.41606    
   1218.75000000000        11.83715    
   1234.37500000000        11.73349    
   1250.00000000000        42.05640    
   1265.62500000000        20.78835    
   1281.25000000000        30.14820    
   1296.87500000000        7.885264    
   1312.50000000000        6.934375    
   1328.12500000000        7.562948    
   1343.75000000000        7.229120    
   1359.37500000000        34.30976    
   1375.00000000000        5.586854    
   1390.62500000000        7.984810    
   1406.25000000000        12.59728    
   1421.87500000000        7.297029    
   1437.50000000000        14.52945    
   1453.12500000000        8.484603    
   1468.75000000000        20.62061    
   1484.37500000000        15.43805    
   1500.00000000000        37.49934    
   1515.62500000000        4.535959    
   1531.25000000000        22.15669    
   1546.87500000000        62.20287    
   1562.50000000000        22.47929    
   1578.12500000000        17.84092    
   1593.75000000000        6.002710    
   1609.37500000000        9.834391    
   1625.00000000000        19.10898    
   1640.62500000000        13.21685    
   1656.25000000000        12.25569    
   1671.87500000000        28.52449    
   1687.50000000000        10.45193    
   1703.12500000000        8.974900    
   1718.75000000000        17.09191    
   1734.37500000000        21.06215    
   1750.00000000000        47.21384    
   1765.62500000000        18.15413    
   1781.25000000000        14.88541    
   1796.87500000000        1.989910    
   1812.50000000000        19.30210    
   1828.12500000000        33.33802    
   1843.75000000000        4.983621    
   1859.37500000000        24.57104    
   1875.00000000000        10.88085    
   1890.62500000000        14.97149    
   1906.25000000000        11.48946    
   1921.87500000000        20.24087    
   1937.50000000000        20.43711    
   1953.12500000000        11.98100    
   1968.75000000000        11.98640    
   1984.37500000000        11.98150    
