  -2000.00000000000        15.42809    
  -1984.37500000000        7.609056    
  -1968.75000000000        13.40222    
  -1953.12500000000        16.18582    
  -1937.50000000000        19.17183    
  -1921.87500000000        23.17460    
  -1906.25000000000        9.807205    
  -1890.62500000000        16.14567    
  -1875.00000000000        9.642647    
  -1859.37500000000        6.629511    
  -1843.75000000000        2.278965    
  -1828.12500000000        11.17741    
  -1812.50000000000        18.64320    
  -1796.87500000000        13.99860    
  -1781.25000000000        19.90100    
  -1765.62500000000        19.74973    
  -1750.00000000000        42.52057    
  -1734.37500000000        30.62079    
  -1718.75000000000        9.017093    
  -1703.12500000000        14.62305    
  -1687.50000000000        5.515795    
  -1671.87500000000        15.74617    
  -1656.25000000000        7.124880    
  -1640.62500000000        7.465307    
  -1625.00000000000        3.908595    
  -1609.37500000000        6.078286    
  -1593.75000000000        16.19375    
  -1578.12500000000        24.39821    
  -1562.50000000000        17.87442    
  -1546.87500000000        51.66891    
  -1531.25000000000        9.533807    
  -1515.62500000000        6.685283    
  -1500.00000000000        19.49129    
  -1484.37500000000        33.54614    
  -1468.75000000000        4.949420    
  -1453.12500000000        5.941589    
  -1437.50000000000        9.648479    
  -1421.87500000000        8.910877    
  -1406.25000000000        11.05747    
  -1390.62500000000        4.390429    
  -1375.00000000000        16.61014    
  -1359.37500000000        83.21626    
  -1343.75000000000        18.98649    
  -1328.12500000000        15.69167    
  -1312.50000000000        7.664001    
  -1296.87500000000        18.98360    
  -1281.25000000000        20.56270    
  -1265.62500000000        8.743826    
  -1250.00000000000        35.06411    
  -1234.37500000000        3.997713    
  -1218.75000000000        11.03880    
  -1203.12500000000        27.66016    
  -1187.50000000000        30.14838    
  -1171.87500000000        55.54504    
  -1156.25000000000        74.38967    
  -1140.62500000000        11.65332    
  -1125.00000000000        1.855433    
  -1109.37500000000        21.05614    
  -1093.75000000000        24.76081    
  -1078.12500000000        1.029589    
  -1062.50000000000        2.592331    
  -1046.87500000000        6.039257    
  -1031.25000000000        3.753757    
  -1015.62500000000        11.23675    
  -1000.00000000000        8.437739    
  -984.375000000000        11.05838    
  -968.750000000000        127.6524    
  -953.125000000000        33.84533    
  -937.500000000000        15.75101    
  -921.875000000000        41.55977    
  -906.250000000000        14.39547    
  -890.625000000000        19.62091    
  -875.000000000000        9.526204    
  -859.375000000000        11.30639    
  -843.750000000000        20.47223    
  -828.125000000000        19.71589    
  -812.500000000000        23.07755    
  -796.875000000000        45.19738    
  -781.250000000000        177.8100    
  -765.625000000000        144.7225    
  -750.000000000000        52.64825    
  -734.375000000000        38.93420    
  -718.750000000000        47.48296    
  -703.125000000000        40.52843    
  -687.500000000000        37.30740    
  -671.875000000000        40.15571    
  -656.250000000000        57.55437    
  -640.625000000000        30.46807    
  -625.000000000000        65.74185    
  -609.375000000000        99.56472    
  -593.750000000000        222.7147    
  -578.125000000000        586.5865    
  -562.500000000000        100.9217    
  -546.875000000000        30.38104    
  -531.250000000000        37.72338    
  -515.625000000000        30.62889    
  -500.000000000000        32.28003    
  -484.375000000000        9.124846    
  -468.750000000000        10.42600    
  -453.125000000000        20.12063    
  -437.500000000000        40.88407    
  -421.875000000000        26.83807    
  -406.250000000000        68.59482    
  -390.625000000000        179.7330    
  -375.000000000000        56.99398    
  -359.375000000000        20.28303    
  -343.750000000000        7.543421    
  -328.125000000000        17.97437    
  -312.500000000000        20.98302    
  -296.875000000000        30.58648    
  -281.250000000000        3.423995    
  -265.625000000000        25.10453    
  -250.000000000000        55.35237    
  -234.375000000000        37.10239    
  -218.750000000000        63.64416    
  -203.125000000000        290.7603    
  -187.500000000000        301.4408    
  -171.875000000000        88.29301    
  -156.250000000000        46.50377    
  -140.625000000000        33.96529    
  -125.000000000000        32.44804    
  -109.375000000000        19.57232    
  -93.7500000000000        9.508512    
  -78.1250000000000        34.79911    
  -62.5000000000000        21.10480    
  -46.8750000000000        18.37935    
  -31.2500000000000        12.71103    
  -15.6250000000000        54.96484    
  0.000000000000000E+000   13764.71    
   15.6250000000000        68.92541    
   31.2500000000000        26.14919    
   46.8750000000000        34.73892    
   62.5000000000000        15.26475    
   78.1250000000000        38.60938    
   93.7500000000000        18.09028    
   109.375000000000        12.31958    
   125.000000000000        13.19020    
   140.625000000000        16.02896    
   156.250000000000        3.735777    
   171.875000000000        20.03491    
   187.500000000000        35.11190    
   203.125000000000        100.1665    
   218.750000000000        24.07763    
   234.375000000000        15.22050    
   250.000000000000        51.57544    
   265.625000000000        11.60383    
   281.250000000000        16.94253    
   296.875000000000        12.41214    
   312.500000000000        28.88980    
   328.125000000000        12.74017    
   343.750000000000        17.53123    
   359.375000000000        45.86126    
   375.000000000000        125.9521    
   390.625000000000        275.4688    
   406.250000000000        77.23272    
   421.875000000000        27.16105    
   437.500000000000        30.32494    
   453.125000000000        16.57842    
   468.750000000000        11.04449    
   484.375000000000        11.30016    
   500.000000000000        20.01645    
   515.625000000000        31.26724    
   531.250000000000        44.26744    
   546.875000000000        30.15909    
   562.500000000000        83.06816    
   578.125000000000        552.9987    
   593.750000000000        207.6971    
   609.375000000000        92.53368    
   625.000000000000        62.45712    
   640.625000000000        41.65478    
   656.250000000000        30.47551    
   671.875000000000        37.15183    
   687.500000000000        32.22097    
   703.125000000000        35.41627    
   718.750000000000        38.91627    
   734.375000000000        31.62427    
   750.000000000000        44.69567    
   765.625000000000        89.25799    
   781.250000000000        122.8248    
   796.875000000000        33.93159    
   812.500000000000        10.28612    
   828.125000000000        4.882276    
   843.750000000000        7.460866    
   859.375000000000        8.678469    
   875.000000000000        4.624592    
   890.625000000000        3.012819    
   906.250000000000        53.21549    
   921.875000000000        32.96507    
   937.500000000000        9.658370    
   953.125000000000        35.60091    
   968.750000000000        73.28660    
   984.375000000000        19.70769    
   1000.00000000000        2.845107    
   1015.62500000000        8.104342    
   1031.25000000000        22.43031    
   1046.87500000000        12.84897    
   1062.50000000000        5.979299    
   1078.12500000000        3.270117    
   1093.75000000000        35.35524    
   1109.37500000000        32.47388    
   1125.00000000000        11.56332    
   1140.62500000000        22.73092    
   1156.25000000000        87.80921    
   1171.87500000000        71.95271    
   1187.50000000000        26.19042    
   1203.12500000000        15.94786    
   1218.75000000000        1.974594    
   1234.37500000000        26.18875    
   1250.00000000000        20.77146    
   1265.62500000000        15.54821    
   1281.25000000000        44.74414    
   1296.87500000000        38.15843    
   1312.50000000000        21.89371    
   1328.12500000000        10.68529    
   1343.75000000000        29.18129    
   1359.37500000000        66.73492    
   1375.00000000000        36.57856    
   1390.62500000000        14.09127    
   1406.25000000000        21.48759    
   1421.87500000000        25.38766    
   1437.50000000000        8.692856    
   1453.12500000000        9.202117    
   1468.75000000000        9.046540    
   1484.37500000000        11.93998    
   1500.00000000000        27.64602    
   1515.62500000000        19.73333    
   1531.25000000000        16.13172    
   1546.87500000000        60.67763    
   1562.50000000000        37.80409    
   1578.12500000000        21.01821    
   1593.75000000000        20.22126    
   1609.37500000000        16.55612    
   1625.00000000000        19.09924    
   1640.62500000000        15.82889    
   1656.25000000000        19.39387    
   1671.87500000000        41.54532    
   1687.50000000000        5.958740    
   1703.12500000000        4.527508    
   1718.75000000000        11.87609    
   1734.37500000000        17.36157    
   1750.00000000000        41.78786    
   1765.62500000000        8.766756    
   1781.25000000000        12.80337    
   1796.87500000000        7.414145    
   1812.50000000000        13.60274    
   1828.12500000000        23.42705    
   1843.75000000000        10.30322    
   1859.37500000000        7.324232    
   1875.00000000000        7.817717    
   1890.62500000000        23.20856    
   1906.25000000000        7.349289    
   1921.87500000000        28.31072    
   1937.50000000000        11.39733    
   1953.12500000000        6.339316    
   1968.75000000000        14.08480    
   1984.37500000000        13.13206    
