  -2000.00000000000        16.32040    
  -1984.37500000000        7.029273    
  -1968.75000000000        10.81693    
  -1953.12500000000        6.216730    
  -1937.50000000000        9.913290    
  -1921.87500000000        23.25006    
  -1906.25000000000        3.951565    
  -1890.62500000000        13.09345    
  -1875.00000000000        3.592811    
  -1859.37500000000        14.54155    
  -1843.75000000000        11.99437    
  -1828.12500000000        15.54329    
  -1812.50000000000        5.898123    
  -1796.87500000000        8.426936    
  -1781.25000000000        9.078385    
  -1765.62500000000        12.86112    
  -1750.00000000000        35.43734    
  -1734.37500000000        15.64012    
  -1718.75000000000        13.00057    
  -1703.12500000000        3.386703    
  -1687.50000000000        6.228347    
  -1671.87500000000        21.74656    
  -1656.25000000000        14.07248    
  -1640.62500000000        13.51494    
  -1625.00000000000        6.444762    
  -1609.37500000000        7.774945    
  -1593.75000000000        9.447767    
  -1578.12500000000        12.58471    
  -1562.50000000000        10.56717    
  -1546.87500000000        66.34538    
  -1531.25000000000        14.99367    
  -1515.62500000000        14.24312    
  -1500.00000000000        18.05382    
  -1484.37500000000        8.816938    
  -1468.75000000000        8.632924    
  -1453.12500000000        3.000667    
  -1437.50000000000        4.609048    
  -1421.87500000000        9.292449    
  -1406.25000000000        8.312426    
  -1390.62500000000        3.297573    
  -1375.00000000000        10.87057    
  -1359.37500000000        16.54887    
  -1343.75000000000        19.21658    
  -1328.12500000000        13.65585    
  -1312.50000000000        9.334436    
  -1296.87500000000        9.061915    
  -1281.25000000000        5.569974    
  -1265.62500000000        9.373311    
  -1250.00000000000        36.36848    
  -1234.37500000000        15.48232    
  -1218.75000000000        2.959406    
  -1203.12500000000        25.78219    
  -1187.50000000000        27.81700    
  -1171.87500000000        53.31625    
  -1156.25000000000        52.80704    
  -1140.62500000000        17.20543    
  -1125.00000000000        5.169773    
  -1109.37500000000        2.802867    
  -1093.75000000000        5.027426    
  -1078.12500000000        5.060317    
  -1062.50000000000        6.525020    
  -1046.87500000000        8.478709    
  -1031.25000000000        14.09490    
  -1015.62500000000        8.846733    
  -1000.00000000000        14.26009    
  -984.375000000000        22.29803    
  -968.750000000000        99.97834    
  -953.125000000000        17.94481    
  -937.500000000000        18.21003    
  -921.875000000000        33.77742    
  -906.250000000000        28.68728    
  -890.625000000000        20.12823    
  -875.000000000000        15.88420    
  -859.375000000000        11.72771    
  -843.750000000000        12.60697    
  -828.125000000000        22.33322    
  -812.500000000000        23.02619    
  -796.875000000000        28.63889    
  -781.250000000000        89.60564    
  -765.625000000000        64.62765    
  -750.000000000000        22.96565    
  -734.375000000000        16.95341    
  -718.750000000000        34.87956    
  -703.125000000000        8.124753    
  -687.500000000000        17.76391    
  -671.875000000000        23.54883    
  -656.250000000000        30.30414    
  -640.625000000000        35.55238    
  -625.000000000000        53.27900    
  -609.375000000000        81.49093    
  -593.750000000000        178.0333    
  -578.125000000000        519.7785    
  -562.500000000000        88.61940    
  -546.875000000000        26.03550    
  -531.250000000000        43.51569    
  -515.625000000000        20.56981    
  -500.000000000000        27.89473    
  -484.375000000000        12.13727    
  -468.750000000000        8.321298    
  -453.125000000000        12.31082    
  -437.500000000000        22.46787    
  -421.875000000000        8.925988    
  -406.250000000000        42.91486    
  -390.625000000000        263.4384    
  -375.000000000000        64.26674    
  -359.375000000000        36.28038    
  -343.750000000000        6.889977    
  -328.125000000000        6.716049    
  -312.500000000000        23.72849    
  -296.875000000000        31.24936    
  -281.250000000000        12.26074    
  -265.625000000000        26.17280    
  -250.000000000000        31.83579    
  -234.375000000000        28.77497    
  -218.750000000000        49.19031    
  -203.125000000000        228.4719    
  -187.500000000000        228.4468    
  -171.875000000000        77.11919    
  -156.250000000000        33.75031    
  -140.625000000000        32.90413    
  -125.000000000000        15.49069    
  -109.375000000000        13.24475    
  -93.7500000000000        6.444455    
  -78.1250000000000        31.94983    
  -62.5000000000000        19.67323    
  -46.8750000000000        17.32793    
  -31.2500000000000        18.59427    
  -15.6250000000000        65.27822    
  0.000000000000000E+000   13087.59    
   15.6250000000000        69.99566    
   31.2500000000000        23.17796    
   46.8750000000000        26.60799    
   62.5000000000000        11.97929    
   78.1250000000000        36.68338    
   93.7500000000000        3.721365    
   109.375000000000       0.7251586    
   125.000000000000        26.00497    
   140.625000000000        25.91431    
   156.250000000000        22.50743    
   171.875000000000        48.87743    
   187.500000000000        136.3710    
   203.125000000000        135.3289    
   218.750000000000        36.29720    
   234.375000000000        19.05657    
   250.000000000000        33.58973    
   265.625000000000        15.19015    
   281.250000000000        11.63874    
   296.875000000000        12.26490    
   312.500000000000        27.16783    
   328.125000000000        11.58942    
   343.750000000000        5.981385    
   359.375000000000        39.68889    
   375.000000000000        95.77927    
   390.625000000000        275.1536    
   406.250000000000        51.88792    
   421.875000000000        13.20070    
   437.500000000000        40.12930    
   453.125000000000        24.35399    
   468.750000000000        11.84888    
   484.375000000000        11.94490    
   500.000000000000        26.07459    
   515.625000000000        29.19711    
   531.250000000000        39.63378    
   546.875000000000        25.46591    
   562.500000000000        80.71926    
   578.125000000000        509.7941    
   593.750000000000        168.9827    
   609.375000000000        73.80398    
   625.000000000000        54.69892    
   640.625000000000        33.35048    
   656.250000000000        39.79483    
   671.875000000000        31.49870    
   687.500000000000        27.13176    
   703.125000000000        44.27911    
   718.750000000000        23.25138    
   734.375000000000        20.97992    
   750.000000000000        33.68419    
   765.625000000000        79.69595    
   781.250000000000        105.1593    
   796.875000000000        24.67769    
   812.500000000000        19.26606    
   828.125000000000        13.70179    
   843.750000000000        18.10490    
   859.375000000000        13.51120    
   875.000000000000        17.48196    
   890.625000000000        23.21758    
   906.250000000000        25.32498    
   921.875000000000        30.32267    
   937.500000000000        17.34582    
   953.125000000000        17.20987    
   968.750000000000        27.14046    
   984.375000000000        16.26899    
   1000.00000000000        5.441312    
   1015.62500000000        6.967731    
   1031.25000000000        24.89437    
   1046.87500000000        14.53959    
   1062.50000000000        4.407476    
   1078.12500000000        5.616327    
   1093.75000000000        24.95581    
   1109.37500000000        7.512946    
   1125.00000000000        2.722382    
   1140.62500000000        12.42253    
   1156.25000000000        51.14414    
   1171.87500000000        63.49052    
   1187.50000000000        26.10512    
   1203.12500000000        25.45640    
   1218.75000000000        2.901115    
   1234.37500000000        13.46697    
   1250.00000000000        31.55182    
   1265.62500000000        10.64769    
   1281.25000000000        14.56046    
   1296.87500000000        11.66438    
   1312.50000000000        5.728962    
   1328.12500000000        3.740019    
   1343.75000000000        6.519029    
   1359.37500000000        29.44754    
   1375.00000000000        15.67491    
   1390.62500000000        7.137239    
   1406.25000000000        15.72884    
   1421.87500000000        11.82461    
   1437.50000000000        3.849264    
   1453.12500000000        4.434277    
   1468.75000000000        15.55289    
   1484.37500000000        13.27229    
   1500.00000000000        19.08759    
   1515.62500000000        7.836604    
   1531.25000000000        16.91463    
   1546.87500000000        53.14214    
   1562.50000000000        6.199430    
   1578.12500000000        12.20115    
   1593.75000000000        8.159893    
   1609.37500000000        7.209702    
   1625.00000000000        14.48309    
   1640.62500000000        7.579060    
   1656.25000000000        5.052996    
   1671.87500000000        29.88195    
   1687.50000000000        2.825238    
   1703.12500000000        11.62641    
   1718.75000000000        5.074434    
   1734.37500000000        8.904092    
   1750.00000000000        50.38586    
   1765.62500000000        8.359077    
   1781.25000000000        18.32353    
   1796.87500000000        7.642489    
   1812.50000000000        8.738955    
   1828.12500000000        17.05370    
   1843.75000000000        6.703409    
   1859.37500000000        16.68785    
   1875.00000000000        4.571695    
   1890.62500000000        12.12296    
   1906.25000000000        10.62290    
   1921.87500000000        15.66783    
   1937.50000000000        8.626423    
   1953.12500000000        11.95549    
   1968.75000000000        11.10221    
   1984.37500000000        4.580891    
