  -4000.00000000000        196.5659    
  -3968.75000000000        364.3263    
  -3937.50000000000        465.6772    
  -3906.25000000000        217.0741    
  -3875.00000000000        329.0159    
  -3843.75000000000        368.6780    
  -3812.50000000000        267.3494    
  -3781.25000000000        388.4187    
  -3750.00000000000        238.1521    
  -3718.75000000000        303.8473    
  -3687.50000000000        278.0160    
  -3656.25000000000        339.0539    
  -3625.00000000000        157.5734    
  -3593.75000000000        216.6681    
  -3562.50000000000        240.0704    
  -3531.25000000000        84.82150    
  -3500.00000000000        274.1784    
  -3468.75000000000        251.6744    
  -3437.50000000000        148.1594    
  -3406.25000000000        420.3833    
  -3375.00000000000        128.4667    
  -3343.75000000000        122.6777    
  -3312.50000000000        235.7578    
  -3281.25000000000        214.6600    
  -3250.00000000000        185.5534    
  -3218.75000000000        225.6886    
  -3187.50000000000        101.6214    
  -3156.25000000000        240.4332    
  -3125.00000000000        145.0778    
  -3093.75000000000        192.0603    
  -3062.50000000000        225.1605    
  -3031.25000000000        172.7379    
  -3000.00000000000        107.0638    
  -2968.75000000000        108.7262    
  -2937.50000000000        200.5408    
  -2906.25000000000        29.55746    
  -2875.00000000000        130.2503    
  -2843.75000000000        56.94876    
  -2812.50000000000        142.1211    
  -2781.25000000000        49.73465    
  -2750.00000000000        72.94183    
  -2718.75000000000        72.47065    
  -2687.50000000000        133.8948    
  -2656.25000000000        52.42842    
  -2625.00000000000        35.40627    
  -2593.75000000000        96.84235    
  -2562.50000000000        60.78503    
  -2531.25000000000        19.51555    
  -2500.00000000000        138.5404    
  -2468.75000000000        10.25666    
  -2437.50000000000        97.35013    
  -2406.25000000000        52.46381    
  -2375.00000000000        27.33302    
  -2343.75000000000        136.6142    
  -2312.50000000000        86.88905    
  -2281.25000000000        38.87910    
  -2250.00000000000        46.25668    
  -2218.75000000000        69.63724    
  -2187.50000000000        102.3692    
  -2156.25000000000        104.4056    
  -2125.00000000000        63.15903    
  -2093.75000000000        82.01644    
  -2062.50000000000        61.64681    
  -2031.25000000000        20.04274    
  -2000.00000000000        43.30873    
  -1968.75000000000        65.06609    
  -1937.50000000000        49.96190    
  -1906.25000000000        25.62557    
  -1875.00000000000        78.31368    
  -1843.75000000000        94.42506    
  -1812.50000000000        251.3956    
  -1781.25000000000        296.8794    
  -1750.00000000000        147.6402    
  -1718.75000000000        104.9358    
  -1687.50000000000        142.9565    
  -1656.25000000000        172.2561    
  -1625.00000000000        97.52106    
  -1593.75000000000        51.05669    
  -1562.50000000000        206.6310    
  -1531.25000000000        114.6061    
  -1500.00000000000        37.64171    
  -1468.75000000000        73.69247    
  -1437.50000000000        44.34600    
  -1406.25000000000        84.83476    
  -1375.00000000000        125.7158    
  -1343.75000000000        100.1730    
  -1312.50000000000        85.87125    
  -1281.25000000000        73.48602    
  -1250.00000000000        221.1704    
  -1218.75000000000        41.79834    
  -1187.50000000000        45.86353    
  -1156.25000000000        143.4094    
  -1125.00000000000        34.85301    
  -1093.75000000000        84.51820    
  -1062.50000000000        165.9807    
  -1031.25000000000        60.83469    
  -1000.00000000000        89.42020    
  -968.750000000000        92.25514    
  -937.500000000000        43.91997    
  -906.250000000000        161.0690    
  -875.000000000000        86.49750    
  -843.750000000000        126.0270    
  -812.500000000000        207.8372    
  -781.250000000000        273.0313    
  -750.000000000000        210.2254    
  -718.750000000000        266.9787    
  -687.500000000000        231.1294    
  -656.250000000000        408.5542    
  -625.000000000000        35.10697    
  -593.750000000000        306.6083    
  -562.500000000000        107.2186    
  -531.250000000000        200.5001    
  -500.000000000000        304.4057    
  -468.750000000000        77.86900    
  -437.500000000000        235.9425    
  -406.250000000000        294.1716    
  -375.000000000000        648.5106    
  -343.750000000000        1052.673    
  -312.500000000000        550.8340    
  -281.250000000000        755.8653    
  -250.000000000000        373.8375    
  -218.750000000000        41.77274    
  -187.500000000000        362.3408    
  -156.250000000000        1348.443    
  -125.000000000000        1325.200    
  -93.7500000000000        469.1652    
  -62.5000000000000        1299.728    
  -31.2500000000000        2308.643    
  0.000000000000000E+000   5836.013    
   31.2500000000000        2295.581    
   62.5000000000000        1316.667    
   93.7500000000000        484.4433    
   125.000000000000        1348.294    
   156.250000000000        1367.913    
   187.500000000000        368.2350    
   218.750000000000        31.81440    
   250.000000000000        368.1057    
   281.250000000000        740.8065    
   312.500000000000        543.8819    
   343.750000000000        1036.296    
   375.000000000000        632.5352    
   406.250000000000        279.4906    
   437.500000000000        229.3677    
   468.750000000000        77.43977    
   500.000000000000        308.4763    
   531.250000000000        194.9665    
   562.500000000000        119.9734    
   593.750000000000        300.8866    
   625.000000000000        35.68074    
   656.250000000000        411.6658    
   687.500000000000        235.3830    
   718.750000000000        270.0950    
   750.000000000000        212.1670    
   781.250000000000        273.5103    
   812.500000000000        220.2190    
   843.750000000000        122.7714    
   875.000000000000        81.62257    
   906.250000000000        166.2240    
   937.500000000000        31.58862    
   968.750000000000        83.93610    
   1000.00000000000        97.48502    
   1031.25000000000        73.97239    
   1062.50000000000        163.3492    
   1093.75000000000        91.81473    
   1125.00000000000        30.22869    
   1156.25000000000        145.8108    
   1187.50000000000        41.68598    
   1218.75000000000        38.89783    
   1250.00000000000        223.9368    
   1281.25000000000        66.26942    
   1312.50000000000        80.72409    
   1343.75000000000        107.1399    
   1375.00000000000        132.9032    
   1406.25000000000        84.21293    
   1437.50000000000        38.40644    
   1468.75000000000        76.16414    
   1500.00000000000        39.22398    
   1531.25000000000        116.5961    
   1562.50000000000        199.2861    
   1593.75000000000        52.91883    
   1625.00000000000        99.77218    
   1656.25000000000        162.5875    
   1687.50000000000        138.4280    
   1718.75000000000        98.69626    
   1750.00000000000        147.0900    
   1781.25000000000        286.6312    
   1812.50000000000        241.7981    
   1843.75000000000        91.30560    
   1875.00000000000        80.41368    
   1906.25000000000        30.81909    
   1937.50000000000        44.60907    
   1968.75000000000        63.91500    
   2000.00000000000        38.65029    
   2031.25000000000        21.80747    
   2062.50000000000        66.52704    
   2093.75000000000        83.10284    
   2125.00000000000        64.42389    
   2156.25000000000        110.7620    
   2187.50000000000        106.4487    
   2218.75000000000        66.84821    
   2250.00000000000        52.91991    
   2281.25000000000        44.76652    
   2312.50000000000        83.29584    
   2343.75000000000        141.3147    
   2375.00000000000        22.09747    
   2406.25000000000        53.25937    
   2437.50000000000        94.39323    
   2468.75000000000        12.30233    
   2500.00000000000        141.8128    
   2531.25000000000        21.32911    
   2562.50000000000        62.43815    
   2593.75000000000        94.18589    
   2625.00000000000        35.58435    
   2656.25000000000        53.35069    
   2687.50000000000        132.6787    
   2718.75000000000        68.98820    
   2750.00000000000        66.06509    
   2781.25000000000        46.42178    
   2812.50000000000        136.6440    
   2843.75000000000        57.37776    
   2875.00000000000        133.1927    
   2906.25000000000        25.42369    
   2937.50000000000        198.6276    
   2968.75000000000        106.5924    
   3000.00000000000        110.2926    
   3031.25000000000        178.0146    
   3062.50000000000        218.5703    
   3093.75000000000        192.1332    
   3125.00000000000        138.5517    
   3156.25000000000        238.2364    
   3187.50000000000        105.5472    
   3218.75000000000        233.0042    
   3250.00000000000        189.9970    
   3281.25000000000        218.7556    
   3312.50000000000        229.8996    
   3343.75000000000        123.8414    
   3375.00000000000        127.7158    
   3406.25000000000        423.1338    
   3437.50000000000        148.7197    
   3468.75000000000        258.2184    
   3500.00000000000        268.1097    
   3531.25000000000        82.89895    
   3562.50000000000        239.2278    
   3593.75000000000        209.4913    
   3625.00000000000        153.9231    
   3656.25000000000        339.2991    
   3687.50000000000        275.4900    
   3718.75000000000        303.2395    
   3750.00000000000        233.9905    
   3781.25000000000        395.9063    
   3812.50000000000        262.6253    
   3843.75000000000        373.9291    
   3875.00000000000        327.1393    
   3906.25000000000        216.3043    
   3937.50000000000        459.5105    
   3968.75000000000        367.7745    
