  -4000.00000000000        276.7657    
  -3968.75000000000        460.8363    
  -3937.50000000000        604.7885    
  -3906.25000000000        270.4569    
  -3875.00000000000        448.2105    
  -3843.75000000000        496.1554    
  -3812.50000000000        346.2734    
  -3781.25000000000        491.2409    
  -3750.00000000000        334.6115    
  -3718.75000000000        370.2338    
  -3687.50000000000        358.7744    
  -3656.25000000000        455.9549    
  -3625.00000000000        229.0766    
  -3593.75000000000        302.9078    
  -3562.50000000000        322.0404    
  -3531.25000000000        88.13833    
  -3500.00000000000        380.3248    
  -3468.75000000000        314.9245    
  -3437.50000000000        185.1791    
  -3406.25000000000        545.4657    
  -3375.00000000000        155.9377    
  -3343.75000000000        174.8640    
  -3312.50000000000        313.4852    
  -3281.25000000000        269.5263    
  -3250.00000000000        227.3230    
  -3218.75000000000        282.5341    
  -3187.50000000000        121.4650    
  -3156.25000000000        305.1373    
  -3125.00000000000        188.8821    
  -3093.75000000000        259.2066    
  -3062.50000000000        289.9607    
  -3031.25000000000        225.8538    
  -3000.00000000000        139.1732    
  -2968.75000000000        156.4083    
  -2937.50000000000        243.6898    
  -2906.25000000000        32.21018    
  -2875.00000000000        167.9094    
  -2843.75000000000        81.35017    
  -2812.50000000000        146.1649    
  -2781.25000000000        65.70316    
  -2750.00000000000        79.58051    
  -2718.75000000000        103.8704    
  -2687.50000000000        185.6967    
  -2656.25000000000        78.74157    
  -2625.00000000000        22.72478    
  -2593.75000000000        127.1233    
  -2562.50000000000        78.27915    
  -2531.25000000000        21.67159    
  -2500.00000000000        176.4435    
  -2468.75000000000        10.70928    
  -2437.50000000000        112.0165    
  -2406.25000000000        70.57237    
  -2375.00000000000        7.742985    
  -2343.75000000000        185.2720    
  -2312.50000000000        132.4505    
  -2281.25000000000        51.23345    
  -2250.00000000000        73.50786    
  -2218.75000000000        98.77395    
  -2187.50000000000        132.1459    
  -2156.25000000000        131.9350    
  -2125.00000000000        80.63502    
  -2093.75000000000        110.4071    
  -2062.50000000000        68.61551    
  -2031.25000000000        21.67581    
  -2000.00000000000        74.15002    
  -1968.75000000000        73.62910    
  -1937.50000000000        65.35855    
  -1906.25000000000        26.43109    
  -1875.00000000000        85.50251    
  -1843.75000000000        133.7795    
  -1812.50000000000        329.9082    
  -1781.25000000000        412.3129    
  -1750.00000000000        218.0779    
  -1718.75000000000        131.7132    
  -1687.50000000000        191.0552    
  -1656.25000000000        228.4885    
  -1625.00000000000        155.9130    
  -1593.75000000000        97.86205    
  -1562.50000000000        258.5618    
  -1531.25000000000        152.2372    
  -1500.00000000000        58.73875    
  -1468.75000000000        88.45669    
  -1437.50000000000        74.37385    
  -1406.25000000000        93.69074    
  -1375.00000000000        165.9575    
  -1343.75000000000        129.5993    
  -1312.50000000000        93.56312    
  -1281.25000000000        87.18936    
  -1250.00000000000        267.7193    
  -1218.75000000000        86.30141    
  -1187.50000000000        62.76130    
  -1156.25000000000        192.8193    
  -1125.00000000000        39.99920    
  -1093.75000000000        113.1072    
  -1062.50000000000        198.6850    
  -1031.25000000000        82.93315    
  -1000.00000000000        122.2048    
  -968.750000000000        117.6621    
  -937.500000000000        42.47319    
  -906.250000000000        206.3911    
  -875.000000000000        129.8678    
  -843.750000000000        162.9277    
  -812.500000000000        308.0047    
  -781.250000000000        380.6798    
  -750.000000000000        245.0117    
  -718.750000000000        318.3363    
  -687.500000000000        320.3796    
  -656.250000000000        585.7391    
  -625.000000000000        58.74775    
  -593.750000000000        346.5030    
  -562.500000000000        119.1638    
  -531.250000000000        228.1392    
  -500.000000000000        396.4535    
  -468.750000000000        93.85342    
  -437.500000000000        369.7496    
  -406.250000000000        407.6049    
  -375.000000000000        870.5167    
  -343.750000000000        1398.301    
  -312.500000000000        701.2963    
  -281.250000000000        999.7591    
  -250.000000000000        523.1469    
  -218.750000000000        78.76429    
  -187.500000000000        475.4406    
  -156.250000000000        1676.764    
  -125.000000000000        1659.589    
  -93.7500000000000        578.7690    
  -62.5000000000000        1619.955    
  -31.2500000000000        3029.213    
  0.000000000000000E+000   6883.846    
   31.2500000000000        2923.338    
   62.5000000000000        1779.861    
   93.7500000000000        690.2670    
   125.000000000000        1814.393    
   156.250000000000        1807.975    
   187.500000000000        501.5906    
   218.750000000000        24.24742    
   250.000000000000        498.1436    
   281.250000000000        916.8232    
   312.500000000000        700.7368    
   343.750000000000        1315.427    
   375.000000000000        784.2876    
   406.250000000000        382.3580    
   437.500000000000        254.6335    
   468.750000000000        60.74237    
   500.000000000000        430.3780    
   531.250000000000        309.0558    
   562.500000000000        156.6647    
   593.750000000000        424.3268    
   625.000000000000        73.00748    
   656.250000000000        561.3868    
   687.500000000000        283.7966    
   718.750000000000        354.4005    
   750.000000000000        268.0469    
   781.250000000000        361.6572    
   812.500000000000        305.3804    
   843.750000000000        143.3910    
   875.000000000000        106.2079    
   906.250000000000        190.5203    
   937.500000000000        83.93901    
   968.750000000000        157.1695    
   1000.00000000000        93.56434    
   1031.25000000000        107.6138    
   1062.50000000000        177.1442    
   1093.75000000000        107.7825    
   1125.00000000000        58.69210    
   1156.25000000000        180.2133    
   1187.50000000000        37.61446    
   1218.75000000000        76.19623    
   1250.00000000000        324.3618    
   1281.25000000000        83.34219    
   1312.50000000000        101.8047    
   1343.75000000000        167.6619    
   1375.00000000000        201.4770    
   1406.25000000000        137.1126    
   1437.50000000000        69.89732    
   1468.75000000000        103.8050    
   1500.00000000000        34.71720    
   1531.25000000000        154.5311    
   1562.50000000000        271.4576    
   1593.75000000000        57.91748    
   1625.00000000000        104.8183    
   1656.25000000000        191.5547    
   1687.50000000000        169.9049    
   1718.75000000000        111.7973    
   1750.00000000000        199.7541    
   1781.25000000000        367.0633    
   1812.50000000000        300.4513    
   1843.75000000000        128.1566    
   1875.00000000000        131.1380    
   1906.25000000000        45.76519    
   1937.50000000000        67.96262    
   1968.75000000000        105.9316    
   2000.00000000000        67.78107    
   2031.25000000000        17.36578    
   2062.50000000000        100.7395    
   2093.75000000000        90.42144    
   2125.00000000000        82.12897    
   2156.25000000000        127.6526    
   2187.50000000000        135.1042    
   2218.75000000000        96.59299    
   2250.00000000000        74.58714    
   2281.25000000000        56.53559    
   2312.50000000000        120.2835    
   2343.75000000000        192.9554    
   2375.00000000000        56.63242    
   2406.25000000000        70.40350    
   2437.50000000000        118.7997    
   2468.75000000000        22.40974    
   2500.00000000000        189.7791    
   2531.25000000000        18.50685    
   2562.50000000000        77.61686    
   2593.75000000000        137.0037    
   2625.00000000000        63.25250    
   2656.25000000000        56.06108    
   2687.50000000000        169.4019    
   2718.75000000000        90.55936    
   2750.00000000000        93.70307    
   2781.25000000000        57.79248    
   2812.50000000000        179.7378    
   2843.75000000000        82.72280    
   2875.00000000000        193.3512    
   2906.25000000000        33.60252    
   2937.50000000000        249.6007    
   2968.75000000000        125.9973    
   3000.00000000000        164.2223    
   3031.25000000000        253.8442    
   3062.50000000000        279.2572    
   3093.75000000000        247.0802    
   3125.00000000000        173.9600    
   3156.25000000000        300.8477    
   3187.50000000000        159.2508    
   3218.75000000000        311.5883    
   3250.00000000000        271.9767    
   3281.25000000000        279.2000    
   3312.50000000000        281.3924    
   3343.75000000000        179.2597    
   3375.00000000000        168.1689    
   3406.25000000000        557.8137    
   3437.50000000000        205.8853    
   3468.75000000000        352.6675    
   3500.00000000000        345.4604    
   3531.25000000000        98.23716    
   3562.50000000000        298.6754    
   3593.75000000000        251.0027    
   3625.00000000000        194.4507    
   3656.25000000000        441.8063    
   3687.50000000000        348.5649    
   3718.75000000000        382.2441    
   3750.00000000000        295.0872    
   3781.25000000000        508.8109    
   3812.50000000000        327.6793    
   3843.75000000000        484.6492    
   3875.00000000000        410.8916    
   3906.25000000000        272.8210    
   3937.50000000000        576.0571    
   3968.75000000000        475.0327    
