  -2000.00000000000        5.527198    
  -1984.37500000000        2.800588    
  -1968.75000000000        6.884364    
  -1953.12500000000        8.741102    
  -1937.50000000000        8.906874    
  -1921.87500000000        13.51222    
  -1906.25000000000        4.672077    
  -1890.62500000000        9.195954    
  -1875.00000000000        4.641634    
  -1859.37500000000        2.910364    
  -1843.75000000000        4.376141    
  -1828.12500000000        9.963975    
  -1812.50000000000        4.079868    
  -1796.87500000000        3.447371    
  -1781.25000000000        8.180052    
  -1765.62500000000        3.958944    
  -1750.00000000000        22.87679    
  -1734.37500000000        5.252510    
  -1718.75000000000        7.345269    
  -1703.12500000000        2.168501    
  -1687.50000000000        3.689528    
  -1671.87500000000        5.859423    
  -1656.25000000000        4.224546    
  -1640.62500000000        6.270924    
  -1625.00000000000       0.5193905    
  -1609.37500000000        4.527573    
  -1593.75000000000        6.186363    
  -1578.12500000000        10.83880    
  -1562.50000000000        8.839141    
  -1546.87500000000        26.94225    
  -1531.25000000000        6.638619    
  -1515.62500000000        6.845871    
  -1500.00000000000        15.82209    
  -1484.37500000000        7.765987    
  -1468.75000000000        2.665174    
  -1453.12500000000        3.978236    
  -1437.50000000000        3.585530    
  -1421.87500000000        8.553609    
  -1406.25000000000        6.465769    
  -1390.62500000000        6.022326    
  -1375.00000000000        1.514744    
  -1359.37500000000        18.15808    
  -1343.75000000000        7.662551    
  -1328.12500000000        6.144545    
  -1312.50000000000        5.007163    
  -1296.87500000000        12.69246    
  -1281.25000000000        4.559125    
  -1265.62500000000        5.923096    
  -1250.00000000000        23.24714    
  -1234.37500000000        9.522665    
  -1218.75000000000        6.085864    
  -1203.12500000000        15.92557    
  -1187.50000000000        18.49881    
  -1171.87500000000        51.32600    
  -1156.25000000000        48.02416    
  -1140.62500000000        11.35853    
  -1125.00000000000        4.150091    
  -1109.37500000000        8.829516    
  -1093.75000000000        1.369430    
  -1078.12500000000        3.620079    
  -1062.50000000000        3.132358    
  -1046.87500000000        2.831500    
  -1031.25000000000        4.475476    
  -1015.62500000000        3.051933    
  -1000.00000000000        1.788211    
  -984.375000000000        7.683382    
  -968.750000000000        54.76133    
  -953.125000000000        14.85165    
  -937.500000000000        10.39581    
  -921.875000000000        25.60167    
  -906.250000000000        16.95672    
  -890.625000000000        7.306182    
  -875.000000000000        6.334554    
  -859.375000000000        7.022241    
  -843.750000000000        6.808704    
  -828.125000000000        11.05460    
  -812.500000000000        12.64463    
  -796.875000000000        21.29311    
  -781.250000000000        74.46360    
  -765.625000000000        66.93830    
  -750.000000000000        22.39109    
  -734.375000000000        17.99104    
  -718.750000000000        23.60228    
  -703.125000000000        20.59077    
  -687.500000000000        20.55332    
  -671.875000000000        22.65457    
  -656.250000000000        28.43262    
  -640.625000000000        26.26274    
  -625.000000000000        42.91108    
  -609.375000000000        64.30323    
  -593.750000000000        137.7419    
  -578.125000000000        389.4855    
  -562.500000000000        64.53127    
  -546.875000000000        22.24977    
  -531.250000000000        30.72556    
  -515.625000000000        19.79900    
  -500.000000000000        15.70536    
  -484.375000000000        6.502730    
  -468.750000000000        7.536614    
  -453.125000000000        12.22473    
  -437.500000000000        22.08800    
  -421.875000000000        15.09260    
  -406.250000000000        42.40315    
  -390.625000000000        193.2684    
  -375.000000000000        60.51637    
  -359.375000000000        27.41927    
  -343.750000000000        6.386375    
  -328.125000000000        7.566964    
  -312.500000000000        18.66887    
  -296.875000000000        13.78959    
  -281.250000000000        11.08100    
  -265.625000000000        15.12552    
  -250.000000000000        24.95105    
  -234.375000000000        14.98408    
  -218.750000000000        37.46580    
  -203.125000000000        142.5137    
  -187.500000000000        162.0696    
  -171.875000000000        49.40370    
  -156.250000000000        26.23638    
  -140.625000000000        22.55267    
  -125.000000000000        20.45534    
  -109.375000000000        9.219580    
  -93.7500000000000        2.198373    
  -78.1250000000000        28.27454    
  -62.5000000000000        11.91483    
  -46.8750000000000        20.37562    
  -31.2500000000000        13.20195    
  -15.6250000000000        41.60409    
  0.000000000000000E+000   8710.623    
   15.6250000000000        42.88231    
   31.2500000000000        14.51716    
   46.8750000000000        21.34476    
   62.5000000000000        10.35937    
   78.1250000000000        28.81081    
   93.7500000000000        1.560210    
   109.375000000000        7.470623    
   125.000000000000        20.64534    
   140.625000000000        22.44977    
   156.250000000000        24.59714    
   171.875000000000        46.76077    
   187.500000000000        151.9338    
   203.125000000000        131.1878    
   218.750000000000        37.09355    
   234.375000000000        14.55190    
   250.000000000000        24.45532    
   265.625000000000        14.10019    
   281.250000000000        10.08006    
   296.875000000000        12.67548    
   312.500000000000        17.70871    
   328.125000000000        6.347204    
   343.750000000000        4.712670    
   359.375000000000        24.53974    
   375.000000000000        59.51144    
   390.625000000000        164.0368    
   406.250000000000        43.24524    
   421.875000000000        18.03298    
   437.500000000000        24.36209    
   453.125000000000        13.28304    
   468.750000000000        8.377471    
   484.375000000000        7.333124    
   500.000000000000        16.83500    
   515.625000000000        20.67161    
   531.250000000000        31.73592    
   546.875000000000        23.11303    
   562.500000000000        65.75755    
   578.125000000000        393.8746    
   593.750000000000        139.0405    
   609.375000000000        65.13602    
   625.000000000000        42.88813    
   640.625000000000        26.07366    
   656.250000000000        28.53272    
   671.875000000000        22.80567    
   687.500000000000        20.84387    
   703.125000000000        20.73419    
   718.750000000000        22.71533    
   734.375000000000        19.08800    
   750.000000000000        23.81475    
   765.625000000000        70.34501    
   781.250000000000        80.32552    
   796.875000000000        22.45576    
   812.500000000000        12.83157    
   828.125000000000        10.67118    
   843.750000000000        6.796094    
   859.375000000000        6.626460    
   875.000000000000        6.319103    
   890.625000000000        7.832672    
   906.250000000000        17.59953    
   921.875000000000        25.52386    
   937.500000000000        10.51423    
   953.125000000000        14.49003    
   968.750000000000        51.79976    
   984.375000000000        7.530675    
   1000.00000000000        1.556134    
   1015.62500000000        3.237669    
   1031.25000000000        4.448731    
   1046.87500000000        2.726268    
   1062.50000000000        2.673861    
   1078.12500000000        3.461398    
   1093.75000000000        1.401281    
   1109.37500000000        9.886658    
   1125.00000000000        4.211295    
   1140.62500000000        11.56130    
   1156.25000000000        48.01786    
   1171.87500000000        51.14756    
   1187.50000000000        18.35292    
   1203.12500000000        15.73025    
   1218.75000000000        6.187997    
   1234.37500000000        9.489125    
   1250.00000000000        23.45269    
   1265.62500000000        6.075923    
   1281.25000000000        4.286914    
   1296.87500000000        12.75529    
   1312.50000000000        4.551383    
   1328.12500000000        5.803953    
   1343.75000000000        7.320236    
   1359.37500000000        17.78580    
   1375.00000000000        1.392429    
   1390.62500000000        5.680058    
   1406.25000000000        6.378084    
   1421.87500000000        8.504272    
   1437.50000000000        3.527497    
   1453.12500000000        4.259659    
   1468.75000000000        2.554455    
   1484.37500000000        7.676012    
   1500.00000000000        15.86780    
   1515.62500000000        6.891568    
   1531.25000000000        6.621803    
   1546.87500000000        26.71762    
   1562.50000000000        8.336610    
   1578.12500000000        11.10991    
   1593.75000000000        5.971836    
   1609.37500000000        4.438835    
   1625.00000000000       0.7460456    
   1640.62500000000        5.889524    
   1656.25000000000        3.996869    
   1671.87500000000        5.606436    
   1687.50000000000        3.430830    
   1703.12500000000        2.197762    
   1718.75000000000        7.071582    
   1734.37500000000        5.118498    
   1750.00000000000        22.73704    
   1765.62500000000        3.892014    
   1781.25000000000        8.517563    
   1796.87500000000        3.560638    
   1812.50000000000        4.310384    
   1828.12500000000        10.04656    
   1843.75000000000        4.469582    
   1859.37500000000        2.925754    
   1875.00000000000        4.751541    
   1890.62500000000        8.827278    
   1906.25000000000        4.863217    
   1921.87500000000        13.48782    
   1937.50000000000        8.894263    
   1953.12500000000        8.619053    
   1968.75000000000        6.723682    
   1984.37500000000        2.938462    
