  -2000.00000000000        119.2242    
  -1984.37500000000        170.1612    
  -1968.75000000000        192.6877    
  -1953.12500000000        421.5983    
  -1937.50000000000        549.2234    
  -1921.87500000000        113.0128    
  -1906.25000000000        155.5971    
  -1890.62500000000        59.60198    
  -1875.00000000000        292.5813    
  -1859.37500000000        412.7223    
  -1843.75000000000        182.8915    
  -1828.12500000000        486.9043    
  -1812.50000000000        166.1167    
  -1796.87500000000        164.2122    
  -1781.25000000000        356.6462    
  -1765.62500000000        299.6890    
  -1750.00000000000        926.6606    
  -1734.37500000000        290.1591    
  -1718.75000000000        108.6513    
  -1703.12500000000        44.17724    
  -1687.50000000000        90.94864    
  -1671.87500000000        188.7290    
  -1656.25000000000        134.6123    
  -1640.62500000000        82.41155    
  -1625.00000000000        190.3664    
  -1609.37500000000        231.0087    
  -1593.75000000000        107.9844    
  -1578.12500000000        310.6267    
  -1562.50000000000        315.0640    
  -1546.87500000000        1173.760    
  -1531.25000000000        401.0339    
  -1515.62500000000        249.4810    
  -1500.00000000000        501.9824    
  -1484.37500000000        147.7432    
  -1468.75000000000        239.9579    
  -1453.12500000000        95.53519    
  -1437.50000000000        447.6271    
  -1421.87500000000        488.9171    
  -1406.25000000000        290.6758    
  -1390.62500000000        299.6505    
  -1375.00000000000        126.1618    
  -1359.37500000000        1549.659    
  -1343.75000000000        524.9638    
  -1328.12500000000        246.9981    
  -1312.50000000000        202.7645    
  -1296.87500000000        314.1840    
  -1281.25000000000        493.3151    
  -1265.62500000000        335.8671    
  -1250.00000000000        615.2535    
  -1234.37500000000        545.3097    
  -1218.75000000000        121.3246    
  -1203.12500000000        818.4738    
  -1187.50000000000        705.6472    
  -1171.87500000000        2225.463    
  -1156.25000000000        2540.138    
  -1140.62500000000        509.5431    
  -1125.00000000000        512.2694    
  -1109.37500000000        1046.835    
  -1093.75000000000        376.9324    
  -1078.12500000000        232.5930    
  -1062.50000000000        452.7622    
  -1046.87500000000        228.9315    
  -1031.25000000000        576.8727    
  -1015.62500000000        350.3239    
  -1000.00000000000        516.2237    
  -984.375000000000        247.9092    
  -968.750000000000        856.7052    
  -953.125000000000        915.1600    
  -937.500000000000        436.0876    
  -921.875000000000        1165.260    
  -906.250000000000        345.1329    
  -890.625000000000        462.7490    
  -875.000000000000        449.0725    
  -859.375000000000        946.8177    
  -843.750000000000        724.6684    
  -828.125000000000        871.7695    
  -812.500000000000        1200.558    
  -796.875000000000        1925.718    
  -781.250000000000        6684.088    
  -765.625000000000        2691.818    
  -750.000000000000        1168.018    
  -734.375000000000        395.2403    
  -718.750000000000        980.8386    
  -703.125000000000        196.4078    
  -687.500000000000        437.3607    
  -671.875000000000        612.4697    
  -656.250000000000        565.2573    
  -640.625000000000        659.4185    
  -625.000000000000        1362.687    
  -609.375000000000        1843.682    
  -593.750000000000        3725.417    
  -578.125000000000        13787.36    
  -562.500000000000        2595.876    
  -546.875000000000        1543.266    
  -531.250000000000        668.7140    
  -515.625000000000        1056.784    
  -500.000000000000        1293.855    
  -484.375000000000        679.9272    
  -468.750000000000        459.0253    
  -453.125000000000        736.9750    
  -437.500000000000        562.8693    
  -421.875000000000        1142.312    
  -406.250000000000        1028.347    
  -390.625000000000        16557.66    
  -375.000000000000        3002.279    
  -359.375000000000        1952.113    
  -343.750000000000        1587.661    
  -328.125000000000        1750.424    
  -312.500000000000        1226.032    
  -296.875000000000        2050.483    
  -281.250000000000        1388.709    
  -265.625000000000        2831.312    
  -250.000000000000        4346.330    
  -234.375000000000        4157.173    
  -218.750000000000        6611.393    
  -203.125000000000        20567.48    
  -187.500000000000        27988.76    
  -171.875000000000        9212.163    
  -156.250000000000        5187.114    
  -140.625000000000        3028.918    
  -125.000000000000        3297.364    
  -109.375000000000        2575.665    
  -93.7500000000000        2448.408    
  -78.1250000000000        1746.926    
  -62.5000000000000        1590.473    
  -46.8750000000000        2215.094    
  -31.2500000000000        1378.525    
  -15.6250000000000        1732.073    
  0.000000000000000E+000   221094.7    
   15.6250000000000        2760.449    
   31.2500000000000        2201.584    
   46.8750000000000        2837.549    
   62.5000000000000        1095.707    
   78.1250000000000        1637.854    
   93.7500000000000        2532.157    
   109.375000000000        2551.501    
   125.000000000000        3218.646    
   140.625000000000        2772.909    
   156.250000000000        4926.135    
   171.875000000000        8039.793    
   187.500000000000        25741.54    
   203.125000000000        17101.92    
   218.750000000000        7165.761    
   234.375000000000        4430.269    
   250.000000000000        4157.622    
   265.625000000000        2708.693    
   281.250000000000        1859.802    
   296.875000000000        2209.499    
   312.500000000000        1452.300    
   328.125000000000        1952.398    
   343.750000000000        2181.590    
   359.375000000000        2804.744    
   375.000000000000        6131.127    
   390.625000000000        22205.01    
   406.250000000000        2921.501    
   421.875000000000        2187.095    
   437.500000000000        1555.872    
   453.125000000000        714.4479    
   468.750000000000        53.47195    
   484.375000000000        676.6804    
   500.000000000000        1015.233    
   515.625000000000        983.4315    
   531.250000000000        490.9476    
   546.875000000000        1362.516    
   562.500000000000        1548.724    
   578.125000000000        12971.23    
   593.750000000000        4773.380    
   609.375000000000        1650.622    
   625.000000000000        1540.706    
   640.625000000000        1311.699    
   656.250000000000        951.6113    
   671.875000000000        894.9077    
   687.500000000000        932.7841    
   703.125000000000        816.1426    
   718.750000000000        430.6484    
   734.375000000000        949.4688    
   750.000000000000        916.7816    
   765.625000000000        2855.982    
   781.250000000000        2733.083    
   796.875000000000        323.6516    
   812.500000000000        399.3214    
   828.125000000000        213.7241    
   843.750000000000        273.9929    
   859.375000000000        442.4099    
   875.000000000000        226.0269    
   890.625000000000        169.7670    
   906.250000000000        635.1571    
   921.875000000000        814.3076    
   937.500000000000        189.5585    
   953.125000000000        527.4293    
   968.750000000000        5235.861    
   984.375000000000        383.8874    
   1000.00000000000        226.1613    
   1015.62500000000        239.1913    
   1031.25000000000        203.8777    
   1046.87500000000        386.5043    
   1062.50000000000        366.7675    
   1078.12500000000        34.32541    
   1093.75000000000        586.8721    
   1109.37500000000        118.5537    
   1125.00000000000        352.4741    
   1140.62500000000        261.5908    
   1156.25000000000        263.5977    
   1171.87500000000        74.15430    
   1187.50000000000        329.0486    
   1203.12500000000        62.86989    
   1218.75000000000        121.1728    
   1234.37500000000        191.9336    
   1250.00000000000        594.1614    
   1265.62500000000        110.9849    
   1281.25000000000        385.6215    
   1296.87500000000        598.1980    
   1312.50000000000        197.6753    
   1328.12500000000        152.5581    
   1343.75000000000        86.75980    
   1359.37500000000        966.7171    
   1375.00000000000        57.64775    
   1390.62500000000        635.9632    
   1406.25000000000        129.5553    
   1421.87500000000        414.6906    
   1437.50000000000        156.9617    
   1453.12500000000        200.8533    
   1468.75000000000        67.30830    
   1484.37500000000        493.5359    
   1500.00000000000        125.1204    
   1515.62500000000        372.8856    
   1531.25000000000        208.6219    
   1546.87500000000        351.0477    
   1562.50000000000        561.5234    
   1578.12500000000        673.8180    
   1593.75000000000        203.1975    
   1609.37500000000        481.7923    
   1625.00000000000        204.5212    
   1640.62500000000        217.9355    
   1656.25000000000        195.4282    
   1671.87500000000        330.3513    
   1687.50000000000        305.4870    
   1703.12500000000        193.7904    
   1718.75000000000        534.0931    
   1734.37500000000        118.5322    
   1750.00000000000        236.5089    
   1765.62500000000        62.43723    
   1781.25000000000        96.04617    
   1796.87500000000        53.49815    
   1812.50000000000        176.9842    
   1828.12500000000        68.44805    
   1843.75000000000        255.1974    
   1859.37500000000        130.5463    
   1875.00000000000        198.5396    
   1890.62500000000        389.6527    
   1906.25000000000        286.6488    
   1921.87500000000        432.0164    
   1937.50000000000        137.3959    
   1953.12500000000        234.2359    
   1968.75000000000        147.2677    
   1984.37500000000        67.13983    
