  -4000.00000000000        198.1514    
  -3968.75000000000        360.1821    
  -3937.50000000000        461.7930    
  -3906.25000000000        215.2974    
  -3875.00000000000        328.8320    
  -3843.75000000000        367.1922    
  -3812.50000000000        264.9811    
  -3781.25000000000        391.3361    
  -3750.00000000000        238.6892    
  -3718.75000000000        301.1931    
  -3687.50000000000        274.4042    
  -3656.25000000000        337.4463    
  -3625.00000000000        158.7017    
  -3593.75000000000        213.5667    
  -3562.50000000000        237.3783    
  -3531.25000000000        85.53056    
  -3500.00000000000        271.9798    
  -3468.75000000000        251.9392    
  -3437.50000000000        147.5466    
  -3406.25000000000        419.7931    
  -3375.00000000000        126.6042    
  -3343.75000000000        122.6743    
  -3312.50000000000        236.0467    
  -3281.25000000000        215.2676    
  -3250.00000000000        184.4776    
  -3218.75000000000        226.2065    
  -3187.50000000000        100.9737    
  -3156.25000000000        241.6246    
  -3125.00000000000        144.8556    
  -3093.75000000000        193.2699    
  -3062.50000000000        218.1819    
  -3031.25000000000        173.2581    
  -3000.00000000000        107.8390    
  -2968.75000000000        110.8383    
  -2937.50000000000        198.9187    
  -2906.25000000000        25.17440    
  -2875.00000000000        129.0167    
  -2843.75000000000        58.65955    
  -2812.50000000000        136.8529    
  -2781.25000000000        47.35932    
  -2750.00000000000        68.62935    
  -2718.75000000000        67.30160    
  -2687.50000000000        133.3310    
  -2656.25000000000        53.37332    
  -2625.00000000000        33.68014    
  -2593.75000000000        95.51442    
  -2562.50000000000        63.28725    
  -2531.25000000000        24.17273    
  -2500.00000000000        137.8046    
  -2468.75000000000        12.37058    
  -2437.50000000000        90.30755    
  -2406.25000000000        51.36086    
  -2375.00000000000        20.84716    
  -2343.75000000000        140.3833    
  -2312.50000000000        86.88777    
  -2281.25000000000        37.44054    
  -2250.00000000000        51.14886    
  -2218.75000000000        69.21688    
  -2187.50000000000        102.8042    
  -2156.25000000000        105.1106    
  -2125.00000000000        65.91258    
  -2093.75000000000        83.26982    
  -2062.50000000000        63.34702    
  -2031.25000000000        14.05619    
  -2000.00000000000        46.84622    
  -1968.75000000000        64.05708    
  -1937.50000000000        45.37009    
  -1906.25000000000        28.98753    
  -1875.00000000000        74.33368    
  -1843.75000000000        92.27647    
  -1812.50000000000        250.2728    
  -1781.25000000000        294.9846    
  -1750.00000000000        150.5071    
  -1718.75000000000        108.3053    
  -1687.50000000000        132.9829    
  -1656.25000000000        170.5351    
  -1625.00000000000        99.16354    
  -1593.75000000000        53.66198    
  -1562.50000000000        200.5128    
  -1531.25000000000        118.3026    
  -1500.00000000000        38.29086    
  -1468.75000000000        74.41989    
  -1437.50000000000        44.74071    
  -1406.25000000000        81.72825    
  -1375.00000000000        136.8190    
  -1343.75000000000        107.4977    
  -1312.50000000000        85.48982    
  -1281.25000000000        71.74966    
  -1250.00000000000        225.3622    
  -1218.75000000000        46.16436    
  -1187.50000000000        39.22283    
  -1156.25000000000        141.5641    
  -1125.00000000000        27.73217    
  -1093.75000000000        86.93005    
  -1062.50000000000        156.4060    
  -1031.25000000000        72.09392    
  -1000.00000000000        92.15853    
  -968.750000000000        85.80005    
  -937.500000000000        38.88218    
  -906.250000000000        163.5002    
  -875.000000000000        84.93322    
  -843.750000000000        118.6520    
  -812.500000000000        209.1014    
  -781.250000000000        278.7904    
  -750.000000000000        212.5173    
  -718.750000000000        267.7243    
  -687.500000000000        231.1263    
  -656.250000000000        402.1661    
  -625.000000000000        35.85094    
  -593.750000000000        288.2888    
  -562.500000000000        116.4412    
  -531.250000000000        193.4117    
  -500.000000000000        305.1215    
  -468.750000000000        79.90238    
  -437.500000000000        229.2056    
  -406.250000000000        289.4072    
  -375.000000000000        642.3930    
  -343.750000000000        1051.024    
  -312.500000000000        547.4573    
  -281.250000000000        751.7073    
  -250.000000000000        388.0288    
  -218.750000000000        34.90541    
  -187.500000000000        358.3609    
  -156.250000000000        1335.271    
  -125.000000000000        1323.703    
  -93.7500000000000        469.2562    
  -62.5000000000000        1305.464    
  -31.2500000000000        2305.302    
  0.000000000000000E+000   5897.445    
   31.2500000000000        2287.515    
   62.5000000000000        1317.840    
   93.7500000000000        480.0478    
   125.000000000000        1335.345    
   156.250000000000        1355.495    
   187.500000000000        362.3539    
   218.750000000000        28.69277    
   250.000000000000        369.2576    
   281.250000000000        737.2329    
   312.500000000000        551.5168    
   343.750000000000        1041.115    
   375.000000000000        638.2098    
   406.250000000000        284.5506    
   437.500000000000        213.8925    
   468.750000000000        71.87984    
   500.000000000000        296.8073    
   531.250000000000        196.8355    
   562.500000000000        123.5324    
   593.750000000000        300.0135    
   625.000000000000        38.86551    
   656.250000000000        411.3005    
   687.500000000000        223.6366    
   718.750000000000        272.9326    
   750.000000000000        210.0231    
   781.250000000000        275.4447    
   812.500000000000        217.6310    
   843.750000000000        116.5811    
   875.000000000000        83.59947    
   906.250000000000        159.8975    
   937.500000000000        36.46022    
   968.750000000000        89.84253    
   1000.00000000000        89.71574    
   1031.25000000000        59.37742    
   1062.50000000000        154.1147    
   1093.75000000000        81.20599    
   1125.00000000000        39.68998    
   1156.25000000000        143.9368    
   1187.50000000000        35.47095    
   1218.75000000000        46.84951    
   1250.00000000000        227.9206    
   1281.25000000000        77.21360    
   1312.50000000000        89.13094    
   1343.75000000000        105.5412    
   1375.00000000000        133.5115    
   1406.25000000000        87.01466    
   1437.50000000000        46.80589    
   1468.75000000000        73.61835    
   1500.00000000000        36.33952    
   1531.25000000000        116.3474    
   1562.50000000000        194.2884    
   1593.75000000000        53.58865    
   1625.00000000000        100.6674    
   1656.25000000000        164.2172    
   1687.50000000000        148.0439    
   1718.75000000000        104.0099    
   1750.00000000000        144.8521    
   1781.25000000000        289.4169    
   1812.50000000000        238.8471    
   1843.75000000000        93.58922    
   1875.00000000000        79.89728    
   1906.25000000000        28.59978    
   1937.50000000000        49.85736    
   1968.75000000000        68.93888    
   2000.00000000000        39.99300    
   2031.25000000000        20.75359    
   2062.50000000000        64.71986    
   2093.75000000000        83.55727    
   2125.00000000000        61.37801    
   2156.25000000000        108.5262    
   2187.50000000000        107.6566    
   2218.75000000000        68.97535    
   2250.00000000000        47.41582    
   2281.25000000000        41.60367    
   2312.50000000000        85.78664    
   2343.75000000000        139.7750    
   2375.00000000000        26.45231    
   2406.25000000000        48.96251    
   2437.50000000000        92.36089    
   2468.75000000000        12.91136    
   2500.00000000000        139.2845    
   2531.25000000000        16.25521    
   2562.50000000000        60.18549    
   2593.75000000000        94.83222    
   2625.00000000000        33.34649    
   2656.25000000000        54.58433    
   2687.50000000000        136.0808    
   2718.75000000000        70.05572    
   2750.00000000000        67.01006    
   2781.25000000000        46.75410    
   2812.50000000000        139.6142    
   2843.75000000000        61.16185    
   2875.00000000000        132.0307    
   2906.25000000000        24.57906    
   2937.50000000000        196.2989    
   2968.75000000000        109.4382    
   3000.00000000000        108.5055    
   3031.25000000000        178.6532    
   3062.50000000000        220.3781    
   3093.75000000000        190.0026    
   3125.00000000000        138.3324    
   3156.25000000000        239.4452    
   3187.50000000000        103.1459    
   3218.75000000000        230.0767    
   3250.00000000000        186.0448    
   3281.25000000000        219.5541    
   3312.50000000000        232.4386    
   3343.75000000000        123.8000    
   3375.00000000000        128.3203    
   3406.25000000000        418.6127    
   3437.50000000000        147.0417    
   3468.75000000000        258.0933    
   3500.00000000000        269.2429    
   3531.25000000000        84.92850    
   3562.50000000000        242.6469    
   3593.75000000000        207.1766    
   3625.00000000000        154.0123    
   3656.25000000000        337.3714    
   3687.50000000000        275.6975    
   3718.75000000000        301.4857    
   3750.00000000000        234.7351    
   3781.25000000000        393.9237    
   3812.50000000000        261.7702    
   3843.75000000000        370.8554    
   3875.00000000000        323.9067    
   3906.25000000000        216.0395    
   3937.50000000000        457.4813    
   3968.75000000000        364.2036    
