  -4000.00000000000        273.7188    
  -3968.75000000000        470.6909    
  -3937.50000000000        608.0065    
  -3906.25000000000        270.5105    
  -3875.00000000000        424.5078    
  -3843.75000000000        430.3976    
  -3812.50000000000        334.5401    
  -3781.25000000000        471.4462    
  -3750.00000000000        312.5960    
  -3718.75000000000        350.5178    
  -3687.50000000000        344.8682    
  -3656.25000000000        432.2263    
  -3625.00000000000        225.0853    
  -3593.75000000000        291.2276    
  -3562.50000000000        285.3421    
  -3531.25000000000        117.8307    
  -3500.00000000000        370.5482    
  -3468.75000000000        288.1727    
  -3437.50000000000        210.3369    
  -3406.25000000000        520.5023    
  -3375.00000000000        161.5376    
  -3343.75000000000        142.4344    
  -3312.50000000000        301.3217    
  -3281.25000000000        250.9732    
  -3250.00000000000        223.1568    
  -3218.75000000000        286.7579    
  -3187.50000000000        115.2351    
  -3156.25000000000        287.1025    
  -3125.00000000000        186.6342    
  -3093.75000000000        259.1025    
  -3062.50000000000        262.2611    
  -3031.25000000000        233.7484    
  -3000.00000000000        103.9137    
  -2968.75000000000        165.1015    
  -2937.50000000000        256.3746    
  -2906.25000000000        28.29335    
  -2875.00000000000        146.8300    
  -2843.75000000000        78.62012    
  -2812.50000000000        186.1572    
  -2781.25000000000        69.69029    
  -2750.00000000000        93.97894    
  -2718.75000000000        86.92302    
  -2687.50000000000        147.6768    
  -2656.25000000000        64.68943    
  -2625.00000000000        42.15164    
  -2593.75000000000        119.6016    
  -2562.50000000000        71.71484    
  -2531.25000000000        53.13537    
  -2500.00000000000        174.5533    
  -2468.75000000000        29.54157    
  -2437.50000000000        100.4573    
  -2406.25000000000        69.32735    
  -2375.00000000000        45.62652    
  -2343.75000000000        163.4907    
  -2312.50000000000        117.8965    
  -2281.25000000000        44.45703    
  -2250.00000000000        67.83115    
  -2218.75000000000        89.71506    
  -2187.50000000000        144.2582    
  -2156.25000000000        137.1274    
  -2125.00000000000        89.14359    
  -2093.75000000000        112.2627    
  -2062.50000000000        68.07819    
  -2031.25000000000        38.54123    
  -2000.00000000000        77.82565    
  -1968.75000000000        90.87197    
  -1937.50000000000        61.03198    
  -1906.25000000000        60.80361    
  -1875.00000000000        112.9915    
  -1843.75000000000        142.9680    
  -1812.50000000000        321.9572    
  -1781.25000000000        372.1149    
  -1750.00000000000        187.8476    
  -1718.75000000000        118.8312    
  -1687.50000000000        194.4545    
  -1656.25000000000        221.9371    
  -1625.00000000000        116.5077    
  -1593.75000000000        51.96265    
  -1562.50000000000        247.1781    
  -1531.25000000000        149.8969    
  -1500.00000000000        53.71824    
  -1468.75000000000        91.47258    
  -1437.50000000000        81.73935    
  -1406.25000000000        74.51717    
  -1375.00000000000        152.2872    
  -1343.75000000000        143.4438    
  -1312.50000000000        115.1123    
  -1281.25000000000        72.70392    
  -1250.00000000000        257.0516    
  -1218.75000000000        62.91688    
  -1187.50000000000        60.57607    
  -1156.25000000000        193.3342    
  -1125.00000000000        42.92974    
  -1093.75000000000        132.8054    
  -1062.50000000000        210.2288    
  -1031.25000000000        108.2596    
  -1000.00000000000        108.3669    
  -968.750000000000        103.4500    
  -937.500000000000        37.10824    
  -906.250000000000        217.6541    
  -875.000000000000        115.9399    
  -843.750000000000        157.7778    
  -812.500000000000        240.3416    
  -781.250000000000        372.6540    
  -750.000000000000        279.5573    
  -718.750000000000        331.2374    
  -687.500000000000        301.5991    
  -656.250000000000        525.8131    
  -625.000000000000        14.59378    
  -593.750000000000        378.0140    
  -562.500000000000        161.9241    
  -531.250000000000        248.3781    
  -500.000000000000        369.0767    
  -468.750000000000        79.11097    
  -437.500000000000        323.9188    
  -406.250000000000        363.8514    
  -375.000000000000        812.5840    
  -343.750000000000        1347.867    
  -312.500000000000        705.5240    
  -281.250000000000        966.4838    
  -250.000000000000        507.7921    
  -218.750000000000        100.9744    
  -187.500000000000        426.8653    
  -156.250000000000        1652.006    
  -125.000000000000        1591.998    
  -93.7500000000000        627.4623    
  -62.5000000000000        1606.965    
  -31.2500000000000        2953.862    
  0.000000000000000E+000   7670.732    
   31.2500000000000        2841.849    
   62.5000000000000        1733.692    
   93.7500000000000        642.3596    
   125.000000000000        1708.523    
   156.250000000000        1742.154    
   187.500000000000        440.7236    
   218.750000000000        40.15178    
   250.000000000000        475.0446    
   281.250000000000        938.6631    
   312.500000000000        671.6873    
   343.750000000000        1271.868    
   375.000000000000        769.9348    
   406.250000000000        373.6104    
   437.500000000000        248.8194    
   468.750000000000        93.42374    
   500.000000000000        362.5799    
   531.250000000000        297.7748    
   562.500000000000        155.8672    
   593.750000000000        382.6627    
   625.000000000000        52.73943    
   656.250000000000        510.4861    
   687.500000000000        277.5545    
   718.750000000000        341.3475    
   750.000000000000        265.4870    
   781.250000000000        347.3742    
   812.500000000000        257.6405    
   843.750000000000        153.9121    
   875.000000000000        130.2826    
   906.250000000000        223.2943    
   937.500000000000        20.99334    
   968.750000000000        122.6105    
   1000.00000000000        131.0811    
   1031.25000000000        86.93463    
   1062.50000000000        191.9777    
   1093.75000000000        132.1441    
   1125.00000000000        56.27275    
   1156.25000000000        183.0240    
   1187.50000000000        52.74558    
   1218.75000000000        50.69870    
   1250.00000000000        289.8416    
   1281.25000000000        98.16501    
   1312.50000000000        121.4722    
   1343.75000000000        169.4151    
   1375.00000000000        165.5726    
   1406.25000000000        111.2450    
   1437.50000000000        66.31946    
   1468.75000000000        94.40667    
   1500.00000000000        22.94068    
   1531.25000000000        134.4663    
   1562.50000000000        265.2837    
   1593.75000000000        66.48114    
   1625.00000000000        146.9273    
   1656.25000000000        188.3651    
   1687.50000000000        176.6580    
   1718.75000000000        121.5751    
   1750.00000000000        189.7372    
   1781.25000000000        333.9460    
   1812.50000000000        269.2471    
   1843.75000000000        112.2174    
   1875.00000000000        123.9164    
   1906.25000000000        53.16984    
   1937.50000000000        60.32013    
   1968.75000000000        90.14368    
   2000.00000000000        53.05965    
   2031.25000000000        32.45601    
   2062.50000000000        91.50986    
   2093.75000000000        91.39868    
   2125.00000000000        97.29320    
   2156.25000000000        127.9380    
   2187.50000000000        123.4339    
   2218.75000000000        100.6496    
   2250.00000000000        65.79594    
   2281.25000000000        55.53691    
   2312.50000000000        120.1973    
   2343.75000000000        177.3467    
   2375.00000000000        47.08963    
   2406.25000000000        62.45830    
   2437.50000000000        129.3640    
   2468.75000000000        13.92775    
   2500.00000000000        171.0701    
   2531.25000000000        23.94666    
   2562.50000000000        85.22190    
   2593.75000000000        140.4354    
   2625.00000000000        56.88433    
   2656.25000000000        74.35665    
   2687.50000000000        176.1032    
   2718.75000000000        89.12993    
   2750.00000000000        72.44729    
   2781.25000000000        53.85779    
   2812.50000000000        198.3914    
   2843.75000000000        97.25957    
   2875.00000000000        174.4367    
   2906.25000000000        27.02226    
   2937.50000000000        266.1062    
   2968.75000000000        128.1320    
   3000.00000000000        151.7448    
   3031.25000000000        236.3353    
   3062.50000000000        280.6759    
   3093.75000000000        218.7429    
   3125.00000000000        168.4436    
   3156.25000000000        294.3086    
   3187.50000000000        134.9848    
   3218.75000000000        285.6959    
   3250.00000000000        244.1784    
   3281.25000000000        279.3664    
   3312.50000000000        276.1569    
   3343.75000000000        148.4088    
   3375.00000000000        162.4627    
   3406.25000000000        522.5579    
   3437.50000000000        184.5518    
   3468.75000000000        335.5684    
   3500.00000000000        329.9948    
   3531.25000000000        111.0861    
   3562.50000000000        313.3773    
   3593.75000000000        259.2169    
   3625.00000000000        166.1696    
   3656.25000000000        421.2695    
   3687.50000000000        339.9071    
   3718.75000000000        388.6748    
   3750.00000000000        288.3880    
   3781.25000000000        515.6470    
   3812.50000000000        330.8193    
   3843.75000000000        502.4285    
   3875.00000000000        401.3802    
   3906.25000000000        286.1045    
   3937.50000000000        549.0657    
   3968.75000000000        461.2573    
