  -4000.00000000000        195.6804    
  -3968.75000000000        360.7487    
  -3937.50000000000        456.5364    
  -3906.25000000000        214.0466    
  -3875.00000000000        324.7449    
  -3843.75000000000        366.0869    
  -3812.50000000000        261.6308    
  -3781.25000000000        388.1048    
  -3750.00000000000        234.5910    
  -3718.75000000000        299.6929    
  -3687.50000000000        274.0895    
  -3656.25000000000        335.1436    
  -3625.00000000000        153.7432    
  -3593.75000000000        210.2329    
  -3562.50000000000        238.1321    
  -3531.25000000000        83.55077    
  -3500.00000000000        268.4289    
  -3468.75000000000        252.7279    
  -3437.50000000000        145.9871    
  -3406.25000000000        416.6650    
  -3375.00000000000        126.1327    
  -3343.75000000000        121.3039    
  -3312.50000000000        230.9944    
  -3281.25000000000        213.7086    
  -3250.00000000000        183.8010    
  -3218.75000000000        226.0446    
  -3187.50000000000        100.6318    
  -3156.25000000000        238.2955    
  -3125.00000000000        139.9304    
  -3093.75000000000        188.9304    
  -3062.50000000000        218.8986    
  -3031.25000000000        173.7290    
  -3000.00000000000        108.3010    
  -2968.75000000000        105.8678    
  -2937.50000000000        194.8638    
  -2906.25000000000        26.05726    
  -2875.00000000000        128.5376    
  -2843.75000000000        59.68802    
  -2812.50000000000        137.8958    
  -2781.25000000000        47.19506    
  -2750.00000000000        68.25320    
  -2718.75000000000        70.31536    
  -2687.50000000000        132.1186    
  -2656.25000000000        52.97718    
  -2625.00000000000        33.84737    
  -2593.75000000000        95.28351    
  -2562.50000000000        62.05685    
  -2531.25000000000        18.42114    
  -2500.00000000000        137.2016    
  -2468.75000000000        11.84328    
  -2437.50000000000        92.17495    
  -2406.25000000000        52.07100    
  -2375.00000000000        22.30396    
  -2343.75000000000        138.2477    
  -2312.50000000000        84.12509    
  -2281.25000000000        39.46987    
  -2250.00000000000        51.01045    
  -2218.75000000000        71.63266    
  -2187.50000000000        102.6377    
  -2156.25000000000        105.3460    
  -2125.00000000000        64.36454    
  -2093.75000000000        82.07484    
  -2062.50000000000        64.13227    
  -2031.25000000000        18.48131    
  -2000.00000000000        42.59296    
  -1968.75000000000        66.20443    
  -1937.50000000000        49.04934    
  -1906.25000000000        32.34049    
  -1875.00000000000        78.07942    
  -1843.75000000000        91.63818    
  -1812.50000000000        242.8532    
  -1781.25000000000        289.0167    
  -1750.00000000000        145.6335    
  -1718.75000000000        102.2267    
  -1687.50000000000        140.5731    
  -1656.25000000000        162.6178    
  -1625.00000000000        100.5067    
  -1593.75000000000        52.65199    
  -1562.50000000000        199.1893    
  -1531.25000000000        115.4391    
  -1500.00000000000        35.45512    
  -1468.75000000000        71.00279    
  -1437.50000000000        42.88176    
  -1406.25000000000        81.24235    
  -1375.00000000000        129.1388    
  -1343.75000000000        105.1413    
  -1312.50000000000        82.99120    
  -1281.25000000000        70.95632    
  -1250.00000000000        222.4456    
  -1218.75000000000        42.23286    
  -1187.50000000000        37.85616    
  -1156.25000000000        142.6290    
  -1125.00000000000        34.09660    
  -1093.75000000000        86.55122    
  -1062.50000000000        161.8676    
  -1031.25000000000        67.83579    
  -1000.00000000000        90.95059    
  -968.750000000000        88.90005    
  -937.500000000000        37.63365    
  -906.250000000000        161.8351    
  -875.000000000000        85.46011    
  -843.750000000000        119.5372    
  -812.500000000000        215.6113    
  -781.250000000000        275.3901    
  -750.000000000000        212.7855    
  -718.750000000000        265.2389    
  -687.500000000000        230.5840    
  -656.250000000000        403.6590    
  -625.000000000000        29.65516    
  -593.750000000000        291.5216    
  -562.500000000000        115.4693    
  -531.250000000000        196.5300    
  -500.000000000000        301.8513    
  -468.750000000000        59.91034    
  -437.500000000000        215.4656    
  -406.250000000000        294.4612    
  -375.000000000000        617.3293    
  -343.750000000000        1023.591    
  -312.500000000000        545.4588    
  -281.250000000000        727.4102    
  -250.000000000000        386.3261    
  -218.750000000000        41.75665    
  -187.500000000000        348.0011    
  -156.250000000000        1338.737    
  -125.000000000000        1314.622    
  -93.7500000000000        459.4489    
  -62.5000000000000        1301.655    
  -31.2500000000000        2262.973    
  0.000000000000000E+000   5785.414    
   31.2500000000000        2285.385    
   62.5000000000000        1293.191    
   93.7500000000000        469.8403    
   125.000000000000        1331.292    
   156.250000000000        1369.358    
   187.500000000000        352.1923    
   218.750000000000        33.42972    
   250.000000000000        375.2500    
   281.250000000000        750.1404    
   312.500000000000        543.9113    
   343.750000000000        1041.411    
   375.000000000000        616.9240    
   406.250000000000        288.3301    
   437.500000000000        211.3382    
   468.750000000000        78.24373    
   500.000000000000        284.8070    
   531.250000000000        195.2140    
   562.500000000000        122.2406    
   593.750000000000        299.6861    
   625.000000000000        42.69554    
   656.250000000000        406.7477    
   687.500000000000        224.4267    
   718.750000000000        272.8814    
   750.000000000000        213.0269    
   781.250000000000        269.2387    
   812.500000000000        218.4340    
   843.750000000000        117.9761    
   875.000000000000        84.51022    
   906.250000000000        164.7356    
   937.500000000000        33.44666    
   968.750000000000        91.32883    
   1000.00000000000        92.82076    
   1031.25000000000        67.96113    
   1062.50000000000        160.3445    
   1093.75000000000        87.24997    
   1125.00000000000        34.52068    
   1156.25000000000        141.5654    
   1187.50000000000        37.94055    
   1218.75000000000        41.76120    
   1250.00000000000        222.9840    
   1281.25000000000        69.23442    
   1312.50000000000        84.20853    
   1343.75000000000        105.3370    
   1375.00000000000        128.8585    
   1406.25000000000        81.96307    
   1437.50000000000        44.07303    
   1468.75000000000        71.29529    
   1500.00000000000        34.33141    
   1531.25000000000        114.8611    
   1562.50000000000        199.0655    
   1593.75000000000        53.69997    
   1625.00000000000        101.2546    
   1656.25000000000        163.3058    
   1687.50000000000        140.1606    
   1718.75000000000        101.7150    
   1750.00000000000        145.2061    
   1781.25000000000        288.0929    
   1812.50000000000        241.5113    
   1843.75000000000        90.87331    
   1875.00000000000        78.63055    
   1906.25000000000        32.41769    
   1937.50000000000        48.80894    
   1968.75000000000        66.45656    
   2000.00000000000        43.11961    
   2031.25000000000        19.17396    
   2062.50000000000        64.18776    
   2093.75000000000        82.17837    
   2125.00000000000        63.80825    
   2156.25000000000        105.1442    
   2187.50000000000        102.4071    
   2218.75000000000        71.56308    
   2250.00000000000        50.75046    
   2281.25000000000        39.28088    
   2312.50000000000        84.12511    
   2343.75000000000        139.2361    
   2375.00000000000        22.92143    
   2406.25000000000        51.63869    
   2437.50000000000        92.40054    
   2468.75000000000        11.41629    
   2500.00000000000        137.0322    
   2531.25000000000        17.68365    
   2562.50000000000        62.08425    
   2593.75000000000        94.19463    
   2625.00000000000        34.21435    
   2656.25000000000        53.16019    
   2687.50000000000        132.5792    
   2718.75000000000        69.91043    
   2750.00000000000        68.29211    
   2781.25000000000        46.17076    
   2812.50000000000        138.4881    
   2843.75000000000        59.52453    
   2875.00000000000        129.3574    
   2906.25000000000        26.44027    
   2937.50000000000        194.0712    
   2968.75000000000        106.0799    
   3000.00000000000        109.1568    
   3031.25000000000        174.6860    
   3062.50000000000        218.6687    
   3093.75000000000        188.4803    
   3125.00000000000        138.6375    
   3156.25000000000        237.8018    
   3187.50000000000        100.8512    
   3218.75000000000        226.6600    
   3250.00000000000        184.9219    
   3281.25000000000        214.0924    
   3312.50000000000        230.7921    
   3343.75000000000        121.3062    
   3375.00000000000        126.1950    
   3406.25000000000        417.0735    
   3437.50000000000        146.2473    
   3468.75000000000        253.8901    
   3500.00000000000        267.6901    
   3531.25000000000        82.39268    
   3562.50000000000        238.3410    
   3593.75000000000        209.2316    
   3625.00000000000        153.1656    
   3656.25000000000        335.4467    
   3687.50000000000        274.1217    
   3718.75000000000        299.4256    
   3750.00000000000        232.9772    
   3781.25000000000        388.9224    
   3812.50000000000        260.4815    
   3843.75000000000        366.8737    
   3875.00000000000        323.7084    
   3906.25000000000        213.6840    
   3937.50000000000        455.9602    
   3968.75000000000        360.7192    
