  -2000.00000000000        12.15328    
  -1984.37500000000        7.494384    
  -1968.75000000000        7.361282    
  -1953.12500000000        18.36590    
  -1937.50000000000        27.13907    
  -1921.87500000000        16.18470    
  -1906.25000000000        11.97788    
  -1890.62500000000        11.11782    
  -1875.00000000000        7.960569    
  -1859.37500000000        14.06948    
  -1843.75000000000        6.047092    
  -1828.12500000000        18.06812    
  -1812.50000000000        10.47491    
  -1796.87500000000        10.86341    
  -1781.25000000000        17.63430    
  -1765.62500000000        12.83834    
  -1750.00000000000        52.89023    
  -1734.37500000000        31.43838    
  -1718.75000000000        10.81988    
  -1703.12500000000        6.356883    
  -1687.50000000000        4.623162    
  -1671.87500000000        22.72235    
  -1656.25000000000        11.38255    
  -1640.62500000000        17.12609    
  -1625.00000000000        16.75179    
  -1609.37500000000        17.54227    
  -1593.75000000000        9.072819    
  -1578.12500000000        21.31616    
  -1562.50000000000        21.47309    
  -1546.87500000000        44.06309    
  -1531.25000000000        1.885786    
  -1515.62500000000        7.909802    
  -1500.00000000000        31.67949    
  -1484.37500000000        17.71077    
  -1468.75000000000        12.17705    
  -1453.12500000000        10.15105    
  -1437.50000000000        2.787105    
  -1421.87500000000        22.61092    
  -1406.25000000000        8.703788    
  -1390.62500000000        4.314029    
  -1375.00000000000        5.354125    
  -1359.37500000000        44.34441    
  -1343.75000000000        16.12358    
  -1328.12500000000        18.33736    
  -1312.50000000000        10.27138    
  -1296.87500000000        36.03413    
  -1281.25000000000        6.675590    
  -1265.62500000000        14.47134    
  -1250.00000000000        39.23602    
  -1234.37500000000        10.60678    
  -1218.75000000000        13.04034    
  -1203.12500000000        31.98514    
  -1187.50000000000        29.00537    
  -1171.87500000000        104.7888    
  -1156.25000000000        102.9593    
  -1140.62500000000        22.52146    
  -1125.00000000000        16.69726    
  -1109.37500000000        14.45448    
  -1093.75000000000        20.12850    
  -1078.12500000000        8.184955    
  -1062.50000000000        8.806996    
  -1046.87500000000        11.12518    
  -1031.25000000000        21.46513    
  -1015.62500000000        2.962921    
  -1000.00000000000        1.313910    
  -984.375000000000        27.25462    
  -968.750000000000        140.9491    
  -953.125000000000        40.15948    
  -937.500000000000        31.13775    
  -921.875000000000        55.84189    
  -906.250000000000        10.22692    
  -890.625000000000        15.49589    
  -875.000000000000        9.069261    
  -859.375000000000        19.88596    
  -843.750000000000        4.183719    
  -828.125000000000        12.04409    
  -812.500000000000        9.082070    
  -796.875000000000        29.33251    
  -781.250000000000        73.95976    
  -765.625000000000        99.75906    
  -750.000000000000        21.20608    
  -734.375000000000        25.11984    
  -718.750000000000        48.04362    
  -703.125000000000        10.16524    
  -687.500000000000        36.70475    
  -671.875000000000        42.92975    
  -656.250000000000        53.91027    
  -640.625000000000        40.97014    
  -625.000000000000        80.30094    
  -609.375000000000        126.1499    
  -593.750000000000        254.2115    
  -578.125000000000        733.0706    
  -562.500000000000        146.4142    
  -546.875000000000        51.16924    
  -531.250000000000        62.34422    
  -515.625000000000        36.95757    
  -500.000000000000        16.64000    
  -484.375000000000        16.45550    
  -468.750000000000        10.25179    
  -453.125000000000        33.11745    
  -437.500000000000        39.34151    
  -421.875000000000        34.36074    
  -406.250000000000        70.20683    
  -390.625000000000        251.0672    
  -375.000000000000        62.60217    
  -359.375000000000        35.37607    
  -343.750000000000        20.05855    
  -328.125000000000        42.17015    
  -312.500000000000        43.91538    
  -296.875000000000        38.95033    
  -281.250000000000        29.98270    
  -265.625000000000        59.94154    
  -250.000000000000        64.41061    
  -234.375000000000        79.62782    
  -218.750000000000        146.6509    
  -203.125000000000        501.5995    
  -187.500000000000        595.9551    
  -171.875000000000        201.2434    
  -156.250000000000        99.66339    
  -140.625000000000        73.46258    
  -125.000000000000        76.67313    
  -109.375000000000        48.51153    
  -93.7500000000000        35.46523    
  -78.1250000000000        79.45196    
  -62.5000000000000        38.31194    
  -46.8750000000000        31.06550    
  -31.2500000000000        32.91092    
  -15.6250000000000        94.68693    
  0.000000000000000E+000   17255.79    
   15.6250000000000        103.0628    
   31.2500000000000        47.93467    
   46.8750000000000        67.32731    
   62.5000000000000        15.81672    
   78.1250000000000        58.91023    
   93.7500000000000        28.84372    
   109.375000000000        27.04850    
   125.000000000000        71.56599    
   140.625000000000        43.13845    
   156.250000000000        58.09775    
   171.875000000000        92.37953    
   187.500000000000        264.6743    
   203.125000000000        160.4409    
   218.750000000000        93.55437    
   234.375000000000        41.55776    
   250.000000000000        48.97884    
   265.625000000000        21.16457    
   281.250000000000        30.53138    
   296.875000000000        16.81842    
   312.500000000000        52.46930    
   328.125000000000        32.62921    
   343.750000000000        23.68311    
   359.375000000000        65.95523    
   375.000000000000        163.5698    
   390.625000000000        366.9554    
   406.250000000000        105.4489    
   421.875000000000        60.25424    
   437.500000000000        61.83489    
   453.125000000000        48.27047    
   468.750000000000        10.33126    
   484.375000000000        25.59251    
   500.000000000000        59.02130    
   515.625000000000        44.37610    
   531.250000000000        70.99596    
   546.875000000000        70.71772    
   562.500000000000        137.3606    
   578.125000000000        815.1869    
   593.750000000000        318.2305    
   609.375000000000        130.7312    
   625.000000000000        95.49004    
   640.625000000000        65.00004    
   656.250000000000        52.59818    
   671.875000000000        49.47843    
   687.500000000000        45.37461    
   703.125000000000        31.02087    
   718.750000000000        46.87875    
   734.375000000000        53.07344    
   750.000000000000        55.06026    
   765.625000000000        143.7750    
   781.250000000000        146.7016    
   796.875000000000        38.93875    
   812.500000000000        22.98206    
   828.125000000000        15.30133    
   843.750000000000        15.07211    
   859.375000000000        5.357435    
   875.000000000000        15.81127    
   890.625000000000        35.67508    
   906.250000000000        40.80941    
   921.875000000000        54.67241    
   937.500000000000        17.37702    
   953.125000000000        24.84070    
   968.750000000000        136.4794    
   984.375000000000        25.84496    
   1000.00000000000        9.667157    
   1015.62500000000        20.56824    
   1031.25000000000        11.14961    
   1046.87500000000        20.92114    
   1062.50000000000        7.679146    
   1078.12500000000        16.65099    
   1093.75000000000        18.30138    
   1109.37500000000        28.54762    
   1125.00000000000        9.644857    
   1140.62500000000        19.62936    
   1156.25000000000        88.87785    
   1171.87500000000        76.89690    
   1187.50000000000        32.47000    
   1203.12500000000        31.32747    
   1218.75000000000        10.63626    
   1234.37500000000        17.63627    
   1250.00000000000        39.98152    
   1265.62500000000        8.588985    
   1281.25000000000        12.46207    
   1296.87500000000        11.27002    
   1312.50000000000        11.57967    
   1328.12500000000        12.71339    
   1343.75000000000        12.32549    
   1359.37500000000        26.21916    
   1375.00000000000        9.070149    
   1390.62500000000        13.37456    
   1406.25000000000        12.28464    
   1421.87500000000        29.14211    
   1437.50000000000        14.18462    
   1453.12500000000        5.064988    
   1468.75000000000        6.811430    
   1484.37500000000        12.55452    
   1500.00000000000        28.00099    
   1515.62500000000        18.03712    
   1531.25000000000        9.607314    
   1546.87500000000        55.70679    
   1562.50000000000        9.893228    
   1578.12500000000        25.90550    
   1593.75000000000        11.84802    
   1609.37500000000        15.69862    
   1625.00000000000        2.624009    
   1640.62500000000        14.70630    
   1656.25000000000        18.31364    
   1671.87500000000        11.04634    
   1687.50000000000        2.961325    
   1703.12500000000        2.460173    
   1718.75000000000        26.46494    
   1734.37500000000        27.61703    
   1750.00000000000        24.13883    
   1765.62500000000        18.82954    
   1781.25000000000        11.32998    
   1796.87500000000        5.265305    
   1812.50000000000        4.190662    
   1828.12500000000        13.63945    
   1843.75000000000        7.728146    
   1859.37500000000        12.72131    
   1875.00000000000        10.82596    
   1890.62500000000        15.62653    
   1906.25000000000        10.99326    
   1921.87500000000        28.48216    
   1937.50000000000        16.81437    
   1953.12500000000        17.42679    
   1968.75000000000        14.91395    
   1984.37500000000        9.651514    
