  -2000.00000000000        3.540528    
  -1984.37500000000        2.814481    
  -1968.75000000000        7.241289    
  -1953.12500000000        9.737922    
  -1937.50000000000        7.677766    
  -1921.87500000000        13.32306    
  -1906.25000000000        5.152297    
  -1890.62500000000        10.27731    
  -1875.00000000000        8.382483    
  -1859.37500000000        5.743124    
  -1843.75000000000        2.407218    
  -1828.12500000000        10.46500    
  -1812.50000000000        4.426877    
  -1796.87500000000        1.490624    
  -1781.25000000000        8.885031    
  -1765.62500000000        3.535800    
  -1750.00000000000        23.12325    
  -1734.37500000000        5.994648    
  -1718.75000000000        6.630215    
  -1703.12500000000        2.402496    
  -1687.50000000000        3.047646    
  -1671.87500000000        12.05890    
  -1656.25000000000        1.866748    
  -1640.62500000000        5.983600    
  -1625.00000000000        2.604289    
  -1609.37500000000        3.214153    
  -1593.75000000000        5.439666    
  -1578.12500000000        10.43870    
  -1562.50000000000        10.85620    
  -1546.87500000000        38.21615    
  -1531.25000000000        8.521774    
  -1515.62500000000        6.082104    
  -1500.00000000000        15.69116    
  -1484.37500000000        4.534054    
  -1468.75000000000        4.678769    
  -1453.12500000000        2.469985    
  -1437.50000000000        3.931714    
  -1421.87500000000        12.10867    
  -1406.25000000000        6.387331    
  -1390.62500000000        5.451696    
  -1375.00000000000       0.7596152    
  -1359.37500000000        13.88930    
  -1343.75000000000        8.534286    
  -1328.12500000000        4.377336    
  -1312.50000000000        4.763904    
  -1296.87500000000        9.883890    
  -1281.25000000000        9.949232    
  -1265.62500000000        8.802000    
  -1250.00000000000        24.00547    
  -1234.37500000000        7.505536    
  -1218.75000000000        7.308112    
  -1203.12500000000        17.19699    
  -1187.50000000000        19.40044    
  -1171.87500000000        53.74463    
  -1156.25000000000        50.70723    
  -1140.62500000000        12.40615    
  -1125.00000000000        5.610220    
  -1109.37500000000        9.460546    
  -1093.75000000000        4.870094    
  -1078.12500000000        1.882503    
  -1062.50000000000        3.319494    
  -1046.87500000000        2.373960    
  -1031.25000000000        7.039982    
  -1015.62500000000       0.9550029    
  -1000.00000000000        3.480907    
  -984.375000000000        9.299704    
  -968.750000000000        51.76226    
  -953.125000000000        16.62179    
  -937.500000000000        11.08707    
  -921.875000000000        25.74384    
  -906.250000000000        16.93442    
  -890.625000000000        11.11954    
  -875.000000000000        7.209059    
  -859.375000000000        7.964522    
  -843.750000000000        6.912226    
  -828.125000000000        11.72765    
  -812.500000000000        12.16823    
  -796.875000000000        20.73042    
  -781.250000000000        70.46754    
  -765.625000000000        64.00989    
  -750.000000000000        20.90519    
  -734.375000000000        16.65111    
  -718.750000000000        23.80189    
  -703.125000000000        18.00787    
  -687.500000000000        20.12937    
  -671.875000000000        22.86391    
  -656.250000000000        28.94425    
  -640.625000000000        24.46992    
  -625.000000000000        44.54133    
  -609.375000000000        64.18656    
  -593.750000000000        140.9601    
  -578.125000000000        399.3387    
  -562.500000000000        69.68424    
  -546.875000000000        23.40391    
  -531.250000000000        34.73183    
  -515.625000000000        20.64461    
  -500.000000000000        17.23984    
  -484.375000000000        7.472640    
  -468.750000000000        8.832661    
  -453.125000000000        14.78481    
  -437.500000000000        24.65608    
  -421.875000000000        18.73636    
  -406.250000000000        46.83692    
  -390.625000000000        165.9997    
  -375.000000000000        59.36919    
  -359.375000000000        24.08353    
  -343.750000000000        5.088795    
  -328.125000000000        8.525827    
  -312.500000000000        18.97839    
  -296.875000000000        15.59587    
  -281.250000000000        12.92790    
  -265.625000000000        18.84784    
  -250.000000000000        26.98942    
  -234.375000000000        19.41708    
  -218.750000000000        45.04769    
  -203.125000000000        170.2503    
  -187.500000000000        198.3944    
  -171.875000000000        60.91718    
  -156.250000000000        32.49415    
  -140.625000000000        25.97504    
  -125.000000000000        21.62381    
  -109.375000000000        13.73054    
  -93.7500000000000        3.765769    
  -78.1250000000000        29.27950    
  -62.5000000000000        16.59599    
  -46.8750000000000        20.15282    
  -31.2500000000000        14.27429    
  -15.6250000000000        44.08119    
  0.000000000000000E+000   9313.239    
   15.6250000000000        47.96450    
   31.2500000000000        16.56224    
   46.8750000000000        23.49630    
   62.5000000000000        9.755730    
   78.1250000000000        28.47190    
   93.7500000000000        4.026497    
   109.375000000000        8.165109    
   125.000000000000        21.37349    
   140.625000000000        22.59837    
   156.250000000000        22.92045    
   171.875000000000        44.13910    
   187.500000000000        145.2904    
   203.125000000000        125.0691    
   218.750000000000        36.61549    
   234.375000000000        14.83237    
   250.000000000000        24.14117    
   265.625000000000        15.44950    
   281.250000000000        13.00387    
   296.875000000000        12.79246    
   312.500000000000        20.63231    
   328.125000000000        6.583287    
   343.750000000000        3.741913    
   359.375000000000        24.93019    
   375.000000000000        61.14074    
   390.625000000000        161.9211    
   406.250000000000        44.97168    
   421.875000000000        17.55122    
   437.500000000000        25.29206    
   453.125000000000        13.83892    
   468.750000000000        9.365311    
   484.375000000000        8.563597    
   500.000000000000        18.76043    
   515.625000000000        21.93174    
   531.250000000000        33.61469    
   546.875000000000        24.39354    
   562.500000000000        68.45067    
   578.125000000000        403.0982    
   593.750000000000        144.3075    
   609.375000000000        66.45786    
   625.000000000000        43.50729    
   640.625000000000        28.54655    
   656.250000000000        27.26425    
   671.875000000000        22.96253    
   687.500000000000        22.29630    
   703.125000000000        16.48755    
   718.750000000000        23.28500    
   734.375000000000        19.43450    
   750.000000000000        27.07483    
   765.625000000000        74.71438    
   781.250000000000        84.09488    
   796.875000000000        23.56609    
   812.500000000000        13.49050    
   828.125000000000        10.43265    
   843.750000000000        9.321110    
   859.375000000000        6.153969    
   875.000000000000        6.320882    
   890.625000000000        11.03279    
   906.250000000000        16.84492    
   921.875000000000        26.59343    
   937.500000000000        11.18165    
   953.125000000000        14.39502    
   968.750000000000        49.52360    
   984.375000000000        7.805439    
   1000.00000000000        1.719731    
   1015.62500000000        2.986307    
   1031.25000000000        6.787503    
   1046.87500000000        3.394171    
   1062.50000000000        3.330835    
   1078.12500000000        4.307198    
   1093.75000000000        4.362648    
   1109.37500000000        11.60278    
   1125.00000000000        5.207751    
   1140.62500000000        13.45351    
   1156.25000000000        49.67976    
   1171.87500000000        51.71886    
   1187.50000000000        18.38042    
   1203.12500000000        15.73811    
   1218.75000000000        3.556073    
   1234.37500000000        5.825502    
   1250.00000000000        22.94673    
   1265.62500000000        5.472474    
   1281.25000000000        4.328527    
   1296.87500000000        12.24131    
   1312.50000000000        4.868821    
   1328.12500000000        5.455488    
   1343.75000000000        7.242667    
   1359.37500000000        14.53904    
   1375.00000000000        1.075275    
   1390.62500000000        6.728832    
   1406.25000000000        7.999381    
   1421.87500000000        11.20890    
   1437.50000000000        4.377550    
   1453.12500000000        4.216209    
   1468.75000000000        1.465227    
   1484.37500000000        5.873059    
   1500.00000000000        17.69221    
   1515.62500000000        7.174189    
   1531.25000000000        8.355828    
   1546.87500000000        29.88686    
   1562.50000000000        13.93587    
   1578.12500000000        10.84221    
   1593.75000000000        6.379536    
   1609.37500000000        4.981055    
   1625.00000000000        1.397083    
   1640.62500000000        7.027725    
   1656.25000000000        4.758733    
   1671.87500000000        5.421740    
   1687.50000000000        3.853969    
   1703.12500000000       0.8470443    
   1718.75000000000        7.340523    
   1734.37500000000        3.739796    
   1750.00000000000        20.05722    
   1765.62500000000        2.112309    
   1781.25000000000        8.187863    
   1796.87500000000        2.167655    
   1812.50000000000        3.662113    
   1828.12500000000        10.93329    
   1843.75000000000        5.085469    
   1859.37500000000        6.477464    
   1875.00000000000        2.402446    
   1890.62500000000        11.77231    
   1906.25000000000        5.479056    
   1921.87500000000        14.10408    
   1937.50000000000        8.729773    
   1953.12500000000        10.06596    
   1968.75000000000        8.783685    
   1984.37500000000        4.265041    
