  -4000.00000000000        252.7618    
  -3968.75000000000        430.1487    
  -3937.50000000000        575.3633    
  -3906.25000000000        266.1508    
  -3875.00000000000        396.6003    
  -3843.75000000000        434.7667    
  -3812.50000000000        346.7818    
  -3781.25000000000        447.9778    
  -3750.00000000000        308.1764    
  -3718.75000000000        369.3354    
  -3687.50000000000        322.4033    
  -3656.25000000000        405.8457    
  -3625.00000000000        196.9473    
  -3593.75000000000        261.4580    
  -3562.50000000000        269.6201    
  -3531.25000000000        122.8081    
  -3500.00000000000        354.8380    
  -3468.75000000000        298.2050    
  -3437.50000000000        177.0340    
  -3406.25000000000        501.8890    
  -3375.00000000000        144.6208    
  -3343.75000000000        134.8493    
  -3312.50000000000        293.4188    
  -3281.25000000000        260.8721    
  -3250.00000000000        228.2008    
  -3218.75000000000        284.7871    
  -3187.50000000000        111.2868    
  -3156.25000000000        290.7408    
  -3125.00000000000        174.4720    
  -3093.75000000000        234.7099    
  -3062.50000000000        257.2596    
  -3031.25000000000        201.1770    
  -3000.00000000000        127.8995    
  -2968.75000000000        134.4988    
  -2937.50000000000        240.2917    
  -2906.25000000000        30.16259    
  -2875.00000000000        159.9778    
  -2843.75000000000        71.11171    
  -2812.50000000000        159.8400    
  -2781.25000000000        60.22954    
  -2750.00000000000        90.83521    
  -2718.75000000000        99.53132    
  -2687.50000000000        134.7850    
  -2656.25000000000        56.82945    
  -2625.00000000000        45.40883    
  -2593.75000000000        122.4371    
  -2562.50000000000        78.36807    
  -2531.25000000000        31.73184    
  -2500.00000000000        168.9974    
  -2468.75000000000        18.27054    
  -2437.50000000000        113.8276    
  -2406.25000000000        55.95001    
  -2375.00000000000        25.03043    
  -2343.75000000000        167.0540    
  -2312.50000000000        97.45345    
  -2281.25000000000        25.84204    
  -2250.00000000000        49.34510    
  -2218.75000000000        100.8918    
  -2187.50000000000        122.1720    
  -2156.25000000000        126.2966    
  -2125.00000000000        69.24848    
  -2093.75000000000        114.5672    
  -2062.50000000000        92.70547    
  -2031.25000000000        22.69903    
  -2000.00000000000        80.01283    
  -1968.75000000000        80.49989    
  -1937.50000000000        74.88283    
  -1906.25000000000        61.46089    
  -1875.00000000000        91.19264    
  -1843.75000000000        106.1879    
  -1812.50000000000        304.1732    
  -1781.25000000000        376.7689    
  -1750.00000000000        169.4089    
  -1718.75000000000        116.3666    
  -1687.50000000000        181.3441    
  -1656.25000000000        228.3607    
  -1625.00000000000        115.9043    
  -1593.75000000000        77.54646    
  -1562.50000000000        250.6479    
  -1531.25000000000        157.2827    
  -1500.00000000000        37.13500    
  -1468.75000000000        102.8033    
  -1437.50000000000        74.97675    
  -1406.25000000000        99.88612    
  -1375.00000000000        155.3084    
  -1343.75000000000        117.1914    
  -1312.50000000000        107.3094    
  -1281.25000000000        86.72978    
  -1250.00000000000        268.9782    
  -1218.75000000000        57.18239    
  -1187.50000000000        32.67683    
  -1156.25000000000        173.8117    
  -1125.00000000000        35.32658    
  -1093.75000000000        113.9566    
  -1062.50000000000        215.3849    
  -1031.25000000000        82.32314    
  -1000.00000000000        96.77017    
  -968.750000000000        113.9043    
  -937.500000000000        43.94107    
  -906.250000000000        185.9676    
  -875.000000000000        116.0623    
  -843.750000000000        157.4494    
  -812.500000000000        264.4409    
  -781.250000000000        335.4992    
  -750.000000000000        241.1714    
  -718.750000000000        298.3105    
  -687.500000000000        269.3095    
  -656.250000000000        491.1440    
  -625.000000000000        38.46153    
  -593.750000000000        368.3752    
  -562.500000000000        134.2781    
  -531.250000000000        229.3049    
  -500.000000000000        355.7033    
  -468.750000000000        97.25553    
  -437.500000000000        299.5668    
  -406.250000000000        353.1927    
  -375.000000000000        795.3685    
  -343.750000000000        1281.497    
  -312.500000000000        654.9509    
  -281.250000000000        926.5155    
  -250.000000000000        479.8895    
  -218.750000000000        79.44601    
  -187.500000000000        432.5449    
  -156.250000000000        1563.609    
  -125.000000000000        1555.208    
  -93.7500000000000        554.1640    
  -62.5000000000000        1538.031    
  -31.2500000000000        2813.458    
  0.000000000000000E+000   7101.397    
   31.2500000000000        2729.085    
   62.5000000000000        1622.302    
   93.7500000000000        629.2963    
   125.000000000000        1632.659    
   156.250000000000        1678.699    
   187.500000000000        435.6259    
   218.750000000000        10.25045    
   250.000000000000        456.6273    
   281.250000000000        862.7445    
   312.500000000000        658.3190    
   343.750000000000        1244.806    
   375.000000000000        737.9246    
   406.250000000000        319.4614    
   437.500000000000        226.4718    
   468.750000000000        90.25558    
   500.000000000000        369.8727    
   531.250000000000        253.4498    
   562.500000000000        169.9317    
   593.750000000000        372.2955    
   625.000000000000        42.44765    
   656.250000000000        501.9488    
   687.500000000000        281.4896    
   718.750000000000        337.3714    
   750.000000000000        255.6180    
   781.250000000000        336.9418    
   812.500000000000        263.1312    
   843.750000000000        144.3466    
   875.000000000000        109.4781    
   906.250000000000        194.9079    
   937.500000000000        54.57178    
   968.750000000000        118.3925    
   1000.00000000000        114.5489    
   1031.25000000000        99.41383    
   1062.50000000000        182.1109    
   1093.75000000000        106.7352    
   1125.00000000000        59.76208    
   1156.25000000000        162.0055    
   1187.50000000000        40.63850    
   1218.75000000000        53.89071    
   1250.00000000000        296.3479    
   1281.25000000000        81.20203    
   1312.50000000000        102.6039    
   1343.75000000000        120.6823    
   1375.00000000000        167.6566    
   1406.25000000000        93.74042    
   1437.50000000000        44.63026    
   1468.75000000000        80.36597    
   1500.00000000000        52.53663    
   1531.25000000000        142.8028    
   1562.50000000000        239.7190    
   1593.75000000000        73.01859    
   1625.00000000000        119.2143    
   1656.25000000000        179.2859    
   1687.50000000000        173.1171    
   1718.75000000000        127.3776    
   1750.00000000000        188.1712    
   1781.25000000000        342.7758    
   1812.50000000000        275.7696    
   1843.75000000000        94.27421    
   1875.00000000000        96.32783    
   1906.25000000000        25.54817    
   1937.50000000000        72.46643    
   1968.75000000000        90.05825    
   2000.00000000000        38.07785    
   2031.25000000000        28.41604    
   2062.50000000000        77.38683    
   2093.75000000000        100.8940    
   2125.00000000000        89.06800    
   2156.25000000000        117.4295    
   2187.50000000000        123.1991    
   2218.75000000000        90.04029    
   2250.00000000000        64.42031    
   2281.25000000000        42.75379    
   2312.50000000000        103.2599    
   2343.75000000000        179.1657    
   2375.00000000000        28.73142    
   2406.25000000000        49.58881    
   2437.50000000000        130.6978    
   2468.75000000000        23.85705    
   2500.00000000000        176.7291    
   2531.25000000000        11.62432    
   2562.50000000000        86.46914    
   2593.75000000000        127.6271    
   2625.00000000000        49.88816    
   2656.25000000000        61.23785    
   2687.50000000000        162.7544    
   2718.75000000000        69.82456    
   2750.00000000000        90.23676    
   2781.25000000000        30.32886    
   2812.50000000000        172.6251    
   2843.75000000000        73.89367    
   2875.00000000000        170.9776    
   2906.25000000000        33.41605    
   2937.50000000000        235.8239    
   2968.75000000000        127.3427    
   3000.00000000000        145.0332    
   3031.25000000000        233.3405    
   3062.50000000000        248.9836    
   3093.75000000000        229.0672    
   3125.00000000000        165.5618    
   3156.25000000000        285.4216    
   3187.50000000000        122.5690    
   3218.75000000000        295.1333    
   3250.00000000000        232.1068    
   3281.25000000000        275.8253    
   3312.50000000000        241.9258    
   3343.75000000000        159.6507    
   3375.00000000000        141.9262    
   3406.25000000000        512.7197    
   3437.50000000000        188.2343    
   3468.75000000000        313.7028    
   3500.00000000000        304.2797    
   3531.25000000000        103.0537    
   3562.50000000000        317.9236    
   3593.75000000000        243.2658    
   3625.00000000000        182.2114    
   3656.25000000000        404.3865    
   3687.50000000000        340.5377    
   3718.75000000000        359.2345    
   3750.00000000000        287.9451    
   3781.25000000000        492.0239    
   3812.50000000000        310.9391    
   3843.75000000000        474.4437    
   3875.00000000000        401.0740    
   3906.25000000000        269.0773    
   3937.50000000000        561.9579    
   3968.75000000000        448.6075    
