  -4000.00000000000        237.5291    
  -3968.75000000000        430.0410    
  -3937.50000000000        561.9165    
  -3906.25000000000        294.2993    
  -3875.00000000000        434.1859    
  -3843.75000000000        450.8104    
  -3812.50000000000        334.2848    
  -3781.25000000000        458.2594    
  -3750.00000000000        291.0946    
  -3718.75000000000        359.5526    
  -3687.50000000000        335.6234    
  -3656.25000000000        412.8244    
  -3625.00000000000        214.7977    
  -3593.75000000000        289.3022    
  -3562.50000000000        274.6884    
  -3531.25000000000        99.59848    
  -3500.00000000000        318.5576    
  -3468.75000000000        293.0988    
  -3437.50000000000        190.4042    
  -3406.25000000000        529.3433    
  -3375.00000000000        151.0224    
  -3343.75000000000        137.7327    
  -3312.50000000000        300.7316    
  -3281.25000000000        255.0668    
  -3250.00000000000        241.3188    
  -3218.75000000000        268.3942    
  -3187.50000000000        124.8659    
  -3156.25000000000        285.7087    
  -3125.00000000000        202.6913    
  -3093.75000000000        250.8090    
  -3062.50000000000        269.9094    
  -3031.25000000000        207.0951    
  -3000.00000000000        126.8978    
  -2968.75000000000        125.8557    
  -2937.50000000000        250.5736    
  -2906.25000000000        46.12030    
  -2875.00000000000        136.2841    
  -2843.75000000000        64.10338    
  -2812.50000000000        167.3646    
  -2781.25000000000        72.68192    
  -2750.00000000000        83.22430    
  -2718.75000000000        78.66596    
  -2687.50000000000        138.7440    
  -2656.25000000000        64.29485    
  -2625.00000000000        31.93163    
  -2593.75000000000        103.1536    
  -2562.50000000000        75.22623    
  -2531.25000000000        15.79951    
  -2500.00000000000        164.3540    
  -2468.75000000000        26.22206    
  -2437.50000000000        106.9860    
  -2406.25000000000        67.64774    
  -2375.00000000000        28.51927    
  -2343.75000000000        166.2773    
  -2312.50000000000        89.01062    
  -2281.25000000000        44.19062    
  -2250.00000000000        68.09733    
  -2218.75000000000        76.90961    
  -2187.50000000000        108.9881    
  -2156.25000000000        168.0443    
  -2125.00000000000        76.34190    
  -2093.75000000000        129.2073    
  -2062.50000000000        45.29090    
  -2031.25000000000        50.08241    
  -2000.00000000000        63.92250    
  -1968.75000000000        100.6494    
  -1937.50000000000        72.28925    
  -1906.25000000000        37.12035    
  -1875.00000000000        90.52283    
  -1843.75000000000        124.8521    
  -1812.50000000000        306.4045    
  -1781.25000000000        364.7803    
  -1750.00000000000        177.3910    
  -1718.75000000000        117.8967    
  -1687.50000000000        181.6369    
  -1656.25000000000        218.0562    
  -1625.00000000000        115.1537    
  -1593.75000000000        46.63638    
  -1562.50000000000        257.3779    
  -1531.25000000000        152.8482    
  -1500.00000000000        41.89590    
  -1468.75000000000        91.31213    
  -1437.50000000000        66.97902    
  -1406.25000000000        99.93382    
  -1375.00000000000        148.7677    
  -1343.75000000000        121.2302    
  -1312.50000000000        109.0914    
  -1281.25000000000        110.4804    
  -1250.00000000000        256.9305    
  -1218.75000000000        64.16446    
  -1187.50000000000        90.24760    
  -1156.25000000000        180.8055    
  -1125.00000000000        49.50395    
  -1093.75000000000        105.8633    
  -1062.50000000000        203.7710    
  -1031.25000000000        87.63128    
  -1000.00000000000        108.0632    
  -968.750000000000        107.8297    
  -937.500000000000        58.71236    
  -906.250000000000        216.2104    
  -875.000000000000        117.4348    
  -843.750000000000        146.5792    
  -812.500000000000        288.8598    
  -781.250000000000        340.4978    
  -750.000000000000        213.1726    
  -718.750000000000        313.7670    
  -687.500000000000        308.7895    
  -656.250000000000        494.2956    
  -625.000000000000        15.62745    
  -593.750000000000        392.4466    
  -562.500000000000        145.9851    
  -531.250000000000        228.4243    
  -500.000000000000        370.9654    
  -468.750000000000        110.9864    
  -437.500000000000        313.4812    
  -406.250000000000        378.4239    
  -375.000000000000        824.8065    
  -343.750000000000        1316.515    
  -312.500000000000        676.4738    
  -281.250000000000        939.9594    
  -250.000000000000        524.0190    
  -218.750000000000        85.36512    
  -187.500000000000        450.8869    
  -156.250000000000        1620.486    
  -125.000000000000        1590.928    
  -93.7500000000000        608.2552    
  -62.5000000000000        1554.368    
  -31.2500000000000        2872.678    
  0.000000000000000E+000   7344.416    
   31.2500000000000        2766.060    
   62.5000000000000        1673.303    
   93.7500000000000        631.3850    
   125.000000000000        1694.780    
   156.250000000000        1708.869    
   187.500000000000        443.9610    
   218.750000000000        41.01882    
   250.000000000000        435.4346    
   281.250000000000        823.4948    
   312.500000000000        660.1376    
   343.750000000000        1258.544    
   375.000000000000        782.7826    
   406.250000000000        332.3313    
   437.500000000000        259.2867    
   468.750000000000        93.09594    
   500.000000000000        364.3015    
   531.250000000000        289.5118    
   562.500000000000        189.7744    
   593.750000000000        381.5521    
   625.000000000000        25.61136    
   656.250000000000        494.1674    
   687.500000000000        293.7787    
   718.750000000000        358.3873    
   750.000000000000        265.2120    
   781.250000000000        327.8440    
   812.500000000000        260.9087    
   843.750000000000        163.8083    
   875.000000000000        101.3663    
   906.250000000000        190.0025    
   937.500000000000        44.20621    
   968.750000000000        106.0944    
   1000.00000000000        99.98794    
   1031.25000000000        86.56630    
   1062.50000000000        174.9550    
   1093.75000000000        110.0567    
   1125.00000000000        58.43112    
   1156.25000000000        170.3934    
   1187.50000000000        54.28453    
   1218.75000000000        36.89762    
   1250.00000000000        280.1508    
   1281.25000000000        89.33600    
   1312.50000000000        94.05531    
   1343.75000000000        132.4633    
   1375.00000000000        169.0222    
   1406.25000000000        92.36374    
   1437.50000000000        61.61494    
   1468.75000000000        95.14796    
   1500.00000000000        44.67757    
   1531.25000000000        139.0846    
   1562.50000000000        234.7188    
   1593.75000000000        65.17222    
   1625.00000000000        134.5447    
   1656.25000000000        171.2905    
   1687.50000000000        164.8722    
   1718.75000000000        126.6299    
   1750.00000000000        168.4169    
   1781.25000000000        340.8017    
   1812.50000000000        262.7869    
   1843.75000000000        92.56213    
   1875.00000000000        88.49476    
   1906.25000000000        36.66702    
   1937.50000000000        63.62551    
   1968.75000000000        62.23307    
   2000.00000000000        28.73841    
   2031.25000000000        8.849452    
   2062.50000000000        99.45890    
   2093.75000000000        115.6022    
   2125.00000000000        84.67415    
   2156.25000000000        139.5055    
   2187.50000000000        127.7351    
   2218.75000000000        89.54662    
   2250.00000000000        52.22336    
   2281.25000000000        68.36510    
   2312.50000000000        133.1571    
   2343.75000000000        202.9663    
   2375.00000000000        17.20354    
   2406.25000000000        64.95286    
   2437.50000000000        114.8492    
   2468.75000000000        25.26519    
   2500.00000000000        181.9535    
   2531.25000000000        20.46933    
   2562.50000000000        56.75850    
   2593.75000000000        101.0900    
   2625.00000000000        40.26523    
   2656.25000000000        59.65157    
   2687.50000000000        156.0587    
   2718.75000000000        80.12854    
   2750.00000000000        66.97860    
   2781.25000000000        77.37763    
   2812.50000000000        163.3859    
   2843.75000000000        91.18291    
   2875.00000000000        185.7779    
   2906.25000000000        13.77399    
   2937.50000000000        252.4877    
   2968.75000000000        119.9363    
   3000.00000000000        132.4052    
   3031.25000000000        223.2459    
   3062.50000000000        270.5387    
   3093.75000000000        242.5123    
   3125.00000000000        161.0950    
   3156.25000000000        275.5550    
   3187.50000000000        131.0897    
   3218.75000000000        288.9242    
   3250.00000000000        215.0899    
   3281.25000000000        291.2022    
   3312.50000000000        268.5319    
   3343.75000000000        175.0001    
   3375.00000000000        165.7386    
   3406.25000000000        492.1796    
   3437.50000000000        164.1728    
   3468.75000000000        341.9462    
   3500.00000000000        309.4102    
   3531.25000000000        97.18499    
   3562.50000000000        323.2663    
   3593.75000000000        246.1992    
   3625.00000000000        188.4945    
   3656.25000000000        420.8139    
   3687.50000000000        309.9507    
   3718.75000000000        359.9625    
   3750.00000000000        285.4972    
   3781.25000000000        502.7269    
   3812.50000000000        319.7127    
   3843.75000000000        469.1506    
   3875.00000000000        380.0782    
   3906.25000000000        277.1489    
   3937.50000000000        540.7766    
   3968.75000000000        415.8866    
