  -4000.00000000000        216.6325    
  -3968.75000000000        387.9579    
  -3937.50000000000        515.3936    
  -3906.25000000000        245.5642    
  -3875.00000000000        372.7130    
  -3843.75000000000        403.2288    
  -3812.50000000000        299.1816    
  -3781.25000000000        429.3892    
  -3750.00000000000        272.1027    
  -3718.75000000000        330.6653    
  -3687.50000000000        300.7622    
  -3656.25000000000        375.1555    
  -3625.00000000000        185.9239    
  -3593.75000000000        250.0874    
  -3562.50000000000        266.0180    
  -3531.25000000000        94.59309    
  -3500.00000000000        309.6287    
  -3468.75000000000        269.5522    
  -3437.50000000000        159.2293    
  -3406.25000000000        457.6182    
  -3375.00000000000        133.6780    
  -3343.75000000000        129.7897    
  -3312.50000000000        264.2608    
  -3281.25000000000        227.1536    
  -3250.00000000000        194.8961    
  -3218.75000000000        239.4197    
  -3187.50000000000        109.4135    
  -3156.25000000000        273.9058    
  -3125.00000000000        164.6275    
  -3093.75000000000        206.9678    
  -3062.50000000000        245.4555    
  -3031.25000000000        184.7290    
  -3000.00000000000        109.3215    
  -2968.75000000000        121.9221    
  -2937.50000000000        221.9142    
  -2906.25000000000        20.42010    
  -2875.00000000000        142.8503    
  -2843.75000000000        68.74086    
  -2812.50000000000        150.4990    
  -2781.25000000000        52.50328    
  -2750.00000000000        74.20994    
  -2718.75000000000        81.59412    
  -2687.50000000000        142.4066    
  -2656.25000000000        57.74762    
  -2625.00000000000        44.90554    
  -2593.75000000000        102.3553    
  -2562.50000000000        65.91732    
  -2531.25000000000        18.93320    
  -2500.00000000000        155.6048    
  -2468.75000000000        21.47193    
  -2437.50000000000        98.59304    
  -2406.25000000000        62.57466    
  -2375.00000000000        20.73133    
  -2343.75000000000        146.3109    
  -2312.50000000000        99.08305    
  -2281.25000000000        39.00847    
  -2250.00000000000        66.74186    
  -2218.75000000000        78.78736    
  -2187.50000000000        117.7570    
  -2156.25000000000        113.8798    
  -2125.00000000000        70.91032    
  -2093.75000000000        94.41518    
  -2062.50000000000        63.79308    
  -2031.25000000000        29.40785    
  -2000.00000000000        53.73702    
  -1968.75000000000        71.90002    
  -1937.50000000000        56.42554    
  -1906.25000000000        34.04399    
  -1875.00000000000        82.11809    
  -1843.75000000000        104.9010    
  -1812.50000000000        286.4338    
  -1781.25000000000        332.9341    
  -1750.00000000000        176.5173    
  -1718.75000000000        116.3776    
  -1687.50000000000        155.2980    
  -1656.25000000000        193.2685    
  -1625.00000000000        118.9565    
  -1593.75000000000        58.78729    
  -1562.50000000000        228.7247    
  -1531.25000000000        141.0647    
  -1500.00000000000        39.75085    
  -1468.75000000000        79.83450    
  -1437.50000000000        43.05183    
  -1406.25000000000        83.62501    
  -1375.00000000000        144.5438    
  -1343.75000000000        128.6629    
  -1312.50000000000        98.80060    
  -1281.25000000000        72.29394    
  -1250.00000000000        236.7218    
  -1218.75000000000        48.84909    
  -1187.50000000000        44.06168    
  -1156.25000000000        166.0116    
  -1125.00000000000        33.64793    
  -1093.75000000000        98.76782    
  -1062.50000000000        181.8141    
  -1031.25000000000        77.67885    
  -1000.00000000000        105.1972    
  -968.750000000000        92.76527    
  -937.500000000000        37.40181    
  -906.250000000000        177.2549    
  -875.000000000000        84.63479    
  -843.750000000000        151.1689    
  -812.500000000000        251.1262    
  -781.250000000000        306.2962    
  -750.000000000000        228.0109    
  -718.750000000000        288.4534    
  -687.500000000000        261.1382    
  -656.250000000000        456.4560    
  -625.000000000000        42.25188    
  -593.750000000000        338.3166    
  -562.500000000000        129.6082    
  -531.250000000000        213.3647    
  -500.000000000000        331.6961    
  -468.750000000000        80.45263    
  -437.500000000000        284.7515    
  -406.250000000000        321.4284    
  -375.000000000000        732.1844    
  -343.750000000000        1169.555    
  -312.500000000000        596.7383    
  -281.250000000000        837.4359    
  -250.000000000000        431.0477    
  -218.750000000000        69.01239    
  -187.500000000000        394.0705    
  -156.250000000000        1453.618    
  -125.000000000000        1451.905    
  -93.7500000000000        519.0947    
  -62.5000000000000        1426.827    
  -31.2500000000000        2558.687    
  0.000000000000000E+000   6691.095    
   31.2500000000000        2471.472    
   62.5000000000000        1484.565    
   93.7500000000000        551.3730    
   125.000000000000        1513.346    
   156.250000000000        1534.211    
   187.500000000000        382.6311    
   218.750000000000        19.04312    
   250.000000000000        414.2850    
   281.250000000000        791.4825    
   312.500000000000        594.4667    
   343.750000000000        1138.145    
   375.000000000000        687.1201    
   406.250000000000        296.3970    
   437.500000000000        236.3150    
   468.750000000000        75.08514    
   500.000000000000        324.0722    
   531.250000000000        225.7323    
   562.500000000000        130.9125    
   593.750000000000        346.9946    
   625.000000000000        45.95596    
   656.250000000000        445.3300    
   687.500000000000        242.1662    
   718.750000000000        302.1335    
   750.000000000000        242.6365    
   781.250000000000        301.8135    
   812.500000000000        237.2878    
   843.750000000000        149.0347    
   875.000000000000        97.11190    
   906.250000000000        175.5012    
   937.500000000000        44.18379    
   968.750000000000        102.6192    
   1000.00000000000        105.3582    
   1031.25000000000        70.87727    
   1062.50000000000        175.4546    
   1093.75000000000        99.47427    
   1125.00000000000        41.69743    
   1156.25000000000        150.3340    
   1187.50000000000        32.17571    
   1218.75000000000        56.08298    
   1250.00000000000        256.7995    
   1281.25000000000        76.37341    
   1312.50000000000        87.82511    
   1343.75000000000        117.3172    
   1375.00000000000        148.3747    
   1406.25000000000        88.28482    
   1437.50000000000        33.83269    
   1468.75000000000        81.96134    
   1500.00000000000        44.97509    
   1531.25000000000        125.8113    
   1562.50000000000        218.9328    
   1593.75000000000        71.89056    
   1625.00000000000        96.37724    
   1656.25000000000        171.9337    
   1687.50000000000        149.5047    
   1718.75000000000        109.2765    
   1750.00000000000        155.2593    
   1781.25000000000        310.5782    
   1812.50000000000        248.6537    
   1843.75000000000        93.51966    
   1875.00000000000        86.82432    
   1906.25000000000        36.79398    
   1937.50000000000        50.44322    
   1968.75000000000        75.07915    
   2000.00000000000        37.28557    
   2031.25000000000        22.52181    
   2062.50000000000        70.70557    
   2093.75000000000        88.73959    
   2125.00000000000        71.21875    
   2156.25000000000        117.0790    
   2187.50000000000        117.2782    
   2218.75000000000        84.56661    
   2250.00000000000        54.78278    
   2281.25000000000        44.50388    
   2312.50000000000        93.10438    
   2343.75000000000        165.1160    
   2375.00000000000        28.86721    
   2406.25000000000        53.96087    
   2437.50000000000        107.2587    
   2468.75000000000        12.97643    
   2500.00000000000        152.0309    
   2531.25000000000        12.49569    
   2562.50000000000        67.78862    
   2593.75000000000        104.6921    
   2625.00000000000        35.56513    
   2656.25000000000        62.51739    
   2687.50000000000        161.3880    
   2718.75000000000        76.43896    
   2750.00000000000        73.42265    
   2781.25000000000        53.26860    
   2812.50000000000        158.5567    
   2843.75000000000        67.77704    
   2875.00000000000        155.2253    
   2906.25000000000        30.12529    
   2937.50000000000        222.8446    
   2968.75000000000        111.4244    
   3000.00000000000        132.3796    
   3031.25000000000        199.2669    
   3062.50000000000        247.7018    
   3093.75000000000        209.2330    
   3125.00000000000        143.7569    
   3156.25000000000        258.5451    
   3187.50000000000        112.2350    
   3218.75000000000        263.3066    
   3250.00000000000        214.5461    
   3281.25000000000        241.4938    
   3312.50000000000        244.2879    
   3343.75000000000        135.9433    
   3375.00000000000        156.2579    
   3406.25000000000        465.8148    
   3437.50000000000        163.1939    
   3468.75000000000        299.7332    
   3500.00000000000        289.7746    
   3531.25000000000        86.21219    
   3562.50000000000        276.4937    
   3593.75000000000        218.4570    
   3625.00000000000        165.8736    
   3656.25000000000        374.1766    
   3687.50000000000        308.4115    
   3718.75000000000        329.4045    
   3750.00000000000        255.3607    
   3781.25000000000        452.7968    
   3812.50000000000        285.1013    
   3843.75000000000        421.3141    
   3875.00000000000        356.4095    
   3906.25000000000        238.8329    
   3937.50000000000        496.8918    
   3968.75000000000        406.9290    
