  -2000.00000000000        65.73032    
  -1984.37500000000        106.4741    
  -1968.75000000000        21.15605    
  -1953.12500000000        22.68173    
  -1937.50000000000        359.8539    
  -1921.87500000000        90.86359    
  -1906.25000000000        79.10573    
  -1890.62500000000        88.98570    
  -1875.00000000000        89.73756    
  -1859.37500000000        53.83715    
  -1843.75000000000        39.68417    
  -1828.12500000000        54.94187    
  -1812.50000000000        255.0986    
  -1796.87500000000        18.69784    
  -1781.25000000000        25.76828    
  -1765.62500000000        74.90317    
  -1750.00000000000        183.7456    
  -1734.37500000000        159.4497    
  -1718.75000000000        12.13248    
  -1703.12500000000        56.50291    
  -1687.50000000000        17.64616    
  -1671.87500000000        302.2023    
  -1656.25000000000        44.53224    
  -1640.62500000000        132.5567    
  -1625.00000000000        174.6179    
  -1609.37500000000        157.3232    
  -1593.75000000000        91.05998    
  -1578.12500000000        46.37812    
  -1562.50000000000        134.1403    
  -1546.87500000000        551.7127    
  -1531.25000000000        140.6395    
  -1515.62500000000        94.68375    
  -1500.00000000000        277.5607    
  -1484.37500000000        476.1044    
  -1468.75000000000        214.7707    
  -1453.12500000000        39.21674    
  -1437.50000000000        70.54140    
  -1421.87500000000        59.35615    
  -1406.25000000000        71.55038    
  -1390.62500000000        39.49063    
  -1375.00000000000        68.08906    
  -1359.37500000000        205.8174    
  -1343.75000000000        209.1591    
  -1328.12500000000        28.18699    
  -1312.50000000000        96.35207    
  -1296.87500000000        158.1469    
  -1281.25000000000        276.5405    
  -1265.62500000000        87.03350    
  -1250.00000000000        95.03799    
  -1234.37500000000        87.63237    
  -1218.75000000000        65.38141    
  -1203.12500000000        132.5693    
  -1187.50000000000        206.8657    
  -1171.87500000000        496.2241    
  -1156.25000000000        548.5023    
  -1140.62500000000        254.8815    
  -1125.00000000000        100.8294    
  -1109.37500000000        67.15879    
  -1093.75000000000        174.8858    
  -1078.12500000000        34.18079    
  -1062.50000000000        37.04005    
  -1046.87500000000        66.20583    
  -1031.25000000000        54.37570    
  -1015.62500000000        94.76219    
  -1000.00000000000        60.69850    
  -984.375000000000        85.41064    
  -968.750000000000        410.8396    
  -953.125000000000        94.82266    
  -937.500000000000        30.89804    
  -921.875000000000        68.71195    
  -906.250000000000        116.1589    
  -890.625000000000        78.92645    
  -875.000000000000        32.77010    
  -859.375000000000        53.53994    
  -843.750000000000        41.22863    
  -828.125000000000        107.0877    
  -812.500000000000        115.5462    
  -796.875000000000        58.23674    
  -781.250000000000        289.6903    
  -765.625000000000        261.7216    
  -750.000000000000        80.99522    
  -734.375000000000        23.46186    
  -718.750000000000        70.72263    
  -703.125000000000        120.9935    
  -687.500000000000        56.38717    
  -671.875000000000        66.19572    
  -656.250000000000        84.04206    
  -640.625000000000        62.57664    
  -625.000000000000        177.4013    
  -609.375000000000        354.7990    
  -593.750000000000        585.9994    
  -578.125000000000        1675.901    
  -562.500000000000        364.0204    
  -546.875000000000        92.70499    
  -531.250000000000        144.5459    
  -515.625000000000        76.99953    
  -500.000000000000        51.89213    
  -484.375000000000        44.05500    
  -468.750000000000        80.42268    
  -453.125000000000        22.98193    
  -437.500000000000        45.93372    
  -421.875000000000        87.40334    
  -406.250000000000        105.0880    
  -390.625000000000        1095.440    
  -375.000000000000        85.65909    
  -359.375000000000        131.5381    
  -343.750000000000        141.9194    
  -328.125000000000        81.34676    
  -312.500000000000        178.1175    
  -296.875000000000        213.4883    
  -281.250000000000        95.18166    
  -265.625000000000        257.2404    
  -250.000000000000        276.1604    
  -234.375000000000        320.7445    
  -218.750000000000        506.8379    
  -203.125000000000        1787.788    
  -187.500000000000        2229.623    
  -171.875000000000        694.7682    
  -156.250000000000        386.0072    
  -140.625000000000        282.8502    
  -125.000000000000        274.1021    
  -109.375000000000        201.1788    
  -93.7500000000000        140.9602    
  -78.1250000000000        166.8547    
  -62.5000000000000        94.29439    
  -46.8750000000000        140.7898    
  -31.2500000000000        39.98898    
  -15.6250000000000        183.9631    
  0.000000000000000E+000   41334.32    
   15.6250000000000        242.6829    
   31.2500000000000        179.5291    
   46.8750000000000        269.2145    
   62.5000000000000        39.53557    
   78.1250000000000        192.3304    
   93.7500000000000        167.8463    
   109.375000000000        178.9470    
   125.000000000000        177.5365    
   140.625000000000        156.9509    
   156.250000000000        277.5307    
   171.875000000000        429.9932    
   187.500000000000        1282.325    
   203.125000000000        725.1760    
   218.750000000000        367.2839    
   234.375000000000        257.4528    
   250.000000000000        264.6747    
   265.625000000000        122.1832    
   281.250000000000        102.8975    
   296.875000000000        109.2176    
   312.500000000000        130.1909    
   328.125000000000        96.55283    
   343.750000000000        160.4860    
   359.375000000000        188.9991    
   375.000000000000        502.6191    
   390.625000000000        1675.906    
   406.250000000000        339.8757    
   421.875000000000        169.2556    
   437.500000000000        177.8847    
   453.125000000000        96.43378    
   468.750000000000        15.16371    
   484.375000000000        79.18739    
   500.000000000000        125.3988    
   515.625000000000        100.1568    
   531.250000000000        135.5069    
   546.875000000000        118.8579    
   562.500000000000        273.7778    
   578.125000000000        1946.575    
   593.750000000000        804.3680    
   609.375000000000        364.8692    
   625.000000000000        230.5278    
   640.625000000000        207.8435    
   656.250000000000        190.6683    
   671.875000000000        144.7418    
   687.500000000000        105.7141    
   703.125000000000        83.68038    
   718.750000000000        205.5313    
   734.375000000000        216.1531    
   750.000000000000        217.0388    
   765.625000000000        596.3623    
   781.250000000000        818.3329    
   796.875000000000        196.1048    
   812.500000000000        86.41084    
   828.125000000000        104.3174    
   843.750000000000        101.8612    
   859.375000000000        49.22556    
   875.000000000000        25.67410    
   890.625000000000        55.44175    
   906.250000000000        128.2693    
   921.875000000000        136.8301    
   937.500000000000        61.52620    
   953.125000000000        21.00282    
   968.750000000000        224.6236    
   984.375000000000        24.92136    
   1000.00000000000        12.35276    
   1015.62500000000        26.60658    
   1031.25000000000        36.07069    
   1046.87500000000        92.48513    
   1062.50000000000        11.99626    
   1078.12500000000        79.34277    
   1093.75000000000        131.8276    
   1109.37500000000        159.2526    
   1125.00000000000        25.25094    
   1140.62500000000        89.22739    
   1156.25000000000        447.1034    
   1171.87500000000        394.9852    
   1187.50000000000        146.7639    
   1203.12500000000        95.37405    
   1218.75000000000        42.65030    
   1234.37500000000        55.15237    
   1250.00000000000        121.5367    
   1265.62500000000        49.84499    
   1281.25000000000        264.2730    
   1296.87500000000        61.60608    
   1312.50000000000        29.16869    
   1328.12500000000        91.53864    
   1343.75000000000        44.49430    
   1359.37500000000        261.1623    
   1375.00000000000        133.8654    
   1390.62500000000        29.39561    
   1406.25000000000        50.74263    
   1421.87500000000        133.7190    
   1437.50000000000        35.78938    
   1453.12500000000        108.4509    
   1468.75000000000        110.3160    
   1484.37500000000        98.55708    
   1500.00000000000        140.0266    
   1515.62500000000        101.7237    
   1531.25000000000        16.45246    
   1546.87500000000        351.9602    
   1562.50000000000        39.63117    
   1578.12500000000        51.95248    
   1593.75000000000        42.56151    
   1609.37500000000        13.64286    
   1625.00000000000        66.94583    
   1640.62500000000        50.79623    
   1656.25000000000        80.91022    
   1671.87500000000        7.655221    
   1687.50000000000        58.16631    
   1703.12500000000        22.56720    
   1718.75000000000        122.2991    
   1734.37500000000        244.0272    
   1750.00000000000        96.63071    
   1765.62500000000        62.32563    
   1781.25000000000        37.31619    
   1796.87500000000        19.54577    
   1812.50000000000        63.68434    
   1828.12500000000        90.43295    
   1843.75000000000        62.74030    
   1859.37500000000        160.4186    
   1875.00000000000        213.7247    
   1890.62500000000        12.82102    
   1906.25000000000        60.89695    
   1921.87500000000        133.2968    
   1937.50000000000        186.9735    
   1953.12500000000        113.9760    
   1968.75000000000        114.1121    
   1984.37500000000        105.8370    
