  -2000.00000000000        5.354425    
  -1984.37500000000        2.894626    
  -1968.75000000000        6.074170    
  -1953.12500000000        8.481070    
  -1937.50000000000        9.060527    
  -1921.87500000000        13.96200    
  -1906.25000000000        4.425016    
  -1890.62500000000        9.501380    
  -1875.00000000000        4.174978    
  -1859.37500000000        3.073691    
  -1843.75000000000        4.383198    
  -1828.12500000000        10.34554    
  -1812.50000000000        4.357796    
  -1796.87500000000        3.640227    
  -1781.25000000000        8.294314    
  -1765.62500000000        4.130272    
  -1750.00000000000        23.32173    
  -1734.37500000000        5.536291    
  -1718.75000000000        6.630449    
  -1703.12500000000        1.905771    
  -1687.50000000000        4.523041    
  -1671.87500000000        5.943735    
  -1656.25000000000        4.197599    
  -1640.62500000000        6.157227    
  -1625.00000000000       0.2341662    
  -1609.37500000000        4.225862    
  -1593.75000000000        6.589724    
  -1578.12500000000        10.34510    
  -1562.50000000000        9.983347    
  -1546.87500000000        28.49499    
  -1531.25000000000        6.901371    
  -1515.62500000000        6.693041    
  -1500.00000000000        16.46127    
  -1484.37500000000        7.972954    
  -1468.75000000000        2.485455    
  -1453.12500000000        3.883355    
  -1437.50000000000        3.270153    
  -1421.87500000000        7.836864    
  -1406.25000000000        6.436448    
  -1390.62500000000        5.253964    
  -1375.00000000000        1.058824    
  -1359.37500000000        23.60816    
  -1343.75000000000        8.159757    
  -1328.12500000000        6.252738    
  -1312.50000000000        4.355646    
  -1296.87500000000        13.39016    
  -1281.25000000000        4.661740    
  -1265.62500000000        6.125526    
  -1250.00000000000        23.43292    
  -1234.37500000000        9.968571    
  -1218.75000000000        5.778322    
  -1203.12500000000        16.96371    
  -1187.50000000000        20.19875    
  -1171.87500000000        56.30255    
  -1156.25000000000        55.23492    
  -1140.62500000000        13.51321    
  -1125.00000000000        5.593992    
  -1109.37500000000        9.779774    
  -1093.75000000000        1.925062    
  -1078.12500000000        3.901051    
  -1062.50000000000        3.055085    
  -1046.87500000000        1.573451    
  -1031.25000000000        4.085945    
  -1015.62500000000        4.527711    
  -1000.00000000000       0.8050502    
  -984.375000000000        8.139945    
  -968.750000000000        53.08492    
  -953.125000000000        14.02469    
  -937.500000000000        9.494752    
  -921.875000000000        24.53830    
  -906.250000000000        17.06952    
  -890.625000000000        7.164251    
  -875.000000000000        5.585270    
  -859.375000000000        6.009242    
  -843.750000000000        5.636430    
  -828.125000000000        11.29808    
  -812.500000000000        11.43713    
  -796.875000000000        19.83588    
  -781.250000000000        69.48087    
  -765.625000000000        64.08874    
  -750.000000000000        22.05210    
  -734.375000000000        17.37493    
  -718.750000000000        22.99839    
  -703.125000000000        20.32037    
  -687.500000000000        19.54627    
  -671.875000000000        21.77070    
  -656.250000000000        27.55309    
  -640.625000000000        24.76557    
  -625.000000000000        41.84400    
  -609.375000000000        62.80376    
  -593.750000000000        135.1738    
  -578.125000000000        381.3651    
  -562.500000000000        63.73116    
  -546.875000000000        21.32843    
  -531.250000000000        30.62401    
  -515.625000000000        20.12723    
  -500.000000000000        15.12779    
  -484.375000000000        5.959166    
  -468.750000000000        9.423347    
  -453.125000000000        12.25373    
  -437.500000000000        20.75203    
  -421.875000000000        14.67464    
  -406.250000000000        36.50739    
  -390.625000000000        146.9615    
  -375.000000000000        50.00897    
  -359.375000000000        23.44985    
  -343.750000000000        4.215752    
  -328.125000000000        7.618946    
  -312.500000000000        17.51647    
  -296.875000000000        14.30495    
  -281.250000000000        10.80175    
  -265.625000000000        15.27529    
  -250.000000000000        24.55922    
  -234.375000000000        14.36846    
  -218.750000000000        36.86297    
  -203.125000000000        136.6169    
  -187.500000000000        154.4934    
  -171.875000000000        47.48965    
  -156.250000000000        24.42848    
  -140.625000000000        21.93352    
  -125.000000000000        20.18784    
  -109.375000000000        8.484507    
  -93.7500000000000        1.063110    
  -78.1250000000000        27.72699    
  -62.5000000000000        9.347201    
  -46.8750000000000        19.41513    
  -31.2500000000000        13.50672    
  -15.6250000000000        42.47159    
  0.000000000000000E+000   8754.844    
   15.6250000000000        42.29684    
   31.2500000000000        13.77406    
   46.8750000000000        20.19438    
   62.5000000000000        11.25114    
   78.1250000000000        28.31744    
   93.7500000000000        1.169336    
   109.375000000000        8.444481    
   125.000000000000        20.45117    
   140.625000000000        22.38623    
   156.250000000000        25.35745    
   171.875000000000        47.15719    
   187.500000000000        156.8931    
   203.125000000000        137.4097    
   218.750000000000        37.01114    
   234.375000000000        14.31824    
   250.000000000000        23.70978    
   265.625000000000        14.37802    
   281.250000000000        10.62355    
   296.875000000000        13.39604    
   312.500000000000        17.26878    
   328.125000000000        6.374753    
   343.750000000000        3.731608    
   359.375000000000        23.82657    
   375.000000000000        58.70439    
   390.625000000000        157.3884    
   406.250000000000        43.72551    
   421.875000000000        18.40627    
   437.500000000000        24.46167    
   453.125000000000        14.23417    
   468.750000000000        7.896711    
   484.375000000000        8.105501    
   500.000000000000        17.95867    
   515.625000000000        20.48252    
   531.250000000000        31.73163    
   546.875000000000        23.76009    
   562.500000000000        63.99017    
   578.125000000000        381.4630    
   593.750000000000        136.6735    
   609.375000000000        62.29159    
   625.000000000000        41.39042    
   640.625000000000        25.39972    
   656.250000000000        27.49739    
   671.875000000000        21.99608    
   687.500000000000        20.11832    
   703.125000000000        19.77764    
   718.750000000000        21.64581    
   734.375000000000        18.16916    
   750.000000000000        22.74468    
   765.625000000000        68.01376    
   781.250000000000        76.13982    
   796.875000000000        21.67244    
   812.500000000000        12.11730    
   828.125000000000        9.605861    
   843.750000000000        6.650693    
   859.375000000000        6.861726    
   875.000000000000        6.341279    
   890.625000000000        7.719011    
   906.250000000000        17.55153    
   921.875000000000        24.40207    
   937.500000000000        9.673622    
   953.125000000000        14.25086    
   968.750000000000        49.45469    
   984.375000000000        8.298502    
   1000.00000000000        1.202192    
   1015.62500000000        4.104058    
   1031.25000000000        5.045769    
   1046.87500000000        2.823312    
   1062.50000000000        2.450838    
   1078.12500000000        3.073339    
   1093.75000000000        1.182780    
   1109.37500000000        9.607807    
   1125.00000000000        3.726744    
   1140.62500000000        10.69909    
   1156.25000000000        44.62300    
   1171.87500000000        47.97532    
   1187.50000000000        17.10534    
   1203.12500000000        14.83481    
   1218.75000000000        5.306063    
   1234.37500000000        8.864326    
   1250.00000000000        22.37919    
   1265.62500000000        5.557810    
   1281.25000000000        4.284007    
   1296.87500000000        12.58618    
   1312.50000000000        4.231848    
   1328.12500000000        5.447220    
   1343.75000000000        6.821033    
   1359.37500000000        21.71902    
   1375.00000000000        1.401646    
   1390.62500000000        5.783360    
   1406.25000000000        6.617611    
   1421.87500000000        7.869532    
   1437.50000000000        3.191178    
   1453.12500000000        4.075283    
   1468.75000000000        2.453178    
   1484.37500000000        7.939227    
   1500.00000000000        15.23392    
   1515.62500000000        6.400895    
   1531.25000000000        6.199266    
   1546.87500000000        26.41145    
   1562.50000000000        9.185777    
   1578.12500000000        10.65297    
   1593.75000000000        6.297089    
   1609.37500000000        5.299296    
   1625.00000000000       0.7188747    
   1640.62500000000        6.169877    
   1656.25000000000        4.070478    
   1671.87500000000        6.326112    
   1687.50000000000        4.366979    
   1703.12500000000        1.627923    
   1718.75000000000        6.926637    
   1734.37500000000        5.639752    
   1750.00000000000        24.21255    
   1765.62500000000        4.339012    
   1781.25000000000        8.791769    
   1796.87500000000        3.523009    
   1812.50000000000        4.251683    
   1828.12500000000        9.846977    
   1843.75000000000        4.330151    
   1859.37500000000        2.836448    
   1875.00000000000        4.513569    
   1890.62500000000        8.678734    
   1906.25000000000        4.782870    
   1921.87500000000        13.40186    
   1937.50000000000        9.354813    
   1953.12500000000        8.040057    
   1968.75000000000        6.405891    
   1984.37500000000        3.013923    
