  -2000.00000000000        6.044194    
  -1984.37500000000        2.155015    
  -1968.75000000000        7.459669    
  -1953.12500000000        9.968039    
  -1937.50000000000        16.00410    
  -1921.87500000000        14.86619    
  -1906.25000000000        4.643280    
  -1890.62500000000        8.502765    
  -1875.00000000000        4.969363    
  -1859.37500000000        3.081673    
  -1843.75000000000        3.521988    
  -1828.12500000000        10.05684    
  -1812.50000000000        2.185640    
  -1796.87500000000        4.407602    
  -1781.25000000000        8.393497    
  -1765.62500000000        4.015687    
  -1750.00000000000        23.24131    
  -1734.37500000000        5.381403    
  -1718.75000000000        6.525962    
  -1703.12500000000        2.251874    
  -1687.50000000000        4.374788    
  -1671.87500000000        5.322833    
  -1656.25000000000        4.745603    
  -1640.62500000000        7.011581    
  -1625.00000000000        1.286225    
  -1609.37500000000        5.815415    
  -1593.75000000000        5.983506    
  -1578.12500000000        11.65245    
  -1562.50000000000        7.572313    
  -1546.87500000000        25.76553    
  -1531.25000000000        6.119290    
  -1515.62500000000        5.941087    
  -1500.00000000000        15.77627    
  -1484.37500000000        10.95241    
  -1468.75000000000        1.074934    
  -1453.12500000000        2.907471    
  -1437.50000000000        4.006661    
  -1421.87500000000        8.464169    
  -1406.25000000000        6.109749    
  -1390.62500000000        5.297040    
  -1375.00000000000        1.411283    
  -1359.37500000000        25.73055    
  -1343.75000000000        9.126843    
  -1328.12500000000        5.636385    
  -1312.50000000000        4.971700    
  -1296.87500000000        11.27321    
  -1281.25000000000        5.826083    
  -1265.62500000000        6.801801    
  -1250.00000000000        24.09247    
  -1234.37500000000        10.48845    
  -1218.75000000000        6.727803    
  -1203.12500000000        16.21711    
  -1187.50000000000        18.32729    
  -1171.87500000000        51.56746    
  -1156.25000000000        48.70524    
  -1140.62500000000        11.88507    
  -1125.00000000000        4.366038    
  -1109.37500000000        8.557631    
  -1093.75000000000        1.663252    
  -1078.12500000000        3.391785    
  -1062.50000000000        2.424393    
  -1046.87500000000        2.355656    
  -1031.25000000000        6.152384    
  -1015.62500000000        3.981940    
  -1000.00000000000       0.1566156    
  -984.375000000000        8.813221    
  -968.750000000000        53.38943    
  -953.125000000000        14.98728    
  -937.500000000000        10.77541    
  -921.875000000000        26.07792    
  -906.250000000000        18.36443    
  -890.625000000000        7.734468    
  -875.000000000000        6.121440    
  -859.375000000000        6.898353    
  -843.750000000000        6.288673    
  -828.125000000000        11.16987    
  -812.500000000000        12.55642    
  -796.875000000000        21.37190    
  -781.250000000000        70.98059    
  -765.625000000000        64.53761    
  -750.000000000000        21.45518    
  -734.375000000000        17.07069    
  -718.750000000000        22.65482    
  -703.125000000000        19.94107    
  -687.500000000000        19.47196    
  -671.875000000000        21.53767    
  -656.250000000000        28.78327    
  -640.625000000000        26.46974    
  -625.000000000000        43.51282    
  -609.375000000000        64.98415    
  -593.750000000000        139.8867    
  -578.125000000000        405.3862    
  -562.500000000000        68.82002    
  -546.875000000000        23.86308    
  -531.250000000000        33.65815    
  -515.625000000000        21.51167    
  -500.000000000000        17.91298    
  -484.375000000000        7.663130    
  -468.750000000000        8.611484    
  -453.125000000000        14.20356    
  -437.500000000000        22.86036    
  -421.875000000000        17.17706    
  -406.250000000000        42.43550    
  -390.625000000000        156.0438    
  -375.000000000000        55.71844    
  -359.375000000000        24.91520    
  -343.750000000000        4.891391    
  -328.125000000000        7.226048    
  -312.500000000000        17.83890    
  -296.875000000000        16.31169    
  -281.250000000000        11.93944    
  -265.625000000000        17.99250    
  -250.000000000000        25.51848    
  -234.375000000000        19.25103    
  -218.750000000000        44.33935    
  -203.125000000000        164.2418    
  -187.500000000000        193.9052    
  -171.875000000000        58.22858    
  -156.250000000000        31.31831    
  -140.625000000000        26.14281    
  -125.000000000000        23.32030    
  -109.375000000000        12.34943    
  -93.7500000000000        3.424307    
  -78.1250000000000        29.95233    
  -62.5000000000000        13.61072    
  -46.8750000000000        18.90098    
  -31.2500000000000        11.90061    
  -15.6250000000000        43.20104    
  0.000000000000000E+000   9099.296    
   15.6250000000000        44.15935    
   31.2500000000000        16.32037    
   46.8750000000000        22.57551    
   62.5000000000000        8.011440    
   78.1250000000000        28.88358    
   93.7500000000000        4.024251    
   109.375000000000        6.626651    
   125.000000000000        20.47604    
   140.625000000000        20.86440    
   156.250000000000        22.28393    
   171.875000000000        41.74084    
   187.500000000000        136.3548    
   203.125000000000        118.1312    
   218.750000000000        34.94339    
   234.375000000000        12.74864    
   250.000000000000        25.13693    
   265.625000000000        12.64785    
   281.250000000000        12.09959    
   296.875000000000        12.52754    
   312.500000000000        17.28031    
   328.125000000000        5.600104    
   343.750000000000        5.335371    
   359.375000000000        25.46939    
   375.000000000000        59.67838    
   390.625000000000        164.8358    
   406.250000000000        42.18924    
   421.875000000000        17.10467    
   437.500000000000        23.61269    
   453.125000000000        13.88003    
   468.750000000000        9.139316    
   484.375000000000        7.408446    
   500.000000000000        17.44245    
   515.625000000000        21.34539    
   531.250000000000        32.48219    
   546.875000000000        24.58240    
   562.500000000000        66.30592    
   578.125000000000        400.8230    
   593.750000000000        143.7583    
   609.375000000000        64.43507    
   625.000000000000        42.45055    
   640.625000000000        28.41187    
   656.250000000000        29.38023    
   671.875000000000        22.21457    
   687.500000000000        20.48023    
   703.125000000000        20.14858    
   718.750000000000        22.71948    
   734.375000000000        19.29991    
   750.000000000000        24.10373    
   765.625000000000        68.41247    
   781.250000000000        75.69274    
   796.875000000000        20.53222    
   812.500000000000        12.43950    
   828.125000000000        11.93466    
   843.750000000000        6.036317    
   859.375000000000        5.741142    
   875.000000000000        5.521301    
   890.625000000000        6.737155    
   906.250000000000        18.87054    
   921.875000000000        25.30265    
   937.500000000000        9.128551    
   953.125000000000        13.45658    
   968.750000000000        42.06744    
   984.375000000000        8.846219    
   1000.00000000000       0.1557674    
   1015.62500000000        3.130618    
   1031.25000000000        4.793258    
   1046.87500000000        1.791107    
   1062.50000000000        4.209358    
   1078.12500000000        4.325696    
   1093.75000000000       0.3188854    
   1109.37500000000        8.295626    
   1125.00000000000        4.445760    
   1140.62500000000        12.57402    
   1156.25000000000        48.92459    
   1171.87500000000        53.11092    
   1187.50000000000        18.90198    
   1203.12500000000        16.58744    
   1218.75000000000        6.086998    
   1234.37500000000        10.28927    
   1250.00000000000        23.84072    
   1265.62500000000        4.913621    
   1281.25000000000        4.359210    
   1296.87500000000        12.94060    
   1312.50000000000        5.534163    
   1328.12500000000        6.045794    
   1343.75000000000        9.758418    
   1359.37500000000        22.55534    
   1375.00000000000       0.9728788    
   1390.62500000000        6.931118    
   1406.25000000000        7.121490    
   1421.87500000000        8.768575    
   1437.50000000000        3.550915    
   1453.12500000000        3.762015    
   1468.75000000000        2.497675    
   1484.37500000000        5.527089    
   1500.00000000000        16.61414    
   1515.62500000000        7.650792    
   1531.25000000000        7.360787    
   1546.87500000000        26.95747    
   1562.50000000000        9.304558    
   1578.12500000000        10.63857    
   1593.75000000000        6.618598    
   1609.37500000000        3.323996    
   1625.00000000000        1.353253    
   1640.62500000000        5.208312    
   1656.25000000000        3.635298    
   1671.87500000000        5.019791    
   1687.50000000000        4.297522    
   1703.12500000000        2.278777    
   1718.75000000000        8.387068    
   1734.37500000000        4.948884    
   1750.00000000000        25.51937    
   1765.62500000000        4.844297    
   1781.25000000000        8.674050    
   1796.87500000000        3.498980    
   1812.50000000000        6.123447    
   1828.12500000000        11.12239    
   1843.75000000000        6.716734    
   1859.37500000000        6.595355    
   1875.00000000000       0.8150605    
   1890.62500000000        9.028973    
   1906.25000000000        4.645164    
   1921.87500000000        13.79054    
   1937.50000000000        14.12835    
   1953.12500000000        7.205586    
   1968.75000000000        6.274897    
   1984.37500000000        1.390156    
