  -4000.00000000000        203.9145    
  -3968.75000000000        367.6691    
  -3937.50000000000        473.6192    
  -3906.25000000000        218.8711    
  -3875.00000000000        328.1446    
  -3843.75000000000        375.1462    
  -3812.50000000000        276.1130    
  -3781.25000000000        389.2397    
  -3750.00000000000        233.9745    
  -3718.75000000000        307.7498    
  -3687.50000000000        285.9397    
  -3656.25000000000        339.6708    
  -3625.00000000000        162.7444    
  -3593.75000000000        220.4083    
  -3562.50000000000        241.1516    
  -3531.25000000000        83.78532    
  -3500.00000000000        282.2490    
  -3468.75000000000        245.5323    
  -3437.50000000000        154.8978    
  -3406.25000000000        423.3592    
  -3375.00000000000        127.8510    
  -3343.75000000000        123.3218    
  -3312.50000000000        234.6236    
  -3281.25000000000        216.4917    
  -3250.00000000000        184.9986    
  -3218.75000000000        231.3051    
  -3187.50000000000        102.8549    
  -3156.25000000000        244.6063    
  -3125.00000000000        153.6274    
  -3093.75000000000        191.9082    
  -3062.50000000000        224.3195    
  -3031.25000000000        176.3232    
  -3000.00000000000        111.3508    
  -2968.75000000000        109.7367    
  -2937.50000000000        198.2583    
  -2906.25000000000        27.45575    
  -2875.00000000000        130.1474    
  -2843.75000000000        59.99159    
  -2812.50000000000        140.1018    
  -2781.25000000000        52.81653    
  -2750.00000000000        69.05621    
  -2718.75000000000        71.09450    
  -2687.50000000000        132.8581    
  -2656.25000000000        50.94725    
  -2625.00000000000        32.75060    
  -2593.75000000000        97.40904    
  -2562.50000000000        65.13409    
  -2531.25000000000        19.94760    
  -2500.00000000000        138.6042    
  -2468.75000000000        16.52618    
  -2437.50000000000        88.64714    
  -2406.25000000000        51.63367    
  -2375.00000000000        24.71440    
  -2343.75000000000        143.0506    
  -2312.50000000000        83.61789    
  -2281.25000000000        37.60695    
  -2250.00000000000        52.37510    
  -2218.75000000000        71.88672    
  -2187.50000000000        106.2991    
  -2156.25000000000        113.8090    
  -2125.00000000000        69.25809    
  -2093.75000000000        84.13364    
  -2062.50000000000        64.92770    
  -2031.25000000000        21.49896    
  -2000.00000000000        42.52954    
  -1968.75000000000        72.00311    
  -1937.50000000000        52.09501    
  -1906.25000000000        31.05260    
  -1875.00000000000        79.65525    
  -1843.75000000000        100.9846    
  -1812.50000000000        254.3486    
  -1781.25000000000        295.5482    
  -1750.00000000000        151.7072    
  -1718.75000000000        104.1987    
  -1687.50000000000        144.0375    
  -1656.25000000000        172.8676    
  -1625.00000000000        101.0112    
  -1593.75000000000        49.71623    
  -1562.50000000000        205.9600    
  -1531.25000000000        115.4025    
  -1500.00000000000        38.88701    
  -1468.75000000000        78.78631    
  -1437.50000000000        43.73466    
  -1406.25000000000        83.87125    
  -1375.00000000000        129.7237    
  -1343.75000000000        105.1261    
  -1312.50000000000        87.94229    
  -1281.25000000000        79.86432    
  -1250.00000000000        223.5389    
  -1218.75000000000        44.16601    
  -1187.50000000000        41.78868    
  -1156.25000000000        147.4543    
  -1125.00000000000        28.47789    
  -1093.75000000000        86.14135    
  -1062.50000000000        173.2244    
  -1031.25000000000        68.80024    
  -1000.00000000000        93.84248    
  -968.750000000000        90.08708    
  -937.500000000000        39.98906    
  -906.250000000000        164.4588    
  -875.000000000000        83.23267    
  -843.750000000000        123.2807    
  -812.500000000000        214.7980    
  -781.250000000000        278.0428    
  -750.000000000000        210.5964    
  -718.750000000000        267.0959    
  -687.500000000000        234.6267    
  -656.250000000000        407.8446    
  -625.000000000000        39.26210    
  -593.750000000000        311.2401    
  -562.500000000000        111.0560    
  -531.250000000000        201.2482    
  -500.000000000000        300.5571    
  -468.750000000000        82.42934    
  -437.500000000000        228.3201    
  -406.250000000000        303.5186    
  -375.000000000000        659.8373    
  -343.750000000000        1059.085    
  -312.500000000000        554.0217    
  -281.250000000000        769.9926    
  -250.000000000000        383.7875    
  -218.750000000000        54.49942    
  -187.500000000000        356.0375    
  -156.250000000000        1336.666    
  -125.000000000000        1339.925    
  -93.7500000000000        479.2435    
  -62.5000000000000        1321.052    
  -31.2500000000000        2345.146    
  0.000000000000000E+000   6216.963    
   31.2500000000000        2304.089    
   62.5000000000000        1337.375    
   93.7500000000000        491.6475    
   125.000000000000        1364.559    
   156.250000000000        1385.798    
   187.500000000000        365.4795    
   218.750000000000        33.16141    
   250.000000000000        389.2930    
   281.250000000000        748.4326    
   312.500000000000        556.7456    
   343.750000000000        1054.019    
   375.000000000000        646.0684    
   406.250000000000        279.9766    
   437.500000000000        219.8212    
   468.750000000000        59.40493    
   500.000000000000        312.7503    
   531.250000000000        194.1608    
   562.500000000000        120.1436    
   593.750000000000        310.7755    
   625.000000000000        34.27608    
   656.250000000000        406.3506    
   687.500000000000        238.3496    
   718.750000000000        274.2078    
   750.000000000000        213.8353    
   781.250000000000        275.9838    
   812.500000000000        222.7531    
   843.750000000000        119.4666    
   875.000000000000        93.28285    
   906.250000000000        171.6480    
   937.500000000000        35.87847    
   968.750000000000        91.01838    
   1000.00000000000        91.47123    
   1031.25000000000        70.73381    
   1062.50000000000        167.0589    
   1093.75000000000        91.34650    
   1125.00000000000        32.64078    
   1156.25000000000        143.6471    
   1187.50000000000        37.71240    
   1218.75000000000        38.16792    
   1250.00000000000        228.0936    
   1281.25000000000        71.77630    
   1312.50000000000        84.98966    
   1343.75000000000        106.6775    
   1375.00000000000        131.2780    
   1406.25000000000        86.85455    
   1437.50000000000        42.78128    
   1468.75000000000        71.15445    
   1500.00000000000        36.55270    
   1531.25000000000        117.7080    
   1562.50000000000        206.1321    
   1593.75000000000        57.63558    
   1625.00000000000        101.6490    
   1656.25000000000        164.0714    
   1687.50000000000        145.4894    
   1718.75000000000        98.46561    
   1750.00000000000        148.7789    
   1781.25000000000        290.7530    
   1812.50000000000        241.6010    
   1843.75000000000        90.97016    
   1875.00000000000        80.82243    
   1906.25000000000        34.32637    
   1937.50000000000        51.13636    
   1968.75000000000        63.54862    
   2000.00000000000        37.59823    
   2031.25000000000        19.01597    
   2062.50000000000        67.57167    
   2093.75000000000        82.61238    
   2125.00000000000        62.68620    
   2156.25000000000        108.1656    
   2187.50000000000        106.2531    
   2218.75000000000        77.63022    
   2250.00000000000        52.12237    
   2281.25000000000        42.68130    
   2312.50000000000        85.91583    
   2343.75000000000        143.4612    
   2375.00000000000        22.12473    
   2406.25000000000        52.47381    
   2437.50000000000        94.77805    
   2468.75000000000        10.60520    
   2500.00000000000        140.5167    
   2531.25000000000        17.69450    
   2562.50000000000        60.94522    
   2593.75000000000        97.93665    
   2625.00000000000        39.26934    
   2656.25000000000        55.11152    
   2687.50000000000        137.9815    
   2718.75000000000        69.37632    
   2750.00000000000        67.79438    
   2781.25000000000        44.38396    
   2812.50000000000        140.9614    
   2843.75000000000        63.12062    
   2875.00000000000        137.8611    
   2906.25000000000        28.07503    
   2937.50000000000        203.6919    
   2968.75000000000        108.6760    
   3000.00000000000        111.9784    
   3031.25000000000        180.6185    
   3062.50000000000        226.0407    
   3093.75000000000        186.4528    
   3125.00000000000        140.6537    
   3156.25000000000        242.9041    
   3187.50000000000        103.5512    
   3218.75000000000        239.4472    
   3250.00000000000        188.6419    
   3281.25000000000        220.9662    
   3312.50000000000        232.5525    
   3343.75000000000        127.5985    
   3375.00000000000        133.0888    
   3406.25000000000        436.7429    
   3437.50000000000        145.6982    
   3468.75000000000        264.4573    
   3500.00000000000        271.6864    
   3531.25000000000        82.90487    
   3562.50000000000        244.6880    
   3593.75000000000        210.1567    
   3625.00000000000        151.1818    
   3656.25000000000        344.4228    
   3687.50000000000        281.6701    
   3718.75000000000        310.0685    
   3750.00000000000        236.0594    
   3781.25000000000        402.3815    
   3812.50000000000        264.1623    
   3843.75000000000        380.2600    
   3875.00000000000        326.4385    
   3906.25000000000        212.4258    
   3937.50000000000        464.6530    
   3968.75000000000        371.7211    
