  -4000.00000000000        285.5698    
  -3968.75000000000        475.9586    
  -3937.50000000000        689.6566    
  -3906.25000000000        306.6104    
  -3875.00000000000        496.0728    
  -3843.75000000000        485.2816    
  -3812.50000000000        366.4754    
  -3781.25000000000        549.1137    
  -3750.00000000000        360.3615    
  -3718.75000000000        413.7505    
  -3687.50000000000        387.2596    
  -3656.25000000000        457.0540    
  -3625.00000000000        218.4674    
  -3593.75000000000        358.9024    
  -3562.50000000000        327.9945    
  -3531.25000000000        110.1155    
  -3500.00000000000        396.1591    
  -3468.75000000000        317.2499    
  -3437.50000000000        194.2315    
  -3406.25000000000        564.3426    
  -3375.00000000000        170.0058    
  -3343.75000000000        174.0065    
  -3312.50000000000        352.3375    
  -3281.25000000000        282.1742    
  -3250.00000000000        238.1294    
  -3218.75000000000        312.7540    
  -3187.50000000000        162.8635    
  -3156.25000000000        363.9986    
  -3125.00000000000        203.3330    
  -3093.75000000000        265.7086    
  -3062.50000000000        308.6056    
  -3031.25000000000        240.2063    
  -3000.00000000000        126.0963    
  -2968.75000000000        157.9943    
  -2937.50000000000        271.0970    
  -2906.25000000000        22.89985    
  -2875.00000000000        181.4083    
  -2843.75000000000        79.48839    
  -2812.50000000000        233.3001    
  -2781.25000000000        98.56818    
  -2750.00000000000        113.6492    
  -2718.75000000000        99.55938    
  -2687.50000000000        165.7511    
  -2656.25000000000        87.61443    
  -2625.00000000000        50.75479    
  -2593.75000000000        148.8156    
  -2562.50000000000        47.55833    
  -2531.25000000000        2.398027    
  -2500.00000000000        223.0984    
  -2468.75000000000        62.69884    
  -2437.50000000000        126.0253    
  -2406.25000000000        100.2896    
  -2375.00000000000        32.45418    
  -2343.75000000000        126.9687    
  -2312.50000000000        148.4619    
  -2281.25000000000        60.13329    
  -2250.00000000000        70.44619    
  -2218.75000000000        98.74184    
  -2187.50000000000        154.5966    
  -2156.25000000000        155.5723    
  -2125.00000000000        96.41774    
  -2093.75000000000        140.6427    
  -2062.50000000000        93.30093    
  -2031.25000000000        28.47276    
  -2000.00000000000        60.22451    
  -1968.75000000000        107.2079    
  -1937.50000000000        113.2609    
  -1906.25000000000        32.08858    
  -1875.00000000000        122.8319    
  -1843.75000000000        153.6109    
  -1812.50000000000        425.8559    
  -1781.25000000000        468.0336    
  -1750.00000000000        243.1072    
  -1718.75000000000        165.7806    
  -1687.50000000000        219.9637    
  -1656.25000000000        238.1549    
  -1625.00000000000        149.3732    
  -1593.75000000000        123.8720    
  -1562.50000000000        272.8052    
  -1531.25000000000        210.6603    
  -1500.00000000000        92.49421    
  -1468.75000000000        114.1261    
  -1437.50000000000        69.02760    
  -1406.25000000000        83.52525    
  -1375.00000000000        157.6186    
  -1343.75000000000        143.0271    
  -1312.50000000000        150.5199    
  -1281.25000000000        140.1610    
  -1250.00000000000        288.7892    
  -1218.75000000000        90.23490    
  -1187.50000000000        92.28002    
  -1156.25000000000        221.9337    
  -1125.00000000000        89.42337    
  -1093.75000000000        80.38947    
  -1062.50000000000        212.9400    
  -1031.25000000000        94.70227    
  -1000.00000000000        102.8152    
  -968.750000000000        59.51797    
  -937.500000000000        81.85857    
  -906.250000000000        223.3132    
  -875.000000000000        123.2347    
  -843.750000000000        195.8687    
  -812.500000000000        330.8097    
  -781.250000000000        415.5740    
  -750.000000000000        365.3809    
  -718.750000000000        385.8824    
  -687.500000000000        373.7223    
  -656.250000000000        570.6628    
  -625.000000000000        60.90813    
  -593.750000000000        474.7156    
  -562.500000000000        106.7280    
  -531.250000000000        266.6242    
  -500.000000000000        444.8446    
  -468.750000000000        118.3435    
  -437.500000000000        376.7794    
  -406.250000000000        392.2314    
  -375.000000000000        941.6881    
  -343.750000000000        1461.062    
  -312.500000000000        756.4675    
  -281.250000000000        1109.422    
  -250.000000000000        548.4997    
  -218.750000000000        88.95663    
  -187.500000000000        482.7765    
  -156.250000000000        1851.787    
  -125.000000000000        1815.227    
  -93.7500000000000        732.1542    
  -62.5000000000000        1782.804    
  -31.2500000000000        3302.836    
  0.000000000000000E+000   8137.029    
   31.2500000000000        3068.281    
   62.5000000000000        1930.908    
   93.7500000000000        790.2194    
   125.000000000000        1998.236    
   156.250000000000        1984.438    
   187.500000000000        521.5392    
   218.750000000000        37.12436    
   250.000000000000        473.6451    
   281.250000000000        973.0606    
   312.500000000000        790.0587    
   343.750000000000        1388.471    
   375.000000000000        811.1433    
   406.250000000000        391.0601    
   437.500000000000        285.1761    
   468.750000000000        104.0487    
   500.000000000000        358.2889    
   531.250000000000        256.8434    
   562.500000000000        218.1773    
   593.750000000000        439.8258    
   625.000000000000        66.77229    
   656.250000000000        583.9088    
   687.500000000000        330.3703    
   718.750000000000        376.8628    
   750.000000000000        257.1965    
   781.250000000000        395.1868    
   812.500000000000        274.8499    
   843.750000000000        171.2983    
   875.000000000000        137.7365    
   906.250000000000        158.3746    
   937.500000000000        83.60255    
   968.750000000000        133.6489    
   1000.00000000000        143.7871    
   1031.25000000000        80.58923    
   1062.50000000000        185.5466    
   1093.75000000000        105.8533    
   1125.00000000000        9.121608    
   1156.25000000000        188.9407    
   1187.50000000000        67.54172    
   1218.75000000000        101.6925    
   1250.00000000000        359.3199    
   1281.25000000000        84.86086    
   1312.50000000000        104.4391    
   1343.75000000000        163.4558    
   1375.00000000000        238.9105    
   1406.25000000000        148.8539    
   1437.50000000000        49.35823    
   1468.75000000000        115.1608    
   1500.00000000000        59.51779    
   1531.25000000000        157.2144    
   1562.50000000000        271.2660    
   1593.75000000000        92.55042    
   1625.00000000000        148.0449    
   1656.25000000000        217.2040    
   1687.50000000000        186.4921    
   1718.75000000000        114.3730    
   1750.00000000000        213.2308    
   1781.25000000000        373.2261    
   1812.50000000000        331.9456    
   1843.75000000000        130.5379    
   1875.00000000000        98.61497    
   1906.25000000000        45.81835    
   1937.50000000000        61.36765    
   1968.75000000000        73.80360    
   2000.00000000000        55.41208    
   2031.25000000000        31.03042    
   2062.50000000000        95.32049    
   2093.75000000000        108.0946    
   2125.00000000000        105.7290    
   2156.25000000000        138.3244    
   2187.50000000000        146.7009    
   2218.75000000000        124.6259    
   2250.00000000000        59.76717    
   2281.25000000000        74.63566    
   2312.50000000000        137.5734    
   2343.75000000000        206.8271    
   2375.00000000000        47.98053    
   2406.25000000000        33.43985    
   2437.50000000000        126.8312    
   2468.75000000000        13.19720    
   2500.00000000000        177.0803    
   2531.25000000000        24.97891    
   2562.50000000000        109.1051    
   2593.75000000000        143.2339    
   2625.00000000000        69.24302    
   2656.25000000000        65.31726    
   2687.50000000000        208.8995    
   2718.75000000000        92.38441    
   2750.00000000000        105.4499    
   2781.25000000000        88.06786    
   2812.50000000000        196.4159    
   2843.75000000000        86.41064    
   2875.00000000000        179.5798    
   2906.25000000000        17.55645    
   2937.50000000000        262.7365    
   2968.75000000000        124.1476    
   3000.00000000000        177.1536    
   3031.25000000000        270.9113    
   3062.50000000000        309.7294    
   3093.75000000000        247.9644    
   3125.00000000000        210.5297    
   3156.25000000000        329.6898    
   3187.50000000000        170.6098    
   3218.75000000000        333.4002    
   3250.00000000000        276.5620    
   3281.25000000000        327.5339    
   3312.50000000000        326.9094    
   3343.75000000000        180.3226    
   3375.00000000000        148.8531    
   3406.25000000000        597.4960    
   3437.50000000000        177.4539    
   3468.75000000000        393.6506    
   3500.00000000000        375.4138    
   3531.25000000000        116.7032    
   3562.50000000000        361.7094    
   3593.75000000000        270.9643    
   3625.00000000000        193.2924    
   3656.25000000000        444.0284    
   3687.50000000000        375.5300    
   3718.75000000000        404.5616    
   3750.00000000000        312.4889    
   3781.25000000000        565.1777    
   3812.50000000000        349.0765    
   3843.75000000000        537.0286    
   3875.00000000000        421.0300    
   3906.25000000000        262.7341    
   3937.50000000000        635.4493    
   3968.75000000000        579.6031    
