  -2000.00000000000        11.31372    
  -1984.37500000000        5.944050    
  -1968.75000000000        11.28223    
  -1953.12500000000        24.15752    
  -1937.50000000000        3.717546    
  -1921.87500000000        22.41898    
  -1906.25000000000        2.081836    
  -1890.62500000000        12.20959    
  -1875.00000000000        3.309021    
  -1859.37500000000        9.387578    
  -1843.75000000000        5.497887    
  -1828.12500000000        23.18205    
  -1812.50000000000        6.937522    
  -1796.87500000000        9.502439    
  -1781.25000000000        6.557292    
  -1765.62500000000        8.471428    
  -1750.00000000000        66.22250    
  -1734.37500000000        14.67144    
  -1718.75000000000        13.84917    
  -1703.12500000000        10.74835    
  -1687.50000000000        1.698367    
  -1671.87500000000        8.357298    
  -1656.25000000000        8.851260    
  -1640.62500000000        10.35678    
  -1625.00000000000        1.678037    
  -1609.37500000000        1.985189    
  -1593.75000000000        7.039267    
  -1578.12500000000        9.955891    
  -1562.50000000000        3.484099    
  -1546.87500000000        44.94712    
  -1531.25000000000        9.502661    
  -1515.62500000000        13.56015    
  -1500.00000000000        21.51551    
  -1484.37500000000        20.12285    
  -1468.75000000000        8.176118    
  -1453.12500000000        7.249266    
  -1437.50000000000        8.033386    
  -1421.87500000000        13.54215    
  -1406.25000000000        14.08930    
  -1390.62500000000        8.954564    
  -1375.00000000000        5.372838    
  -1359.37500000000        25.39813    
  -1343.75000000000        8.320641    
  -1328.12500000000        8.085782    
  -1312.50000000000        8.461507    
  -1296.87500000000        27.11323    
  -1281.25000000000        8.480122    
  -1265.62500000000        8.669307    
  -1250.00000000000        29.06165    
  -1234.37500000000        15.53156    
  -1218.75000000000        12.23997    
  -1203.12500000000        23.72800    
  -1187.50000000000        25.45700    
  -1171.87500000000        87.38447    
  -1156.25000000000        76.59757    
  -1140.62500000000        25.78872    
  -1125.00000000000        14.81875    
  -1109.37500000000        6.001105    
  -1093.75000000000        17.07447    
  -1078.12500000000        2.829110    
  -1062.50000000000        2.996995    
  -1046.87500000000        4.440467    
  -1031.25000000000        10.77072    
  -1015.62500000000        7.363750    
  -1000.00000000000        6.259464    
  -984.375000000000        7.660979    
  -968.750000000000        116.4794    
  -953.125000000000        23.10662    
  -937.500000000000        13.33408    
  -921.875000000000        35.11358    
  -906.250000000000        20.60989    
  -890.625000000000        15.74411    
  -875.000000000000        12.43650    
  -859.375000000000        8.381685    
  -843.750000000000        19.81181    
  -828.125000000000        19.13235    
  -812.500000000000        21.17274    
  -796.875000000000        27.16513    
  -781.250000000000        91.10745    
  -765.625000000000        63.96514    
  -750.000000000000        22.33982    
  -734.375000000000        17.01410    
  -718.750000000000        15.97313    
  -703.125000000000        29.92999    
  -687.500000000000        28.16985    
  -671.875000000000        25.20515    
  -656.250000000000        29.87984    
  -640.625000000000        20.23502    
  -625.000000000000        51.61702    
  -609.375000000000        80.43962    
  -593.750000000000        159.6558    
  -578.125000000000        461.1921    
  -562.500000000000        76.50267    
  -546.875000000000        27.53659    
  -531.250000000000        43.81286    
  -515.625000000000        29.03611    
  -500.000000000000        15.26240    
  -484.375000000000        6.792603    
  -468.750000000000        17.39251    
  -453.125000000000        12.85713    
  -437.500000000000        24.36759    
  -421.875000000000        12.47691    
  -406.250000000000        49.76619    
  -390.625000000000        173.8562    
  -375.000000000000        67.12332    
  -359.375000000000        28.67741    
  -343.750000000000        8.808309    
  -328.125000000000        13.10825    
  -312.500000000000        23.52166    
  -296.875000000000        22.28362    
  -281.250000000000        13.91877    
  -265.625000000000        19.29475    
  -250.000000000000        30.94495    
  -234.375000000000        25.83438    
  -218.750000000000        60.75584    
  -203.125000000000        217.7803    
  -187.500000000000        267.7574    
  -171.875000000000        84.42593    
  -156.250000000000        36.34845    
  -140.625000000000        39.92333    
  -125.000000000000        23.97383    
  -109.375000000000        24.52071    
  -93.7500000000000        12.34568    
  -78.1250000000000        43.64676    
  -62.5000000000000        21.11247    
  -46.8750000000000        18.00655    
  -31.2500000000000        11.13113    
  -15.6250000000000        55.54712    
  0.000000000000000E+000   11118.72    
   15.6250000000000        50.60715    
   31.2500000000000        18.11298    
   46.8750000000000        27.44840    
   62.5000000000000        15.56988    
   78.1250000000000        42.09000    
   93.7500000000000        10.09835    
   109.375000000000        13.02818    
   125.000000000000        29.82045    
   140.625000000000        24.00080    
   156.250000000000        30.10573    
   171.875000000000        49.65504    
   187.500000000000        162.4640    
   203.125000000000        141.9377    
   218.750000000000        41.70794    
   234.375000000000        14.15751    
   250.000000000000        23.44056    
   265.625000000000        5.572473    
   281.250000000000        10.88383    
   296.875000000000        16.42143    
   312.500000000000        27.36595    
   328.125000000000        16.93166    
   343.750000000000        9.740804    
   359.375000000000        31.04385    
   375.000000000000        78.45986    
   390.625000000000        199.4898    
   406.250000000000        52.26110    
   421.875000000000        23.90816    
   437.500000000000        32.99928    
   453.125000000000        16.92744    
   468.750000000000        7.737908    
   484.375000000000        10.43255    
   500.000000000000        24.72847    
   515.625000000000        41.06010    
   531.250000000000        43.44453    
   546.875000000000        31.30821    
   562.500000000000        70.85522    
   578.125000000000        477.4316    
   593.750000000000        186.8082    
   609.375000000000        83.45067    
   625.000000000000        47.95349    
   640.625000000000        21.99366    
   656.250000000000        39.10296    
   671.875000000000        31.32305    
   687.500000000000        23.21503    
   703.125000000000        32.10800    
   718.750000000000        25.68174    
   734.375000000000        26.00697    
   750.000000000000        36.72780    
   765.625000000000        95.36651    
   781.250000000000        110.3576    
   796.875000000000        35.93085    
   812.500000000000        15.47704    
   828.125000000000        14.15604    
   843.750000000000        10.14909    
   859.375000000000        11.48674    
   875.000000000000        13.80265    
   890.625000000000        5.704005    
   906.250000000000        26.04493    
   921.875000000000        38.66290    
   937.500000000000        15.34939    
   953.125000000000        14.59307    
   968.750000000000        108.7793    
   984.375000000000        2.249300    
   1000.00000000000        5.722711    
   1015.62500000000        7.428742    
   1031.25000000000        12.84239    
   1046.87500000000        7.775115    
   1062.50000000000        4.697351    
   1078.12500000000        8.709755    
   1093.75000000000        12.96465    
   1109.37500000000        10.95042    
   1125.00000000000        9.204429    
   1140.62500000000        28.52691    
   1156.25000000000        75.38977    
   1171.87500000000        82.41930    
   1187.50000000000        23.78018    
   1203.12500000000        16.41177    
   1218.75000000000        1.587281    
   1234.37500000000        9.780396    
   1250.00000000000        31.07224    
   1265.62500000000        5.421668    
   1281.25000000000        12.55799    
   1296.87500000000        28.34566    
   1312.50000000000        6.663174    
   1328.12500000000        4.863624    
   1343.75000000000        5.307830    
   1359.37500000000        26.24862    
   1375.00000000000        12.75412    
   1390.62500000000        7.133790    
   1406.25000000000        14.04786    
   1421.87500000000        12.32248    
   1437.50000000000        7.739431    
   1453.12500000000        11.98079    
   1468.75000000000        15.79958    
   1484.37500000000        20.10599    
   1500.00000000000        30.15541    
   1515.62500000000        7.746086    
   1531.25000000000        5.731336    
   1546.87500000000        33.35668    
   1562.50000000000        17.53217    
   1578.12500000000        20.20332    
   1593.75000000000        11.68221    
   1609.37500000000        5.369662    
   1625.00000000000        11.87556    
   1640.62500000000        12.25279    
   1656.25000000000        13.72294    
   1671.87500000000        12.01458    
   1687.50000000000        11.44307    
   1703.12500000000        13.38468    
   1718.75000000000        15.87174    
   1734.37500000000        27.35880    
   1750.00000000000        47.65877    
   1765.62500000000        10.28816    
   1781.25000000000        11.88221    
   1796.87500000000        10.95587    
   1812.50000000000        9.345798    
   1828.12500000000        13.83505    
   1843.75000000000        5.686820    
   1859.37500000000        7.093500    
   1875.00000000000        12.63542    
   1890.62500000000        22.67354    
   1906.25000000000        14.37034    
   1921.87500000000        23.11822    
   1937.50000000000        14.86390    
   1953.12500000000        7.941682    
   1968.75000000000        7.507879    
   1984.37500000000        5.821542    
