  -2000.00000000000        8.883883    
  -1984.37500000000        16.66924    
  -1968.75000000000        15.28792    
  -1953.12500000000        22.63638    
  -1937.50000000000        29.28537    
  -1921.87500000000        40.11264    
  -1906.25000000000        9.426562    
  -1890.62500000000        28.15575    
  -1875.00000000000        22.34015    
  -1859.37500000000        39.09238    
  -1843.75000000000        16.72043    
  -1828.12500000000        19.35592    
  -1812.50000000000        26.09991    
  -1796.87500000000        18.15132    
  -1781.25000000000        13.49496    
  -1765.62500000000        36.28397    
  -1750.00000000000        85.52212    
  -1734.37500000000        28.52198    
  -1718.75000000000        12.14800    
  -1703.12500000000        1.160175    
  -1687.50000000000        10.88899    
  -1671.87500000000        50.43392    
  -1656.25000000000        7.948433    
  -1640.62500000000        20.27297    
  -1625.00000000000        4.671378    
  -1609.37500000000        14.12496    
  -1593.75000000000        15.38916    
  -1578.12500000000        24.52636    
  -1562.50000000000        17.45981    
  -1546.87500000000        46.44830    
  -1531.25000000000        26.14945    
  -1515.62500000000        4.137138    
  -1500.00000000000        29.02481    
  -1484.37500000000        41.83017    
  -1468.75000000000        16.09528    
  -1453.12500000000        10.86012    
  -1437.50000000000        29.83458    
  -1421.87500000000        21.68924    
  -1406.25000000000        21.63948    
  -1390.62500000000        12.71556    
  -1375.00000000000        8.747614    
  -1359.37500000000        93.11629    
  -1343.75000000000        37.81916    
  -1328.12500000000        13.18030    
  -1312.50000000000        5.273722    
  -1296.87500000000        39.22081    
  -1281.25000000000        14.84043    
  -1265.62500000000        2.942051    
  -1250.00000000000        48.58472    
  -1234.37500000000        28.19517    
  -1218.75000000000        25.80016    
  -1203.12500000000        43.46878    
  -1187.50000000000        42.55255    
  -1171.87500000000        121.9687    
  -1156.25000000000        114.2355    
  -1140.62500000000        28.68455    
  -1125.00000000000        32.04015    
  -1109.37500000000        31.23242    
  -1093.75000000000        23.03044    
  -1078.12500000000        3.707539    
  -1062.50000000000        17.94650    
  -1046.87500000000        32.05367    
  -1031.25000000000        38.71523    
  -1015.62500000000        10.42670    
  -1000.00000000000        13.92273    
  -984.375000000000        17.72146    
  -968.750000000000        195.0594    
  -953.125000000000        20.28405    
  -937.500000000000        11.49365    
  -921.875000000000        56.44365    
  -906.250000000000        45.91933    
  -890.625000000000        15.33755    
  -875.000000000000        8.123040    
  -859.375000000000        27.21375    
  -843.750000000000        3.911222    
  -828.125000000000        37.38811    
  -812.500000000000        30.08794    
  -796.875000000000        37.63479    
  -781.250000000000        111.5545    
  -765.625000000000        83.43735    
  -750.000000000000        24.12684    
  -734.375000000000        27.76169    
  -718.750000000000        20.09698    
  -703.125000000000        79.33040    
  -687.500000000000        36.00512    
  -671.875000000000        36.45429    
  -656.250000000000        37.62047    
  -640.625000000000        66.82484    
  -625.000000000000        90.68037    
  -609.375000000000        135.5972    
  -593.750000000000        302.8632    
  -578.125000000000        839.4931    
  -562.500000000000        150.2364    
  -546.875000000000        56.51046    
  -531.250000000000        85.12497    
  -515.625000000000        39.35776    
  -500.000000000000        45.92132    
  -484.375000000000        11.40876    
  -468.750000000000        27.41600    
  -453.125000000000        25.55268    
  -437.500000000000        21.45162    
  -421.875000000000        30.69076    
  -406.250000000000        69.00372    
  -390.625000000000        315.0989    
  -375.000000000000        89.78836    
  -359.375000000000        42.95207    
  -343.750000000000        30.35832    
  -328.125000000000        35.96685    
  -312.500000000000        69.05415    
  -296.875000000000        55.61450    
  -281.250000000000        39.87059    
  -265.625000000000        45.50917    
  -250.000000000000        81.82576    
  -234.375000000000        77.70245    
  -218.750000000000        153.7078    
  -203.125000000000        529.2472    
  -187.500000000000        648.8307    
  -171.875000000000        199.9922    
  -156.250000000000        108.0524    
  -140.625000000000        80.19965    
  -125.000000000000        63.25409    
  -109.375000000000        44.60934    
  -93.7500000000000        34.38551    
  -78.1250000000000        76.94897    
  -62.5000000000000        37.07919    
  -46.8750000000000        42.45093    
  -31.2500000000000        24.20973    
  -15.6250000000000        103.5693    
  0.000000000000000E+000   19332.64    
   15.6250000000000        105.4237    
   31.2500000000000        44.13761    
   46.8750000000000        70.45158    
   62.5000000000000        34.24020    
   78.1250000000000        68.53225    
   93.7500000000000        29.24446    
   109.375000000000        21.77123    
   125.000000000000        96.51946    
   140.625000000000        54.78800    
   156.250000000000        59.76743    
   171.875000000000        82.71352    
   187.500000000000        240.8021    
   203.125000000000        122.1033    
   218.750000000000        78.28971    
   234.375000000000        55.98780    
   250.000000000000        66.40073    
   265.625000000000        9.793655    
   281.250000000000        24.23358    
   296.875000000000        26.14313    
   312.500000000000        56.22338    
   328.125000000000        17.20928    
   343.750000000000        16.29037    
   359.375000000000        82.36708    
   375.000000000000        197.1287    
   390.625000000000        427.2878    
   406.250000000000        111.8532    
   421.875000000000        61.64967    
   437.500000000000        58.79752    
   453.125000000000        49.72384    
   468.750000000000        17.55700    
   484.375000000000        18.79393    
   500.000000000000        37.46455    
   515.625000000000        41.28259    
   531.250000000000        62.96142    
   546.875000000000        63.73859    
   562.500000000000        140.5488    
   578.125000000000        895.1807    
   593.750000000000        326.6864    
   609.375000000000        141.6888    
   625.000000000000        81.40895    
   640.625000000000        80.14251    
   656.250000000000        65.91581    
   671.875000000000        48.58436    
   687.500000000000        51.96649    
   703.125000000000        40.84518    
   718.750000000000        26.25102    
   734.375000000000        36.31680    
   750.000000000000        44.53260    
   765.625000000000        140.7281    
   781.250000000000        143.8410    
   796.875000000000        45.22763    
   812.500000000000        30.86608    
   828.125000000000        6.975204    
   843.750000000000        13.92892    
   859.375000000000        10.84076    
   875.000000000000        18.87023    
   890.625000000000        25.97308    
   906.250000000000        16.61259    
   921.875000000000        70.93867    
   937.500000000000        29.04504    
   953.125000000000        42.29068    
   968.750000000000        31.98367    
   984.375000000000        25.74003    
   1000.00000000000        8.685795    
   1015.62500000000        13.85997    
   1031.25000000000        12.18970    
   1046.87500000000        15.92994    
   1062.50000000000        7.349769    
   1078.12500000000        9.154079    
   1093.75000000000        19.44740    
   1109.37500000000        14.81304    
   1125.00000000000        14.97225    
   1140.62500000000        25.42505    
   1156.25000000000        126.5781    
   1171.87500000000        94.46910    
   1187.50000000000        47.20771    
   1203.12500000000        27.47381    
   1218.75000000000        21.80590    
   1234.37500000000        16.97181    
   1250.00000000000        56.16468    
   1265.62500000000        13.52607    
   1281.25000000000        9.206853    
   1296.87500000000        14.06241    
   1312.50000000000        16.57340    
   1328.12500000000        19.46786    
   1343.75000000000        25.58012    
   1359.37500000000        121.3899    
   1375.00000000000        3.698911    
   1390.62500000000        13.09023    
   1406.25000000000        10.83866    
   1421.87500000000        17.02007    
   1437.50000000000        13.18360    
   1453.12500000000        10.66984    
   1468.75000000000        24.62901    
   1484.37500000000        11.18258    
   1500.00000000000        38.66691    
   1515.62500000000        22.87881    
   1531.25000000000        13.99138    
   1546.87500000000        22.33257    
   1562.50000000000        10.70336    
   1578.12500000000        37.08542    
   1593.75000000000        16.03721    
   1609.37500000000        29.20686    
   1625.00000000000        7.043275    
   1640.62500000000        19.57585    
   1656.25000000000        22.63837    
   1671.87500000000        45.44768    
   1687.50000000000        20.77998    
   1703.12500000000        9.585636    
   1718.75000000000        14.72311    
   1734.37500000000        39.35898    
   1750.00000000000        71.05441    
   1765.62500000000        12.04613    
   1781.25000000000        20.68966    
   1796.87500000000        13.14473    
   1812.50000000000        15.09337    
   1828.12500000000        18.31605    
   1843.75000000000        7.710166    
   1859.37500000000        5.031568    
   1875.00000000000        15.44341    
   1890.62500000000        6.373203    
   1906.25000000000        15.47160    
   1921.87500000000        46.66428    
   1937.50000000000        32.55518    
   1953.12500000000        18.96249    
   1968.75000000000        21.93899    
   1984.37500000000        16.71292    
