  -4000.00000000000        243.2221    
  -3968.75000000000        438.0500    
  -3937.50000000000        603.8743    
  -3906.25000000000        321.6278    
  -3875.00000000000        428.9489    
  -3843.75000000000        450.7983    
  -3812.50000000000        370.8279    
  -3781.25000000000        470.6018    
  -3750.00000000000        338.0808    
  -3718.75000000000        394.9380    
  -3687.50000000000        373.6725    
  -3656.25000000000        441.3893    
  -3625.00000000000        221.6147    
  -3593.75000000000        325.7148    
  -3562.50000000000        295.4550    
  -3531.25000000000        117.8071    
  -3500.00000000000        345.9671    
  -3468.75000000000        294.0536    
  -3437.50000000000        196.2342    
  -3406.25000000000        531.4046    
  -3375.00000000000        129.3734    
  -3343.75000000000        158.3668    
  -3312.50000000000        339.8687    
  -3281.25000000000        264.1852    
  -3250.00000000000        223.8562    
  -3218.75000000000        293.5237    
  -3187.50000000000        116.3064    
  -3156.25000000000        311.9705    
  -3125.00000000000        204.9016    
  -3093.75000000000        264.2730    
  -3062.50000000000        284.4966    
  -3031.25000000000        202.4020    
  -3000.00000000000        135.3858    
  -2968.75000000000        149.5305    
  -2937.50000000000        248.2701    
  -2906.25000000000        51.20882    
  -2875.00000000000        153.0322    
  -2843.75000000000        74.00095    
  -2812.50000000000        180.8194    
  -2781.25000000000        72.38586    
  -2750.00000000000        104.4446    
  -2718.75000000000        83.66112    
  -2687.50000000000        167.1844    
  -2656.25000000000        98.24921    
  -2625.00000000000        41.31381    
  -2593.75000000000        116.0971    
  -2562.50000000000        67.98690    
  -2531.25000000000        58.79164    
  -2500.00000000000        181.4278    
  -2468.75000000000        13.14927    
  -2437.50000000000        113.2917    
  -2406.25000000000        50.47133    
  -2375.00000000000        25.39833    
  -2343.75000000000        170.7451    
  -2312.50000000000        94.73991    
  -2281.25000000000        25.38747    
  -2250.00000000000        75.06566    
  -2218.75000000000        117.4270    
  -2187.50000000000        131.8625    
  -2156.25000000000        127.8576    
  -2125.00000000000        82.95476    
  -2093.75000000000        129.1240    
  -2062.50000000000        78.47995    
  -2031.25000000000        32.64811    
  -2000.00000000000        45.35535    
  -1968.75000000000        89.95274    
  -1937.50000000000        72.44183    
  -1906.25000000000        30.81813    
  -1875.00000000000        108.3872    
  -1843.75000000000        159.9197    
  -1812.50000000000        362.6728    
  -1781.25000000000        402.7070    
  -1750.00000000000        187.4856    
  -1718.75000000000        167.7800    
  -1687.50000000000        182.3907    
  -1656.25000000000        228.2530    
  -1625.00000000000        147.5161    
  -1593.75000000000        94.38659    
  -1562.50000000000        247.8961    
  -1531.25000000000        170.9883    
  -1500.00000000000        39.10842    
  -1468.75000000000        82.18687    
  -1437.50000000000        48.84641    
  -1406.25000000000        107.6661    
  -1375.00000000000        166.0210    
  -1343.75000000000        140.0501    
  -1312.50000000000        106.7636    
  -1281.25000000000        85.29545    
  -1250.00000000000        248.6674    
  -1218.75000000000        70.61285    
  -1187.50000000000        96.39190    
  -1156.25000000000        211.4968    
  -1125.00000000000        21.13525    
  -1093.75000000000        128.9053    
  -1062.50000000000        241.8585    
  -1031.25000000000        59.49191    
  -1000.00000000000        121.8879    
  -968.750000000000        117.8584    
  -937.500000000000        46.04466    
  -906.250000000000        215.2564    
  -875.000000000000        97.86669    
  -843.750000000000        162.6300    
  -812.500000000000        298.3309    
  -781.250000000000        357.5973    
  -750.000000000000        245.4439    
  -718.750000000000        348.2444    
  -687.500000000000        265.7784    
  -656.250000000000        520.0661    
  -625.000000000000        47.87894    
  -593.750000000000        370.4766    
  -562.500000000000        127.7606    
  -531.250000000000        233.1302    
  -500.000000000000        405.9084    
  -468.750000000000        96.47189    
  -437.500000000000        331.4236    
  -406.250000000000        385.4545    
  -375.000000000000        867.0957    
  -343.750000000000        1368.955    
  -312.500000000000        707.0573    
  -281.250000000000        1014.934    
  -250.000000000000        514.3562    
  -218.750000000000        82.71752    
  -187.500000000000        491.1817    
  -156.250000000000        1624.068    
  -125.000000000000        1699.819    
  -93.7500000000000        540.4434    
  -62.5000000000000        1608.132    
  -31.2500000000000        3034.890    
  0.000000000000000E+000   7346.132    
   31.2500000000000        2885.675    
   62.5000000000000        1731.697    
   93.7500000000000        679.2845    
   125.000000000000        1769.176    
   156.250000000000        1832.909    
   187.500000000000        453.1217    
   218.750000000000        13.32494    
   250.000000000000        503.5203    
   281.250000000000        909.3935    
   312.500000000000        645.3209    
   343.750000000000        1295.786    
   375.000000000000        792.1510    
   406.250000000000        358.0152    
   437.500000000000        228.1326    
   468.750000000000        71.34299    
   500.000000000000        391.6199    
   531.250000000000        276.7001    
   562.500000000000        182.7047    
   593.750000000000        398.3166    
   625.000000000000        58.38641    
   656.250000000000        563.2892    
   687.500000000000        319.6082    
   718.750000000000        352.2409    
   750.000000000000        240.1853    
   781.250000000000        374.6068    
   812.500000000000        275.3690    
   843.750000000000        164.8020    
   875.000000000000        99.32018    
   906.250000000000        185.4894    
   937.500000000000        62.73413    
   968.750000000000        139.1044    
   1000.00000000000        135.0599    
   1031.25000000000        80.57587    
   1062.50000000000        164.4176    
   1093.75000000000        104.5584    
   1125.00000000000        57.53092    
   1156.25000000000        184.5967    
   1187.50000000000        53.82640    
   1218.75000000000        46.95751    
   1250.00000000000        333.1824    
   1281.25000000000        86.29196    
   1312.50000000000        136.3031    
   1343.75000000000        154.6384    
   1375.00000000000        199.2284    
   1406.25000000000        128.0883    
   1437.50000000000        43.39753    
   1468.75000000000        82.45027    
   1500.00000000000        19.43688    
   1531.25000000000        119.6795    
   1562.50000000000        243.7968    
   1593.75000000000        71.14751    
   1625.00000000000        136.1783    
   1656.25000000000        183.3989    
   1687.50000000000        187.7346    
   1718.75000000000        118.1533    
   1750.00000000000        201.2883    
   1781.25000000000        350.3714    
   1812.50000000000        284.7987    
   1843.75000000000        115.3715    
   1875.00000000000        102.3183    
   1906.25000000000        40.51111    
   1937.50000000000        66.65213    
   1968.75000000000        88.38286    
   2000.00000000000        27.84350    
   2031.25000000000        35.86983    
   2062.50000000000        110.5435    
   2093.75000000000        95.75590    
   2125.00000000000        89.47697    
   2156.25000000000        127.3630    
   2187.50000000000        123.8812    
   2218.75000000000        99.07619    
   2250.00000000000        66.69814    
   2281.25000000000        23.40548    
   2312.50000000000        105.2298    
   2343.75000000000        170.3729    
   2375.00000000000        32.32711    
   2406.25000000000        48.49769    
   2437.50000000000        123.5687    
   2468.75000000000        24.70824    
   2500.00000000000        194.6089    
   2531.25000000000        8.947149    
   2562.50000000000        82.06106    
   2593.75000000000        125.1091    
   2625.00000000000        33.16569    
   2656.25000000000        61.76553    
   2687.50000000000        190.8173    
   2718.75000000000        77.65504    
   2750.00000000000        103.8008    
   2781.25000000000        37.20436    
   2812.50000000000        219.4946    
   2843.75000000000        80.43013    
   2875.00000000000        168.8580    
   2906.25000000000        37.27071    
   2937.50000000000        251.4783    
   2968.75000000000        137.2070    
   3000.00000000000        173.2048    
   3031.25000000000        205.3723    
   3062.50000000000        281.2185    
   3093.75000000000        244.6452    
   3125.00000000000        159.0368    
   3156.25000000000        272.0797    
   3187.50000000000        152.5800    
   3218.75000000000        339.7664    
   3250.00000000000        263.5451    
   3281.25000000000        296.9557    
   3312.50000000000        266.2052    
   3343.75000000000        181.6610    
   3375.00000000000        169.7633    
   3406.25000000000        552.0184    
   3437.50000000000        196.5942    
   3468.75000000000        354.0630    
   3500.00000000000        365.6978    
   3531.25000000000        117.2222    
   3562.50000000000        324.7632    
   3593.75000000000        257.8824    
   3625.00000000000        195.8036    
   3656.25000000000        449.1744    
   3687.50000000000        351.9579    
   3718.75000000000        386.3096    
   3750.00000000000        287.1784    
   3781.25000000000        528.1131    
   3812.50000000000        329.8817    
   3843.75000000000        497.4550    
   3875.00000000000        395.3033    
   3906.25000000000        288.9497    
   3937.50000000000        565.8053    
   3968.75000000000        486.0903    
