  -4000.00000000000        195.4375    
  -3968.75000000000        360.3273    
  -3937.50000000000        455.6293    
  -3906.25000000000        214.1201    
  -3875.00000000000        324.3047    
  -3843.75000000000        366.0028    
  -3812.50000000000        261.1329    
  -3781.25000000000        388.4237    
  -3750.00000000000        234.2239    
  -3718.75000000000        299.0285    
  -3687.50000000000        274.1267    
  -3656.25000000000        334.9407    
  -3625.00000000000        154.2954    
  -3593.75000000000        209.8106    
  -3562.50000000000        237.6815    
  -3531.25000000000        83.16041    
  -3500.00000000000        268.1922    
  -3468.75000000000        252.6402    
  -3437.50000000000        145.8819    
  -3406.25000000000        416.4946    
  -3375.00000000000        125.9589    
  -3343.75000000000        121.3634    
  -3312.50000000000        230.8759    
  -3281.25000000000        214.2160    
  -3250.00000000000        184.0839    
  -3218.75000000000        225.5304    
  -3187.50000000000        100.4994    
  -3156.25000000000        238.2320    
  -3125.00000000000        139.8136    
  -3093.75000000000        188.8956    
  -3062.50000000000        218.6311    
  -3031.25000000000        173.8241    
  -3000.00000000000        108.1140    
  -2968.75000000000        106.5778    
  -2937.50000000000        194.7722    
  -2906.25000000000        26.20654    
  -2875.00000000000        128.6512    
  -2843.75000000000        59.40345    
  -2812.50000000000        138.1922    
  -2781.25000000000        47.11388    
  -2750.00000000000        68.30429    
  -2718.75000000000        69.89727    
  -2687.50000000000        132.3274    
  -2656.25000000000        52.98936    
  -2625.00000000000        33.60766    
  -2593.75000000000        94.61345    
  -2562.50000000000        61.65379    
  -2531.25000000000        18.08434    
  -2500.00000000000        137.5218    
  -2468.75000000000        12.22088    
  -2437.50000000000        92.39649    
  -2406.25000000000        51.29808    
  -2375.00000000000        22.04686    
  -2343.75000000000        138.7697    
  -2312.50000000000        84.51338    
  -2281.25000000000        39.67371    
  -2250.00000000000        50.36999    
  -2218.75000000000        71.12162    
  -2187.50000000000        102.5100    
  -2156.25000000000        105.2515    
  -2125.00000000000        63.73533    
  -2093.75000000000        82.35998    
  -2062.50000000000        64.32357    
  -2031.25000000000        18.56427    
  -2000.00000000000        42.38966    
  -1968.75000000000        66.35037    
  -1937.50000000000        49.03030    
  -1906.25000000000        31.83089    
  -1875.00000000000        78.61495    
  -1843.75000000000        91.82284    
  -1812.50000000000        242.8481    
  -1781.25000000000        288.6141    
  -1750.00000000000        145.0799    
  -1718.75000000000        101.5544    
  -1687.50000000000        140.6158    
  -1656.25000000000        162.9059    
  -1625.00000000000        100.2820    
  -1593.75000000000        53.15426    
  -1562.50000000000        198.6521    
  -1531.25000000000        115.2892    
  -1500.00000000000        35.26686    
  -1468.75000000000        72.02363    
  -1437.50000000000        43.17817    
  -1406.25000000000        82.04185    
  -1375.00000000000        129.4657    
  -1343.75000000000        105.0707    
  -1312.50000000000        83.35783    
  -1281.25000000000        70.59802    
  -1250.00000000000        221.5566    
  -1218.75000000000        42.35913    
  -1187.50000000000        38.57755    
  -1156.25000000000        141.8785    
  -1125.00000000000        32.47277    
  -1093.75000000000        87.90086    
  -1062.50000000000        161.8968    
  -1031.25000000000        67.64759    
  -1000.00000000000        91.18253    
  -968.750000000000        89.12973    
  -937.500000000000        34.77839    
  -906.250000000000        161.3358    
  -875.000000000000        85.79324    
  -843.750000000000        121.7621    
  -812.500000000000        214.4889    
  -781.250000000000        271.7303    
  -750.000000000000        208.0727    
  -718.750000000000        266.7649    
  -687.500000000000        227.8318    
  -656.250000000000        405.7260    
  -625.000000000000        35.13337    
  -593.750000000000        298.3246    
  -562.500000000000        117.6163    
  -531.250000000000        194.3365    
  -500.000000000000        299.3911    
  -468.750000000000        72.43810    
  -437.500000000000        223.9926    
  -406.250000000000        280.0648    
  -375.000000000000        632.3830    
  -343.750000000000        1034.576    
  -312.500000000000        538.5207    
  -281.250000000000        740.3827    
  -250.000000000000        377.5718    
  -218.750000000000        34.84055    
  -187.500000000000        355.8091    
  -156.250000000000        1339.689    
  -125.000000000000        1317.323    
  -93.7500000000000        472.4433    
  -62.5000000000000        1295.739    
  -31.2500000000000        2278.363    
  0.000000000000000E+000   5825.094    
   31.2500000000000        2271.146    
   62.5000000000000        1297.866    
   93.7500000000000        473.5473    
   125.000000000000        1317.700    
   156.250000000000        1341.560    
   187.500000000000        356.1336    
   218.750000000000        34.05623    
   250.000000000000        377.1823    
   281.250000000000        739.6943    
   312.500000000000        538.4216    
   343.750000000000        1034.145    
   375.000000000000        631.7073    
   406.250000000000        279.7901    
   437.500000000000        223.3841    
   468.750000000000        72.27312    
   500.000000000000        299.3662    
   531.250000000000        194.5705    
   562.500000000000        117.9207    
   593.750000000000        298.2912    
   625.000000000000        35.09806    
   656.250000000000        405.8051    
   687.500000000000        227.7686    
   718.750000000000        267.0345    
   750.000000000000        208.0933    
   781.250000000000        271.6894    
   812.500000000000        214.5606    
   843.750000000000        121.7615    
   875.000000000000        85.68902    
   906.250000000000        161.3539    
   937.500000000000        34.69559    
   968.750000000000        89.15734    
   1000.00000000000        91.38345    
   1031.25000000000        67.63615    
   1062.50000000000        161.7374    
   1093.75000000000        87.96479    
   1125.00000000000        32.68115    
   1156.25000000000        141.8248    
   1187.50000000000        38.49063    
   1218.75000000000        42.33716    
   1250.00000000000        221.7403    
   1281.25000000000        70.43076    
   1312.50000000000        83.33155    
   1343.75000000000        105.0978    
   1375.00000000000        129.5766    
   1406.25000000000        82.12588    
   1437.50000000000        43.07753    
   1468.75000000000        71.95129    
   1500.00000000000        35.27675    
   1531.25000000000        115.1589    
   1562.50000000000        198.5379    
   1593.75000000000        53.20633    
   1625.00000000000        100.2286    
   1656.25000000000        162.6034    
   1687.50000000000        140.5252    
   1718.75000000000        101.3936    
   1750.00000000000        145.0185    
   1781.25000000000        288.3165    
   1812.50000000000        242.4793    
   1843.75000000000        91.68195    
   1875.00000000000        78.63626    
   1906.25000000000        31.83468    
   1937.50000000000        49.05730    
   1968.75000000000        66.35438    
   2000.00000000000        42.30992    
   2031.25000000000        18.57682    
   2062.50000000000        64.34705    
   2093.75000000000        82.30503    
   2125.00000000000        63.63820    
   2156.25000000000        105.2851    
   2187.50000000000        102.4905    
   2218.75000000000        71.18441    
   2250.00000000000        50.41386    
   2281.25000000000        39.74933    
   2312.50000000000        84.41133    
   2343.75000000000        138.9686    
   2375.00000000000        22.13981    
   2406.25000000000        51.22674    
   2437.50000000000        92.41497    
   2468.75000000000        12.15201    
   2500.00000000000        137.5132    
   2531.25000000000        18.05953    
   2562.50000000000        61.70407    
   2593.75000000000        94.58009    
   2625.00000000000        33.75289    
   2656.25000000000        52.96030    
   2687.50000000000        132.4869    
   2718.75000000000        69.87238    
   2750.00000000000        68.27454    
   2781.25000000000        47.09317    
   2812.50000000000        138.2874    
   2843.75000000000        59.44308    
   2875.00000000000        128.7807    
   2906.25000000000        26.20485    
   2937.50000000000        194.7761    
   2968.75000000000        106.4263    
   3000.00000000000        108.3311    
   3031.25000000000        174.0332    
   3062.50000000000        218.5617    
   3093.75000000000        188.8951    
   3125.00000000000        139.6303    
   3156.25000000000        238.1538    
   3187.50000000000        100.5857    
   3218.75000000000        225.8189    
   3250.00000000000        184.2879    
   3281.25000000000        214.4502    
   3312.50000000000        230.6856    
   3343.75000000000        121.4339    
   3375.00000000000        126.0365    
   3406.25000000000        416.5252    
   3437.50000000000        145.8342    
   3468.75000000000        253.0192    
   3500.00000000000        267.8990    
   3531.25000000000        83.16022    
   3562.50000000000        237.9260    
   3593.75000000000        209.3940    
   3625.00000000000        154.0474    
   3656.25000000000        334.8833    
   3687.50000000000        274.0362    
   3718.75000000000        299.1355    
   3750.00000000000        234.0276    
   3781.25000000000        388.7273    
   3812.50000000000        261.0046    
   3843.75000000000        366.2206    
   3875.00000000000        324.0460    
   3906.25000000000        214.0827    
   3937.50000000000        455.3590    
   3968.75000000000        360.5038    
