  -4000.00000000000        215.7323    
  -3968.75000000000        388.5176    
  -3937.50000000000        506.5833    
  -3906.25000000000        241.1690    
  -3875.00000000000        363.6483    
  -3843.75000000000        391.5966    
  -3812.50000000000        292.7563    
  -3781.25000000000        405.7613    
  -3750.00000000000        260.6140    
  -3718.75000000000        328.9257    
  -3687.50000000000        302.4751    
  -3656.25000000000        373.7299    
  -3625.00000000000        174.2063    
  -3593.75000000000        242.7750    
  -3562.50000000000        251.8580    
  -3531.25000000000        90.34148    
  -3500.00000000000        308.1262    
  -3468.75000000000        265.6926    
  -3437.50000000000        166.9918    
  -3406.25000000000        454.8980    
  -3375.00000000000        131.8195    
  -3343.75000000000        132.7125    
  -3312.50000000000        265.1012    
  -3281.25000000000        229.8464    
  -3250.00000000000        199.1596    
  -3218.75000000000        238.8796    
  -3187.50000000000        106.0810    
  -3156.25000000000        263.9241    
  -3125.00000000000        166.7825    
  -3093.75000000000        211.0194    
  -3062.50000000000        239.8764    
  -3031.25000000000        180.8674    
  -3000.00000000000        116.1417    
  -2968.75000000000        120.7326    
  -2937.50000000000        214.9661    
  -2906.25000000000        26.68064    
  -2875.00000000000        137.0130    
  -2843.75000000000        64.49138    
  -2812.50000000000        150.8498    
  -2781.25000000000        55.08073    
  -2750.00000000000        80.29651    
  -2718.75000000000        75.70505    
  -2687.50000000000        142.6367    
  -2656.25000000000        51.94799    
  -2625.00000000000        41.31969    
  -2593.75000000000        93.65853    
  -2562.50000000000        62.83536    
  -2531.25000000000        27.45544    
  -2500.00000000000        150.1970    
  -2468.75000000000        9.761006    
  -2437.50000000000        98.55629    
  -2406.25000000000        56.83546    
  -2375.00000000000        14.94963    
  -2343.75000000000        154.1065    
  -2312.50000000000        94.26034    
  -2281.25000000000        39.17633    
  -2250.00000000000        50.14332    
  -2218.75000000000        78.27621    
  -2187.50000000000        108.7817    
  -2156.25000000000        114.1022    
  -2125.00000000000        68.64035    
  -2093.75000000000        93.09763    
  -2062.50000000000        56.39760    
  -2031.25000000000        17.09513    
  -2000.00000000000        54.51425    
  -1968.75000000000        79.29768    
  -1937.50000000000        53.42216    
  -1906.25000000000        39.54522    
  -1875.00000000000        84.67183    
  -1843.75000000000        101.5216    
  -1812.50000000000        279.9942    
  -1781.25000000000        328.4624    
  -1750.00000000000        163.3736    
  -1718.75000000000        115.8451    
  -1687.50000000000        158.8900    
  -1656.25000000000        185.5339    
  -1625.00000000000        108.5027    
  -1593.75000000000        58.70713    
  -1562.50000000000        212.0577    
  -1531.25000000000        138.2709    
  -1500.00000000000        43.55429    
  -1468.75000000000        79.11717    
  -1437.50000000000        53.22938    
  -1406.25000000000        87.05704    
  -1375.00000000000        133.2414    
  -1343.75000000000        114.1659    
  -1312.50000000000        94.90612    
  -1281.25000000000        86.70471    
  -1250.00000000000        240.7672    
  -1218.75000000000        48.34924    
  -1187.50000000000        44.81344    
  -1156.25000000000        154.4149    
  -1125.00000000000        41.64840    
  -1093.75000000000        101.0973    
  -1062.50000000000        184.6797    
  -1031.25000000000        80.71497    
  -1000.00000000000        102.2252    
  -968.750000000000        97.08069    
  -937.500000000000        39.58661    
  -906.250000000000        185.0638    
  -875.000000000000        93.20588    
  -843.750000000000        149.4279    
  -812.500000000000        237.2963    
  -781.250000000000        306.2073    
  -750.000000000000        231.4591    
  -718.750000000000        291.4654    
  -687.500000000000        257.7620    
  -656.250000000000        452.2575    
  -625.000000000000        51.91432    
  -593.750000000000        330.7596    
  -562.500000000000        122.2164    
  -531.250000000000        213.1231    
  -500.000000000000        339.4485    
  -468.750000000000        83.38417    
  -437.500000000000        276.5628    
  -406.250000000000        308.3697    
  -375.000000000000        716.2202    
  -343.750000000000        1159.135    
  -312.500000000000        608.2889    
  -281.250000000000        836.0848    
  -250.000000000000        435.6542    
  -218.750000000000        53.26063    
  -187.500000000000        365.6074    
  -156.250000000000        1425.696    
  -125.000000000000        1433.346    
  -93.7500000000000        508.8681    
  -62.5000000000000        1405.254    
  -31.2500000000000        2534.612    
  0.000000000000000E+000   6077.484    
   31.2500000000000        2483.098    
   62.5000000000000        1458.261    
   93.7500000000000        543.7114    
   125.000000000000        1488.313    
   156.250000000000        1508.313    
   187.500000000000        390.2574    
   218.750000000000        25.31756    
   250.000000000000        403.9443    
   281.250000000000        798.2062    
   312.500000000000        590.4688    
   343.750000000000        1136.279    
   375.000000000000        678.3360    
   406.250000000000        301.0024    
   437.500000000000        237.6040    
   468.750000000000        70.98270    
   500.000000000000        335.1522    
   531.250000000000        228.0988    
   562.500000000000        141.1878    
   593.750000000000        319.7747    
   625.000000000000        38.97746    
   656.250000000000        438.5484    
   687.500000000000        245.5742    
   718.750000000000        290.9413    
   750.000000000000        239.1204    
   781.250000000000        308.1298    
   812.500000000000        240.8851    
   843.750000000000        147.2414    
   875.000000000000        93.12405    
   906.250000000000        171.2233    
   937.500000000000        43.97268    
   968.750000000000        97.79083    
   1000.00000000000        96.12254    
   1031.25000000000        75.22125    
   1062.50000000000        182.0044    
   1093.75000000000        103.3817    
   1125.00000000000        39.71056    
   1156.25000000000        156.0474    
   1187.50000000000        41.95858    
   1218.75000000000        43.69788    
   1250.00000000000        256.1132    
   1281.25000000000        73.26586    
   1312.50000000000        91.08337    
   1343.75000000000        118.5793    
   1375.00000000000        142.2610    
   1406.25000000000        93.66074    
   1437.50000000000        33.18292    
   1468.75000000000        70.46689    
   1500.00000000000        34.94379    
   1531.25000000000        112.7308    
   1562.50000000000        218.2289    
   1593.75000000000        55.01990    
   1625.00000000000        107.7535    
   1656.25000000000        175.8173    
   1687.50000000000        143.5660    
   1718.75000000000        110.3512    
   1750.00000000000        154.3888    
   1781.25000000000        306.2128    
   1812.50000000000        256.9536    
   1843.75000000000        96.54362    
   1875.00000000000        90.71944    
   1906.25000000000        34.48461    
   1937.50000000000        52.65893    
   1968.75000000000        69.38791    
   2000.00000000000        48.64945    
   2031.25000000000        10.51747    
   2062.50000000000        67.41089    
   2093.75000000000        95.33375    
   2125.00000000000        71.10748    
   2156.25000000000        118.6225    
   2187.50000000000        115.6589    
   2218.75000000000        79.81905    
   2250.00000000000        52.54546    
   2281.25000000000        36.28465    
   2312.50000000000        92.63595    
   2343.75000000000        161.9400    
   2375.00000000000        32.18255    
   2406.25000000000        56.41164    
   2437.50000000000        100.4825    
   2468.75000000000        17.35465    
   2500.00000000000        145.3719    
   2531.25000000000        17.35815    
   2562.50000000000        74.38238    
   2593.75000000000        96.92099    
   2625.00000000000        43.69139    
   2656.25000000000        56.97892    
   2687.50000000000        156.6379    
   2718.75000000000        78.66852    
   2750.00000000000        76.33421    
   2781.25000000000        41.47291    
   2812.50000000000        154.8851    
   2843.75000000000        74.65431    
   2875.00000000000        148.0178    
   2906.25000000000        25.11203    
   2937.50000000000        215.4881    
   2968.75000000000        119.1051    
   3000.00000000000        126.3727    
   3031.25000000000        196.4280    
   3062.50000000000        245.3976    
   3093.75000000000        204.3349    
   3125.00000000000        142.0420    
   3156.25000000000        260.5497    
   3187.50000000000        109.3930    
   3218.75000000000        258.3098    
   3250.00000000000        212.0906    
   3281.25000000000        243.4001    
   3312.50000000000        244.0125    
   3343.75000000000        128.9725    
   3375.00000000000        149.3787    
   3406.25000000000        459.9050    
   3437.50000000000        157.4448    
   3468.75000000000        291.7000    
   3500.00000000000        290.5203    
   3531.25000000000        93.43512    
   3562.50000000000        270.7022    
   3593.75000000000        214.8289    
   3625.00000000000        164.9427    
   3656.25000000000        374.8454    
   3687.50000000000        292.0741    
   3718.75000000000        323.9534    
   3750.00000000000        250.5380    
   3781.25000000000        445.6808    
   3812.50000000000        279.7431    
   3843.75000000000        411.0982    
   3875.00000000000        346.4796    
   3906.25000000000        238.7019    
   3937.50000000000        488.7876    
   3968.75000000000        404.9819    
