  -2000.00000000000        22.07693    
  -1984.37500000000        32.26022    
  -1968.75000000000        34.90458    
  -1953.12500000000        60.99677    
  -1937.50000000000        50.32215    
  -1921.87500000000        26.00093    
  -1906.25000000000        39.80881    
  -1890.62500000000        54.57796    
  -1875.00000000000        21.73035    
  -1859.37500000000        12.94480    
  -1843.75000000000        15.87361    
  -1828.12500000000        13.64908    
  -1812.50000000000        11.73607    
  -1796.87500000000        22.27858    
  -1781.25000000000        33.94430    
  -1765.62500000000        6.610435    
  -1750.00000000000        37.18330    
  -1734.37500000000        13.91794    
  -1718.75000000000        25.13877    
  -1703.12500000000        37.45046    
  -1687.50000000000        37.95195    
  -1671.87500000000        59.66177    
  -1656.25000000000        9.876584    
  -1640.62500000000        23.74284    
  -1625.00000000000        25.45515    
  -1609.37500000000        38.91872    
  -1593.75000000000        13.75959    
  -1578.12500000000        22.47204    
  -1562.50000000000        75.63176    
  -1546.87500000000        69.92622    
  -1531.25000000000        36.82669    
  -1515.62500000000        36.97699    
  -1500.00000000000        60.31731    
  -1484.37500000000        70.85303    
  -1468.75000000000        21.67698    
  -1453.12500000000        25.93688    
  -1437.50000000000        39.66833    
  -1421.87500000000        22.44903    
  -1406.25000000000        18.43583    
  -1390.62500000000        15.27153    
  -1375.00000000000        22.70283    
  -1359.37500000000        146.3458    
  -1343.75000000000        24.17851    
  -1328.12500000000        24.21082    
  -1312.50000000000        17.35897    
  -1296.87500000000        76.66732    
  -1281.25000000000        52.49056    
  -1265.62500000000        39.83317    
  -1250.00000000000        85.19066    
  -1234.37500000000        72.90234    
  -1218.75000000000        15.44749    
  -1203.12500000000        48.77494    
  -1187.50000000000        57.61277    
  -1171.87500000000        147.4246    
  -1156.25000000000        145.2555    
  -1140.62500000000        43.19163    
  -1125.00000000000        5.294975    
  -1109.37500000000        36.62542    
  -1093.75000000000        61.29884    
  -1078.12500000000        35.26080    
  -1062.50000000000        27.67199    
  -1046.87500000000        35.05941    
  -1031.25000000000        24.89148    
  -1015.62500000000        40.76155    
  -1000.00000000000        15.92403    
  -984.375000000000        32.21999    
  -968.750000000000        287.4441    
  -953.125000000000        34.42950    
  -937.500000000000        34.97910    
  -921.875000000000        84.18153    
  -906.250000000000        56.74050    
  -890.625000000000        24.25070    
  -875.000000000000        18.12886    
  -859.375000000000        26.76435    
  -843.750000000000        51.98770    
  -828.125000000000        40.54027    
  -812.500000000000        30.13297    
  -796.875000000000        37.61229    
  -781.250000000000        118.7168    
  -765.625000000000        71.85788    
  -750.000000000000        30.31831    
  -734.375000000000        43.41106    
  -718.750000000000        82.74643    
  -703.125000000000        95.68259    
  -687.500000000000        46.71741    
  -671.875000000000        56.78932    
  -656.250000000000        103.7141    
  -640.625000000000        56.48327    
  -625.000000000000        108.4610    
  -609.375000000000        183.9897    
  -593.750000000000        378.3945    
  -578.125000000000        1150.114    
  -562.500000000000        202.5993    
  -546.875000000000        53.84609    
  -531.250000000000        92.48849    
  -515.625000000000        75.70484    
  -500.000000000000        66.48255    
  -484.375000000000        31.03442    
  -468.750000000000        39.32602    
  -453.125000000000        53.76211    
  -437.500000000000        64.23819    
  -421.875000000000        40.53295    
  -406.250000000000        90.61691    
  -390.625000000000        494.9154    
  -375.000000000000        60.95155    
  -359.375000000000        79.00451    
  -343.750000000000        53.70333    
  -328.125000000000        64.82893    
  -312.500000000000        20.48921    
  -296.875000000000        84.14036    
  -281.250000000000        55.82738    
  -265.625000000000        92.39526    
  -250.000000000000        130.1580    
  -234.375000000000        123.4769    
  -218.750000000000        220.6956    
  -203.125000000000        816.4326    
  -187.500000000000        980.2538    
  -171.875000000000        280.0081    
  -156.250000000000        165.2266    
  -140.625000000000        113.6107    
  -125.000000000000        108.6759    
  -109.375000000000        82.40117    
  -93.7500000000000        64.24245    
  -78.1250000000000        94.10329    
  -62.5000000000000        64.98457    
  -46.8750000000000        45.30420    
  -31.2500000000000        13.56438    
  -15.6250000000000        117.9791    
  0.000000000000000E+000   26857.71    
   15.6250000000000        189.9880    
   31.2500000000000        81.60103    
   46.8750000000000        88.89520    
   62.5000000000000        19.50299    
   78.1250000000000        88.45460    
   93.7500000000000        57.51556    
   109.375000000000        49.84998    
   125.000000000000        88.15459    
   140.625000000000        65.57291    
   156.250000000000        59.75403    
   171.875000000000        139.1600    
   187.500000000000        347.1051    
   203.125000000000        117.6501    
   218.750000000000        118.0628    
   234.375000000000        71.79176    
   250.000000000000        143.0031    
   265.625000000000        36.33671    
   281.250000000000        39.86285    
   296.875000000000        21.65199    
   312.500000000000        53.96891    
   328.125000000000        31.52504    
   343.750000000000        37.13762    
   359.375000000000        116.9190    
   375.000000000000        269.5907    
   390.625000000000        659.7798    
   406.250000000000        152.0870    
   421.875000000000        67.99737    
   437.500000000000        99.71377    
   453.125000000000        41.58340    
   468.750000000000        18.05545    
   484.375000000000        17.81438    
   500.000000000000        71.36828    
   515.625000000000        99.04199    
   531.250000000000        86.94934    
   546.875000000000        95.03861    
   562.500000000000        192.8646    
   578.125000000000        1182.190    
   593.750000000000        443.6925    
   609.375000000000        200.2413    
   625.000000000000        121.7767    
   640.625000000000        98.43406    
   656.250000000000        98.53973    
   671.875000000000        77.71651    
   687.500000000000        82.94682    
   703.125000000000        122.4310    
   718.750000000000        54.92691    
   734.375000000000        75.87358    
   750.000000000000        108.6418    
   765.625000000000        284.3839    
   781.250000000000        345.4165    
   796.875000000000        120.6948    
   812.500000000000        62.55647    
   828.125000000000        54.61829    
   843.750000000000        36.42599    
   859.375000000000        26.13830    
   875.000000000000        37.72211    
   890.625000000000        50.11155    
   906.250000000000        32.28609    
   921.875000000000        87.34973    
   937.500000000000        36.97635    
   953.125000000000        28.47828    
   968.750000000000        83.89703    
   984.375000000000        26.25165    
   1000.00000000000        12.01130    
   1015.62500000000        27.90319    
   1031.25000000000        42.36649    
   1046.87500000000        18.84278    
   1062.50000000000        21.27949    
   1078.12500000000        12.71769    
   1093.75000000000        41.66509    
   1109.37500000000        32.39115    
   1125.00000000000        14.42682    
   1140.62500000000        24.11872    
   1156.25000000000        36.62133    
   1171.87500000000        94.79183    
   1187.50000000000        26.71648    
   1203.12500000000        35.22237    
   1218.75000000000        20.86263    
   1234.37500000000        13.37094    
   1250.00000000000        49.85063    
   1265.62500000000        29.44239    
   1281.25000000000        88.22342    
   1296.87500000000        99.56192    
   1312.50000000000        35.24636    
   1328.12500000000        33.56152    
   1343.75000000000        65.59996    
   1359.37500000000        104.8930    
   1375.00000000000        12.58763    
   1390.62500000000        44.65150    
   1406.25000000000        41.49144    
   1421.87500000000        46.35402    
   1437.50000000000        17.62649    
   1453.12500000000        16.06626    
   1468.75000000000        13.34171    
   1484.37500000000        80.93417    
   1500.00000000000        43.71955    
   1515.62500000000        13.63563    
   1531.25000000000        24.00131    
   1546.87500000000        27.05254    
   1562.50000000000        47.06989    
   1578.12500000000        52.78257    
   1593.75000000000        29.84594    
   1609.37500000000        32.32258    
   1625.00000000000        19.36575    
   1640.62500000000        20.36120    
   1656.25000000000        15.73011    
   1671.87500000000        53.87958    
   1687.50000000000        10.82316    
   1703.12500000000        16.88939    
   1718.75000000000        20.19714    
   1734.37500000000        10.78476    
   1750.00000000000        7.106253    
   1765.62500000000        34.70605    
   1781.25000000000        17.67754    
   1796.87500000000        28.23191    
   1812.50000000000        40.24381    
   1828.12500000000        22.11365    
   1843.75000000000        21.32457    
   1859.37500000000        4.522488    
   1875.00000000000        36.48976    
   1890.62500000000        41.97706    
   1906.25000000000        21.56598    
   1921.87500000000        37.99459    
   1937.50000000000        21.11883    
   1953.12500000000        28.39684    
   1968.75000000000        5.671067    
   1984.37500000000        30.00010    
