  -4000.00000000000        216.4969    
  -3968.75000000000        386.2142    
  -3937.50000000000        505.3669    
  -3906.25000000000        238.4946    
  -3875.00000000000        361.7718    
  -3843.75000000000        389.7173    
  -3812.50000000000        291.3479    
  -3781.25000000000        411.7476    
  -3750.00000000000        264.7333    
  -3718.75000000000        324.3504    
  -3687.50000000000        307.0125    
  -3656.25000000000        366.7430    
  -3625.00000000000        181.4172    
  -3593.75000000000        233.3015    
  -3562.50000000000        253.7469    
  -3531.25000000000        97.00700    
  -3500.00000000000        297.3762    
  -3468.75000000000        264.8065    
  -3437.50000000000        153.7051    
  -3406.25000000000        453.5606    
  -3375.00000000000        136.6519    
  -3343.75000000000        138.5083    
  -3312.50000000000        261.8793    
  -3281.25000000000        226.0926    
  -3250.00000000000        191.4008    
  -3218.75000000000        243.0267    
  -3187.50000000000        114.8707    
  -3156.25000000000        272.9582    
  -3125.00000000000        154.1271    
  -3093.75000000000        210.0569    
  -3062.50000000000        242.5076    
  -3031.25000000000        175.2995    
  -3000.00000000000        112.8833    
  -2968.75000000000        116.3102    
  -2937.50000000000        211.1409    
  -2906.25000000000        28.85085    
  -2875.00000000000        138.0068    
  -2843.75000000000        64.84351    
  -2812.50000000000        146.1931    
  -2781.25000000000        52.90326    
  -2750.00000000000        70.38641    
  -2718.75000000000        90.08647    
  -2687.50000000000        140.9719    
  -2656.25000000000        54.65237    
  -2625.00000000000        37.25769    
  -2593.75000000000        109.1219    
  -2562.50000000000        66.14265    
  -2531.25000000000        26.69631    
  -2500.00000000000        149.1988    
  -2468.75000000000        17.18796    
  -2437.50000000000        94.27160    
  -2406.25000000000        50.54729    
  -2375.00000000000        19.58582    
  -2343.75000000000        139.4624    
  -2312.50000000000        89.02473    
  -2281.25000000000        37.82050    
  -2250.00000000000        62.38238    
  -2218.75000000000        78.74574    
  -2187.50000000000        118.0340    
  -2156.25000000000        103.5372    
  -2125.00000000000        72.50407    
  -2093.75000000000        87.62508    
  -2062.50000000000        69.37154    
  -2031.25000000000        19.20366    
  -2000.00000000000        59.02745    
  -1968.75000000000        69.68866    
  -1937.50000000000        49.86464    
  -1906.25000000000        33.15509    
  -1875.00000000000        82.39874    
  -1843.75000000000        102.5533    
  -1812.50000000000        273.0992    
  -1781.25000000000        325.2549    
  -1750.00000000000        169.6693    
  -1718.75000000000        119.6464    
  -1687.50000000000        145.8690    
  -1656.25000000000        184.6785    
  -1625.00000000000        97.56635    
  -1593.75000000000        58.28156    
  -1562.50000000000        216.4046    
  -1531.25000000000        124.1608    
  -1500.00000000000        41.10336    
  -1468.75000000000        86.95944    
  -1437.50000000000        47.37051    
  -1406.25000000000        84.53705    
  -1375.00000000000        139.2109    
  -1343.75000000000        128.1558    
  -1312.50000000000        97.44527    
  -1281.25000000000        85.21173    
  -1250.00000000000        236.1615    
  -1218.75000000000        52.44028    
  -1187.50000000000        43.44027    
  -1156.25000000000        146.5120    
  -1125.00000000000        30.79169    
  -1093.75000000000        98.62875    
  -1062.50000000000        175.2087    
  -1031.25000000000        77.01984    
  -1000.00000000000        87.62140    
  -968.750000000000        99.47215    
  -937.500000000000        37.17466    
  -906.250000000000        178.2057    
  -875.000000000000        93.95819    
  -843.750000000000        139.3965    
  -812.500000000000        221.1857    
  -781.250000000000        303.8216    
  -750.000000000000        232.7561    
  -718.750000000000        279.2251    
  -687.500000000000        256.2427    
  -656.250000000000        432.4864    
  -625.000000000000        34.21930    
  -593.750000000000        293.0289    
  -562.500000000000        116.7795    
  -531.250000000000        198.4380    
  -500.000000000000        321.1991    
  -468.750000000000        80.43903    
  -437.500000000000        254.6263    
  -406.250000000000        312.9691    
  -375.000000000000        698.1327    
  -343.750000000000        1136.192    
  -312.500000000000        580.7585    
  -281.250000000000        824.0107    
  -250.000000000000        421.0531    
  -218.750000000000        55.20811    
  -187.500000000000        410.7652    
  -156.250000000000        1438.588    
  -125.000000000000        1421.935    
  -93.7500000000000        503.6483    
  -62.5000000000000        1377.234    
  -31.2500000000000        2499.552    
  0.000000000000000E+000   6571.941    
   31.2500000000000        2449.830    
   62.5000000000000        1443.716    
   93.7500000000000        537.1464    
   125.000000000000        1460.658    
   156.250000000000        1495.969    
   187.500000000000        393.9308    
   218.750000000000        20.14159    
   250.000000000000        401.7299    
   281.250000000000        789.0784    
   312.500000000000        584.3431    
   343.750000000000        1103.771    
   375.000000000000        656.2153    
   406.250000000000        295.1124    
   437.500000000000        216.2914    
   468.750000000000        81.74965    
   500.000000000000        332.3596    
   531.250000000000        228.5260    
   562.500000000000        148.1770    
   593.750000000000        325.2763    
   625.000000000000        62.82036    
   656.250000000000        434.2109    
   687.500000000000        238.7354    
   718.750000000000        305.8784    
   750.000000000000        224.6080    
   781.250000000000        298.5669    
   812.500000000000        246.1077    
   843.750000000000        140.8312    
   875.000000000000        94.87762    
   906.250000000000        172.3623    
   937.500000000000        42.05245    
   968.750000000000        90.02531    
   1000.00000000000        102.5665    
   1031.25000000000        82.74126    
   1062.50000000000        160.1169    
   1093.75000000000        102.1850    
   1125.00000000000        37.88756    
   1156.25000000000        148.3001    
   1187.50000000000        42.07278    
   1218.75000000000        46.88429    
   1250.00000000000        257.1994    
   1281.25000000000        76.66762    
   1312.50000000000        88.75291    
   1343.75000000000        118.0563    
   1375.00000000000        152.5143    
   1406.25000000000        91.37173    
   1437.50000000000        53.02752    
   1468.75000000000        86.55360    
   1500.00000000000        43.66896    
   1531.25000000000        124.4286    
   1562.50000000000        215.8002    
   1593.75000000000        64.36282    
   1625.00000000000        106.2233    
   1656.25000000000        170.3402    
   1687.50000000000        144.6985    
   1718.75000000000        111.7994    
   1750.00000000000        160.5690    
   1781.25000000000        310.4319    
   1812.50000000000        253.1618    
   1843.75000000000        99.64329    
   1875.00000000000        92.39740    
   1906.25000000000        32.38977    
   1937.50000000000        57.45052    
   1968.75000000000        65.46319    
   2000.00000000000        38.73048    
   2031.25000000000        12.85624    
   2062.50000000000        68.44888    
   2093.75000000000        79.24400    
   2125.00000000000        67.03531    
   2156.25000000000        120.6985    
   2187.50000000000        116.0850    
   2218.75000000000        71.34996    
   2250.00000000000        53.06426    
   2281.25000000000        46.44297    
   2312.50000000000        95.04011    
   2343.75000000000        154.3605    
   2375.00000000000        22.61187    
   2406.25000000000        56.47556    
   2437.50000000000        99.45535    
   2468.75000000000        10.34488    
   2500.00000000000        150.8814    
   2531.25000000000        13.07281    
   2562.50000000000        67.40225    
   2593.75000000000        101.8541    
   2625.00000000000        35.70346    
   2656.25000000000        55.23137    
   2687.50000000000        148.9960    
   2718.75000000000        82.64235    
   2750.00000000000        78.03581    
   2781.25000000000        50.74883    
   2812.50000000000        157.6362    
   2843.75000000000        63.14272    
   2875.00000000000        143.7210    
   2906.25000000000        28.86724    
   2937.50000000000        212.7815    
   2968.75000000000        108.6206    
   3000.00000000000        120.3957    
   3031.25000000000        193.5250    
   3062.50000000000        235.6979    
   3093.75000000000        203.5797    
   3125.00000000000        149.1361    
   3156.25000000000        256.1125    
   3187.50000000000        114.1527    
   3218.75000000000        250.8492    
   3250.00000000000        205.5680    
   3281.25000000000        246.2734    
   3312.50000000000        246.2530    
   3343.75000000000        139.3631    
   3375.00000000000        139.0843    
   3406.25000000000        454.3891    
   3437.50000000000        156.0577    
   3468.75000000000        285.8885    
   3500.00000000000        286.1833    
   3531.25000000000        83.00976    
   3562.50000000000        270.8648    
   3593.75000000000        225.0943    
   3625.00000000000        160.3253    
   3656.25000000000        366.9648    
   3687.50000000000        299.9608    
   3718.75000000000        323.5632    
   3750.00000000000        251.6488    
   3781.25000000000        433.8928    
   3812.50000000000        280.6406    
   3843.75000000000        410.1799    
   3875.00000000000        347.1977    
   3906.25000000000        234.0224    
   3937.50000000000        488.6387    
   3968.75000000000        396.6436    
