  -4000.00000000000        195.2902    
  -3968.75000000000        360.4508    
  -3937.50000000000        455.9433    
  -3906.25000000000        213.9475    
  -3875.00000000000        324.3002    
  -3843.75000000000        366.3626    
  -3812.50000000000        261.2724    
  -3781.25000000000        388.4293    
  -3750.00000000000        234.4094    
  -3718.75000000000        299.2368    
  -3687.50000000000        274.1522    
  -3656.25000000000        335.1057    
  -3625.00000000000        154.1293    
  -3593.75000000000        210.0009    
  -3562.50000000000        237.5592    
  -3531.25000000000        83.24393    
  -3500.00000000000        268.2548    
  -3468.75000000000        252.5719    
  -3437.50000000000        146.0915    
  -3406.25000000000        416.5257    
  -3375.00000000000        125.9254    
  -3343.75000000000        121.3759    
  -3312.50000000000        230.9678    
  -3281.25000000000        214.1732    
  -3250.00000000000        184.0315    
  -3218.75000000000        225.5128    
  -3187.50000000000        100.5201    
  -3156.25000000000        238.0791    
  -3125.00000000000        139.8187    
  -3093.75000000000        188.9720    
  -3062.50000000000        218.5291    
  -3031.25000000000        173.6998    
  -3000.00000000000        108.2835    
  -2968.75000000000        106.3961    
  -2937.50000000000        194.7866    
  -2906.25000000000        26.01074    
  -2875.00000000000        128.4172    
  -2843.75000000000        59.47190    
  -2812.50000000000        138.1292    
  -2781.25000000000        47.10556    
  -2750.00000000000        68.22215    
  -2718.75000000000        69.84992    
  -2687.50000000000        132.2802    
  -2656.25000000000        53.00721    
  -2625.00000000000        33.54502    
  -2593.75000000000        94.81181    
  -2562.50000000000        61.67646    
  -2531.25000000000        18.27262    
  -2500.00000000000        137.4353    
  -2468.75000000000        12.20810    
  -2437.50000000000        92.39008    
  -2406.25000000000        51.43092    
  -2375.00000000000        22.25640    
  -2343.75000000000        138.8664    
  -2312.50000000000        84.34779    
  -2281.25000000000        39.81498    
  -2250.00000000000        50.53634    
  -2218.75000000000        71.13841    
  -2187.50000000000        102.6888    
  -2156.25000000000        105.2139    
  -2125.00000000000        63.79761    
  -2093.75000000000        82.29560    
  -2062.50000000000        64.18166    
  -2031.25000000000        18.52337    
  -2000.00000000000        42.32716    
  -1968.75000000000        66.47459    
  -1937.50000000000        49.16742    
  -1906.25000000000        31.86125    
  -1875.00000000000        78.44534    
  -1843.75000000000        91.64697    
  -1812.50000000000        242.9772    
  -1781.25000000000        288.6701    
  -1750.00000000000        145.4172    
  -1718.75000000000        101.8596    
  -1687.50000000000        140.6109    
  -1656.25000000000        162.7710    
  -1625.00000000000        100.3687    
  -1593.75000000000        53.32974    
  -1562.50000000000        198.6282    
  -1531.25000000000        115.5108    
  -1500.00000000000        35.36102    
  -1468.75000000000        71.95933    
  -1437.50000000000        43.10371    
  -1406.25000000000        81.70591    
  -1375.00000000000        129.3218    
  -1343.75000000000        105.5243    
  -1312.50000000000        83.38737    
  -1281.25000000000        70.91300    
  -1250.00000000000        221.4811    
  -1218.75000000000        42.10577    
  -1187.50000000000        38.26206    
  -1156.25000000000        142.2018    
  -1125.00000000000        32.62553    
  -1093.75000000000        87.32385    
  -1062.50000000000        161.8332    
  -1031.25000000000        67.67053    
  -1000.00000000000        90.82234    
  -968.750000000000        89.32445    
  -937.500000000000        34.72877    
  -906.250000000000        161.7042    
  -875.000000000000        85.32676    
  -843.750000000000        121.7077    
  -812.500000000000        214.5043    
  -781.250000000000        272.2289    
  -750.000000000000        208.4281    
  -718.750000000000        265.8928    
  -687.500000000000        228.0520    
  -656.250000000000        405.4855    
  -625.000000000000        35.55153    
  -593.750000000000        298.0708    
  -562.500000000000        116.9400    
  -531.250000000000        193.2064    
  -500.000000000000        299.6938    
  -468.750000000000        72.41701    
  -437.500000000000        223.4121    
  -406.250000000000        279.4747    
  -375.000000000000        633.4072    
  -343.750000000000        1035.314    
  -312.500000000000        539.0607    
  -281.250000000000        739.0061    
  -250.000000000000        382.5215    
  -218.750000000000        31.87982    
  -187.500000000000        367.4152    
  -156.250000000000        1362.717    
  -125.000000000000        1324.085    
  -93.7500000000000        484.1813    
  -62.5000000000000        1311.878    
  -31.2500000000000        2273.500    
  0.000000000000000E+000   5851.887    
   31.2500000000000        2287.713    
   62.5000000000000        1302.097    
   93.7500000000000        463.0045    
   125.000000000000        1335.464    
   156.250000000000        1350.825    
   187.500000000000        366.6784    
   218.750000000000        20.69823    
   250.000000000000        389.3279    
   281.250000000000        740.3703    
   312.500000000000        543.7220    
   343.750000000000        1033.412    
   375.000000000000        631.9982    
   406.250000000000        281.1196    
   437.500000000000        222.5009    
   468.750000000000        71.51514    
   500.000000000000        298.8992    
   531.250000000000        193.9285    
   562.500000000000        116.8987    
   593.750000000000        297.4896    
   625.000000000000        35.87530    
   656.250000000000        405.2507    
   687.500000000000        227.1159    
   718.750000000000        266.6514    
   750.000000000000        208.7820    
   781.250000000000        271.7805    
   812.500000000000        214.8608    
   843.750000000000        121.4626    
   875.000000000000        85.55128    
   906.250000000000        161.5159    
   937.500000000000        34.92311    
   968.750000000000        89.20526    
   1000.00000000000        91.48659    
   1031.25000000000        67.43137    
   1062.50000000000        162.0129    
   1093.75000000000        87.90489    
   1125.00000000000        33.30362    
   1156.25000000000        141.8211    
   1187.50000000000        38.02774    
   1218.75000000000        42.08888    
   1250.00000000000        222.1434    
   1281.25000000000        70.40857    
   1312.50000000000        83.08488    
   1343.75000000000        105.0462    
   1375.00000000000        129.4420    
   1406.25000000000        82.06731    
   1437.50000000000        43.43159    
   1468.75000000000        71.96091    
   1500.00000000000        34.86239    
   1531.25000000000        114.9851    
   1562.50000000000        198.7987    
   1593.75000000000        53.38757    
   1625.00000000000        100.5886    
   1656.25000000000        162.6798    
   1687.50000000000        140.4870    
   1718.75000000000        101.4896    
   1750.00000000000        144.9705    
   1781.25000000000        288.1904    
   1812.50000000000        241.9913    
   1843.75000000000        91.43744    
   1875.00000000000        78.48241    
   1906.25000000000        32.04294    
   1937.50000000000        49.00661    
   1968.75000000000        66.21701    
   2000.00000000000        42.39184    
   2031.25000000000        18.71111    
   2062.50000000000        64.44865    
   2093.75000000000        82.11468    
   2125.00000000000        63.56822    
   2156.25000000000        105.0514    
   2187.50000000000        102.8608    
   2218.75000000000        71.51441    
   2250.00000000000        50.62416    
   2281.25000000000        39.77664    
   2312.50000000000        84.20393    
   2343.75000000000        138.9482    
   2375.00000000000        22.45307    
   2406.25000000000        51.25182    
   2437.50000000000        92.36086    
   2468.75000000000        11.98935    
   2500.00000000000        137.4268    
   2531.25000000000        17.83493    
   2562.50000000000        61.96869    
   2593.75000000000        94.28564    
   2625.00000000000        33.93603    
   2656.25000000000        52.95208    
   2687.50000000000        132.3736    
   2718.75000000000        70.03893    
   2750.00000000000        68.07821    
   2781.25000000000        46.78406    
   2812.50000000000        138.2478    
   2843.75000000000        59.55511    
   2875.00000000000        128.8710    
   2906.25000000000        26.18039    
   2937.50000000000        194.5993    
   2968.75000000000        106.2460    
   3000.00000000000        108.3466    
   3031.25000000000        174.1735    
   3062.50000000000        218.6756    
   3093.75000000000        188.8547    
   3125.00000000000        139.2901    
   3156.25000000000        237.9862    
   3187.50000000000        100.7377    
   3218.75000000000        226.0395    
   3250.00000000000        184.3096    
   3281.25000000000        214.6822    
   3312.50000000000        230.6382    
   3343.75000000000        121.2679    
   3375.00000000000        126.1271    
   3406.25000000000        416.7248    
   3437.50000000000        146.0193    
   3468.75000000000        253.0918    
   3500.00000000000        267.5501    
   3531.25000000000        82.89243    
   3562.50000000000        237.9194    
   3593.75000000000        209.1529    
   3625.00000000000        153.9669    
   3656.25000000000        334.8636    
   3687.50000000000        274.2331    
   3718.75000000000        299.1639    
   3750.00000000000        233.9270    
   3781.25000000000        388.8301    
   3812.50000000000        260.9664    
   3843.75000000000        366.4862    
   3875.00000000000        323.8194    
   3906.25000000000        213.9914    
   3937.50000000000        455.5681    
   3968.75000000000        360.6289    
