  -2000.00000000000        7.925226    
  -1984.37500000000        5.237169    
  -1968.75000000000        10.35099    
  -1953.12500000000        10.97823    
  -1937.50000000000        10.89798    
  -1921.87500000000        11.91165    
  -1906.25000000000        2.197304    
  -1890.62500000000        6.958035    
  -1875.00000000000        4.256432    
  -1859.37500000000        5.563229    
  -1843.75000000000        5.869025    
  -1828.12500000000        13.81246    
  -1812.50000000000        1.095439    
  -1796.87500000000        4.390266    
  -1781.25000000000        10.02499    
  -1765.62500000000        4.411549    
  -1750.00000000000        22.10922    
  -1734.37500000000        7.309531    
  -1718.75000000000        8.389335    
  -1703.12500000000        1.012132    
  -1687.50000000000        4.270638    
  -1671.87500000000       0.9140456    
  -1656.25000000000        5.236473    
  -1640.62500000000        8.405780    
  -1625.00000000000        1.867796    
  -1609.37500000000        6.525930    
  -1593.75000000000        5.654725    
  -1578.12500000000        11.33871    
  -1562.50000000000        6.398304    
  -1546.87500000000        29.48480    
  -1531.25000000000        10.68134    
  -1515.62500000000        9.973057    
  -1500.00000000000        23.22282    
  -1484.37500000000        9.485652    
  -1468.75000000000        1.080024    
  -1453.12500000000        4.618113    
  -1437.50000000000        4.802006    
  -1421.87500000000        7.309075    
  -1406.25000000000        7.195845    
  -1390.62500000000        3.376043    
  -1375.00000000000        4.394051    
  -1359.37500000000        29.11282    
  -1343.75000000000        12.33833    
  -1328.12500000000        8.109475    
  -1312.50000000000        6.718982    
  -1296.87500000000        13.38036    
  -1281.25000000000        1.661836    
  -1265.62500000000        7.003351    
  -1250.00000000000        25.06362    
  -1234.37500000000        15.21764    
  -1218.75000000000        9.389281    
  -1203.12500000000        21.93572    
  -1187.50000000000        25.15468    
  -1171.87500000000        70.40676    
  -1156.25000000000        69.42471    
  -1140.62500000000        18.63038    
  -1125.00000000000        7.556827    
  -1109.37500000000        12.54599    
  -1093.75000000000        6.854993    
  -1078.12500000000        5.931212    
  -1062.50000000000        4.177398    
  -1046.87500000000        10.00342    
  -1031.25000000000        7.651052    
  -1015.62500000000        6.141588    
  -1000.00000000000        1.531878    
  -984.375000000000        7.944611    
  -968.750000000000        70.47488    
  -953.125000000000        16.51283    
  -937.500000000000        11.34621    
  -921.875000000000        29.38657    
  -906.250000000000        21.15074    
  -890.625000000000        8.683333    
  -875.000000000000        5.948276    
  -859.375000000000        6.969662    
  -843.750000000000        6.192869    
  -828.125000000000        16.19387    
  -812.500000000000        12.81789    
  -796.875000000000        22.94142    
  -781.250000000000        85.32767    
  -765.625000000000        77.91431    
  -750.000000000000        25.46136    
  -734.375000000000        21.38510    
  -718.750000000000        26.50178    
  -703.125000000000        28.72441    
  -687.500000000000        22.17532    
  -671.875000000000        25.21191    
  -656.250000000000        33.93286    
  -640.625000000000        32.41137    
  -625.000000000000        48.61062    
  -609.375000000000        73.60664    
  -593.750000000000        153.0562    
  -578.125000000000        438.8534    
  -562.500000000000        72.14700    
  -546.875000000000        23.57872    
  -531.250000000000        35.50970    
  -515.625000000000        22.87622    
  -500.000000000000        16.03233    
  -484.375000000000        7.269289    
  -468.750000000000        10.97496    
  -453.125000000000        11.39776    
  -437.500000000000        20.38742    
  -421.875000000000        17.30704    
  -406.250000000000        40.60000    
  -390.625000000000        159.4597    
  -375.000000000000        45.49200    
  -359.375000000000        22.52741    
  -343.750000000000        6.068544    
  -328.125000000000        15.01276    
  -312.500000000000        20.54057    
  -296.875000000000        20.61627    
  -281.250000000000        8.017454    
  -265.625000000000        22.61112    
  -250.000000000000        29.13082    
  -234.375000000000        22.17536    
  -218.750000000000        48.14972    
  -203.125000000000        183.7857    
  -187.500000000000        206.3886    
  -171.875000000000        60.56617    
  -156.250000000000        32.99097    
  -140.625000000000        24.77187    
  -125.000000000000        20.18669    
  -109.375000000000        11.72604    
  -93.7500000000000        3.899026    
  -78.1250000000000        32.01332    
  -62.5000000000000        12.57924    
  -46.8750000000000        21.91019    
  -31.2500000000000        12.88453    
  -15.6250000000000        46.28792    
  0.000000000000000E+000   9849.561    
   15.6250000000000        49.34911    
   31.2500000000000        18.05416    
   46.8750000000000        25.70636    
   62.5000000000000        7.230159    
   78.1250000000000        35.69097    
   93.7500000000000        4.693117    
   109.375000000000        6.555191    
   125.000000000000        16.64584    
   140.625000000000        23.84322    
   156.250000000000        22.66483    
   171.875000000000        42.44844    
   187.500000000000        143.9644    
   203.125000000000        124.0752    
   218.750000000000        32.91881    
   234.375000000000        11.31231    
   250.000000000000        30.21263    
   265.625000000000        12.48950    
   281.250000000000        10.89900    
   296.875000000000        11.38101    
   312.500000000000        20.79548    
   328.125000000000        7.498268    
   343.750000000000        2.484000    
   359.375000000000        29.53904    
   375.000000000000        73.46201    
   390.625000000000        201.3286    
   406.250000000000        49.45575    
   421.875000000000        20.14797    
   437.500000000000        28.62847    
   453.125000000000        14.97480    
   468.750000000000        10.59701    
   484.375000000000        7.069227    
   500.000000000000        18.47899    
   515.625000000000        27.35789    
   531.250000000000        36.13254    
   546.875000000000        27.20758    
   562.500000000000        76.00447    
   578.125000000000        452.8762    
   593.750000000000        161.9014    
   609.375000000000        73.35483    
   625.000000000000        46.55679    
   640.625000000000        33.68926    
   656.250000000000        37.16740    
   671.875000000000        27.06266    
   687.500000000000        28.77155    
   703.125000000000        33.51327    
   718.750000000000        22.17737    
   734.375000000000        21.79313    
   750.000000000000        25.28809    
   765.625000000000        80.83260    
   781.250000000000        84.98758    
   796.875000000000        24.61216    
   812.500000000000        11.81065    
   828.125000000000        11.37151    
   843.750000000000        12.32798    
   859.375000000000        5.993327    
   875.000000000000        7.898793    
   890.625000000000        8.063862    
   906.250000000000        21.18083    
   921.875000000000        28.58527    
   937.500000000000        9.470988    
   953.125000000000        16.54667    
   968.750000000000        34.04418    
   984.375000000000        11.82748    
   1000.00000000000       0.4298768    
   1015.62500000000        5.850205    
   1031.25000000000        4.712650    
   1046.87500000000        4.820932    
   1062.50000000000        5.549219    
   1078.12500000000        6.920082    
   1093.75000000000        6.413919    
   1109.37500000000        12.33697    
   1125.00000000000        7.162839    
   1140.62500000000        16.47556    
   1156.25000000000        62.49226    
   1171.87500000000        68.54787    
   1187.50000000000        23.79117    
   1203.12500000000        22.39478    
   1218.75000000000        8.464638    
   1234.37500000000        10.64960    
   1250.00000000000        26.55101    
   1265.62500000000        7.034661    
   1281.25000000000        5.448809    
   1296.87500000000        18.58217    
   1312.50000000000        8.501842    
   1328.12500000000        3.797093    
   1343.75000000000        9.629299    
   1359.37500000000        24.36758    
   1375.00000000000        6.789758    
   1390.62500000000        8.730677    
   1406.25000000000        7.752653    
   1421.87500000000        9.225820    
   1437.50000000000        3.193663    
   1453.12500000000        3.014070    
   1468.75000000000        3.399899    
   1484.37500000000        3.181021    
   1500.00000000000        22.56498    
   1515.62500000000        8.085551    
   1531.25000000000        6.127755    
   1546.87500000000        27.19485    
   1562.50000000000        11.78226    
   1578.12500000000        15.16123    
   1593.75000000000        3.285236    
   1609.37500000000        6.655547    
   1625.00000000000        2.427541    
   1640.62500000000        5.311986    
   1656.25000000000        4.162271    
   1671.87500000000        13.45593    
   1687.50000000000        5.559048    
   1703.12500000000        5.131607    
   1718.75000000000        8.361540    
   1734.37500000000        6.107257    
   1750.00000000000        19.96066    
   1765.62500000000        6.654170    
   1781.25000000000        9.386476    
   1796.87500000000        7.741968    
   1812.50000000000        7.577449    
   1828.12500000000        12.66453    
   1843.75000000000        5.462110    
   1859.37500000000        1.721637    
   1875.00000000000        4.766953    
   1890.62500000000        11.80107    
   1906.25000000000        5.261963    
   1921.87500000000        15.70543    
   1937.50000000000        5.304786    
   1953.12500000000        8.464162    
   1968.75000000000        4.210210    
   1984.37500000000        2.130191    
