  -4000.00000000000        234.9436    
  -3968.75000000000        409.7114    
  -3937.50000000000        539.8453    
  -3906.25000000000        245.2728    
  -3875.00000000000        380.0045    
  -3843.75000000000        419.9615    
  -3812.50000000000        306.1248    
  -3781.25000000000        434.1237    
  -3750.00000000000        273.7515    
  -3718.75000000000        347.6063    
  -3687.50000000000        329.1794    
  -3656.25000000000        395.9252    
  -3625.00000000000        185.9171    
  -3593.75000000000        257.2478    
  -3562.50000000000        264.5946    
  -3531.25000000000        113.1475    
  -3500.00000000000        322.2481    
  -3468.75000000000        277.1137    
  -3437.50000000000        174.7222    
  -3406.25000000000        486.5105    
  -3375.00000000000        136.0689    
  -3343.75000000000        147.6745    
  -3312.50000000000        270.3859    
  -3281.25000000000        241.7434    
  -3250.00000000000        215.7913    
  -3218.75000000000        248.4857    
  -3187.50000000000        120.2480    
  -3156.25000000000        277.1007    
  -3125.00000000000        178.6493    
  -3093.75000000000        218.2900    
  -3062.50000000000        256.1326    
  -3031.25000000000        189.5820    
  -3000.00000000000        125.0946    
  -2968.75000000000        132.5517    
  -2937.50000000000        223.5107    
  -2906.25000000000        28.31694    
  -2875.00000000000        155.8825    
  -2843.75000000000        78.54165    
  -2812.50000000000        158.0530    
  -2781.25000000000        74.64961    
  -2750.00000000000        88.91795    
  -2718.75000000000        84.83606    
  -2687.50000000000        146.8937    
  -2656.25000000000        59.93253    
  -2625.00000000000        39.83405    
  -2593.75000000000        98.78594    
  -2562.50000000000        63.32672    
  -2531.25000000000        24.33241    
  -2500.00000000000        159.6429    
  -2468.75000000000        19.73129    
  -2437.50000000000        109.9081    
  -2406.25000000000        57.24292    
  -2375.00000000000        20.68109    
  -2343.75000000000        159.3071    
  -2312.50000000000        106.9400    
  -2281.25000000000        50.90834    
  -2250.00000000000        53.44357    
  -2218.75000000000        87.17465    
  -2187.50000000000        127.2079    
  -2156.25000000000        123.7208    
  -2125.00000000000        75.82262    
  -2093.75000000000        99.21031    
  -2062.50000000000        70.05270    
  -2031.25000000000        18.83671    
  -2000.00000000000        52.53976    
  -1968.75000000000        77.90699    
  -1937.50000000000        57.38015    
  -1906.25000000000        30.95550    
  -1875.00000000000        85.69030    
  -1843.75000000000        115.1709    
  -1812.50000000000        299.7203    
  -1781.25000000000        349.2065    
  -1750.00000000000        179.7945    
  -1718.75000000000        123.9895    
  -1687.50000000000        162.8296    
  -1656.25000000000        210.5817    
  -1625.00000000000        124.0649    
  -1593.75000000000        72.45293    
  -1562.50000000000        241.0756    
  -1531.25000000000        148.9124    
  -1500.00000000000        44.48737    
  -1468.75000000000        96.85761    
  -1437.50000000000        53.47734    
  -1406.25000000000        106.6529    
  -1375.00000000000        164.0306    
  -1343.75000000000        125.4373    
  -1312.50000000000        97.13002    
  -1281.25000000000        101.8633    
  -1250.00000000000        246.6239    
  -1218.75000000000        55.13510    
  -1187.50000000000        59.59873    
  -1156.25000000000        167.6458    
  -1125.00000000000        38.04694    
  -1093.75000000000        108.6092    
  -1062.50000000000        190.0564    
  -1031.25000000000        73.48801    
  -1000.00000000000        114.0909    
  -968.750000000000        92.58947    
  -937.500000000000        40.75770    
  -906.250000000000        192.4662    
  -875.000000000000        113.1335    
  -843.750000000000        138.9774    
  -812.500000000000        261.6228    
  -781.250000000000        331.0709    
  -750.000000000000        239.6581    
  -718.750000000000        296.0124    
  -687.500000000000        253.0121    
  -656.250000000000        487.5161    
  -625.000000000000        37.63413    
  -593.750000000000        352.7589    
  -562.500000000000        130.1120    
  -531.250000000000        221.6960    
  -500.000000000000        347.6132    
  -468.750000000000        90.31957    
  -437.500000000000        295.5971    
  -406.250000000000        353.7053    
  -375.000000000000        761.5440    
  -343.750000000000        1229.906    
  -312.500000000000        632.5481    
  -281.250000000000        886.3211    
  -250.000000000000        450.2957    
  -218.750000000000        54.27625    
  -187.500000000000        409.3233    
  -156.250000000000        1519.870    
  -125.000000000000        1500.692    
  -93.7500000000000        538.9568    
  -62.5000000000000        1472.109    
  -31.2500000000000        2701.423    
  0.000000000000000E+000   6799.390    
   31.2500000000000        2626.927    
   62.5000000000000        1555.000    
   93.7500000000000        599.4710    
   125.000000000000        1581.788    
   156.250000000000        1595.856    
   187.500000000000        410.3126    
   218.750000000000        16.05108    
   250.000000000000        427.3603    
   281.250000000000        836.1320    
   312.500000000000        628.6547    
   343.750000000000        1193.588    
   375.000000000000        708.1617    
   406.250000000000        316.9342    
   437.500000000000        230.6959    
   468.750000000000        83.59714    
   500.000000000000        350.1558    
   531.250000000000        244.4199    
   562.500000000000        151.1440    
   593.750000000000        353.6431    
   625.000000000000        35.64573    
   656.250000000000        475.1622    
   687.500000000000        272.5706    
   718.750000000000        335.0901    
   750.000000000000        249.7441    
   781.250000000000        317.0619    
   812.500000000000        261.3421    
   843.750000000000        140.4129    
   875.000000000000        95.27427    
   906.250000000000        186.8442    
   937.500000000000        45.34999    
   968.750000000000        109.7953    
   1000.00000000000        115.1147    
   1031.25000000000        80.05916    
   1062.50000000000        175.4949    
   1093.75000000000        91.13383    
   1125.00000000000        45.97667    
   1156.25000000000        176.9605    
   1187.50000000000        47.43698    
   1218.75000000000        64.03190    
   1250.00000000000        261.2726    
   1281.25000000000        71.02100    
   1312.50000000000        99.49274    
   1343.75000000000        140.9013    
   1375.00000000000        171.8634    
   1406.25000000000        94.68250    
   1437.50000000000        50.29368    
   1468.75000000000        82.39771    
   1500.00000000000        49.81773    
   1531.25000000000        132.7696    
   1562.50000000000        208.2372    
   1593.75000000000        67.88633    
   1625.00000000000        113.6384    
   1656.25000000000        188.7463    
   1687.50000000000        161.9828    
   1718.75000000000        109.0574    
   1750.00000000000        170.1324    
   1781.25000000000        326.1495    
   1812.50000000000        258.8853    
   1843.75000000000        107.3907    
   1875.00000000000        83.16854    
   1906.25000000000        45.68696    
   1937.50000000000        53.01235    
   1968.75000000000        66.89950    
   2000.00000000000        42.67715    
   2031.25000000000        17.10145    
   2062.50000000000        76.87433    
   2093.75000000000        86.74899    
   2125.00000000000        71.69595    
   2156.25000000000        121.7319    
   2187.50000000000        114.2423    
   2218.75000000000        95.89429    
   2250.00000000000        61.01981    
   2281.25000000000        43.75066    
   2312.50000000000        94.58251    
   2343.75000000000        168.4376    
   2375.00000000000        26.40605    
   2406.25000000000        56.09610    
   2437.50000000000        110.5271    
   2468.75000000000        11.11360    
   2500.00000000000        160.8025    
   2531.25000000000        18.16494    
   2562.50000000000        74.23557    
   2593.75000000000        102.6214    
   2625.00000000000        42.29393    
   2656.25000000000        57.45377    
   2687.50000000000        162.3748    
   2718.75000000000        79.81207    
   2750.00000000000        76.19242    
   2781.25000000000        52.07096    
   2812.50000000000        163.3110    
   2843.75000000000        68.88738    
   2875.00000000000        150.4496    
   2906.25000000000        33.62715    
   2937.50000000000        234.0860    
   2968.75000000000        116.2567    
   3000.00000000000        127.4560    
   3031.25000000000        218.8198    
   3062.50000000000        243.6775    
   3093.75000000000        235.4143    
   3125.00000000000        155.1600    
   3156.25000000000        267.0871    
   3187.50000000000        123.8806    
   3218.75000000000        279.5389    
   3250.00000000000        236.0847    
   3281.25000000000        259.4179    
   3312.50000000000        260.8673    
   3343.75000000000        137.9249    
   3375.00000000000        148.3866    
   3406.25000000000        489.1500    
   3437.50000000000        171.0195    
   3468.75000000000        313.2717    
   3500.00000000000        306.1241    
   3531.25000000000        95.65852    
   3562.50000000000        287.6478    
   3593.75000000000        232.8414    
   3625.00000000000        171.1453    
   3656.25000000000        388.2965    
   3687.50000000000        305.6002    
   3718.75000000000        343.6381    
   3750.00000000000        263.4731    
   3781.25000000000        469.6535    
   3812.50000000000        305.7820    
   3843.75000000000        441.4257    
   3875.00000000000        369.4394    
   3906.25000000000        250.6786    
   3937.50000000000        524.8315    
   3968.75000000000        427.9818    
