  -4000.00000000000        232.1678    
  -3968.75000000000        429.7770    
  -3937.50000000000        572.6133    
  -3906.25000000000        258.6397    
  -3875.00000000000        400.3794    
  -3843.75000000000        423.6638    
  -3812.50000000000        312.0481    
  -3781.25000000000        446.7617    
  -3750.00000000000        297.3452    
  -3718.75000000000        362.9191    
  -3687.50000000000        334.9890    
  -3656.25000000000        395.8058    
  -3625.00000000000        186.9717    
  -3593.75000000000        266.9123    
  -3562.50000000000        276.5427    
  -3531.25000000000        99.56244    
  -3500.00000000000        337.2608    
  -3468.75000000000        285.9491    
  -3437.50000000000        176.8331    
  -3406.25000000000        501.7716    
  -3375.00000000000        148.3183    
  -3343.75000000000        145.7465    
  -3312.50000000000        292.8670    
  -3281.25000000000        248.3108    
  -3250.00000000000        201.3787    
  -3218.75000000000        244.6263    
  -3187.50000000000        107.1998    
  -3156.25000000000        297.5760    
  -3125.00000000000        203.4397    
  -3093.75000000000        226.8629    
  -3062.50000000000        264.2562    
  -3031.25000000000        195.0710    
  -3000.00000000000        102.2119    
  -2968.75000000000        146.9742    
  -2937.50000000000        227.6457    
  -2906.25000000000        29.77863    
  -2875.00000000000        147.5688    
  -2843.75000000000        60.27203    
  -2812.50000000000        157.3574    
  -2781.25000000000        62.46876    
  -2750.00000000000        80.93443    
  -2718.75000000000        73.12638    
  -2687.50000000000        142.5751    
  -2656.25000000000        57.30656    
  -2625.00000000000        37.36579    
  -2593.75000000000        125.5305    
  -2562.50000000000        81.36375    
  -2531.25000000000        32.47018    
  -2500.00000000000        160.0355    
  -2468.75000000000        11.91573    
  -2437.50000000000        99.54152    
  -2406.25000000000        48.07389    
  -2375.00000000000        19.89597    
  -2343.75000000000        167.0372    
  -2312.50000000000        106.3852    
  -2281.25000000000        44.98344    
  -2250.00000000000        58.74181    
  -2218.75000000000        67.10046    
  -2187.50000000000        117.9879    
  -2156.25000000000        132.9604    
  -2125.00000000000        81.31292    
  -2093.75000000000        110.0141    
  -2062.50000000000        77.03831    
  -2031.25000000000        25.87748    
  -2000.00000000000        63.78465    
  -1968.75000000000        92.40347    
  -1937.50000000000        59.85793    
  -1906.25000000000        33.85163    
  -1875.00000000000        92.63483    
  -1843.75000000000        121.9938    
  -1812.50000000000        314.8275    
  -1781.25000000000        354.5479    
  -1750.00000000000        188.4001    
  -1718.75000000000        120.0090    
  -1687.50000000000        160.8204    
  -1656.25000000000        207.9069    
  -1625.00000000000        133.0973    
  -1593.75000000000        65.71551    
  -1562.50000000000        225.1985    
  -1531.25000000000        160.7338    
  -1500.00000000000        41.93816    
  -1468.75000000000        97.96668    
  -1437.50000000000        60.33007    
  -1406.25000000000        75.23728    
  -1375.00000000000        155.5703    
  -1343.75000000000        135.3314    
  -1312.50000000000        92.46059    
  -1281.25000000000        95.58016    
  -1250.00000000000        265.2526    
  -1218.75000000000        55.91556    
  -1187.50000000000        45.43509    
  -1156.25000000000        166.9934    
  -1125.00000000000        32.08224    
  -1093.75000000000        98.27760    
  -1062.50000000000        203.4701    
  -1031.25000000000        86.57314    
  -1000.00000000000        106.7234    
  -968.750000000000        92.04587    
  -937.500000000000        31.92884    
  -906.250000000000        209.2856    
  -875.000000000000        99.55163    
  -843.750000000000        156.5611    
  -812.500000000000        249.7620    
  -781.250000000000        328.3523    
  -750.000000000000        245.0979    
  -718.750000000000        297.2941    
  -687.500000000000        275.9380    
  -656.250000000000        482.5325    
  -625.000000000000        42.06128    
  -593.750000000000        351.3047    
  -562.500000000000        122.0685    
  -531.250000000000        212.4969    
  -500.000000000000        351.0791    
  -468.750000000000        90.16954    
  -437.500000000000        300.1718    
  -406.250000000000        340.4378    
  -375.000000000000        779.4476    
  -343.750000000000        1263.175    
  -312.500000000000        647.7722    
  -281.250000000000        918.2615    
  -250.000000000000        469.3832    
  -218.750000000000        71.92766    
  -187.500000000000        420.8554    
  -156.250000000000        1556.516    
  -125.000000000000        1533.643    
  -93.7500000000000        557.2830    
  -62.5000000000000        1504.777    
  -31.2500000000000        2764.528    
  0.000000000000000E+000   7151.401    
   31.2500000000000        2657.795    
   62.5000000000000        1602.753    
   93.7500000000000        601.4659    
   125.000000000000        1608.279    
   156.250000000000        1643.103    
   187.500000000000        426.2335    
   218.750000000000        20.71406    
   250.000000000000        435.8627    
   281.250000000000        844.9063    
   312.500000000000        642.9599    
   343.750000000000        1211.564    
   375.000000000000        723.8513    
   406.250000000000        324.7498    
   437.500000000000        231.8159    
   468.750000000000        91.06548    
   500.000000000000        360.2405    
   531.250000000000        239.0371    
   562.500000000000        161.3207    
   593.750000000000        361.4948    
   625.000000000000        49.06065    
   656.250000000000        475.2830    
   687.500000000000        275.7134    
   718.750000000000        337.4346    
   750.000000000000        249.7822    
   781.250000000000        326.0378    
   812.500000000000        262.0078    
   843.750000000000        150.0233    
   875.000000000000        106.8817    
   906.250000000000        199.2938    
   937.500000000000        37.83410    
   968.750000000000        106.0958    
   1000.00000000000        103.9586    
   1031.25000000000        82.92957    
   1062.50000000000        192.0339    
   1093.75000000000        102.7126    
   1125.00000000000        47.13536    
   1156.25000000000        171.1486    
   1187.50000000000        44.19833    
   1218.75000000000        61.83234    
   1250.00000000000        279.4259    
   1281.25000000000        66.19643    
   1312.50000000000        95.35614    
   1343.75000000000        124.4620    
   1375.00000000000        164.3795    
   1406.25000000000        107.6159    
   1437.50000000000        40.86431    
   1468.75000000000        87.71606    
   1500.00000000000        40.28427    
   1531.25000000000        140.2113    
   1562.50000000000        247.9376    
   1593.75000000000        67.95233    
   1625.00000000000        120.3205    
   1656.25000000000        180.7070    
   1687.50000000000        161.4089    
   1718.75000000000        117.5693    
   1750.00000000000        157.6590    
   1781.25000000000        325.3728    
   1812.50000000000        282.6220    
   1843.75000000000        91.96230    
   1875.00000000000        91.25628    
   1906.25000000000        25.02356    
   1937.50000000000        78.40005    
   1968.75000000000        81.29832    
   2000.00000000000        40.40183    
   2031.25000000000        21.31250    
   2062.50000000000        88.29675    
   2093.75000000000        93.25636    
   2125.00000000000        74.70665    
   2156.25000000000        123.5150    
   2187.50000000000        132.5437    
   2218.75000000000        83.99268    
   2250.00000000000        44.92913    
   2281.25000000000        48.31185    
   2312.50000000000        84.98592    
   2343.75000000000        165.6743    
   2375.00000000000        36.74937    
   2406.25000000000        51.29863    
   2437.50000000000        111.1870    
   2468.75000000000        14.36199    
   2500.00000000000        182.1495    
   2531.25000000000        24.22094    
   2562.50000000000        80.40047    
   2593.75000000000        113.1762    
   2625.00000000000        42.35346    
   2656.25000000000        50.10749    
   2687.50000000000        155.7150    
   2718.75000000000        79.81426    
   2750.00000000000        88.41562    
   2781.25000000000        56.56217    
   2812.50000000000        201.2126    
   2843.75000000000        76.99891    
   2875.00000000000        166.7222    
   2906.25000000000        23.93587    
   2937.50000000000        232.8540    
   2968.75000000000        104.9101    
   3000.00000000000        137.6669    
   3031.25000000000        199.1763    
   3062.50000000000        268.2990    
   3093.75000000000        228.8470    
   3125.00000000000        159.5085    
   3156.25000000000        276.2627    
   3187.50000000000        96.62845    
   3218.75000000000        272.0835    
   3250.00000000000        243.5874    
   3281.25000000000        255.0095    
   3312.50000000000        275.2713    
   3343.75000000000        151.2841    
   3375.00000000000        151.1753    
   3406.25000000000        495.9579    
   3437.50000000000        183.7688    
   3468.75000000000        314.2705    
   3500.00000000000        297.6646    
   3531.25000000000        99.29656    
   3562.50000000000        302.3076    
   3593.75000000000        227.7551    
   3625.00000000000        169.2019    
   3656.25000000000        394.3850    
   3687.50000000000        330.5845    
   3718.75000000000        363.7421    
   3750.00000000000        275.6296    
   3781.25000000000        480.4676    
   3812.50000000000        300.2061    
   3843.75000000000        444.3702    
   3875.00000000000        371.5278    
   3906.25000000000        248.1987    
   3937.50000000000        530.4259    
   3968.75000000000        438.8239    
