  -2000.00000000000        163.0959    
  -1984.37500000000        72.04258    
  -1968.75000000000        131.2039    
  -1953.12500000000        125.2955    
  -1937.50000000000        201.0229    
  -1921.87500000000        231.8836    
  -1906.25000000000        51.36734    
  -1890.62500000000        110.3352    
  -1875.00000000000        222.3148    
  -1859.37500000000        260.5929    
  -1843.75000000000        252.2931    
  -1828.12500000000        135.0343    
  -1812.50000000000        131.1929    
  -1796.87500000000        162.0087    
  -1781.25000000000        128.9646    
  -1765.62500000000        191.9798    
  -1750.00000000000        691.9700    
  -1734.37500000000        322.5128    
  -1718.75000000000        80.66512    
  -1703.12500000000        182.8233    
  -1687.50000000000        121.1056    
  -1671.87500000000        365.6622    
  -1656.25000000000        157.8768    
  -1640.62500000000        141.5887    
  -1625.00000000000        103.7998    
  -1609.37500000000        92.13811    
  -1593.75000000000        170.7759    
  -1578.12500000000        39.90695    
  -1562.50000000000        103.1378    
  -1546.87500000000        200.2028    
  -1531.25000000000        156.1094    
  -1515.62500000000        128.1875    
  -1500.00000000000        250.2010    
  -1484.37500000000        77.77383    
  -1468.75000000000        185.0688    
  -1453.12500000000        164.9618    
  -1437.50000000000        78.33804    
  -1421.87500000000        110.7530    
  -1406.25000000000        100.9486    
  -1390.62500000000        8.906768    
  -1375.00000000000        175.0819    
  -1359.37500000000        1209.684    
  -1343.75000000000        374.6214    
  -1328.12500000000        69.31302    
  -1312.50000000000        161.3144    
  -1296.87500000000        262.2341    
  -1281.25000000000        331.3390    
  -1265.62500000000        63.17302    
  -1250.00000000000        303.4474    
  -1234.37500000000        151.6422    
  -1218.75000000000        206.8656    
  -1203.12500000000        265.6326    
  -1187.50000000000        48.27213    
  -1171.87500000000        883.6257    
  -1156.25000000000        857.5117    
  -1140.62500000000        573.6190    
  -1125.00000000000        143.8089    
  -1109.37500000000        303.7070    
  -1093.75000000000        105.5730    
  -1078.12500000000        160.4536    
  -1062.50000000000        167.2899    
  -1046.87500000000        150.7979    
  -1031.25000000000        210.5766    
  -1015.62500000000        137.2304    
  -1000.00000000000        164.4058    
  -984.375000000000        395.5323    
  -968.750000000000        1407.346    
  -953.125000000000        281.2523    
  -937.500000000000        362.8848    
  -921.875000000000        294.6003    
  -906.250000000000        236.5182    
  -890.625000000000        107.9393    
  -875.000000000000        118.9539    
  -859.375000000000        242.2155    
  -843.750000000000        139.7886    
  -828.125000000000        257.9107    
  -812.500000000000        280.1721    
  -796.875000000000        343.6723    
  -781.250000000000        931.4652    
  -765.625000000000        396.8083    
  -750.000000000000        308.0081    
  -734.375000000000        229.9645    
  -718.750000000000        46.20330    
  -703.125000000000        237.5241    
  -687.500000000000        235.5229    
  -671.875000000000        207.4195    
  -656.250000000000        242.7502    
  -640.625000000000        203.1724    
  -625.000000000000        531.1578    
  -609.375000000000        596.0009    
  -593.750000000000        1163.805    
  -578.125000000000        3707.874    
  -562.500000000000        641.6476    
  -546.875000000000        191.7272    
  -531.250000000000        238.4362    
  -515.625000000000        264.8149    
  -500.000000000000        147.8532    
  -484.375000000000        9.341355    
  -468.750000000000        104.7589    
  -453.125000000000        36.14571    
  -437.500000000000        103.3782    
  -421.875000000000        173.5729    
  -406.250000000000        152.0295    
  -390.625000000000        3453.733    
  -375.000000000000        184.1306    
  -359.375000000000        441.1124    
  -343.750000000000        358.7876    
  -328.125000000000        422.3532    
  -312.500000000000        334.7816    
  -296.875000000000        551.7484    
  -281.250000000000        386.0995    
  -265.625000000000        754.2284    
  -250.000000000000        905.3447    
  -234.375000000000        1061.686    
  -218.750000000000        1647.544    
  -203.125000000000        5520.777    
  -187.500000000000        7262.082    
  -171.875000000000        2255.356    
  -156.250000000000        1325.464    
  -140.625000000000        796.7524    
  -125.000000000000        814.0191    
  -109.375000000000        789.7493    
  -93.7500000000000        598.3934    
  -78.1250000000000        526.7380    
  -62.5000000000000        422.9582    
  -46.8750000000000        425.6913    
  -31.2500000000000        321.0036    
  -15.6250000000000        732.1335    
  0.000000000000000E+000   92774.96    
   15.6250000000000        921.2647    
   31.2500000000000        541.6702    
   46.8750000000000        700.2356    
   62.5000000000000        318.5524    
   78.1250000000000        419.7380    
   93.7500000000000        620.2934    
   109.375000000000        697.6132    
   125.000000000000        750.2686    
   140.625000000000        568.1048    
   156.250000000000        982.4394    
   171.875000000000        1700.015    
   187.500000000000        5170.240    
   203.125000000000        2975.028    
   218.750000000000        1383.777    
   234.375000000000        848.6524    
   250.000000000000        943.8224    
   265.625000000000        504.4922    
   281.250000000000        331.8141    
   296.875000000000        258.2812    
   312.500000000000        303.6402    
   328.125000000000        309.3714    
   343.750000000000        301.6801    
   359.375000000000        563.8254    
   375.000000000000        1248.947    
   390.625000000000        3538.315    
   406.250000000000        685.8182    
   421.875000000000        356.2752    
   437.500000000000        367.7177    
   453.125000000000        255.5522    
   468.750000000000        151.1149    
   484.375000000000        204.7638    
   500.000000000000        466.0241    
   515.625000000000        340.1110    
   531.250000000000        236.1609    
   546.875000000000        418.1924    
   562.500000000000        535.3325    
   578.125000000000        4542.518    
   593.750000000000        1855.649    
   609.375000000000        716.2296    
   625.000000000000        467.9612    
   640.625000000000        399.5302    
   656.250000000000        346.7334    
   671.875000000000        319.0533    
   687.500000000000        442.3678    
   703.125000000000        166.9830    
   718.750000000000        328.3702    
   734.375000000000        390.2780    
   750.000000000000        514.8797    
   765.625000000000        1207.099    
   781.250000000000        1321.640    
   796.875000000000        338.3434    
   812.500000000000        272.8152    
   828.125000000000        511.3243    
   843.750000000000        197.8834    
   859.375000000000        142.9256    
   875.000000000000        112.2518    
   890.625000000000        89.54239    
   906.250000000000        225.1028    
   921.875000000000        367.4840    
   937.500000000000        200.1761    
   953.125000000000        275.6958    
   968.750000000000        772.1159    
   984.375000000000        247.3684    
   1000.00000000000        181.0848    
   1015.62500000000        467.0233    
   1031.25000000000        266.9720    
   1046.87500000000        262.3443    
   1062.50000000000        191.0981    
   1078.12500000000        222.3190    
   1093.75000000000        431.6291    
   1109.37500000000        248.7614    
   1125.00000000000        572.2115    
   1140.62500000000        797.4271    
   1156.25000000000        2133.146    
   1171.87500000000        1519.225    
   1187.50000000000        716.7312    
   1203.12500000000        438.5698    
   1218.75000000000        480.2298    
   1234.37500000000        239.2691    
   1250.00000000000        102.6344    
   1265.62500000000        273.1067    
   1281.25000000000        345.4728    
   1296.87500000000        137.6288    
   1312.50000000000        29.52835    
   1328.12500000000        161.3403    
   1343.75000000000        458.9715    
   1359.37500000000        1985.854    
   1375.00000000000        242.0491    
   1390.62500000000        166.1452    
   1406.25000000000        151.6380    
   1421.87500000000        34.75400    
   1437.50000000000        49.90527    
   1453.12500000000        121.6868    
   1468.75000000000        259.8568    
   1484.37500000000        468.7347    
   1500.00000000000        437.8061    
   1515.62500000000        182.2899    
   1531.25000000000        157.7743    
   1546.87500000000        930.6960    
   1562.50000000000        373.4152    
   1578.12500000000        213.1180    
   1593.75000000000        102.0893    
   1609.37500000000        46.89410    
   1625.00000000000        220.7174    
   1640.62500000000        117.0770    
   1656.25000000000        49.86349    
   1671.87500000000        488.8134    
   1687.50000000000        317.8443    
   1703.12500000000        217.0207    
   1718.75000000000        119.5057    
   1734.37500000000        315.8818    
   1750.00000000000        544.5027    
   1765.62500000000        100.8560    
   1781.25000000000        95.14355    
   1796.87500000000        138.2842    
   1812.50000000000        160.5480    
   1828.12500000000        232.6087    
   1843.75000000000        124.2661    
   1859.37500000000        223.7424    
   1875.00000000000        186.3347    
   1890.62500000000        167.8919    
   1906.25000000000        130.0323    
   1921.87500000000        171.2435    
   1937.50000000000        227.7431    
   1953.12500000000        129.2138    
   1968.75000000000        194.4984    
   1984.37500000000        57.00867    
