  -2000.00000000000        7.528993    
  -1984.37500000000        11.48659    
  -1968.75000000000        9.154563    
  -1953.12500000000        19.47712    
  -1937.50000000000        23.24596    
  -1921.87500000000        21.13943    
  -1906.25000000000        4.501532    
  -1890.62500000000        6.721451    
  -1875.00000000000        4.276927    
  -1859.37500000000        13.03889    
  -1843.75000000000        6.161483    
  -1828.12500000000        16.40851    
  -1812.50000000000        11.56503    
  -1796.87500000000        8.750472    
  -1781.25000000000        10.65136    
  -1765.62500000000        4.465459    
  -1750.00000000000        22.64718    
  -1734.37500000000        24.18687    
  -1718.75000000000        12.52869    
  -1703.12500000000        3.261700    
  -1687.50000000000        13.06335    
  -1671.87500000000        10.77077    
  -1656.25000000000        8.275759    
  -1640.62500000000        5.816411    
  -1625.00000000000        7.235319    
  -1609.37500000000        8.416559    
  -1593.75000000000        5.854772    
  -1578.12500000000        15.74839    
  -1562.50000000000        10.81863    
  -1546.87500000000        12.91067    
  -1531.25000000000        8.353948    
  -1515.62500000000        9.197701    
  -1500.00000000000        18.91668    
  -1484.37500000000        8.092430    
  -1468.75000000000        9.489095    
  -1453.12500000000        2.510645    
  -1437.50000000000        3.685876    
  -1421.87500000000        17.54448    
  -1406.25000000000        8.815264    
  -1390.62500000000       0.8537030    
  -1375.00000000000        9.557844    
  -1359.37500000000        21.45471    
  -1343.75000000000        11.43516    
  -1328.12500000000        8.447244    
  -1312.50000000000        6.487710    
  -1296.87500000000        29.20006    
  -1281.25000000000        4.522817    
  -1265.62500000000        2.928382    
  -1250.00000000000        34.42678    
  -1234.37500000000        21.00062    
  -1218.75000000000        9.150639    
  -1203.12500000000        25.38357    
  -1187.50000000000        27.09357    
  -1171.87500000000        70.34236    
  -1156.25000000000        86.20853    
  -1140.62500000000        19.04070    
  -1125.00000000000        20.99038    
  -1109.37500000000        17.63370    
  -1093.75000000000        6.655633    
  -1078.12500000000        6.333112    
  -1062.50000000000        3.344691    
  -1046.87500000000        3.472558    
  -1031.25000000000        6.491969    
  -1015.62500000000        6.742701    
  -1000.00000000000        2.489991    
  -984.375000000000        12.80277    
  -968.750000000000        108.9418    
  -953.125000000000        9.559464    
  -937.500000000000        14.04415    
  -921.875000000000        28.16008    
  -906.250000000000        20.58416    
  -890.625000000000        14.72174    
  -875.000000000000        8.019231    
  -859.375000000000        11.52573    
  -843.750000000000        10.15444    
  -828.125000000000        22.52106    
  -812.500000000000        13.45490    
  -796.875000000000        22.35375    
  -781.250000000000        71.19695    
  -765.625000000000        65.36475    
  -750.000000000000        23.30370    
  -734.375000000000        21.49025    
  -718.750000000000        29.34543    
  -703.125000000000        28.39757    
  -687.500000000000        23.20085    
  -671.875000000000        25.30881    
  -656.250000000000        14.19283    
  -640.625000000000        39.58464    
  -625.000000000000        56.45852    
  -609.375000000000        74.24342    
  -593.750000000000        170.4365    
  -578.125000000000        443.5432    
  -562.500000000000        67.19419    
  -546.875000000000        20.08512    
  -531.250000000000        28.65871    
  -515.625000000000        15.10341    
  -500.000000000000        28.70531    
  -484.375000000000        13.94711    
  -468.750000000000        10.68088    
  -453.125000000000        6.238582    
  -437.500000000000        18.46136    
  -421.875000000000        5.878115    
  -406.250000000000        39.52448    
  -390.625000000000        192.0222    
  -375.000000000000        58.69054    
  -359.375000000000        29.82583    
  -343.750000000000        11.70233    
  -328.125000000000        11.07331    
  -312.500000000000        40.57667    
  -296.875000000000        19.80379    
  -281.250000000000        9.470783    
  -265.625000000000        22.93844    
  -250.000000000000        21.51878    
  -234.375000000000        27.65222    
  -218.750000000000        56.98125    
  -203.125000000000        218.8277    
  -187.500000000000        243.8701    
  -171.875000000000        71.52260    
  -156.250000000000        35.88337    
  -140.625000000000        29.34779    
  -125.000000000000        15.94278    
  -109.375000000000        19.23625    
  -93.7500000000000        7.591737    
  -78.1250000000000        33.01247    
  -62.5000000000000        9.507870    
  -46.8750000000000        18.65550    
  -31.2500000000000        15.95593    
  -15.6250000000000        44.75228    
  0.000000000000000E+000   10732.65    
   15.6250000000000        53.27821    
   31.2500000000000        26.83110    
   46.8750000000000        35.54789    
   62.5000000000000        11.65036    
   78.1250000000000        43.96223    
   93.7500000000000        4.905873    
   109.375000000000        11.10238    
   125.000000000000        27.48454    
   140.625000000000        26.79918    
   156.250000000000        20.33593    
   171.875000000000        45.85893    
   187.500000000000        147.0669    
   203.125000000000        127.4215    
   218.750000000000        40.32019    
   234.375000000000        18.61009    
   250.000000000000        31.40745    
   265.625000000000        21.32885    
   281.250000000000        15.19598    
   296.875000000000        17.60877    
   312.500000000000        38.52011    
   328.125000000000        1.860619    
   343.750000000000        11.37647    
   359.375000000000        26.85515    
   375.000000000000        84.49989    
   390.625000000000        223.0854    
   406.250000000000        52.31060    
   421.875000000000        27.03508    
   437.500000000000        36.39937    
   453.125000000000        21.46423    
   468.750000000000        12.69611    
   484.375000000000        9.754247    
   500.000000000000        11.56775    
   515.625000000000        24.24309    
   531.250000000000        37.06477    
   546.875000000000        30.30846    
   562.500000000000        83.06579    
   578.125000000000        466.3659    
   593.750000000000        175.7494    
   609.375000000000        84.81760    
   625.000000000000        57.97393    
   640.625000000000        37.93564    
   656.250000000000        20.13484    
   671.875000000000        21.45762    
   687.500000000000        20.71604    
   703.125000000000        17.40120    
   718.750000000000        35.58215    
   734.375000000000        22.46071    
   750.000000000000        31.10122    
   765.625000000000        75.48315    
   781.250000000000        88.47440    
   796.875000000000        22.54572    
   812.500000000000        18.39136    
   828.125000000000        9.462419    
   843.750000000000        14.40321    
   859.375000000000        9.149978    
   875.000000000000        7.874157    
   890.625000000000        6.527803    
   906.250000000000        26.98693    
   921.875000000000        39.35953    
   937.500000000000        16.15758    
   953.125000000000        16.25434    
   968.750000000000        63.48547    
   984.375000000000        6.446262    
   1000.00000000000        7.623582    
   1015.62500000000        10.93072    
   1031.25000000000        17.07442    
   1046.87500000000        18.66463    
   1062.50000000000        6.362821    
   1078.12500000000        11.08626    
   1093.75000000000        19.35864    
   1109.37500000000        12.85067    
   1125.00000000000        11.22990    
   1140.62500000000        8.931025    
   1156.25000000000        76.70810    
   1171.87500000000        77.79117    
   1187.50000000000        35.73800    
   1203.12500000000        22.73919    
   1218.75000000000        13.90051    
   1234.37500000000        18.86947    
   1250.00000000000        27.79885    
   1265.62500000000        11.80016    
   1281.25000000000        17.05642    
   1296.87500000000        23.95553    
   1312.50000000000        3.392491    
   1328.12500000000        6.860596    
   1343.75000000000        11.92031    
   1359.37500000000        9.888975    
   1375.00000000000        3.485455    
   1390.62500000000        11.93915    
   1406.25000000000        16.61023    
   1421.87500000000        22.42160    
   1437.50000000000        6.245861    
   1453.12500000000        7.169454    
   1468.75000000000        2.447559    
   1484.37500000000        31.17990    
   1500.00000000000        14.43218    
   1515.62500000000        13.23168    
   1531.25000000000        8.063878    
   1546.87500000000        25.63615    
   1562.50000000000        20.54048    
   1578.12500000000        18.18812    
   1593.75000000000        9.259869    
   1609.37500000000        13.40602    
   1625.00000000000       0.3307470    
   1640.62500000000        9.119140    
   1656.25000000000        9.073495    
   1671.87500000000        23.29397    
   1687.50000000000        12.57547    
   1703.12500000000        8.863661    
   1718.75000000000        16.10332    
   1734.37500000000        14.66918    
   1750.00000000000        43.22807    
   1765.62500000000        11.23233    
   1781.25000000000        11.28648    
   1796.87500000000        3.256157    
   1812.50000000000        14.40590    
   1828.12500000000        14.51626    
   1843.75000000000        3.565760    
   1859.37500000000        12.49420    
   1875.00000000000        12.22483    
   1890.62500000000        9.752196    
   1906.25000000000        8.401608    
   1921.87500000000        23.10031    
   1937.50000000000        31.54892    
   1953.12500000000        13.08770    
   1968.75000000000        4.318204    
   1984.37500000000        4.074185    
