  -2000.00000000000        8.924042    
  -1984.37500000000        11.65665    
  -1968.75000000000        6.784088    
  -1953.12500000000        12.53846    
  -1937.50000000000        13.01808    
  -1921.87500000000        22.89260    
  -1906.25000000000        13.49021    
  -1890.62500000000        18.23536    
  -1875.00000000000        16.22983    
  -1859.37500000000        9.512854    
  -1843.75000000000        8.091658    
  -1828.12500000000        13.83191    
  -1812.50000000000        9.830575    
  -1796.87500000000        4.415514    
  -1781.25000000000        7.876764    
  -1765.62500000000        15.45851    
  -1750.00000000000        37.73125    
  -1734.37500000000        11.30554    
  -1718.75000000000        7.729552    
  -1703.12500000000        7.053751    
  -1687.50000000000        5.059095    
  -1671.87500000000        27.49725    
  -1656.25000000000        11.20353    
  -1640.62500000000        11.23738    
  -1625.00000000000        7.855031    
  -1609.37500000000        3.247679    
  -1593.75000000000        9.198321    
  -1578.12500000000        18.19650    
  -1562.50000000000        20.13253    
  -1546.87500000000        30.60825    
  -1531.25000000000        14.05630    
  -1515.62500000000        6.016084    
  -1500.00000000000        27.36624    
  -1484.37500000000        25.20002    
  -1468.75000000000        1.688246    
  -1453.12500000000        9.311923    
  -1437.50000000000        10.12514    
  -1421.87500000000        6.649010    
  -1406.25000000000        9.519229    
  -1390.62500000000        3.989196    
  -1375.00000000000        14.88589    
  -1359.37500000000        41.62910    
  -1343.75000000000        12.21891    
  -1328.12500000000        8.365480    
  -1312.50000000000        7.141386    
  -1296.87500000000        11.92193    
  -1281.25000000000        10.00370    
  -1265.62500000000        9.907975    
  -1250.00000000000        29.11982    
  -1234.37500000000        13.33539    
  -1218.75000000000        11.60240    
  -1203.12500000000        21.29218    
  -1187.50000000000        23.93150    
  -1171.87500000000        83.11523    
  -1156.25000000000        66.95700    
  -1140.62500000000        26.61752    
  -1125.00000000000        6.162786    
  -1109.37500000000        9.384354    
  -1093.75000000000        12.82940    
  -1078.12500000000        9.588078    
  -1062.50000000000        11.12557    
  -1046.87500000000        14.81457    
  -1031.25000000000        9.433196    
  -1015.62500000000        5.697447    
  -1000.00000000000        9.537601    
  -984.375000000000        16.54552    
  -968.750000000000        135.7692    
  -953.125000000000        28.51429    
  -937.500000000000        16.67988    
  -921.875000000000        37.74862    
  -906.250000000000        26.76940    
  -890.625000000000        4.904083    
  -875.000000000000        5.446938    
  -859.375000000000        8.155620    
  -843.750000000000        9.018067    
  -828.125000000000        17.01748    
  -812.500000000000        15.84430    
  -796.875000000000        20.08139    
  -781.250000000000        58.25222    
  -765.625000000000        62.30826    
  -750.000000000000        10.85276    
  -734.375000000000        20.64217    
  -718.750000000000        35.87055    
  -703.125000000000        31.65060    
  -687.500000000000        20.64122    
  -671.875000000000        29.61598    
  -656.250000000000        42.07116    
  -640.625000000000        29.25211    
  -625.000000000000        56.57278    
  -609.375000000000        83.47657    
  -593.750000000000        171.0162    
  -578.125000000000        526.6111    
  -562.500000000000        95.28315    
  -546.875000000000        35.97119    
  -531.250000000000        44.75874    
  -515.625000000000        30.89544    
  -500.000000000000        20.39214    
  -484.375000000000        7.609484    
  -468.750000000000        18.23283    
  -453.125000000000        30.01417    
  -437.500000000000        26.04429    
  -421.875000000000        22.93299    
  -406.250000000000        47.66334    
  -390.625000000000        197.8792    
  -375.000000000000        58.29235    
  -359.375000000000        35.62227    
  -343.750000000000        14.54978    
  -328.125000000000        22.72043    
  -312.500000000000        24.80244    
  -296.875000000000        36.11324    
  -281.250000000000        14.66319    
  -265.625000000000        36.39821    
  -250.000000000000        44.39675    
  -234.375000000000        35.41782    
  -218.750000000000        83.82513    
  -203.125000000000        272.2913    
  -187.500000000000        334.0085    
  -171.875000000000        99.90428    
  -156.250000000000        56.28953    
  -140.625000000000        43.71333    
  -125.000000000000        45.35333    
  -109.375000000000        24.39750    
  -93.7500000000000        13.24644    
  -78.1250000000000        37.41441    
  -62.5000000000000        20.84254    
  -46.8750000000000        24.44333    
  -31.2500000000000        16.37057    
  -15.6250000000000        61.10439    
  0.000000000000000E+000   12660.41    
   15.6250000000000        61.35708    
   31.2500000000000        21.27287    
   46.8750000000000        40.43900    
   62.5000000000000        9.837992    
   78.1250000000000        40.31305    
   93.7500000000000        14.14508    
   109.375000000000        6.623168    
   125.000000000000        50.12718    
   140.625000000000        25.33687    
   156.250000000000        32.22496    
   171.875000000000        51.81194    
   187.500000000000        150.4485    
   203.125000000000        114.3006    
   218.750000000000        52.57960    
   234.375000000000        27.38481    
   250.000000000000        43.15179    
   265.625000000000        22.69986    
   281.250000000000        20.05313    
   296.875000000000        7.170340    
   312.500000000000        23.80998    
   328.125000000000        9.217837    
   343.750000000000        17.66796    
   359.375000000000        44.71878    
   375.000000000000        108.5445    
   390.625000000000        318.7326    
   406.250000000000        69.78709    
   421.875000000000        35.16692    
   437.500000000000        42.29921    
   453.125000000000        35.32312    
   468.750000000000        12.48689    
   484.375000000000        13.47653    
   500.000000000000        21.91544    
   515.625000000000        40.28549    
   531.250000000000        42.56473    
   546.875000000000        33.84649    
   562.500000000000        86.67039    
   578.125000000000        545.5797    
   593.750000000000        193.8805    
   609.375000000000        88.65993    
   625.000000000000        71.42086    
   640.625000000000        34.57996    
   656.250000000000        44.93196    
   671.875000000000        36.49207    
   687.500000000000        35.13309    
   703.125000000000        22.49890    
   718.750000000000        38.50466    
   734.375000000000        31.13379    
   750.000000000000        43.56285    
   765.625000000000        117.9980    
   781.250000000000        127.0948    
   796.875000000000        34.02954    
   812.500000000000        18.19118    
   828.125000000000        15.71508    
   843.750000000000        6.013730    
   859.375000000000        2.525822    
   875.000000000000        7.797439    
   890.625000000000        10.14385    
   906.250000000000        26.05413    
   921.875000000000        29.14540    
   937.500000000000        10.29726    
   953.125000000000        21.24010    
   968.750000000000        54.31916    
   984.375000000000        25.33698    
   1000.00000000000        10.94744    
   1015.62500000000        6.374846    
   1031.25000000000        5.909649    
   1046.87500000000        18.04728    
   1062.50000000000        11.01625    
   1078.12500000000        10.34110    
   1093.75000000000        13.56968    
   1109.37500000000        22.62862    
   1125.00000000000        7.854474    
   1140.62500000000        24.51142    
   1156.25000000000        91.10068    
   1171.87500000000        82.47971    
   1187.50000000000        29.88805    
   1203.12500000000        26.72872    
   1218.75000000000        11.52241    
   1234.37500000000        14.98878    
   1250.00000000000        36.68911    
   1265.62500000000        18.22290    
   1281.25000000000        15.05308    
   1296.87500000000        27.48771    
   1312.50000000000        5.149518    
   1328.12500000000        6.331811    
   1343.75000000000        7.489715    
   1359.37500000000        7.249062    
   1375.00000000000        1.841108    
   1390.62500000000        15.09032    
   1406.25000000000        13.39557    
   1421.87500000000        13.63761    
   1437.50000000000        6.696874    
   1453.12500000000        9.327574    
   1468.75000000000        3.534272    
   1484.37500000000        32.15723    
   1500.00000000000        31.32612    
   1515.62500000000        17.33803    
   1531.25000000000        20.07043    
   1546.87500000000        68.35924    
   1562.50000000000        5.758052    
   1578.12500000000        12.65714    
   1593.75000000000        10.92379    
   1609.37500000000        1.961300    
   1625.00000000000        14.59352    
   1640.62500000000        3.932753    
   1656.25000000000        8.490691    
   1671.87500000000        24.10804    
   1687.50000000000        2.572220    
   1703.12500000000        5.290805    
   1718.75000000000        10.04115    
   1734.37500000000        12.08220    
   1750.00000000000        28.23482    
   1765.62500000000        3.745517    
   1781.25000000000        17.20275    
   1796.87500000000        9.927072    
   1812.50000000000        4.727658    
   1828.12500000000        19.74990    
   1843.75000000000        12.77056    
   1859.37500000000        20.87821    
   1875.00000000000        11.39882    
   1890.62500000000        11.74697    
   1906.25000000000        4.718039    
   1921.87500000000        18.73446    
   1937.50000000000        3.368973    
   1953.12500000000        1.471420    
   1968.75000000000        6.528289    
   1984.37500000000        3.315633    
