  -4000.00000000000        266.9265    
  -3968.75000000000        449.1932    
  -3937.50000000000        590.7957    
  -3906.25000000000        289.1866    
  -3875.00000000000        455.2520    
  -3843.75000000000        453.2036    
  -3812.50000000000        354.8263    
  -3781.25000000000        476.6008    
  -3750.00000000000        301.8622    
  -3718.75000000000        378.1012    
  -3687.50000000000        370.1018    
  -3656.25000000000        415.7913    
  -3625.00000000000        225.8389    
  -3593.75000000000        277.2162    
  -3562.50000000000        311.0800    
  -3531.25000000000        102.0754    
  -3500.00000000000        354.9297    
  -3468.75000000000        299.8286    
  -3437.50000000000        205.4509    
  -3406.25000000000        530.7880    
  -3375.00000000000        159.9068    
  -3343.75000000000        162.0244    
  -3312.50000000000        312.5953    
  -3281.25000000000        276.5346    
  -3250.00000000000        226.0587    
  -3218.75000000000        265.9171    
  -3187.50000000000        102.4715    
  -3156.25000000000        316.5706    
  -3125.00000000000        198.8978    
  -3093.75000000000        253.0177    
  -3062.50000000000        292.7148    
  -3031.25000000000        213.7106    
  -3000.00000000000        110.7913    
  -2968.75000000000        145.4846    
  -2937.50000000000        242.8510    
  -2906.25000000000        24.14119    
  -2875.00000000000        163.9322    
  -2843.75000000000        88.62164    
  -2812.50000000000        187.1205    
  -2781.25000000000        64.56158    
  -2750.00000000000        94.73109    
  -2718.75000000000        87.90603    
  -2687.50000000000        162.8522    
  -2656.25000000000        70.23167    
  -2625.00000000000        60.04945    
  -2593.75000000000        118.0411    
  -2562.50000000000        79.59370    
  -2531.25000000000        50.52382    
  -2500.00000000000        161.4817    
  -2468.75000000000        27.52483    
  -2437.50000000000        122.3880    
  -2406.25000000000        74.80144    
  -2375.00000000000        38.88807    
  -2343.75000000000        179.8332    
  -2312.50000000000        110.2732    
  -2281.25000000000        41.01971    
  -2250.00000000000        58.42426    
  -2218.75000000000        85.11982    
  -2187.50000000000        127.1157    
  -2156.25000000000        119.6015    
  -2125.00000000000        90.37127    
  -2093.75000000000        94.52248    
  -2062.50000000000        51.68163    
  -2031.25000000000        26.72936    
  -2000.00000000000        41.77844    
  -1968.75000000000        102.7551    
  -1937.50000000000        77.43821    
  -1906.25000000000        44.45525    
  -1875.00000000000        97.76123    
  -1843.75000000000        123.1951    
  -1812.50000000000        320.4094    
  -1781.25000000000        385.7759    
  -1750.00000000000        204.0588    
  -1718.75000000000        145.5131    
  -1687.50000000000        172.0826    
  -1656.25000000000        217.0951    
  -1625.00000000000        134.9992    
  -1593.75000000000        73.73763    
  -1562.50000000000        265.6210    
  -1531.25000000000        195.4824    
  -1500.00000000000        39.59078    
  -1468.75000000000        106.8031    
  -1437.50000000000        65.07093    
  -1406.25000000000        89.29882    
  -1375.00000000000        174.8585    
  -1343.75000000000        120.5609    
  -1312.50000000000        108.6730    
  -1281.25000000000        109.3240    
  -1250.00000000000        261.3858    
  -1218.75000000000        69.18161    
  -1187.50000000000        38.14355    
  -1156.25000000000        187.3618    
  -1125.00000000000        25.61472    
  -1093.75000000000        103.9926    
  -1062.50000000000        216.1834    
  -1031.25000000000        87.71869    
  -1000.00000000000        88.95223    
  -968.750000000000        115.3978    
  -937.500000000000        43.84407    
  -906.250000000000        194.7020    
  -875.000000000000        113.0108    
  -843.750000000000        192.9782    
  -812.500000000000        252.2209    
  -781.250000000000        374.3484    
  -750.000000000000        258.1625    
  -718.750000000000        320.5486    
  -687.500000000000        296.8977    
  -656.250000000000        473.5275    
  -625.000000000000        27.48794    
  -593.750000000000        390.3209    
  -562.500000000000        156.0470    
  -531.250000000000        263.7179    
  -500.000000000000        387.5669    
  -468.750000000000        94.28731    
  -437.500000000000        332.5247    
  -406.250000000000        360.4450    
  -375.000000000000        875.4318    
  -343.750000000000        1334.516    
  -312.500000000000        685.3212    
  -281.250000000000        1013.228    
  -250.000000000000        487.0135    
  -218.750000000000        123.9496    
  -187.500000000000        432.3718    
  -156.250000000000        1715.996    
  -125.000000000000        1675.501    
  -93.7500000000000        636.8855    
  -62.5000000000000        1582.614    
  -31.2500000000000        2987.401    
  0.000000000000000E+000   7547.535    
   31.2500000000000        2924.318    
   62.5000000000000        1739.480    
   93.7500000000000        613.2814    
   125.000000000000        1726.390    
   156.250000000000        1784.632    
   187.500000000000        439.7831    
   218.750000000000        45.43509    
   250.000000000000        438.0551    
   281.250000000000        919.3972    
   312.500000000000        693.5153    
   343.750000000000        1327.541    
   375.000000000000        752.9338    
   406.250000000000        338.0102    
   437.500000000000        269.0809    
   468.750000000000        88.85354    
   500.000000000000        397.4093    
   531.250000000000        230.2985    
   562.500000000000        192.0062    
   593.750000000000        394.7601    
   625.000000000000        82.90234    
   656.250000000000        509.8838    
   687.500000000000        265.4340    
   718.750000000000        321.9792    
   750.000000000000        249.3256    
   781.250000000000        369.4136    
   812.500000000000        312.1746    
   843.750000000000        184.1516    
   875.000000000000        92.12679    
   906.250000000000        203.2939    
   937.500000000000        32.39128    
   968.750000000000        109.6184    
   1000.00000000000        120.0496    
   1031.25000000000        116.4179    
   1062.50000000000        209.4805    
   1093.75000000000        154.1732    
   1125.00000000000        45.70103    
   1156.25000000000        184.2533    
   1187.50000000000        51.84331    
   1218.75000000000        61.46912    
   1250.00000000000        290.1489    
   1281.25000000000        61.80321    
   1312.50000000000        104.9454    
   1343.75000000000        133.8087    
   1375.00000000000        147.7303    
   1406.25000000000        110.0405    
   1437.50000000000        54.36566    
   1468.75000000000        94.37268    
   1500.00000000000        47.23517    
   1531.25000000000        156.4642    
   1562.50000000000        268.8901    
   1593.75000000000        85.03452    
   1625.00000000000        127.7319    
   1656.25000000000        194.7951    
   1687.50000000000        177.2008    
   1718.75000000000        141.0036    
   1750.00000000000        172.5593    
   1781.25000000000        361.4777    
   1812.50000000000        272.9383    
   1843.75000000000        128.6066    
   1875.00000000000        123.6609    
   1906.25000000000        28.40034    
   1937.50000000000        54.63823    
   1968.75000000000        97.28730    
   2000.00000000000        64.19597    
   2031.25000000000        32.85371    
   2062.50000000000        86.46399    
   2093.75000000000        88.90889    
   2125.00000000000        100.0827    
   2156.25000000000        163.2417    
   2187.50000000000        120.7249    
   2218.75000000000        105.5240    
   2250.00000000000        52.32238    
   2281.25000000000        42.98082    
   2312.50000000000        116.2204    
   2343.75000000000        178.0513    
   2375.00000000000        38.79270    
   2406.25000000000        77.84669    
   2437.50000000000        116.1114    
   2468.75000000000        22.91226    
   2500.00000000000        193.0137    
   2531.25000000000        20.59116    
   2562.50000000000        93.52708    
   2593.75000000000        102.8936    
   2625.00000000000        50.59755    
   2656.25000000000        76.18871    
   2687.50000000000        172.7890    
   2718.75000000000        98.37620    
   2750.00000000000        97.81161    
   2781.25000000000        46.15942    
   2812.50000000000        182.6705    
   2843.75000000000        53.69871    
   2875.00000000000        156.2506    
   2906.25000000000        50.98672    
   2937.50000000000        253.6732    
   2968.75000000000        126.0898    
   3000.00000000000        168.1027    
   3031.25000000000        243.5903    
   3062.50000000000        280.2735    
   3093.75000000000        249.3109    
   3125.00000000000        160.9416    
   3156.25000000000        287.7715    
   3187.50000000000        131.9540    
   3218.75000000000        308.6373    
   3250.00000000000        250.3218    
   3281.25000000000        296.0983    
   3312.50000000000        292.0384    
   3343.75000000000        180.1198    
   3375.00000000000        183.9131    
   3406.25000000000        552.0618    
   3437.50000000000        192.3736    
   3468.75000000000        349.4001    
   3500.00000000000        322.3211    
   3531.25000000000        110.5601    
   3562.50000000000        354.6657    
   3593.75000000000        263.3745    
   3625.00000000000        191.8378    
   3656.25000000000        427.2533    
   3687.50000000000        354.4814    
   3718.75000000000        400.8240    
   3750.00000000000        299.5168    
   3781.25000000000        537.3451    
   3812.50000000000        321.4754    
   3843.75000000000        465.9406    
   3875.00000000000        434.0277    
   3906.25000000000        260.3288    
   3937.50000000000        582.7746    
   3968.75000000000        465.7411    
