  -2000.00000000000        264.7188    
  -1984.37500000000        172.9666    
  -1968.75000000000        111.9117    
  -1953.12500000000        234.1708    
  -1937.50000000000        1802.573    
  -1921.87500000000        635.4927    
  -1906.25000000000        135.6138    
  -1890.62500000000        412.5564    
  -1875.00000000000        762.4929    
  -1859.37500000000        648.0579    
  -1843.75000000000        324.0401    
  -1828.12500000000        440.7202    
  -1812.50000000000        317.0302    
  -1796.87500000000        205.5288    
  -1781.25000000000        229.5980    
  -1765.62500000000        304.0552    
  -1750.00000000000        1858.448    
  -1734.37500000000        815.2178    
  -1718.75000000000        555.0725    
  -1703.12500000000        427.6957    
  -1687.50000000000        241.5101    
  -1671.87500000000        200.4503    
  -1656.25000000000        136.8245    
  -1640.62500000000        142.0890    
  -1625.00000000000        122.0290    
  -1609.37500000000        371.5042    
  -1593.75000000000        503.6151    
  -1578.12500000000        260.9537    
  -1562.50000000000        1014.725    
  -1546.87500000000        1800.325    
  -1531.25000000000        266.1136    
  -1515.62500000000        53.19855    
  -1500.00000000000        515.5681    
  -1484.37500000000        250.6876    
  -1468.75000000000        99.79611    
  -1453.12500000000        207.8405    
  -1437.50000000000        44.53877    
  -1421.87500000000        184.2754    
  -1406.25000000000        676.4067    
  -1390.62500000000        261.8648    
  -1375.00000000000        290.9157    
  -1359.37500000000        863.1451    
  -1343.75000000000        172.6152    
  -1328.12500000000        122.9195    
  -1312.50000000000        98.21980    
  -1296.87500000000        314.7875    
  -1281.25000000000        193.3512    
  -1265.62500000000        115.7238    
  -1250.00000000000        287.3000    
  -1234.37500000000        251.9724    
  -1218.75000000000        268.8836    
  -1203.12500000000        697.3468    
  -1187.50000000000        586.0420    
  -1171.87500000000        1954.722    
  -1156.25000000000        2410.815    
  -1140.62500000000        780.2401    
  -1125.00000000000        366.5763    
  -1109.37500000000        310.6116    
  -1093.75000000000        487.7201    
  -1078.12500000000        125.8232    
  -1062.50000000000        320.9406    
  -1046.87500000000        264.1115    
  -1031.25000000000        140.7448    
  -1015.62500000000        166.5350    
  -1000.00000000000        135.8884    
  -984.375000000000        125.9847    
  -968.750000000000        2589.522    
  -953.125000000000        337.9890    
  -937.500000000000        253.6901    
  -921.875000000000        127.7201    
  -906.250000000000        414.5472    
  -890.625000000000        154.1912    
  -875.000000000000        1.945012    
  -859.375000000000        234.0158    
  -843.750000000000        71.89771    
  -828.125000000000        355.4322    
  -812.500000000000        51.77792    
  -796.875000000000        303.6273    
  -781.250000000000        1373.490    
  -765.625000000000        290.4008    
  -750.000000000000        511.8377    
  -734.375000000000        127.2878    
  -718.750000000000        563.8150    
  -703.125000000000        254.4946    
  -687.500000000000        112.1867    
  -671.875000000000        260.5415    
  -656.250000000000        232.9269    
  -640.625000000000        354.5753    
  -625.000000000000        635.4318    
  -609.375000000000        642.5958    
  -593.750000000000        446.3550    
  -578.125000000000        2431.375    
  -562.500000000000        530.4175    
  -546.875000000000        467.8611    
  -531.250000000000        57.82005    
  -515.625000000000        223.8743    
  -500.000000000000        485.9897    
  -484.375000000000        194.3165    
  -468.750000000000        288.8069    
  -453.125000000000        309.7936    
  -437.500000000000        208.5166    
  -421.875000000000        627.5994    
  -406.250000000000        946.8651    
  -390.625000000000        7448.101    
  -375.000000000000        977.7352    
  -359.375000000000        1168.893    
  -343.750000000000        821.2252    
  -328.125000000000        734.9462    
  -312.500000000000        611.2154    
  -296.875000000000        1189.729    
  -281.250000000000        578.3026    
  -265.625000000000        1355.834    
  -250.000000000000        1519.172    
  -234.375000000000        1830.937    
  -218.750000000000        2600.753    
  -203.125000000000        8510.103    
  -187.500000000000        11074.62    
  -171.875000000000        3456.234    
  -156.250000000000        1844.024    
  -140.625000000000        1125.944    
  -125.000000000000        1244.398    
  -109.375000000000        1169.198    
  -93.7500000000000        859.4805    
  -78.1250000000000        542.3051    
  -62.5000000000000        695.4437    
  -46.8750000000000        654.7100    
  -31.2500000000000        422.5965    
  -15.6250000000000        666.3643    
  0.000000000000000E+000   186468.6    
   15.6250000000000        1014.940    
   31.2500000000000        771.7114    
   46.8750000000000        1130.039    
   62.5000000000000        236.7610    
   78.1250000000000        585.2703    
   93.7500000000000        904.0428    
   109.375000000000        881.4942    
   125.000000000000        1075.894    
   140.625000000000        987.1262    
   156.250000000000        1652.301    
   171.875000000000        2770.831    
   187.500000000000        8394.499    
   203.125000000000        5219.937    
   218.750000000000        2416.453    
   234.375000000000        1643.856    
   250.000000000000        1607.193    
   265.625000000000        893.1662    
   281.250000000000        758.3120    
   296.875000000000        800.9758    
   312.500000000000        714.9937    
   328.125000000000        714.0742    
   343.750000000000        1007.964    
   359.375000000000        1352.618    
   375.000000000000        3053.086    
   390.625000000000        10097.42    
   406.250000000000        1431.758    
   421.875000000000        845.4100    
   437.500000000000        987.8427    
   453.125000000000        214.0819    
   468.750000000000        316.5419    
   484.375000000000        319.0838    
   500.000000000000        339.1205    
   515.625000000000        361.4074    
   531.250000000000        86.97105    
   546.875000000000        749.9125    
   562.500000000000        646.3008    
   578.125000000000        3746.245    
   593.750000000000        2422.771    
   609.375000000000        898.4091    
   625.000000000000        616.6041    
   640.625000000000        704.4565    
   656.250000000000        587.3315    
   671.875000000000        570.8735    
   687.500000000000        814.5297    
   703.125000000000        482.4320    
   718.750000000000        410.9268    
   734.375000000000        866.4415    
   750.000000000000        1370.588    
   765.625000000000        3106.027    
   781.250000000000        4473.370    
   796.875000000000        1385.890    
   812.500000000000        819.2283    
   828.125000000000        389.3008    
   843.750000000000        575.1441    
   859.375000000000        264.1870    
   875.000000000000        259.6586    
   890.625000000000        364.7252    
   906.250000000000        347.9764    
   921.875000000000        116.2409    
   937.500000000000        65.76999    
   953.125000000000        196.0256    
   968.750000000000        3030.199    
   984.375000000000        199.3545    
   1000.00000000000        82.73933    
   1015.62500000000        253.9885    
   1031.25000000000        571.6552    
   1046.87500000000        419.8622    
   1062.50000000000        390.0757    
   1078.12500000000        90.97182    
   1093.75000000000        429.9933    
   1109.37500000000        1120.303    
   1125.00000000000        601.4915    
   1140.62500000000        987.0367    
   1156.25000000000        3158.109    
   1171.87500000000        2424.064    
   1187.50000000000        837.8839    
   1203.12500000000        581.1097    
   1218.75000000000        262.6759    
   1234.37500000000        149.4015    
   1250.00000000000        361.4060    
   1265.62500000000        75.60981    
   1281.25000000000        106.6361    
   1296.87500000000        262.4112    
   1312.50000000000        127.4855    
   1328.12500000000        98.66926    
   1343.75000000000        413.3788    
   1359.37500000000        2524.736    
   1375.00000000000        222.3109    
   1390.62500000000        385.4629    
   1406.25000000000        516.8326    
   1421.87500000000        144.6532    
   1437.50000000000        254.1550    
   1453.12500000000        178.3136    
   1468.75000000000        306.4193    
   1484.37500000000        386.4724    
   1500.00000000000        848.6980    
   1515.62500000000        345.1661    
   1531.25000000000        215.4844    
   1546.87500000000        1320.295    
   1562.50000000000        228.1006    
   1578.12500000000        102.3738    
   1593.75000000000        260.5653    
   1609.37500000000        155.0196    
   1625.00000000000        140.1355    
   1640.62500000000        109.7152    
   1656.25000000000        71.02023    
   1671.87500000000        603.9167    
   1687.50000000000        338.4540    
   1703.12500000000        98.27337    
   1718.75000000000        441.4303    
   1734.37500000000        413.3149    
   1750.00000000000        1784.379    
   1765.62500000000        447.0055    
   1781.25000000000        608.2737    
   1796.87500000000        422.3779    
   1812.50000000000        26.59666    
   1828.12500000000        606.1700    
   1843.75000000000        190.3019    
   1859.37500000000        766.2759    
   1875.00000000000        711.6478    
   1890.62500000000        372.9292    
   1906.25000000000        193.0681    
   1921.87500000000        555.3493    
   1937.50000000000        1370.599    
   1953.12500000000        71.54238    
   1968.75000000000        189.4736    
   1984.37500000000        45.68862    
