  -4000.00000000000        227.4104    
  -3968.75000000000        419.0263    
  -3937.50000000000        537.3671    
  -3906.25000000000        259.1379    
  -3875.00000000000        388.5715    
  -3843.75000000000        414.2136    
  -3812.50000000000        302.0533    
  -3781.25000000000        429.6418    
  -3750.00000000000        285.8484    
  -3718.75000000000        351.6930    
  -3687.50000000000        328.0840    
  -3656.25000000000        380.2058    
  -3625.00000000000        195.0690    
  -3593.75000000000        258.8468    
  -3562.50000000000        270.6205    
  -3531.25000000000        99.77984    
  -3500.00000000000        315.9069    
  -3468.75000000000        272.8423    
  -3437.50000000000        163.1451    
  -3406.25000000000        471.1980    
  -3375.00000000000        154.2620    
  -3343.75000000000        152.8752    
  -3312.50000000000        263.6465    
  -3281.25000000000        228.3120    
  -3250.00000000000        201.9379    
  -3218.75000000000        241.2643    
  -3187.50000000000        108.8932    
  -3156.25000000000        292.7202    
  -3125.00000000000        163.7209    
  -3093.75000000000        224.8779    
  -3062.50000000000        251.9697    
  -3031.25000000000        188.9389    
  -3000.00000000000        130.1676    
  -2968.75000000000        132.5143    
  -2937.50000000000        220.1887    
  -2906.25000000000        35.90495    
  -2875.00000000000        129.8555    
  -2843.75000000000        62.95716    
  -2812.50000000000        141.8265    
  -2781.25000000000        58.31365    
  -2750.00000000000        68.61665    
  -2718.75000000000        83.55492    
  -2687.50000000000        150.3541    
  -2656.25000000000        60.63038    
  -2625.00000000000        43.59481    
  -2593.75000000000        109.1915    
  -2562.50000000000        64.42912    
  -2531.25000000000        22.07442    
  -2500.00000000000        152.9944    
  -2468.75000000000        10.31889    
  -2437.50000000000        100.9912    
  -2406.25000000000        58.25835    
  -2375.00000000000        24.21970    
  -2343.75000000000        151.1858    
  -2312.50000000000        101.9348    
  -2281.25000000000        40.61837    
  -2250.00000000000        45.99643    
  -2218.75000000000        85.00508    
  -2187.50000000000        120.2310    
  -2156.25000000000        120.2690    
  -2125.00000000000        68.65640    
  -2093.75000000000        92.40079    
  -2062.50000000000        70.38638    
  -2031.25000000000        30.38204    
  -2000.00000000000        55.76417    
  -1968.75000000000        81.98170    
  -1937.50000000000        50.00579    
  -1906.25000000000        41.85994    
  -1875.00000000000        90.00069    
  -1843.75000000000        110.7310    
  -1812.50000000000        288.8527    
  -1781.25000000000        337.0743    
  -1750.00000000000        166.8151    
  -1718.75000000000        119.4469    
  -1687.50000000000        166.3217    
  -1656.25000000000        201.7595    
  -1625.00000000000        121.0382    
  -1593.75000000000        65.81123    
  -1562.50000000000        230.6197    
  -1531.25000000000        147.3092    
  -1500.00000000000        48.39865    
  -1468.75000000000        81.04952    
  -1437.50000000000        47.52824    
  -1406.25000000000        93.52857    
  -1375.00000000000        149.0652    
  -1343.75000000000        122.8973    
  -1312.50000000000        90.11177    
  -1281.25000000000        95.93367    
  -1250.00000000000        244.4061    
  -1218.75000000000        42.21203    
  -1187.50000000000        48.51009    
  -1156.25000000000        161.8962    
  -1125.00000000000        38.43021    
  -1093.75000000000        99.24075    
  -1062.50000000000        196.3212    
  -1031.25000000000        71.64848    
  -1000.00000000000        109.0030    
  -968.750000000000        90.73200    
  -937.500000000000        49.20383    
  -906.250000000000        197.3197    
  -875.000000000000        103.4108    
  -843.750000000000        147.8074    
  -812.500000000000        246.2973    
  -781.250000000000        310.5796    
  -750.000000000000        251.6715    
  -718.750000000000        308.4812    
  -687.500000000000        269.7857    
  -656.250000000000        470.8222    
  -625.000000000000        37.43143    
  -593.750000000000        350.6431    
  -562.500000000000        129.5995    
  -531.250000000000        208.5148    
  -500.000000000000        335.7130    
  -468.750000000000        87.40874    
  -437.500000000000        286.9283    
  -406.250000000000        327.1257    
  -375.000000000000        753.9775    
  -343.750000000000        1212.436    
  -312.500000000000        634.3488    
  -281.250000000000        880.3280    
  -250.000000000000        444.9681    
  -218.750000000000        74.03334    
  -187.500000000000        399.3268    
  -156.250000000000        1498.624    
  -125.000000000000        1483.056    
  -93.7500000000000        521.9047    
  -62.5000000000000        1458.004    
  -31.2500000000000        2651.185    
  0.000000000000000E+000   6138.772    
   31.2500000000000        2582.097    
   62.5000000000000        1534.541    
   93.7500000000000        588.4970    
   125.000000000000        1552.110    
   156.250000000000        1586.177    
   187.500000000000        403.9350    
   218.750000000000        21.97329    
   250.000000000000        432.2061    
   281.250000000000        824.2908    
   312.500000000000        614.8057    
   343.750000000000        1178.489    
   375.000000000000        705.3660    
   406.250000000000        307.7033    
   437.500000000000        242.3434    
   468.750000000000        84.99409    
   500.000000000000        332.7811    
   531.250000000000        238.2692    
   562.500000000000        139.5120    
   593.750000000000        344.3245    
   625.000000000000        37.83326    
   656.250000000000        470.3578    
   687.500000000000        250.4854    
   718.750000000000        313.7016    
   750.000000000000        241.3275    
   781.250000000000        323.1656    
   812.500000000000        244.0911    
   843.750000000000        141.0562    
   875.000000000000        95.24140    
   906.250000000000        179.3354    
   937.500000000000        46.88758    
   968.750000000000        104.2814    
   1000.00000000000        106.4795    
   1031.25000000000        76.49281    
   1062.50000000000        178.7661    
   1093.75000000000        96.58263    
   1125.00000000000        39.41529    
   1156.25000000000        171.4058    
   1187.50000000000        47.13958    
   1218.75000000000        56.74889    
   1250.00000000000        260.9494    
   1281.25000000000        68.96423    
   1312.50000000000        96.50194    
   1343.75000000000        118.2560    
   1375.00000000000        157.7500    
   1406.25000000000        96.40156    
   1437.50000000000        44.59712    
   1468.75000000000        77.67890    
   1500.00000000000        31.83050    
   1531.25000000000        129.3343    
   1562.50000000000        228.4625    
   1593.75000000000        62.35719    
   1625.00000000000        112.1110    
   1656.25000000000        175.1079    
   1687.50000000000        173.3798    
   1718.75000000000        112.4686    
   1750.00000000000        168.6750    
   1781.25000000000        319.8722    
   1812.50000000000        267.4675    
   1843.75000000000        104.5130    
   1875.00000000000        85.04263    
   1906.25000000000        36.59552    
   1937.50000000000        54.66534    
   1968.75000000000        82.28315    
   2000.00000000000        42.12941    
   2031.25000000000        18.15656    
   2062.50000000000        73.19997    
   2093.75000000000        92.26121    
   2125.00000000000        72.84451    
   2156.25000000000        125.7046    
   2187.50000000000        120.8531    
   2218.75000000000        87.77435    
   2250.00000000000        52.55564    
   2281.25000000000        46.57949    
   2312.50000000000        98.59399    
   2343.75000000000        164.4408    
   2375.00000000000        33.60906    
   2406.25000000000        58.56618    
   2437.50000000000        104.6710    
   2468.75000000000        13.35247    
   2500.00000000000        160.9125    
   2531.25000000000        21.68127    
   2562.50000000000        73.33635    
   2593.75000000000        108.0089    
   2625.00000000000        41.63604    
   2656.25000000000        61.86970    
   2687.50000000000        161.9452    
   2718.75000000000        83.54250    
   2750.00000000000        78.61094    
   2781.25000000000        52.75979    
   2812.50000000000        165.8327    
   2843.75000000000        75.33382    
   2875.00000000000        156.4842    
   2906.25000000000        30.94453    
   2937.50000000000        224.1201    
   2968.75000000000        117.1805    
   3000.00000000000        126.3129    
   3031.25000000000        211.7777    
   3062.50000000000        243.6357    
   3093.75000000000        215.8483    
   3125.00000000000        153.4148    
   3156.25000000000        275.1738    
   3187.50000000000        116.9763    
   3218.75000000000        276.2832    
   3250.00000000000        223.6947    
   3281.25000000000        247.5114    
   3312.50000000000        260.0208    
   3343.75000000000        149.7677    
   3375.00000000000        153.7936    
   3406.25000000000        480.0407    
   3437.50000000000        150.3952    
   3468.75000000000        303.3806    
   3500.00000000000        303.6634    
   3531.25000000000        99.62895    
   3562.50000000000        279.5027    
   3593.75000000000        225.0552    
   3625.00000000000        169.0579    
   3656.25000000000        388.5589    
   3687.50000000000        316.3282    
   3718.75000000000        342.1059    
   3750.00000000000        257.9276    
   3781.25000000000        468.6948    
   3812.50000000000        291.5436    
   3843.75000000000        434.1328    
   3875.00000000000        363.6622    
   3906.25000000000        242.1553    
   3937.50000000000        517.7304    
   3968.75000000000        416.8595    
