  -2000.00000000000        14.22587    
  -1984.37500000000        5.473716    
  -1968.75000000000        12.84645    
  -1953.12500000000        3.735321    
  -1937.50000000000        10.13955    
  -1921.87500000000        19.84505    
  -1906.25000000000        9.219007    
  -1890.62500000000        10.54328    
  -1875.00000000000        6.587174    
  -1859.37500000000        8.839542    
  -1843.75000000000        4.206791    
  -1828.12500000000        27.02826    
  -1812.50000000000        6.592456    
  -1796.87500000000        3.605523    
  -1781.25000000000        19.74991    
  -1765.62500000000        10.34805    
  -1750.00000000000        42.80814    
  -1734.37500000000        15.94003    
  -1718.75000000000        20.09339    
  -1703.12500000000        3.524711    
  -1687.50000000000        1.754471    
  -1671.87500000000        5.371385    
  -1656.25000000000        10.66401    
  -1640.62500000000        11.90454    
  -1625.00000000000        6.291775    
  -1609.37500000000        6.378041    
  -1593.75000000000        14.80033    
  -1578.12500000000        15.74116    
  -1562.50000000000        8.930654    
  -1546.87500000000        65.32783    
  -1531.25000000000        18.00894    
  -1515.62500000000        14.94777    
  -1500.00000000000        38.96644    
  -1484.37500000000        20.47653    
  -1468.75000000000        8.258842    
  -1453.12500000000        6.294124    
  -1437.50000000000        11.11139    
  -1421.87500000000        7.017948    
  -1406.25000000000        12.47794    
  -1390.62500000000        7.790781    
  -1375.00000000000        5.700140    
  -1359.37500000000        37.49781    
  -1343.75000000000        13.72900    
  -1328.12500000000        14.04097    
  -1312.50000000000        7.431009    
  -1296.87500000000        32.96597    
  -1281.25000000000        17.55347    
  -1265.62500000000        15.97791    
  -1250.00000000000        42.80605    
  -1234.37500000000        8.942658    
  -1218.75000000000        27.85263    
  -1203.12500000000        37.84040    
  -1187.50000000000        52.46080    
  -1171.87500000000        132.7572    
  -1156.25000000000        119.1468    
  -1140.62500000000        31.99152    
  -1125.00000000000        17.59208    
  -1109.37500000000        12.73824    
  -1093.75000000000        30.25028    
  -1078.12500000000        12.09454    
  -1062.50000000000        6.848471    
  -1046.87500000000        6.725632    
  -1031.25000000000        6.791226    
  -1015.62500000000        4.732096    
  -1000.00000000000        6.245876    
  -984.375000000000        14.83352    
  -968.750000000000        154.9562    
  -953.125000000000        30.00085    
  -937.500000000000        20.95502    
  -921.875000000000        56.57805    
  -906.250000000000        17.53297    
  -890.625000000000        35.57292    
  -875.000000000000        12.09197    
  -859.375000000000        18.46698    
  -843.750000000000        17.93356    
  -828.125000000000        23.81747    
  -812.500000000000        25.38040    
  -796.875000000000        27.42749    
  -781.250000000000        97.28822    
  -765.625000000000        75.89814    
  -750.000000000000        22.27384    
  -734.375000000000        18.53681    
  -718.750000000000        29.15357    
  -703.125000000000        20.82832    
  -687.500000000000        26.09488    
  -671.875000000000        33.04132    
  -656.250000000000        44.79786    
  -640.625000000000        29.44373    
  -625.000000000000        74.27351    
  -609.375000000000        112.7594    
  -593.750000000000        212.1330    
  -578.125000000000        657.7421    
  -562.500000000000        117.5105    
  -546.875000000000        38.22905    
  -531.250000000000        53.71033    
  -515.625000000000        41.67888    
  -500.000000000000        22.82451    
  -484.375000000000        5.262130    
  -468.750000000000        15.83545    
  -453.125000000000        13.82740    
  -437.500000000000        27.94510    
  -421.875000000000        26.89610    
  -406.250000000000        74.38350    
  -390.625000000000        228.9826    
  -375.000000000000        89.21136    
  -359.375000000000        34.67361    
  -343.750000000000        10.39387    
  -328.125000000000        17.11099    
  -312.500000000000        30.05326    
  -296.875000000000        27.67736    
  -281.250000000000        22.66027    
  -265.625000000000        44.17438    
  -250.000000000000        56.08369    
  -234.375000000000        63.09003    
  -218.750000000000        111.4962    
  -203.125000000000        377.8727    
  -187.500000000000        518.5002    
  -171.875000000000        151.3360    
  -156.250000000000        86.83009    
  -140.625000000000        61.53946    
  -125.000000000000        47.42559    
  -109.375000000000        46.44074    
  -93.7500000000000        26.94616    
  -78.1250000000000        51.85633    
  -62.5000000000000        37.41599    
  -46.8750000000000        29.46180    
  -31.2500000000000        20.49569    
  -15.6250000000000        72.06350    
  0.000000000000000E+000   14606.95    
   15.6250000000000        79.14365    
   31.2500000000000        41.92378    
   46.8750000000000        47.39307    
   62.5000000000000        7.164046    
   78.1250000000000        53.82085    
   93.7500000000000        14.00118    
   109.375000000000        20.19806    
   125.000000000000        58.43459    
   140.625000000000        40.45008    
   156.250000000000        55.47812    
   171.875000000000        83.17879    
   187.500000000000        272.3465    
   203.125000000000        149.4620    
   218.750000000000        70.80032    
   234.375000000000        42.73349    
   250.000000000000        58.68045    
   265.625000000000        32.21070    
   281.250000000000        25.64156    
   296.875000000000        12.08480    
   312.500000000000        35.93312    
   328.125000000000        12.25915    
   343.750000000000        13.83073    
   359.375000000000        46.16023    
   375.000000000000        133.8156    
   390.625000000000        256.4246    
   406.250000000000        69.85458    
   421.875000000000        38.59394    
   437.500000000000        45.07331    
   453.125000000000        22.27056    
   468.750000000000        15.30197    
   484.375000000000        15.39782    
   500.000000000000        30.33211    
   515.625000000000        56.90747    
   531.250000000000        63.72467    
   546.875000000000        60.64552    
   562.500000000000        119.4424    
   578.125000000000        735.6109    
   593.750000000000        266.6342    
   609.375000000000        107.6031    
   625.000000000000        72.18492    
   640.625000000000        48.40052    
   656.250000000000        57.08194    
   671.875000000000        43.34276    
   687.500000000000        51.60659    
   703.125000000000        58.44000    
   718.750000000000        35.68319    
   734.375000000000        44.32158    
   750.000000000000        55.31521    
   765.625000000000        143.8333    
   781.250000000000        149.6977    
   796.875000000000        47.76445    
   812.500000000000        30.05643    
   828.125000000000        26.05647    
   843.750000000000        24.16353    
   859.375000000000        6.121354    
   875.000000000000        16.11057    
   890.625000000000        4.644019    
   906.250000000000        34.02517    
   921.875000000000        41.81301    
   937.500000000000        17.67795    
   953.125000000000        23.48568    
   968.750000000000        117.8122    
   984.375000000000        15.40042    
   1000.00000000000        12.65507    
   1015.62500000000        13.67595    
   1031.25000000000        16.01459    
   1046.87500000000        12.48357    
   1062.50000000000        12.47736    
   1078.12500000000        22.06753    
   1093.75000000000        24.98577    
   1109.37500000000        29.40868    
   1125.00000000000        18.43985    
   1140.62500000000        43.29795    
   1156.25000000000        129.0051    
   1171.87500000000        129.3879    
   1187.50000000000        45.08191    
   1203.12500000000        29.00513    
   1218.75000000000        18.00983    
   1234.37500000000        26.74946    
   1250.00000000000        44.91023    
   1265.62500000000        20.90879    
   1281.25000000000        23.41122    
   1296.87500000000        11.83404    
   1312.50000000000        2.981780    
   1328.12500000000        2.285542    
   1343.75000000000        9.666008    
   1359.37500000000        26.74503    
   1375.00000000000        17.42797    
   1390.62500000000        11.13938    
   1406.25000000000        13.69886    
   1421.87500000000        20.49200    
   1437.50000000000        6.578660    
   1453.12500000000        8.000160    
   1468.75000000000        14.92993    
   1484.37500000000        5.465619    
   1500.00000000000        39.51588    
   1515.62500000000        8.258290    
   1531.25000000000        14.53542    
   1546.87500000000        25.79889    
   1562.50000000000        23.36153    
   1578.12500000000        27.06280    
   1593.75000000000        6.197308    
   1609.37500000000        9.327895    
   1625.00000000000        19.68369    
   1640.62500000000        16.43406    
   1656.25000000000        9.401927    
   1671.87500000000        6.095965    
   1687.50000000000        10.52804    
   1703.12500000000        9.573290    
   1718.75000000000        7.646410    
   1734.37500000000        5.185906    
   1750.00000000000        38.69003    
   1765.62500000000        10.16899    
   1781.25000000000        13.27192    
   1796.87500000000        12.98164    
   1812.50000000000        11.37977    
   1828.12500000000        21.62760    
   1843.75000000000        7.268596    
   1859.37500000000        6.568909    
   1875.00000000000        15.32878    
   1890.62500000000        15.97544    
   1906.25000000000        9.981060    
   1921.87500000000        19.36905    
   1937.50000000000        17.36254    
   1953.12500000000        15.18451    
   1968.75000000000        14.87767    
   1984.37500000000        3.796689    
