  -4000.00000000000        258.2523    
  -3968.75000000000        463.1411    
  -3937.50000000000        599.2915    
  -3906.25000000000        276.2011    
  -3875.00000000000        437.0985    
  -3843.75000000000        458.7881    
  -3812.50000000000        369.5522    
  -3781.25000000000        495.6068    
  -3750.00000000000        321.6466    
  -3718.75000000000        392.5452    
  -3687.50000000000        349.6353    
  -3656.25000000000        429.0564    
  -3625.00000000000        216.1496    
  -3593.75000000000        300.3170    
  -3562.50000000000        301.9720    
  -3531.25000000000        99.29250    
  -3500.00000000000        367.7955    
  -3468.75000000000        332.4509    
  -3437.50000000000        168.2165    
  -3406.25000000000        565.0726    
  -3375.00000000000        149.4683    
  -3343.75000000000        144.8827    
  -3312.50000000000        311.5225    
  -3281.25000000000        257.7848    
  -3250.00000000000        230.0296    
  -3218.75000000000        260.5049    
  -3187.50000000000        124.8848    
  -3156.25000000000        314.7357    
  -3125.00000000000        227.6826    
  -3093.75000000000        253.5103    
  -3062.50000000000        300.3834    
  -3031.25000000000        206.3611    
  -3000.00000000000        101.1085    
  -2968.75000000000        150.1868    
  -2937.50000000000        244.8050    
  -2906.25000000000        56.45629    
  -2875.00000000000        163.7694    
  -2843.75000000000        81.99654    
  -2812.50000000000        168.1761    
  -2781.25000000000        97.79066    
  -2750.00000000000        113.7178    
  -2718.75000000000        72.76890    
  -2687.50000000000        157.6981    
  -2656.25000000000        87.27780    
  -2625.00000000000        26.55514    
  -2593.75000000000        131.7736    
  -2562.50000000000        89.64196    
  -2531.25000000000        53.59132    
  -2500.00000000000        166.5182    
  -2468.75000000000        15.07599    
  -2437.50000000000        128.8386    
  -2406.25000000000        56.81293    
  -2375.00000000000        17.01868    
  -2343.75000000000        167.5686    
  -2312.50000000000        101.5741    
  -2281.25000000000        64.35406    
  -2250.00000000000        60.53361    
  -2218.75000000000        98.34809    
  -2187.50000000000        137.0345    
  -2156.25000000000        134.9996    
  -2125.00000000000        75.42513    
  -2093.75000000000        110.0410    
  -2062.50000000000        68.40369    
  -2031.25000000000        47.69005    
  -2000.00000000000        65.53562    
  -1968.75000000000        76.76714    
  -1937.50000000000        48.41307    
  -1906.25000000000        47.96024    
  -1875.00000000000        98.59158    
  -1843.75000000000        106.0042    
  -1812.50000000000        322.5738    
  -1781.25000000000        417.9993    
  -1750.00000000000        196.8861    
  -1718.75000000000        129.5170    
  -1687.50000000000        195.9743    
  -1656.25000000000        236.4440    
  -1625.00000000000        137.6089    
  -1593.75000000000        75.80273    
  -1562.50000000000        280.1079    
  -1531.25000000000        159.0970    
  -1500.00000000000        52.76199    
  -1468.75000000000        76.39940    
  -1437.50000000000        56.62649    
  -1406.25000000000        100.6651    
  -1375.00000000000        177.0134    
  -1343.75000000000        129.7361    
  -1312.50000000000        93.73441    
  -1281.25000000000        107.6484    
  -1250.00000000000        279.4989    
  -1218.75000000000        56.67072    
  -1187.50000000000        53.85246    
  -1156.25000000000        200.8677    
  -1125.00000000000        36.78375    
  -1093.75000000000        126.5957    
  -1062.50000000000        227.9532    
  -1031.25000000000        85.73592    
  -1000.00000000000        105.9586    
  -968.750000000000        83.59735    
  -937.500000000000        54.81710    
  -906.250000000000        199.8662    
  -875.000000000000        141.2966    
  -843.750000000000        159.0637    
  -812.500000000000        309.8175    
  -781.250000000000        360.9249    
  -750.000000000000        308.1767    
  -718.750000000000        312.2178    
  -687.500000000000        309.8066    
  -656.250000000000        531.4929    
  -625.000000000000        64.21967    
  -593.750000000000        402.8129    
  -562.500000000000        136.1164    
  -531.250000000000        241.2070    
  -500.000000000000        385.4547    
  -468.750000000000        101.1496    
  -437.500000000000        349.9655    
  -406.250000000000        369.8799    
  -375.000000000000        871.6497    
  -343.750000000000        1401.676    
  -312.500000000000        757.5315    
  -281.250000000000        1014.330    
  -250.000000000000        508.5761    
  -218.750000000000        110.4806    
  -187.500000000000        477.9626    
  -156.250000000000        1667.382    
  -125.000000000000        1638.472    
  -93.7500000000000        578.5200    
  -62.5000000000000        1643.489    
  -31.2500000000000        3076.726    
  0.000000000000000E+000   8753.320    
   31.2500000000000        2945.319    
   62.5000000000000        1793.739    
   93.7500000000000        693.3213    
   125.000000000000        1805.264    
   156.250000000000        1863.984    
   187.500000000000        508.5499    
   218.750000000000        24.48680    
   250.000000000000        489.1783    
   281.250000000000        874.9890    
   312.500000000000        728.9365    
   343.750000000000        1330.948    
   375.000000000000        776.2755    
   406.250000000000        347.8105    
   437.500000000000        281.7497    
   468.750000000000        57.85495    
   500.000000000000        474.2673    
   531.250000000000        302.8838    
   562.500000000000        157.2727    
   593.750000000000        380.7351    
   625.000000000000        66.96008    
   656.250000000000        564.6163    
   687.500000000000        284.2003    
   718.750000000000        347.2457    
   750.000000000000        292.9537    
   781.250000000000        366.1582    
   812.500000000000        273.0383    
   843.750000000000        135.3034    
   875.000000000000        102.9280    
   906.250000000000        242.5600    
   937.500000000000        76.26353    
   968.750000000000        128.8464    
   1000.00000000000        104.7374    
   1031.25000000000        106.2301    
   1062.50000000000        165.7497    
   1093.75000000000        117.9097    
   1125.00000000000        36.73588    
   1156.25000000000        166.9115    
   1187.50000000000        49.18003    
   1218.75000000000        51.47177    
   1250.00000000000        316.2462    
   1281.25000000000        85.55287    
   1312.50000000000        105.6878    
   1343.75000000000        160.1652    
   1375.00000000000        184.4197    
   1406.25000000000        116.2466    
   1437.50000000000        47.53283    
   1468.75000000000        96.64715    
   1500.00000000000        42.38170    
   1531.25000000000        139.5273    
   1562.50000000000        253.0603    
   1593.75000000000        66.44884    
   1625.00000000000        130.8776    
   1656.25000000000        177.6420    
   1687.50000000000        181.9599    
   1718.75000000000        114.2757    
   1750.00000000000        195.7331    
   1781.25000000000        368.0146    
   1812.50000000000        287.3169    
   1843.75000000000        119.9416    
   1875.00000000000        117.1416    
   1906.25000000000        37.39364    
   1937.50000000000        55.20283    
   1968.75000000000        65.51857    
   2000.00000000000        39.29026    
   2031.25000000000        32.86346    
   2062.50000000000        91.98356    
   2093.75000000000        113.1044    
   2125.00000000000        87.77071    
   2156.25000000000        141.9615    
   2187.50000000000        116.6809    
   2218.75000000000        92.02320    
   2250.00000000000        77.45458    
   2281.25000000000        65.38528    
   2312.50000000000        96.20679    
   2343.75000000000        206.0981    
   2375.00000000000        29.15444    
   2406.25000000000        67.80645    
   2437.50000000000        128.8352    
   2468.75000000000        12.15363    
   2500.00000000000        193.3197    
   2531.25000000000        43.76799    
   2562.50000000000        68.50903    
   2593.75000000000        141.9441    
   2625.00000000000        73.07666    
   2656.25000000000        64.35848    
   2687.50000000000        178.0688    
   2718.75000000000        106.4049    
   2750.00000000000        73.19656    
   2781.25000000000        42.48042    
   2812.50000000000        178.2281    
   2843.75000000000        85.21631    
   2875.00000000000        200.0120    
   2906.25000000000        40.95039    
   2937.50000000000        248.3578    
   2968.75000000000        134.8473    
   3000.00000000000        161.3451    
   3031.25000000000        241.8904    
   3062.50000000000        292.6991    
   3093.75000000000        262.2730    
   3125.00000000000        185.3900    
   3156.25000000000        334.6801    
   3187.50000000000        126.8669    
   3218.75000000000        323.6906    
   3250.00000000000        246.8620    
   3281.25000000000        302.1971    
   3312.50000000000        292.9590    
   3343.75000000000        179.5875    
   3375.00000000000        177.8302    
   3406.25000000000        567.3638    
   3437.50000000000        166.9986    
   3468.75000000000        358.5434    
   3500.00000000000        350.7428    
   3531.25000000000        99.33870    
   3562.50000000000        355.1596    
   3593.75000000000        267.7380    
   3625.00000000000        194.5968    
   3656.25000000000        437.1896    
   3687.50000000000        374.0082    
   3718.75000000000        378.7996    
   3750.00000000000        316.4730    
   3781.25000000000        526.4002    
   3812.50000000000        304.3442    
   3843.75000000000        502.4590    
   3875.00000000000        432.6975    
   3906.25000000000        282.0068    
   3937.50000000000        579.6459    
   3968.75000000000        503.2818    
