  -4000.00000000000        196.7178    
  -3968.75000000000        361.7039    
  -3937.50000000000        458.5907    
  -3906.25000000000        217.0323    
  -3875.00000000000        327.5218    
  -3843.75000000000        369.3528    
  -3812.50000000000        264.2071    
  -3781.25000000000        388.7534    
  -3750.00000000000        238.6855    
  -3718.75000000000        301.6425    
  -3687.50000000000        277.2126    
  -3656.25000000000        338.3139    
  -3625.00000000000        157.3443    
  -3593.75000000000        214.2007    
  -3562.50000000000        236.2672    
  -3531.25000000000        84.78197    
  -3500.00000000000        272.6908    
  -3468.75000000000        252.3211    
  -3437.50000000000        150.6876    
  -3406.25000000000        419.0092    
  -3375.00000000000        126.9236    
  -3343.75000000000        120.7198    
  -3312.50000000000        235.0717    
  -3281.25000000000        215.5814    
  -3250.00000000000        182.7415    
  -3218.75000000000        225.9949    
  -3187.50000000000        99.82205    
  -3156.25000000000        241.7155    
  -3125.00000000000        141.4420    
  -3093.75000000000        190.3505    
  -3062.50000000000        221.5123    
  -3031.25000000000        172.4176    
  -3000.00000000000        106.5356    
  -2968.75000000000        108.9421    
  -2937.50000000000        194.9244    
  -2906.25000000000        27.39978    
  -2875.00000000000        128.5739    
  -2843.75000000000        60.59779    
  -2812.50000000000        138.9068    
  -2781.25000000000        46.65809    
  -2750.00000000000        68.80950    
  -2718.75000000000        72.69740    
  -2687.50000000000        131.7148    
  -2656.25000000000        53.55666    
  -2625.00000000000        31.70954    
  -2593.75000000000        95.73978    
  -2562.50000000000        60.87104    
  -2531.25000000000        13.46069    
  -2500.00000000000        139.7144    
  -2468.75000000000        12.93323    
  -2437.50000000000        92.64702    
  -2406.25000000000        54.48577    
  -2375.00000000000        23.42264    
  -2343.75000000000        137.5010    
  -2312.50000000000        84.62573    
  -2281.25000000000        40.35410    
  -2250.00000000000        50.80386    
  -2218.75000000000        71.70973    
  -2187.50000000000        105.9930    
  -2156.25000000000        103.9590    
  -2125.00000000000        65.02216    
  -2093.75000000000        83.37525    
  -2062.50000000000        64.94358    
  -2031.25000000000        19.12992    
  -2000.00000000000        47.46471    
  -1968.75000000000        67.00287    
  -1937.50000000000        51.72186    
  -1906.25000000000        32.17975    
  -1875.00000000000        79.57533    
  -1843.75000000000        93.37561    
  -1812.50000000000        249.2146    
  -1781.25000000000        291.1540    
  -1750.00000000000        141.2987    
  -1718.75000000000        104.9988    
  -1687.50000000000        145.9696    
  -1656.25000000000        165.1771    
  -1625.00000000000        102.2168    
  -1593.75000000000        55.66246    
  -1562.50000000000        202.1841    
  -1531.25000000000        117.8589    
  -1500.00000000000        34.56573    
  -1468.75000000000        71.90826    
  -1437.50000000000        50.75761    
  -1406.25000000000        78.44797    
  -1375.00000000000        130.9488    
  -1343.75000000000        107.7885    
  -1312.50000000000        85.22836    
  -1281.25000000000        73.76739    
  -1250.00000000000        228.0775    
  -1218.75000000000        46.57322    
  -1187.50000000000        33.47533    
  -1156.25000000000        145.6550    
  -1125.00000000000        29.14647    
  -1093.75000000000        92.48573    
  -1062.50000000000        165.9461    
  -1031.25000000000        71.53960    
  -1000.00000000000        94.45288    
  -968.750000000000        90.88233    
  -937.500000000000        37.29134    
  -906.250000000000        162.0274    
  -875.000000000000        90.77374    
  -843.750000000000        124.9622    
  -812.500000000000        220.9460    
  -781.250000000000        270.4803    
  -750.000000000000        204.7727    
  -718.750000000000        263.7768    
  -687.500000000000        230.2918    
  -656.250000000000        419.6898    
  -625.000000000000        27.77056    
  -593.750000000000        301.4271    
  -562.500000000000        119.5392    
  -531.250000000000        185.5959    
  -500.000000000000        305.9478    
  -468.750000000000        63.70494    
  -437.500000000000        231.9070    
  -406.250000000000        282.5380    
  -375.000000000000        641.6537    
  -343.750000000000        1038.708    
  -312.500000000000        541.0683    
  -281.250000000000        752.6223    
  -250.000000000000        379.6769    
  -218.750000000000        50.75397    
  -187.500000000000        358.5937    
  -156.250000000000        1360.091    
  -125.000000000000        1326.847    
  -93.7500000000000        476.4873    
  -62.5000000000000        1289.854    
  -31.2500000000000        2299.468    
  0.000000000000000E+000   5850.814    
   31.2500000000000        2264.126    
   62.5000000000000        1327.313    
   93.7500000000000        487.0487    
   125.000000000000        1333.852    
   156.250000000000        1355.733    
   187.500000000000        360.1396    
   218.750000000000        37.98160    
   250.000000000000        377.9367    
   281.250000000000        743.1910    
   312.500000000000        542.4059    
   343.750000000000        1038.519    
   375.000000000000        624.5811    
   406.250000000000        281.9395    
   437.500000000000        223.1963    
   468.750000000000        70.09142    
   500.000000000000        298.1890    
   531.250000000000        198.8719    
   562.500000000000        120.9617    
   593.750000000000        302.4584    
   625.000000000000        36.70697    
   656.250000000000        401.8240    
   687.500000000000        225.7650    
   718.750000000000        273.2845    
   750.000000000000        206.2197    
   781.250000000000        277.3236    
   812.500000000000        216.2838    
   843.750000000000        127.9775    
   875.000000000000        84.23308    
   906.250000000000        161.0404    
   937.500000000000        37.47882    
   968.750000000000        97.26039    
   1000.00000000000        90.56510    
   1031.25000000000        68.34830    
   1062.50000000000        157.9955    
   1093.75000000000        87.68805    
   1125.00000000000        26.33188    
   1156.25000000000        146.6166    
   1187.50000000000        37.56255    
   1218.75000000000        51.14203    
   1250.00000000000        226.0049    
   1281.25000000000        74.42200    
   1312.50000000000        84.33577    
   1343.75000000000        107.1880    
   1375.00000000000        133.3548    
   1406.25000000000        91.35088    
   1437.50000000000        31.28373    
   1468.75000000000        70.98645    
   1500.00000000000        33.25351    
   1531.25000000000        112.9056    
   1562.50000000000        201.5636    
   1593.75000000000        52.42332    
   1625.00000000000        103.2385    
   1656.25000000000        160.1896    
   1687.50000000000        139.8382    
   1718.75000000000        100.6643    
   1750.00000000000        146.3826    
   1781.25000000000        281.5970    
   1812.50000000000        245.8522    
   1843.75000000000        84.67152    
   1875.00000000000        82.51777    
   1906.25000000000        35.81482    
   1937.50000000000        53.88695    
   1968.75000000000        66.75625    
   2000.00000000000        39.53226    
   2031.25000000000        15.71409    
   2062.50000000000        62.04130    
   2093.75000000000        78.81426    
   2125.00000000000        62.26380    
   2156.25000000000        104.6453    
   2187.50000000000        100.8430    
   2218.75000000000        73.61239    
   2250.00000000000        51.57898    
   2281.25000000000        42.63615    
   2312.50000000000        84.50624    
   2343.75000000000        141.2057    
   2375.00000000000        23.94581    
   2406.25000000000        50.14476    
   2437.50000000000        91.74923    
   2468.75000000000        8.760765    
   2500.00000000000        138.4418    
   2531.25000000000        17.08800    
   2562.50000000000        63.13577    
   2593.75000000000        94.63300    
   2625.00000000000        36.01231    
   2656.25000000000        53.16093    
   2687.50000000000        135.6072    
   2718.75000000000        70.56618    
   2750.00000000000        68.42535    
   2781.25000000000        47.35247    
   2812.50000000000        139.5426    
   2843.75000000000        56.29932    
   2875.00000000000        130.3521    
   2906.25000000000        26.98406    
   2937.50000000000        197.9491    
   2968.75000000000        104.1046    
   3000.00000000000        109.5171    
   3031.25000000000        176.8918    
   3062.50000000000        219.8897    
   3093.75000000000        189.4058    
   3125.00000000000        137.9157    
   3156.25000000000        237.9152    
   3187.50000000000        99.42410    
   3218.75000000000        230.1384    
   3250.00000000000        188.6937    
   3281.25000000000        218.1294    
   3312.50000000000        230.6136    
   3343.75000000000        121.5754    
   3375.00000000000        127.8039    
   3406.25000000000        418.5043    
   3437.50000000000        146.3479    
   3468.75000000000        258.8699    
   3500.00000000000        266.5756    
   3531.25000000000        81.22810    
   3562.50000000000        240.9498    
   3593.75000000000        209.1141    
   3625.00000000000        153.8995    
   3656.25000000000        337.4025    
   3687.50000000000        275.8004    
   3718.75000000000        301.9422    
   3750.00000000000        236.9668    
   3781.25000000000        393.7920    
   3812.50000000000        263.0357    
   3843.75000000000        371.5032    
   3875.00000000000        325.5876    
   3906.25000000000        214.5240    
   3937.50000000000        456.2060    
   3968.75000000000        364.6604    
