  -4000.00000000000        197.7149    
  -3968.75000000000        364.5813    
  -3937.50000000000        463.0265    
  -3906.25000000000        215.9332    
  -3875.00000000000        329.9659    
  -3843.75000000000        368.7549    
  -3812.50000000000        264.5808    
  -3781.25000000000        390.6839    
  -3750.00000000000        238.1942    
  -3718.75000000000        302.7988    
  -3687.50000000000        277.1602    
  -3656.25000000000        338.9981    
  -3625.00000000000        159.2225    
  -3593.75000000000        215.6264    
  -3562.50000000000        237.2522    
  -3531.25000000000        83.04766    
  -3500.00000000000        274.7689    
  -3468.75000000000        252.0500    
  -3437.50000000000        148.0075    
  -3406.25000000000        422.1497    
  -3375.00000000000        127.6159    
  -3343.75000000000        121.1562    
  -3312.50000000000        234.7680    
  -3281.25000000000        213.4889    
  -3250.00000000000        181.8515    
  -3218.75000000000        226.9691    
  -3187.50000000000        99.49615    
  -3156.25000000000        243.8673    
  -3125.00000000000        142.6810    
  -3093.75000000000        191.5939    
  -3062.50000000000        222.8083    
  -3031.25000000000        173.9797    
  -3000.00000000000        107.0423    
  -2968.75000000000        110.9629    
  -2937.50000000000        194.4421    
  -2906.25000000000        27.84897    
  -2875.00000000000        127.7466    
  -2843.75000000000        59.59825    
  -2812.50000000000        139.8784    
  -2781.25000000000        48.13160    
  -2750.00000000000        68.36363    
  -2718.75000000000        71.65044    
  -2687.50000000000        133.1013    
  -2656.25000000000        51.68724    
  -2625.00000000000        32.77216    
  -2593.75000000000        96.24238    
  -2562.50000000000        60.38298    
  -2531.25000000000        17.98992    
  -2500.00000000000        141.4132    
  -2468.75000000000        14.16692    
  -2437.50000000000        95.01041    
  -2406.25000000000        54.05417    
  -2375.00000000000        23.83262    
  -2343.75000000000        135.1236    
  -2312.50000000000        84.85779    
  -2281.25000000000        39.53011    
  -2250.00000000000        48.52340    
  -2218.75000000000        72.66441    
  -2187.50000000000        106.3761    
  -2156.25000000000        106.9077    
  -2125.00000000000        63.56340    
  -2093.75000000000        85.69584    
  -2062.50000000000        67.66404    
  -2031.25000000000        17.10294    
  -2000.00000000000        36.73661    
  -1968.75000000000        68.95872    
  -1937.50000000000        52.31592    
  -1906.25000000000        31.29651    
  -1875.00000000000        77.10258    
  -1843.75000000000        94.86463    
  -1812.50000000000        247.6506    
  -1781.25000000000        294.6809    
  -1750.00000000000        150.6350    
  -1718.75000000000        105.4520    
  -1687.50000000000        142.6496    
  -1656.25000000000        164.9933    
  -1625.00000000000        100.7516    
  -1593.75000000000        56.58831    
  -1562.50000000000        196.8381    
  -1531.25000000000        118.1673    
  -1500.00000000000        38.13146    
  -1468.75000000000        72.49670    
  -1437.50000000000        43.45615    
  -1406.25000000000        84.85011    
  -1375.00000000000        130.4484    
  -1343.75000000000        106.7755    
  -1312.50000000000        89.95509    
  -1281.25000000000        73.22762    
  -1250.00000000000        223.3576    
  -1218.75000000000        43.51845    
  -1187.50000000000        36.55162    
  -1156.25000000000        141.5820    
  -1125.00000000000        31.58596    
  -1093.75000000000        88.58577    
  -1062.50000000000        161.0028    
  -1031.25000000000        71.03214    
  -1000.00000000000        90.08049    
  -968.750000000000        93.85136    
  -937.500000000000        30.95017    
  -906.250000000000        164.3571    
  -875.000000000000        89.58852    
  -843.750000000000        125.8257    
  -812.500000000000        216.4644    
  -781.250000000000        274.5327    
  -750.000000000000        211.8078    
  -718.750000000000        266.3832    
  -687.500000000000        227.6875    
  -656.250000000000        419.4178    
  -625.000000000000        39.54605    
  -593.750000000000        295.6474    
  -562.500000000000        112.6137    
  -531.250000000000        193.9257    
  -500.000000000000        304.7951    
  -468.750000000000        80.84577    
  -437.500000000000        240.4577    
  -406.250000000000        289.3086    
  -375.000000000000        641.1746    
  -343.750000000000        1043.075    
  -312.500000000000        551.6904    
  -281.250000000000        737.7321    
  -250.000000000000        386.2776    
  -218.750000000000        41.73890    
  -187.500000000000        351.8052    
  -156.250000000000        1317.965    
  -125.000000000000        1326.764    
  -93.7500000000000        478.4088    
  -62.5000000000000        1307.646    
  -31.2500000000000        2322.302    
  0.000000000000000E+000   5982.313    
   31.2500000000000        2291.424    
   62.5000000000000        1319.758    
   93.7500000000000        483.5097    
   125.000000000000        1353.483    
   156.250000000000        1371.395    
   187.500000000000        344.0507    
   218.750000000000        28.21024    
   250.000000000000        375.3659    
   281.250000000000        750.6940    
   312.500000000000        552.8044    
   343.750000000000        1036.407    
   375.000000000000        631.0339    
   406.250000000000        280.9919    
   437.500000000000        224.0320    
   468.750000000000        72.64125    
   500.000000000000        302.1688    
   531.250000000000        200.0867    
   562.500000000000        122.7545    
   593.750000000000        300.1641    
   625.000000000000        40.23435    
   656.250000000000        402.0321    
   687.500000000000        232.1885    
   718.750000000000        272.5715    
   750.000000000000        211.5859    
   781.250000000000        273.8800    
   812.500000000000        221.1617    
   843.750000000000        127.2828    
   875.000000000000        82.78836    
   906.250000000000        159.8469    
   937.500000000000        32.13656    
   968.750000000000        86.88953    
   1000.00000000000        96.58276    
   1031.25000000000        79.91320    
   1062.50000000000        164.0154    
   1093.75000000000        92.29272    
   1125.00000000000        37.73072    
   1156.25000000000        140.8105    
   1187.50000000000        39.04893    
   1218.75000000000        41.08701    
   1250.00000000000        221.4191    
   1281.25000000000        65.53513    
   1312.50000000000        85.28777    
   1343.75000000000        110.0048    
   1375.00000000000        131.6802    
   1406.25000000000        81.63739    
   1437.50000000000        48.00385    
   1468.75000000000        74.12172    
   1500.00000000000        39.28515    
   1531.25000000000        119.1135    
   1562.50000000000        202.3594    
   1593.75000000000        52.77082    
   1625.00000000000        100.8540    
   1656.25000000000        159.0920    
   1687.50000000000        143.5782    
   1718.75000000000        102.8509    
   1750.00000000000        147.4581    
   1781.25000000000        287.7061    
   1812.50000000000        240.4788    
   1843.75000000000        89.90067    
   1875.00000000000        77.05353    
   1906.25000000000        32.77665    
   1937.50000000000        46.19199    
   1968.75000000000        63.05753    
   2000.00000000000        43.23250    
   2031.25000000000        22.51448    
   2062.50000000000        66.32535    
   2093.75000000000        84.82526    
   2125.00000000000        63.78829    
   2156.25000000000        106.7817    
   2187.50000000000        102.7165    
   2218.75000000000        72.32758    
   2250.00000000000        55.54335    
   2281.25000000000        41.06016    
   2312.50000000000        84.25602    
   2343.75000000000        142.1394    
   2375.00000000000        24.11843    
   2406.25000000000        49.68158    
   2437.50000000000        92.90641    
   2468.75000000000        13.32939    
   2500.00000000000        141.1995    
   2531.25000000000        18.54181    
   2562.50000000000        64.71125    
   2593.75000000000        94.74230    
   2625.00000000000        36.07834    
   2656.25000000000        54.25710    
   2687.50000000000        135.7178    
   2718.75000000000        71.17858    
   2750.00000000000        72.04548    
   2781.25000000000        45.29597    
   2812.50000000000        142.3332    
   2843.75000000000        61.11575    
   2875.00000000000        136.2411    
   2906.25000000000        26.41194    
   2937.50000000000        197.2794    
   2968.75000000000        104.4509    
   3000.00000000000        115.6754    
   3031.25000000000        178.3449    
   3062.50000000000        222.9777    
   3093.75000000000        183.8094    
   3125.00000000000        143.5784    
   3156.25000000000        239.9402    
   3187.50000000000        105.4344    
   3218.75000000000        231.6798    
   3250.00000000000        189.1837    
   3281.25000000000        222.0321    
   3312.50000000000        232.0812    
   3343.75000000000        127.1104    
   3375.00000000000        130.1103    
   3406.25000000000        424.1732    
   3437.50000000000        150.5840    
   3468.75000000000        259.2334    
   3500.00000000000        268.9483    
   3531.25000000000        84.17372    
   3562.50000000000        243.9866    
   3593.75000000000        207.5271    
   3625.00000000000        154.1857    
   3656.25000000000        340.5611    
   3687.50000000000        276.2177    
   3718.75000000000        302.8039    
   3750.00000000000        235.0350    
   3781.25000000000        396.5168    
   3812.50000000000        263.4591    
   3843.75000000000        374.9775    
   3875.00000000000        325.4699    
   3906.25000000000        217.6618    
   3937.50000000000        456.1727    
   3968.75000000000        367.0693    
