  -2000.00000000000        8.231842    
  -1984.37500000000        10.51520    
  -1968.75000000000        13.21791    
  -1953.12500000000        23.26418    
  -1937.50000000000        47.54016    
  -1921.87500000000        15.15450    
  -1906.25000000000        16.08977    
  -1890.62500000000        27.20049    
  -1875.00000000000        19.25607    
  -1859.37500000000        20.59910    
  -1843.75000000000        3.933974    
  -1828.12500000000        15.66014    
  -1812.50000000000        8.494119    
  -1796.87500000000        7.152463    
  -1781.25000000000        14.45629    
  -1765.62500000000        9.070110    
  -1750.00000000000        42.85913    
  -1734.37500000000        4.280813    
  -1718.75000000000        1.687350    
  -1703.12500000000        3.961438    
  -1687.50000000000        14.72005    
  -1671.87500000000        4.899743    
  -1656.25000000000        6.778502    
  -1640.62500000000        10.80737    
  -1625.00000000000        6.516958    
  -1609.37500000000        18.64106    
  -1593.75000000000        8.070406    
  -1578.12500000000        24.30004    
  -1562.50000000000        23.86924    
  -1546.87500000000        5.714437    
  -1531.25000000000        6.635462    
  -1515.62500000000        2.175966    
  -1500.00000000000        21.58932    
  -1484.37500000000        12.41328    
  -1468.75000000000        8.077779    
  -1453.12500000000        2.194004    
  -1437.50000000000        5.299253    
  -1421.87500000000        13.50440    
  -1406.25000000000        14.28993    
  -1390.62500000000        7.156800    
  -1375.00000000000        4.508136    
  -1359.37500000000        49.55781    
  -1343.75000000000        22.30458    
  -1328.12500000000        11.93441    
  -1312.50000000000        15.75194    
  -1296.87500000000        28.83602    
  -1281.25000000000        11.77798    
  -1265.62500000000        2.385800    
  -1250.00000000000        34.86839    
  -1234.37500000000        17.16769    
  -1218.75000000000        11.93651    
  -1203.12500000000        19.91668    
  -1187.50000000000        27.65775    
  -1171.87500000000        100.5630    
  -1156.25000000000        112.9390    
  -1140.62500000000        25.60817    
  -1125.00000000000        17.22965    
  -1109.37500000000        18.06551    
  -1093.75000000000        17.53523    
  -1078.12500000000        8.130442    
  -1062.50000000000        4.790921    
  -1046.87500000000        9.523577    
  -1031.25000000000        12.11400    
  -1015.62500000000        7.975199    
  -1000.00000000000        2.228766    
  -984.375000000000        9.996932    
  -968.750000000000        91.08316    
  -953.125000000000        15.48962    
  -937.500000000000        8.892542    
  -921.875000000000        31.63907    
  -906.250000000000        20.33742    
  -890.625000000000        6.465239    
  -875.000000000000        3.368634    
  -859.375000000000        7.873389    
  -843.750000000000        12.18838    
  -828.125000000000        16.16624    
  -812.500000000000        7.737406    
  -796.875000000000        5.626351    
  -781.250000000000        33.96823    
  -765.625000000000        44.59665    
  -750.000000000000        21.83141    
  -734.375000000000        20.69971    
  -718.750000000000        35.50299    
  -703.125000000000        11.07436    
  -687.500000000000        14.81421    
  -671.875000000000        24.99291    
  -656.250000000000        37.22357    
  -640.625000000000        32.19358    
  -625.000000000000        52.11949    
  -609.375000000000        77.43476    
  -593.750000000000        158.7760    
  -578.125000000000        507.0782    
  -562.500000000000        81.55038    
  -546.875000000000        26.75945    
  -531.250000000000        38.77381    
  -515.625000000000        31.32755    
  -500.000000000000        8.886134    
  -484.375000000000        7.075056    
  -468.750000000000        12.48320    
  -453.125000000000        23.60489    
  -437.500000000000        17.48111    
  -421.875000000000        13.66787    
  -406.250000000000        38.31120    
  -390.625000000000        195.9034    
  -375.000000000000        48.31816    
  -359.375000000000        35.75649    
  -343.750000000000        14.00425    
  -328.125000000000        20.27161    
  -312.500000000000        30.65305    
  -296.875000000000        32.01448    
  -281.250000000000        15.89350    
  -265.625000000000        23.74447    
  -250.000000000000        37.84573    
  -234.375000000000        32.45540    
  -218.750000000000        67.07519    
  -203.125000000000        246.5450    
  -187.500000000000        325.5328    
  -171.875000000000        95.53434    
  -156.250000000000        49.89777    
  -140.625000000000        41.90940    
  -125.000000000000        39.42072    
  -109.375000000000        25.10601    
  -93.7500000000000        8.536842    
  -78.1250000000000        41.75449    
  -62.5000000000000        19.74059    
  -46.8750000000000        20.39857    
  -31.2500000000000        19.94042    
  -15.6250000000000        69.24270    
  0.000000000000000E+000   11926.01    
   15.6250000000000        47.54800    
   31.2500000000000        19.41983    
   46.8750000000000        34.03607    
   62.5000000000000        25.35092    
   78.1250000000000        41.36731    
   93.7500000000000        17.69951    
   109.375000000000        19.71718    
   125.000000000000        28.82133    
   140.625000000000        28.10476    
   156.250000000000        41.00811    
   171.875000000000        54.13854    
   187.500000000000        195.9121    
   203.125000000000        154.5168    
   218.750000000000        57.72893    
   234.375000000000        24.96656    
   250.000000000000        35.35302    
   265.625000000000        12.95052    
   281.250000000000        23.23302    
   296.875000000000        10.69375    
   312.500000000000        24.67413    
   328.125000000000        15.32463    
   343.750000000000        21.66221    
   359.375000000000        46.04101    
   375.000000000000        117.4028    
   390.625000000000        293.7876    
   406.250000000000        66.50785    
   421.875000000000        41.06841    
   437.500000000000        42.72169    
   453.125000000000        18.20079    
   468.750000000000        6.451500    
   484.375000000000        10.61696    
   500.000000000000        29.93196    
   515.625000000000        31.48149    
   531.250000000000        42.62696    
   546.875000000000        35.04461    
   562.500000000000        88.77965    
   578.125000000000        527.4999    
   593.750000000000        206.9890    
   609.375000000000        86.58053    
   625.000000000000        58.40854    
   640.625000000000        38.03394    
   656.250000000000        51.46088    
   671.875000000000        37.60477    
   687.500000000000        35.94767    
   703.125000000000        51.18845    
   718.750000000000        36.82568    
   734.375000000000        35.95008    
   750.000000000000        51.13161    
   765.625000000000        147.5681    
   781.250000000000        178.8524    
   796.875000000000        51.67759    
   812.500000000000        25.08533    
   828.125000000000        25.84572    
   843.750000000000        7.157776    
   859.375000000000        11.41609    
   875.000000000000        4.753170    
   890.625000000000        10.88830    
   906.250000000000        31.51603    
   921.875000000000        38.62357    
   937.500000000000        12.75861    
   953.125000000000        18.66634    
   968.750000000000        54.23804    
   984.375000000000        9.409042    
   1000.00000000000        6.207009    
   1015.62500000000        7.121810    
   1031.25000000000        3.338810    
   1046.87500000000        8.533207    
   1062.50000000000        4.743803    
   1078.12500000000        6.739563    
   1093.75000000000        27.09093    
   1109.37500000000        20.12852    
   1125.00000000000        14.33656    
   1140.62500000000        18.30002    
   1156.25000000000        72.52377    
   1171.87500000000        71.79871    
   1187.50000000000        26.65245    
   1203.12500000000        21.98553    
   1218.75000000000        25.16327    
   1234.37500000000        10.05258    
   1250.00000000000        27.81787    
   1265.62500000000        10.67579    
   1281.25000000000        11.42393    
   1296.87500000000        22.39128    
   1312.50000000000        6.086973    
   1328.12500000000        8.164423    
   1343.75000000000        18.86719    
   1359.37500000000        52.27728    
   1375.00000000000        9.652888    
   1390.62500000000        7.205339    
   1406.25000000000        4.505003    
   1421.87500000000        24.03042    
   1437.50000000000        4.957979    
   1453.12500000000        11.35594    
   1468.75000000000        4.827430    
   1484.37500000000        20.11861    
   1500.00000000000        23.47993    
   1515.62500000000        9.887615    
   1531.25000000000        11.45355    
   1546.87500000000        29.80833    
   1562.50000000000        22.55149    
   1578.12500000000        29.14542    
   1593.75000000000        10.94785    
   1609.37500000000        17.00750    
   1625.00000000000        2.632711    
   1640.62500000000        7.478981    
   1656.25000000000        8.675023    
   1671.87500000000        31.13045    
   1687.50000000000        5.629978    
   1703.12500000000        9.143635    
   1718.75000000000        17.85499    
   1734.37500000000        15.26447    
   1750.00000000000        53.92804    
   1765.62500000000        9.745341    
   1781.25000000000        8.670225    
   1796.87500000000        16.57911    
   1812.50000000000        11.00621    
   1828.12500000000        9.359602    
   1843.75000000000        4.699771    
   1859.37500000000        8.091842    
   1875.00000000000        13.57379    
   1890.62500000000        7.119861    
   1906.25000000000        11.30042    
   1921.87500000000        22.83705    
   1937.50000000000        14.09643    
   1953.12500000000        16.17505    
   1968.75000000000        6.645709    
   1984.37500000000        2.297129    
