  -4000.00000000000        292.4619    
  -3968.75000000000        487.0967    
  -3937.50000000000        625.3917    
  -3906.25000000000        284.6215    
  -3875.00000000000        449.2372    
  -3843.75000000000        464.3726    
  -3812.50000000000        369.2690    
  -3781.25000000000        500.3234    
  -3750.00000000000        346.4633    
  -3718.75000000000        423.0143    
  -3687.50000000000        370.4680    
  -3656.25000000000        446.2437    
  -3625.00000000000        249.6164    
  -3593.75000000000        349.6021    
  -3562.50000000000        280.5803    
  -3531.25000000000        120.6372    
  -3500.00000000000        380.8491    
  -3468.75000000000        321.0447    
  -3437.50000000000        214.7901    
  -3406.25000000000        584.9783    
  -3375.00000000000        188.5363    
  -3343.75000000000        141.2495    
  -3312.50000000000        328.7340    
  -3281.25000000000        281.7134    
  -3250.00000000000        227.3690    
  -3218.75000000000        274.3601    
  -3187.50000000000        153.8810    
  -3156.25000000000        332.2023    
  -3125.00000000000        203.6122    
  -3093.75000000000        258.9556    
  -3062.50000000000        300.8629    
  -3031.25000000000        226.6143    
  -3000.00000000000        113.3747    
  -2968.75000000000        136.8215    
  -2937.50000000000        264.4928    
  -2906.25000000000        46.00055    
  -2875.00000000000        149.7456    
  -2843.75000000000        77.67211    
  -2812.50000000000        216.4464    
  -2781.25000000000        64.68010    
  -2750.00000000000        98.59429    
  -2718.75000000000        96.85468    
  -2687.50000000000        187.4610    
  -2656.25000000000        89.02430    
  -2625.00000000000        29.25386    
  -2593.75000000000        118.8317    
  -2562.50000000000        98.82691    
  -2531.25000000000        58.33192    
  -2500.00000000000        173.2015    
  -2468.75000000000        13.28468    
  -2437.50000000000        108.1151    
  -2406.25000000000        68.08882    
  -2375.00000000000        16.51074    
  -2343.75000000000        191.6111    
  -2312.50000000000        101.3231    
  -2281.25000000000        53.46146    
  -2250.00000000000        68.26257    
  -2218.75000000000        100.2028    
  -2187.50000000000        155.7036    
  -2156.25000000000        131.3240    
  -2125.00000000000        100.9418    
  -2093.75000000000        110.8203    
  -2062.50000000000        84.03715    
  -2031.25000000000        39.32499    
  -2000.00000000000        87.67435    
  -1968.75000000000        71.23936    
  -1937.50000000000        71.54281    
  -1906.25000000000        56.94775    
  -1875.00000000000        115.1292    
  -1843.75000000000        101.0329    
  -1812.50000000000        378.5710    
  -1781.25000000000        409.4324    
  -1750.00000000000        214.9096    
  -1718.75000000000        151.9829    
  -1687.50000000000        171.3877    
  -1656.25000000000        260.4295    
  -1625.00000000000        138.4594    
  -1593.75000000000        95.25676    
  -1562.50000000000        269.8058    
  -1531.25000000000        150.9689    
  -1500.00000000000        85.81580    
  -1468.75000000000        97.77404    
  -1437.50000000000        60.01749    
  -1406.25000000000        102.4729    
  -1375.00000000000        196.5706    
  -1343.75000000000        154.8580    
  -1312.50000000000        91.42250    
  -1281.25000000000        95.86421    
  -1250.00000000000        275.9309    
  -1218.75000000000        56.99492    
  -1187.50000000000        100.3980    
  -1156.25000000000        247.4633    
  -1125.00000000000        64.61642    
  -1093.75000000000        91.89830    
  -1062.50000000000        253.7340    
  -1031.25000000000        87.30602    
  -1000.00000000000        98.84352    
  -968.750000000000        130.9569    
  -937.500000000000        70.77757    
  -906.250000000000        196.8958    
  -875.000000000000        122.7841    
  -843.750000000000        143.6240    
  -812.500000000000        286.1916    
  -781.250000000000        390.2650    
  -750.000000000000        218.1692    
  -718.750000000000        335.2155    
  -687.500000000000        271.2462    
  -656.250000000000        600.6862    
  -625.000000000000        51.16233    
  -593.750000000000        373.7809    
  -562.500000000000        160.9006    
  -531.250000000000        269.7352    
  -500.000000000000        400.1711    
  -468.750000000000        123.8080    
  -437.500000000000        363.7596    
  -406.250000000000        411.7245    
  -375.000000000000        872.7744    
  -343.750000000000        1496.493    
  -312.500000000000        736.0533    
  -281.250000000000        1100.715    
  -250.000000000000        531.8762    
  -218.750000000000        114.0924    
  -187.500000000000        463.9163    
  -156.250000000000        1818.863    
  -125.000000000000        1699.662    
  -93.7500000000000        676.7570    
  -62.5000000000000        1688.824    
  -31.2500000000000        3189.530    
  0.000000000000000E+000   7877.246    
   31.2500000000000        3056.730    
   62.5000000000000        1888.092    
   93.7500000000000        702.7726    
   125.000000000000        1837.809    
   156.250000000000        1932.703    
   187.500000000000        481.9610    
   218.750000000000        7.713955    
   250.000000000000        502.5180    
   281.250000000000        957.9078    
   312.500000000000        738.9689    
   343.750000000000        1384.436    
   375.000000000000        818.4734    
   406.250000000000        337.9064    
   437.500000000000        275.3767    
   468.750000000000        82.11253    
   500.000000000000        407.1122    
   531.250000000000        285.5532    
   562.500000000000        132.5646    
   593.750000000000        437.4633    
   625.000000000000        102.4900    
   656.250000000000        597.1627    
   687.500000000000        309.9677    
   718.750000000000        344.9293    
   750.000000000000        285.2307    
   781.250000000000        375.3840    
   812.500000000000        307.4134    
   843.750000000000        166.9549    
   875.000000000000        110.2172    
   906.250000000000        207.4993    
   937.500000000000        26.88491    
   968.750000000000        141.7816    
   1000.00000000000        116.5706    
   1031.25000000000        109.3795    
   1062.50000000000        268.5620    
   1093.75000000000        116.7645    
   1125.00000000000        66.43704    
   1156.25000000000        228.8180    
   1187.50000000000        62.12294    
   1218.75000000000        30.80752    
   1250.00000000000        313.4575    
   1281.25000000000        78.55161    
   1312.50000000000        105.3700    
   1343.75000000000        179.2530    
   1375.00000000000        163.9344    
   1406.25000000000        113.7732    
   1437.50000000000        55.51031    
   1468.75000000000        99.98412    
   1500.00000000000        40.31721    
   1531.25000000000        139.9713    
   1562.50000000000        277.2023    
   1593.75000000000        66.95488    
   1625.00000000000        140.5556    
   1656.25000000000        191.8969    
   1687.50000000000        185.1763    
   1718.75000000000        117.0162    
   1750.00000000000        192.2676    
   1781.25000000000        369.4573    
   1812.50000000000        284.8601    
   1843.75000000000        122.1656    
   1875.00000000000        129.0217    
   1906.25000000000        36.43506    
   1937.50000000000        58.35025    
   1968.75000000000        94.86969    
   2000.00000000000        59.61602    
   2031.25000000000        20.68708    
   2062.50000000000        93.11630    
   2093.75000000000        94.00110    
   2125.00000000000        67.55066    
   2156.25000000000        155.0150    
   2187.50000000000        115.1361    
   2218.75000000000        88.99973    
   2250.00000000000        77.41510    
   2281.25000000000        70.29498    
   2312.50000000000        121.2512    
   2343.75000000000        213.9213    
   2375.00000000000        48.89646    
   2406.25000000000        61.07331    
   2437.50000000000        133.2550    
   2468.75000000000        21.93578    
   2500.00000000000        204.2692    
   2531.25000000000        60.44818    
   2562.50000000000        99.17230    
   2593.75000000000        142.8528    
   2625.00000000000        82.75514    
   2656.25000000000        72.71965    
   2687.50000000000        186.8284    
   2718.75000000000        109.9243    
   2750.00000000000        95.22752    
   2781.25000000000        72.17146    
   2812.50000000000        210.8793    
   2843.75000000000        73.33331    
   2875.00000000000        175.0964    
   2906.25000000000        64.15428    
   2937.50000000000        265.5290    
   2968.75000000000        168.0831    
   3000.00000000000        157.9777    
   3031.25000000000        276.1686    
   3062.50000000000        274.6515    
   3093.75000000000        253.7130    
   3125.00000000000        201.9161    
   3156.25000000000        346.7905    
   3187.50000000000        155.9127    
   3218.75000000000        334.7007    
   3250.00000000000        286.0627    
   3281.25000000000        334.2005    
   3312.50000000000        310.9266    
   3343.75000000000        135.2658    
   3375.00000000000        156.0025    
   3406.25000000000        573.0437    
   3437.50000000000        198.9050    
   3468.75000000000        379.8668    
   3500.00000000000        344.6891    
   3531.25000000000        92.48518    
   3562.50000000000        339.6786    
   3593.75000000000        279.3665    
   3625.00000000000        210.2206    
   3656.25000000000        444.6455    
   3687.50000000000        398.3286    
   3718.75000000000        393.2533    
   3750.00000000000        307.1102    
   3781.25000000000        563.1205    
   3812.50000000000        337.2499    
   3843.75000000000        548.4827    
   3875.00000000000        457.1245    
   3906.25000000000        266.9786    
   3937.50000000000        613.2718    
   3968.75000000000        500.2600    
