  -2000.00000000000        22.36583    
  -1984.37500000000        29.81359    
  -1968.75000000000        31.99625    
  -1953.12500000000        95.94175    
  -1937.50000000000        184.5806    
  -1921.87500000000        39.58469    
  -1906.25000000000        117.5180    
  -1890.62500000000        98.31185    
  -1875.00000000000        124.5439    
  -1859.37500000000        74.25844    
  -1843.75000000000        69.05461    
  -1828.12500000000        75.81612    
  -1812.50000000000        105.3750    
  -1796.87500000000        67.67464    
  -1781.25000000000        80.06656    
  -1765.62500000000        71.38622    
  -1750.00000000000        213.6990    
  -1734.37500000000        96.28033    
  -1718.75000000000        146.3118    
  -1703.12500000000        14.80010    
  -1687.50000000000        115.1291    
  -1671.87500000000        50.49627    
  -1656.25000000000        85.51450    
  -1640.62500000000        66.17841    
  -1625.00000000000        40.17763    
  -1609.37500000000        83.59897    
  -1593.75000000000        68.41776    
  -1578.12500000000        200.5708    
  -1562.50000000000        211.0865    
  -1546.87500000000        611.8572    
  -1531.25000000000        209.4501    
  -1515.62500000000        90.08789    
  -1500.00000000000        160.8186    
  -1484.37500000000        28.25697    
  -1468.75000000000        120.8572    
  -1453.12500000000        80.41512    
  -1437.50000000000        92.38177    
  -1421.87500000000        160.1248    
  -1406.25000000000        50.89495    
  -1390.62500000000        142.7785    
  -1375.00000000000        5.908833    
  -1359.37500000000        883.9443    
  -1343.75000000000        221.5282    
  -1328.12500000000        127.3047    
  -1312.50000000000        44.02378    
  -1296.87500000000        193.4090    
  -1281.25000000000        192.2301    
  -1265.62500000000        77.87959    
  -1250.00000000000        177.3175    
  -1234.37500000000        206.7209    
  -1218.75000000000        42.27282    
  -1203.12500000000        294.4165    
  -1187.50000000000        177.1633    
  -1171.87500000000        812.6103    
  -1156.25000000000        978.9596    
  -1140.62500000000        229.0942    
  -1125.00000000000        234.5766    
  -1109.37500000000        133.7214    
  -1093.75000000000        258.9778    
  -1078.12500000000        35.08151    
  -1062.50000000000        146.9850    
  -1046.87500000000        78.90445    
  -1031.25000000000        197.9984    
  -1015.62500000000        165.5926    
  -1000.00000000000        63.06791    
  -984.375000000000        67.66133    
  -968.750000000000        1765.013    
  -953.125000000000        340.3708    
  -937.500000000000        79.86689    
  -921.875000000000        392.9905    
  -906.250000000000        205.0178    
  -890.625000000000        79.07179    
  -875.000000000000        147.1117    
  -859.375000000000        222.8573    
  -843.750000000000        126.8213    
  -828.125000000000        419.2841    
  -812.500000000000        401.7769    
  -796.875000000000        381.4018    
  -781.250000000000        1909.350    
  -765.625000000000        1122.531    
  -750.000000000000        524.9388    
  -734.375000000000        465.6961    
  -718.750000000000        126.9128    
  -703.125000000000        260.6446    
  -687.500000000000        419.0950    
  -671.875000000000        441.2925    
  -656.250000000000        302.9341    
  -640.625000000000        290.5721    
  -625.000000000000        775.2000    
  -609.375000000000        881.5642    
  -593.750000000000        1895.169    
  -578.125000000000        5932.866    
  -562.500000000000        958.8560    
  -546.875000000000        768.1548    
  -531.250000000000        275.2645    
  -515.625000000000        480.1655    
  -500.000000000000        463.6119    
  -484.375000000000        231.8334    
  -468.750000000000        283.9790    
  -453.125000000000        265.6452    
  -437.500000000000        535.4349    
  -421.875000000000        761.7679    
  -406.250000000000        738.6880    
  -390.625000000000        7814.293    
  -375.000000000000        1831.561    
  -359.375000000000        1048.333    
  -343.750000000000        898.5938    
  -328.125000000000        834.5318    
  -312.500000000000        707.6954    
  -296.875000000000        1102.414    
  -281.250000000000        971.9500    
  -265.625000000000        1445.546    
  -250.000000000000        2265.589    
  -234.375000000000        2365.985    
  -218.750000000000        3854.273    
  -203.125000000000        10881.96    
  -187.500000000000        15820.95    
  -171.875000000000        5058.124    
  -156.250000000000        2894.711    
  -140.625000000000        1912.523    
  -125.000000000000        1843.800    
  -109.375000000000        1707.636    
  -93.7500000000000        1508.325    
  -78.1250000000000        1026.633    
  -62.5000000000000        949.9838    
  -46.8750000000000        1389.214    
  -31.2500000000000        1001.227    
  -15.6250000000000        1494.563    
  0.000000000000000E+000   410299.8    
   15.6250000000000        857.0969    
   31.2500000000000        932.1701    
   46.8750000000000        1249.795    
   62.5000000000000        951.8734    
   78.1250000000000        1052.177    
   93.7500000000000        1316.336    
   109.375000000000        1411.459    
   125.000000000000        1712.898    
   140.625000000000        1492.186    
   156.250000000000        2690.766    
   171.875000000000        4109.572    
   187.500000000000        12728.87    
   203.125000000000        8815.239    
   218.750000000000        2917.458    
   234.375000000000        1909.799    
   250.000000000000        1748.695    
   265.625000000000        1133.516    
   281.250000000000        715.0292    
   296.875000000000        800.0785    
   312.500000000000        313.5237    
   328.125000000000        544.6394    
   343.750000000000        436.1990    
   359.375000000000        573.5411    
   375.000000000000        1234.479    
   390.625000000000        5394.329    
   406.250000000000        510.2559    
   421.875000000000        762.9750    
   437.500000000000        693.7638    
   453.125000000000        336.0013    
   468.750000000000        161.9683    
   484.375000000000        276.8073    
   500.000000000000        537.7280    
   515.625000000000        505.2997    
   531.250000000000        523.3625    
   546.875000000000        916.9612    
   562.500000000000        916.9740    
   578.125000000000        6375.961    
   593.750000000000        2135.741    
   609.375000000000        844.4096    
   625.000000000000        726.9703    
   640.625000000000        388.9159    
   656.250000000000        313.4769    
   671.875000000000        428.3103    
   687.500000000000        425.1343    
   703.125000000000        233.2032    
   718.750000000000        69.38995    
   734.375000000000        473.6362    
   750.000000000000        537.6273    
   765.625000000000        1370.669    
   781.250000000000        2102.031    
   796.875000000000        501.4184    
   812.500000000000        337.6637    
   828.125000000000        384.6005    
   843.750000000000        130.3803    
   859.375000000000        246.5289    
   875.000000000000        154.8085    
   890.625000000000        128.6264    
   906.250000000000        347.2734    
   921.875000000000        341.4684    
   937.500000000000        19.98415    
   953.125000000000        218.5141    
   968.750000000000        1593.995    
   984.375000000000        72.68076    
   1000.00000000000        62.80312    
   1015.62500000000        108.6544    
   1031.25000000000        220.8505    
   1046.87500000000        92.85844    
   1062.50000000000        70.62415    
   1078.12500000000        111.1164    
   1093.75000000000        208.5975    
   1109.37500000000        221.1337    
   1125.00000000000        159.5669    
   1140.62500000000        106.7788    
   1156.25000000000        625.3945    
   1171.87500000000        536.4236    
   1187.50000000000        236.9710    
   1203.12500000000        131.5573    
   1218.75000000000        29.14843    
   1234.37500000000        136.8263    
   1250.00000000000        145.6268    
   1265.62500000000        82.34559    
   1281.25000000000        183.6391    
   1296.87500000000        229.4372    
   1312.50000000000        13.93898    
   1328.12500000000        88.71309    
   1343.75000000000        142.6163    
   1359.37500000000        686.6432    
   1375.00000000000        12.26277    
   1390.62500000000        132.1528    
   1406.25000000000        48.98736    
   1421.87500000000        157.7213    
   1437.50000000000        38.67874    
   1453.12500000000        77.36368    
   1468.75000000000        87.47233    
   1484.37500000000        86.92103    
   1500.00000000000        119.0119    
   1515.62500000000        129.8656    
   1531.25000000000        60.74311    
   1546.87500000000        311.6131    
   1562.50000000000        179.5392    
   1578.12500000000        219.3129    
   1593.75000000000        26.41173    
   1609.37500000000        135.6124    
   1625.00000000000        82.48669    
   1640.62500000000        47.75928    
   1656.25000000000        22.91231    
   1671.87500000000        78.89061    
   1687.50000000000        73.49748    
   1703.12500000000        24.12730    
   1718.75000000000        68.81023    
   1734.37500000000        31.63720    
   1750.00000000000        165.2253    
   1765.62500000000        89.99935    
   1781.25000000000        112.9376    
   1796.87500000000        111.4884    
   1812.50000000000        106.8439    
   1828.12500000000        36.17372    
   1843.75000000000        96.98182    
   1859.37500000000        40.00061    
   1875.00000000000        45.15799    
   1890.62500000000        72.03529    
   1906.25000000000        114.0269    
   1921.87500000000        105.6378    
   1937.50000000000        187.5750    
   1953.12500000000        119.5792    
   1968.75000000000        7.930271    
   1984.37500000000        51.55902    
