  -4000.00000000000        204.1056    
  -3968.75000000000        366.6581    
  -3937.50000000000        473.5831    
  -3906.25000000000        225.1912    
  -3875.00000000000        337.7694    
  -3843.75000000000        372.4196    
  -3812.50000000000        270.8856    
  -3781.25000000000        399.3058    
  -3750.00000000000        242.5439    
  -3718.75000000000        308.6252    
  -3687.50000000000        282.4384    
  -3656.25000000000        348.6894    
  -3625.00000000000        164.7216    
  -3593.75000000000        225.2971    
  -3562.50000000000        236.6534    
  -3531.25000000000        86.50018    
  -3500.00000000000        280.4385    
  -3468.75000000000        255.1177    
  -3437.50000000000        153.7054    
  -3406.25000000000        430.3286    
  -3375.00000000000        127.9152    
  -3343.75000000000        127.7375    
  -3312.50000000000        243.3474    
  -3281.25000000000        219.7858    
  -3250.00000000000        187.0482    
  -3218.75000000000        225.2423    
  -3187.50000000000        103.8847    
  -3156.25000000000        251.1691    
  -3125.00000000000        151.8586    
  -3093.75000000000        194.2683    
  -3062.50000000000        228.2659    
  -3031.25000000000        173.7226    
  -3000.00000000000        109.9819    
  -2968.75000000000        114.1059    
  -2937.50000000000        199.5305    
  -2906.25000000000        31.18963    
  -2875.00000000000        127.9865    
  -2843.75000000000        58.73253    
  -2812.50000000000        143.5770    
  -2781.25000000000        47.18719    
  -2750.00000000000        75.39765    
  -2718.75000000000        77.08420    
  -2687.50000000000        134.8008    
  -2656.25000000000        56.15149    
  -2625.00000000000        29.60153    
  -2593.75000000000        102.8212    
  -2562.50000000000        60.67225    
  -2531.25000000000        25.06245    
  -2500.00000000000        138.5561    
  -2468.75000000000        7.558280    
  -2437.50000000000        97.69106    
  -2406.25000000000        51.18034    
  -2375.00000000000        19.95940    
  -2343.75000000000        140.8973    
  -2312.50000000000        91.39186    
  -2281.25000000000        38.38531    
  -2250.00000000000        57.19502    
  -2218.75000000000        73.31120    
  -2187.50000000000        102.4898    
  -2156.25000000000        106.6717    
  -2125.00000000000        69.16496    
  -2093.75000000000        85.68174    
  -2062.50000000000        68.13029    
  -2031.25000000000        20.24940    
  -2000.00000000000        47.15029    
  -1968.75000000000        66.68392    
  -1937.50000000000        49.31804    
  -1906.25000000000        37.21493    
  -1875.00000000000        87.40517    
  -1843.75000000000        96.32630    
  -1812.50000000000        252.4480    
  -1781.25000000000        300.5714    
  -1750.00000000000        151.4457    
  -1718.75000000000        107.2848    
  -1687.50000000000        137.4668    
  -1656.25000000000        173.1563    
  -1625.00000000000        106.4302    
  -1593.75000000000        49.75444    
  -1562.50000000000        205.0735    
  -1531.25000000000        118.0716    
  -1500.00000000000        33.17019    
  -1468.75000000000        77.71009    
  -1437.50000000000        49.37636    
  -1406.25000000000        87.10569    
  -1375.00000000000        129.7556    
  -1343.75000000000        104.2017    
  -1312.50000000000        84.88093    
  -1281.25000000000        79.02928    
  -1250.00000000000        227.7542    
  -1218.75000000000        45.50836    
  -1187.50000000000        39.35880    
  -1156.25000000000        145.1884    
  -1125.00000000000        28.87908    
  -1093.75000000000        93.17690    
  -1062.50000000000        168.6246    
  -1031.25000000000        60.62220    
  -1000.00000000000        92.76463    
  -968.750000000000        89.84251    
  -937.500000000000        33.76210    
  -906.250000000000        167.0009    
  -875.000000000000        87.56251    
  -843.750000000000        125.6385    
  -812.500000000000        223.3338    
  -781.250000000000        274.5877    
  -750.000000000000        209.8703    
  -718.750000000000        278.5771    
  -687.500000000000        238.6792    
  -656.250000000000        425.2305    
  -625.000000000000        40.02823    
  -593.750000000000        313.2512    
  -562.500000000000        115.3814    
  -531.250000000000        195.2135    
  -500.000000000000        315.6623    
  -468.750000000000        77.20353    
  -437.500000000000        245.5470    
  -406.250000000000        286.6660    
  -375.000000000000        662.3529    
  -343.750000000000        1073.629    
  -312.500000000000        556.1247    
  -281.250000000000        769.7198    
  -250.000000000000        383.3640    
  -218.750000000000        55.37694    
  -187.500000000000        357.8086    
  -156.250000000000        1355.772    
  -125.000000000000        1334.760    
  -93.7500000000000        475.9086    
  -62.5000000000000        1323.897    
  -31.2500000000000        2360.753    
  0.000000000000000E+000   6302.298    
   31.2500000000000        2325.305    
   62.5000000000000        1348.072    
   93.7500000000000        485.4742    
   125.000000000000        1370.743    
   156.250000000000        1396.565    
   187.500000000000        360.2439    
   218.750000000000        18.00651    
   250.000000000000        391.0850    
   281.250000000000        750.4416    
   312.500000000000        551.7413    
   343.750000000000        1056.154    
   375.000000000000        638.2977    
   406.250000000000        292.1711    
   437.500000000000        224.8033    
   468.750000000000        75.08812    
   500.000000000000        299.9555    
   531.250000000000        202.3600    
   562.500000000000        123.7362    
   593.750000000000        313.4268    
   625.000000000000        38.90237    
   656.250000000000        420.6114    
   687.500000000000        235.6924    
   718.750000000000        277.4737    
   750.000000000000        212.4936    
   781.250000000000        281.0126    
   812.500000000000        220.8888    
   843.750000000000        122.9888    
   875.000000000000        85.23591    
   906.250000000000        159.3270    
   937.500000000000        36.30887    
   968.750000000000        93.09517    
   1000.00000000000        98.56599    
   1031.25000000000        72.99479    
   1062.50000000000        165.5912    
   1093.75000000000        93.45749    
   1125.00000000000        37.29073    
   1156.25000000000        150.9167    
   1187.50000000000        40.70772    
   1218.75000000000        50.15217    
   1250.00000000000        232.3118    
   1281.25000000000        70.90839    
   1312.50000000000        88.27862    
   1343.75000000000        106.7434    
   1375.00000000000        138.1929    
   1406.25000000000        84.00685    
   1437.50000000000        42.08461    
   1468.75000000000        70.87651    
   1500.00000000000        36.75137    
   1531.25000000000        116.5206    
   1562.50000000000        202.7178    
   1593.75000000000        54.86734    
   1625.00000000000        105.5860    
   1656.25000000000        161.2877    
   1687.50000000000        140.7225    
   1718.75000000000        100.1090    
   1750.00000000000        149.0995    
   1781.25000000000        288.4696    
   1812.50000000000        239.9573    
   1843.75000000000        94.85827    
   1875.00000000000        79.22144    
   1906.25000000000        39.34151    
   1937.50000000000        56.76405    
   1968.75000000000        69.78101    
   2000.00000000000        44.12804    
   2031.25000000000        19.30740    
   2062.50000000000        64.43925    
   2093.75000000000        80.25851    
   2125.00000000000        62.37135    
   2156.25000000000        106.5917    
   2187.50000000000        108.2472    
   2218.75000000000        77.77582    
   2250.00000000000        45.56643    
   2281.25000000000        42.36247    
   2312.50000000000        81.81355    
   2343.75000000000        143.6257    
   2375.00000000000        25.55362    
   2406.25000000000        49.38879    
   2437.50000000000        97.53155    
   2468.75000000000        12.71080    
   2500.00000000000        144.1720    
   2531.25000000000        17.68392    
   2562.50000000000        60.72709    
   2593.75000000000        94.16187    
   2625.00000000000        37.39793    
   2656.25000000000        55.36666    
   2687.50000000000        136.8239    
   2718.75000000000        73.73893    
   2750.00000000000        68.48277    
   2781.25000000000        46.46778    
   2812.50000000000        144.4029    
   2843.75000000000        59.67403    
   2875.00000000000        135.5087    
   2906.25000000000        27.46798    
   2937.50000000000        202.9721    
   2968.75000000000        109.4722    
   3000.00000000000        116.7890    
   3031.25000000000        182.5060    
   3062.50000000000        225.6407    
   3093.75000000000        190.9559    
   3125.00000000000        147.8485    
   3156.25000000000        244.2807    
   3187.50000000000        104.1324    
   3218.75000000000        235.3642    
   3250.00000000000        197.0188    
   3281.25000000000        223.5321    
   3312.50000000000        232.9815    
   3343.75000000000        126.7047    
   3375.00000000000        138.5219    
   3406.25000000000        430.0161    
   3437.50000000000        146.2882    
   3468.75000000000        263.1153    
   3500.00000000000        271.7133    
   3531.25000000000        81.33076    
   3562.50000000000        249.8839    
   3593.75000000000        213.2246    
   3625.00000000000        155.1261    
   3656.25000000000        342.9754    
   3687.50000000000        278.9354    
   3718.75000000000        305.4238    
   3750.00000000000        240.6843    
   3781.25000000000        404.7143    
   3812.50000000000        266.0561    
   3843.75000000000        381.2052    
   3875.00000000000        330.6729    
   3906.25000000000        219.5399    
   3937.50000000000        463.7570    
   3968.75000000000        377.2743    
