  -2000.00000000000        12.82955    
  -1984.37500000000        11.92222    
  -1968.75000000000        14.30927    
  -1953.12500000000        18.10576    
  -1937.50000000000        11.82455    
  -1921.87500000000        11.08236    
  -1906.25000000000        12.39336    
  -1890.62500000000        17.64421    
  -1875.00000000000        11.72702    
  -1859.37500000000        9.353045    
  -1843.75000000000        12.02659    
  -1828.12500000000        9.408983    
  -1812.50000000000        10.20182    
  -1796.87500000000        10.56940    
  -1781.25000000000        9.477524    
  -1765.62500000000        14.63609    
  -1750.00000000000        23.98474    
  -1734.37500000000        17.09435    
  -1718.75000000000        8.021906    
  -1703.12500000000        8.255174    
  -1687.50000000000        10.13519    
  -1671.87500000000        35.61531    
  -1656.25000000000        8.007980    
  -1640.62500000000        10.52972    
  -1625.00000000000        13.01923    
  -1609.37500000000        8.852821    
  -1593.75000000000        8.119401    
  -1578.12500000000        19.55066    
  -1562.50000000000        15.57335    
  -1546.87500000000        24.45003    
  -1531.25000000000        1.604311    
  -1515.62500000000        7.230983    
  -1500.00000000000        26.56623    
  -1484.37500000000        19.59917    
  -1468.75000000000        10.99596    
  -1453.12500000000        11.51822    
  -1437.50000000000        9.776215    
  -1421.87500000000        7.440913    
  -1406.25000000000        3.079195    
  -1390.62500000000        5.287018    
  -1375.00000000000        10.54420    
  -1359.37500000000        64.34675    
  -1343.75000000000       0.8868198    
  -1328.12500000000        12.99886    
  -1312.50000000000        5.951551    
  -1296.87500000000        23.97654    
  -1281.25000000000        12.23982    
  -1265.62500000000        7.095965    
  -1250.00000000000        32.47694    
  -1234.37500000000        18.46144    
  -1218.75000000000        30.47392    
  -1203.12500000000        17.30906    
  -1187.50000000000        22.23427    
  -1171.87500000000        102.8474    
  -1156.25000000000        71.61932    
  -1140.62500000000        29.02563    
  -1125.00000000000        8.452574    
  -1109.37500000000        9.568521    
  -1093.75000000000        20.80011    
  -1078.12500000000        12.39003    
  -1062.50000000000        10.03833    
  -1046.87500000000        3.154081    
  -1031.25000000000        15.48576    
  -1015.62500000000        15.08575    
  -1000.00000000000        12.70787    
  -984.375000000000        21.44230    
  -968.750000000000        169.9454    
  -953.125000000000        30.85126    
  -937.500000000000        16.46686    
  -921.875000000000        35.56756    
  -906.250000000000        38.48787    
  -890.625000000000        3.517118    
  -875.000000000000        9.869684    
  -859.375000000000        9.869741    
  -843.750000000000        6.690381    
  -828.125000000000        24.23985    
  -812.500000000000        11.58889    
  -796.875000000000        30.59673    
  -781.250000000000        69.82957    
  -765.625000000000        84.24529    
  -750.000000000000        25.88013    
  -734.375000000000        23.45900    
  -718.750000000000        36.16492    
  -703.125000000000        22.89402    
  -687.500000000000        30.04770    
  -671.875000000000        38.09165    
  -656.250000000000        50.87443    
  -640.625000000000        29.55763    
  -625.000000000000        61.62509    
  -609.375000000000        90.28727    
  -593.750000000000        189.9116    
  -578.125000000000        565.4340    
  -562.500000000000        88.84861    
  -546.875000000000        32.93908    
  -531.250000000000        50.63468    
  -515.625000000000        35.95311    
  -500.000000000000        20.86878    
  -484.375000000000        7.325174    
  -468.750000000000        12.20117    
  -453.125000000000        34.08927    
  -437.500000000000        32.13250    
  -421.875000000000        29.76880    
  -406.250000000000        52.16508    
  -390.625000000000        161.8344    
  -375.000000000000        39.24655    
  -359.375000000000        31.23013    
  -343.750000000000        17.49083    
  -328.125000000000        25.82800    
  -312.500000000000        21.40830    
  -296.875000000000        35.77830    
  -281.250000000000        20.25007    
  -265.625000000000        43.85344    
  -250.000000000000        47.53787    
  -234.375000000000        44.83595    
  -218.750000000000        97.39125    
  -203.125000000000        335.7550    
  -187.500000000000        390.8215    
  -171.875000000000        123.4014    
  -156.250000000000        71.02607    
  -140.625000000000        50.01467    
  -125.000000000000        58.70131    
  -109.375000000000        26.17507    
  -93.7500000000000        9.291994    
  -78.1250000000000        42.58239    
  -62.5000000000000        23.40079    
  -46.8750000000000        15.84254    
  -31.2500000000000        13.03225    
  -15.6250000000000        62.43313    
  0.000000000000000E+000   13048.84    
   15.6250000000000        82.13075    
   31.2500000000000        32.03350    
   46.8750000000000        42.31453    
   62.5000000000000        12.35799    
   78.1250000000000        50.70489    
   93.7500000000000        15.51685    
   109.375000000000        13.68818    
   125.000000000000        59.08791    
   140.625000000000        30.14273    
   156.250000000000        41.95746    
   171.875000000000        64.59432    
   187.500000000000        168.2865    
   203.125000000000        112.4402    
   218.750000000000        57.94007    
   234.375000000000        29.69473    
   250.000000000000        48.65826    
   265.625000000000        17.57679    
   281.250000000000        22.52227    
   296.875000000000        4.660531    
   312.500000000000        20.29125    
   328.125000000000        13.89807    
   343.750000000000        24.76163    
   359.375000000000        47.19133    
   375.000000000000        132.8092    
   390.625000000000        303.5732    
   406.250000000000        78.50711    
   421.875000000000        39.75826    
   437.500000000000        53.48755    
   453.125000000000        26.12260    
   468.750000000000        7.334047    
   484.375000000000        21.11970    
   500.000000000000        22.20889    
   515.625000000000        35.82689    
   531.250000000000        40.45428    
   546.875000000000        35.93103    
   562.500000000000        89.04883    
   578.125000000000        563.0611    
   593.750000000000        217.5013    
   609.375000000000        95.66349    
   625.000000000000        73.52153    
   640.625000000000        46.27829    
   656.250000000000        46.36289    
   671.875000000000        44.75270    
   687.500000000000        34.54568    
   703.125000000000        45.61266    
   718.750000000000        36.29363    
   734.375000000000        42.07356    
   750.000000000000        60.81957    
   765.625000000000        153.5234    
   781.250000000000        179.8734    
   796.875000000000        57.25480    
   812.500000000000        32.19254    
   828.125000000000        7.950504    
   843.750000000000        15.12595    
   859.375000000000        8.520077    
   875.000000000000        11.84253    
   890.625000000000        13.72051    
   906.250000000000        24.26381    
   921.875000000000        34.10043    
   937.500000000000        13.04943    
   953.125000000000        16.33994    
   968.750000000000        62.89115    
   984.375000000000        14.75459    
   1000.00000000000        13.65575    
   1015.62500000000        10.96164    
   1031.25000000000        11.72852    
   1046.87500000000        11.82067    
   1062.50000000000        3.948940    
   1078.12500000000        4.575710    
   1093.75000000000        13.62352    
   1109.37500000000        27.27551    
   1125.00000000000        15.56008    
   1140.62500000000        38.65286    
   1156.25000000000        99.75428    
   1171.87500000000        82.33527    
   1187.50000000000        33.87233    
   1203.12500000000        25.34840    
   1218.75000000000        19.69780    
   1234.37500000000        16.89176    
   1250.00000000000        39.46173    
   1265.62500000000        19.78772    
   1281.25000000000        25.27500    
   1296.87500000000        34.99063    
   1312.50000000000        4.658160    
   1328.12500000000        9.112277    
   1343.75000000000        8.873780    
   1359.37500000000        29.47972    
   1375.00000000000        8.239085    
   1390.62500000000        19.53502    
   1406.25000000000        9.795458    
   1421.87500000000        10.53182    
   1437.50000000000        7.264441    
   1453.12500000000        3.288974    
   1468.75000000000        7.111561    
   1484.37500000000        48.89224    
   1500.00000000000        32.97304    
   1515.62500000000        16.75915    
   1531.25000000000        17.46656    
   1546.87500000000        26.19578    
   1562.50000000000        5.460308    
   1578.12500000000        8.457987    
   1593.75000000000        11.97819    
   1609.37500000000        8.698763    
   1625.00000000000        14.01777    
   1640.62500000000        7.997956    
   1656.25000000000        11.72571    
   1671.87500000000        35.96605    
   1687.50000000000        7.583442    
   1703.12500000000        7.216201    
   1718.75000000000        15.20918    
   1734.37500000000        21.40722    
   1750.00000000000        33.20493    
   1765.62500000000        5.216881    
   1781.25000000000        12.34655    
   1796.87500000000        1.464653    
   1812.50000000000        6.215986    
   1828.12500000000        20.54082    
   1843.75000000000        9.589300    
   1859.37500000000        12.90338    
   1875.00000000000        7.045431    
   1890.62500000000        4.243981    
   1906.25000000000        2.596820    
   1921.87500000000        18.11699    
   1937.50000000000        16.36705    
   1953.12500000000        10.91408    
   1968.75000000000        5.817512    
   1984.37500000000        8.762700    
