  -2000.00000000000        5.555907    
  -1984.37500000000        3.109499    
  -1968.75000000000        6.670238    
  -1953.12500000000        8.519009    
  -1937.50000000000        12.44258    
  -1921.87500000000        14.04313    
  -1906.25000000000        4.549950    
  -1890.62500000000        8.725466    
  -1875.00000000000        4.892581    
  -1859.37500000000        2.956846    
  -1843.75000000000        4.954763    
  -1828.12500000000        10.06357    
  -1812.50000000000        4.080328    
  -1796.87500000000        3.576859    
  -1781.25000000000        8.433061    
  -1765.62500000000        3.953029    
  -1750.00000000000        22.01773    
  -1734.37500000000        3.792868    
  -1718.75000000000        6.126291    
  -1703.12500000000        1.300679    
  -1687.50000000000        4.047729    
  -1671.87500000000        5.061285    
  -1656.25000000000        3.951783    
  -1640.62500000000        5.550656    
  -1625.00000000000       0.8373209    
  -1609.37500000000        4.585033    
  -1593.75000000000        5.961560    
  -1578.12500000000        10.69486    
  -1562.50000000000        7.982507    
  -1546.87500000000        26.06728    
  -1531.25000000000        6.600087    
  -1515.62500000000        6.850370    
  -1500.00000000000        16.18116    
  -1484.37500000000        8.146863    
  -1468.75000000000        2.432779    
  -1453.12500000000        4.138929    
  -1437.50000000000        3.498927    
  -1421.87500000000        8.001079    
  -1406.25000000000        6.738433    
  -1390.62500000000        5.514442    
  -1375.00000000000        1.423393    
  -1359.37500000000        21.85032    
  -1343.75000000000        7.218254    
  -1328.12500000000        5.945496    
  -1312.50000000000        4.310718    
  -1296.87500000000        12.72570    
  -1281.25000000000        4.885483    
  -1265.62500000000        5.681300    
  -1250.00000000000        23.00082    
  -1234.37500000000        10.05749    
  -1218.75000000000        7.139257    
  -1203.12500000000        16.05391    
  -1187.50000000000        19.14610    
  -1171.87500000000        53.80317    
  -1156.25000000000        51.91442    
  -1140.62500000000        12.73999    
  -1125.00000000000        5.177440    
  -1109.37500000000        10.22653    
  -1093.75000000000        1.323862    
  -1078.12500000000        4.059482    
  -1062.50000000000        3.111446    
  -1046.87500000000        2.122918    
  -1031.25000000000        4.487012    
  -1015.62500000000        4.577222    
  -1000.00000000000       0.9638436    
  -984.375000000000        8.156117    
  -968.750000000000        50.40836    
  -953.125000000000        14.22270    
  -937.500000000000        8.940074    
  -921.875000000000        23.96758    
  -906.250000000000        17.73729    
  -890.625000000000        7.697142    
  -875.000000000000        5.880185    
  -859.375000000000        6.519000    
  -843.750000000000        6.376243    
  -828.125000000000        11.03125    
  -812.500000000000        12.28350    
  -796.875000000000        22.10092    
  -781.250000000000        79.44862    
  -765.625000000000        69.56706    
  -750.000000000000        23.52058    
  -734.375000000000        18.21698    
  -718.750000000000        22.77587    
  -703.125000000000        20.33989    
  -687.500000000000        20.08417    
  -671.875000000000        21.97014    
  -656.250000000000        27.55770    
  -640.625000000000        25.48603    
  -625.000000000000        41.36370    
  -609.375000000000        61.82678    
  -593.750000000000        134.0182    
  -578.125000000000        377.0954    
  -562.500000000000        63.53402    
  -546.875000000000        21.82938    
  -531.250000000000        31.10679    
  -515.625000000000        20.17761    
  -500.000000000000        15.84674    
  -484.375000000000        6.361229    
  -468.750000000000        9.337452    
  -453.125000000000        12.61917    
  -437.500000000000        23.19554    
  -421.875000000000        17.06477    
  -406.250000000000        39.45280    
  -390.625000000000        137.8958    
  -375.000000000000        51.61028    
  -359.375000000000        22.15101    
  -343.750000000000        3.195666    
  -328.125000000000        7.354127    
  -312.500000000000        17.38133    
  -296.875000000000        15.13927    
  -281.250000000000        10.74748    
  -265.625000000000        15.94732    
  -250.000000000000        23.65255    
  -234.375000000000        16.44978    
  -218.750000000000        40.02382    
  -203.125000000000        147.6460    
  -187.500000000000        170.7826    
  -171.875000000000        52.87331    
  -156.250000000000        27.72532    
  -140.625000000000        23.98298    
  -125.000000000000        21.84857    
  -109.375000000000        9.452115    
  -93.7500000000000        1.063605    
  -78.1250000000000        29.10355    
  -62.5000000000000        11.71364    
  -46.8750000000000        19.02353    
  -31.2500000000000        13.20324    
  -15.6250000000000        42.43245    
  0.000000000000000E+000   8744.645    
   15.6250000000000        42.62361    
   31.2500000000000        14.47302    
   46.8750000000000        21.14290    
   62.5000000000000        10.13291    
   78.1250000000000        28.49938    
   93.7500000000000        1.596430    
   109.375000000000        7.802825    
   125.000000000000        20.84657    
   140.625000000000        21.78304    
   156.250000000000        23.65006    
   171.875000000000        45.14304    
   187.500000000000        145.7828    
   203.125000000000        126.6359    
   218.750000000000        35.87231    
   234.375000000000        13.34531    
   250.000000000000        23.96466    
   265.625000000000        13.14409    
   281.250000000000        11.46541    
   296.875000000000        12.31368    
   312.500000000000        17.56955    
   328.125000000000        6.244910    
   343.750000000000        4.308416    
   359.375000000000        23.85303    
   375.000000000000        57.75491    
   390.625000000000        153.3991    
   406.250000000000        40.99146    
   421.875000000000        17.33598    
   437.500000000000        23.44805    
   453.125000000000        13.50301    
   468.750000000000        8.946623    
   484.375000000000        7.419000    
   500.000000000000        16.46170    
   515.625000000000        20.54954    
   531.250000000000        31.27836    
   546.875000000000        22.87658    
   562.500000000000        63.66199    
   578.125000000000        382.5626    
   593.750000000000        136.4639    
   609.375000000000        61.80386    
   625.000000000000        41.42525    
   640.625000000000        25.37701    
   656.250000000000        27.28935    
   671.875000000000        21.83875    
   687.500000000000        20.30893    
   703.125000000000        20.26405    
   718.750000000000        21.78846    
   734.375000000000        18.05296    
   750.000000000000        22.56324    
   765.625000000000        67.80451    
   781.250000000000        75.62170    
   796.875000000000        21.35493    
   812.500000000000        12.30610    
   828.125000000000        9.662197    
   843.750000000000        6.634532    
   859.375000000000        6.219157    
   875.000000000000        6.066186    
   890.625000000000        8.106508    
   906.250000000000        17.45347    
   921.875000000000        24.23794    
   937.500000000000        8.882885    
   953.125000000000        14.02188    
   968.750000000000        45.63250    
   984.375000000000        8.027805    
   1000.00000000000        1.309404    
   1015.62500000000        3.445275    
   1031.25000000000        4.347030    
   1046.87500000000        2.675262    
   1062.50000000000        2.952556    
   1078.12500000000        3.453044    
   1093.75000000000        2.232880    
   1109.37500000000        10.34179    
   1125.00000000000        5.410646    
   1140.62500000000        13.16387    
   1156.25000000000        52.75572    
   1171.87500000000        54.32471    
   1187.50000000000        19.44645    
   1203.12500000000        16.18183    
   1218.75000000000        5.659453    
   1234.37500000000        9.357396    
   1250.00000000000        22.50770    
   1265.62500000000        4.818483    
   1281.25000000000        4.069546    
   1296.87500000000        13.31026    
   1312.50000000000        4.515405    
   1328.12500000000        5.856708    
   1343.75000000000        7.172532    
   1359.37500000000        16.84727    
   1375.00000000000        1.276877    
   1390.62500000000        5.780667    
   1406.25000000000        6.163676    
   1421.87500000000        8.061148    
   1437.50000000000        3.202428    
   1453.12500000000        3.769519    
   1468.75000000000        2.542139    
   1484.37500000000        8.512557    
   1500.00000000000        16.69295    
   1515.62500000000        7.394811    
   1531.25000000000        6.432170    
   1546.87500000000        27.22761    
   1562.50000000000        9.051769    
   1578.12500000000        10.35373    
   1593.75000000000        6.891129    
   1609.37500000000        5.199965    
   1625.00000000000       0.2166793    
   1640.62500000000        5.802087    
   1656.25000000000        4.314225    
   1671.87500000000        6.959901    
   1687.50000000000        3.943147    
   1703.12500000000        2.570484    
   1718.75000000000        8.193849    
   1734.37500000000        7.495777    
   1750.00000000000        26.03719    
   1765.62500000000        4.650162    
   1781.25000000000        7.793354    
   1796.87500000000        3.422195    
   1812.50000000000        3.938051    
   1828.12500000000        10.40484    
   1843.75000000000        3.458895    
   1859.37500000000        1.504378    
   1875.00000000000        5.570048    
   1890.62500000000        9.425828    
   1906.25000000000        4.522830    
   1921.87500000000        13.66309    
   1937.50000000000        14.69803    
   1953.12500000000        8.129131    
   1968.75000000000        5.781540    
   1984.37500000000        2.877959    
