  -4000.00000000000        239.9059    
  -3968.75000000000        433.5999    
  -3937.50000000000        557.0443    
  -3906.25000000000        268.6068    
  -3875.00000000000        423.6902    
  -3843.75000000000        443.8732    
  -3812.50000000000        342.6652    
  -3781.25000000000        452.6462    
  -3750.00000000000        281.8027    
  -3718.75000000000        368.3560    
  -3687.50000000000        347.2354    
  -3656.25000000000        390.9649    
  -3625.00000000000        210.2259    
  -3593.75000000000        284.6440    
  -3562.50000000000        275.1064    
  -3531.25000000000        108.1799    
  -3500.00000000000        304.1974    
  -3468.75000000000        286.5006    
  -3437.50000000000        176.6342    
  -3406.25000000000        488.0456    
  -3375.00000000000        165.2161    
  -3343.75000000000        129.4388    
  -3312.50000000000        312.6536    
  -3281.25000000000        259.0774    
  -3250.00000000000        222.3194    
  -3218.75000000000        259.3745    
  -3187.50000000000        92.15482    
  -3156.25000000000        282.0095    
  -3125.00000000000        170.9353    
  -3093.75000000000        248.9946    
  -3062.50000000000        268.6927    
  -3031.25000000000        190.5304    
  -3000.00000000000        107.1456    
  -2968.75000000000        142.1469    
  -2937.50000000000        232.6243    
  -2906.25000000000        40.87790    
  -2875.00000000000        142.9936    
  -2843.75000000000        70.60833    
  -2812.50000000000        186.3684    
  -2781.25000000000        69.37490    
  -2750.00000000000        97.87880    
  -2718.75000000000        66.31382    
  -2687.50000000000        150.2410    
  -2656.25000000000        62.76898    
  -2625.00000000000        31.99854    
  -2593.75000000000        128.6030    
  -2562.50000000000        63.85332    
  -2531.25000000000        28.70572    
  -2500.00000000000        166.3656    
  -2468.75000000000        10.19138    
  -2437.50000000000        111.3519    
  -2406.25000000000        58.23378    
  -2375.00000000000        36.63537    
  -2343.75000000000        180.6166    
  -2312.50000000000        130.0650    
  -2281.25000000000        65.92282    
  -2250.00000000000        77.28909    
  -2218.75000000000        106.4184    
  -2187.50000000000        138.1468    
  -2156.25000000000        143.3545    
  -2125.00000000000        95.59832    
  -2093.75000000000        94.21977    
  -2062.50000000000        93.52640    
  -2031.25000000000        34.04225    
  -2000.00000000000        67.34251    
  -1968.75000000000        88.68295    
  -1937.50000000000        63.40435    
  -1906.25000000000        33.10116    
  -1875.00000000000        92.69260    
  -1843.75000000000        127.2388    
  -1812.50000000000        318.2175    
  -1781.25000000000        374.7728    
  -1750.00000000000        164.8687    
  -1718.75000000000        138.8901    
  -1687.50000000000        180.8456    
  -1656.25000000000        229.3338    
  -1625.00000000000        105.4155    
  -1593.75000000000        73.56112    
  -1562.50000000000        275.7910    
  -1531.25000000000        152.0245    
  -1500.00000000000        47.87925    
  -1468.75000000000        87.73432    
  -1437.50000000000        73.73315    
  -1406.25000000000        96.08916    
  -1375.00000000000        141.5491    
  -1343.75000000000        100.6654    
  -1312.50000000000        109.4402    
  -1281.25000000000        88.62939    
  -1250.00000000000        286.3219    
  -1218.75000000000        37.62870    
  -1187.50000000000        75.66061    
  -1156.25000000000        176.7902    
  -1125.00000000000        61.74873    
  -1093.75000000000        116.4434    
  -1062.50000000000        204.2023    
  -1031.25000000000        66.94776    
  -1000.00000000000        98.81918    
  -968.750000000000        130.7766    
  -937.500000000000        47.70300    
  -906.250000000000        216.6405    
  -875.000000000000        95.37167    
  -843.750000000000        139.4970    
  -812.500000000000        239.7481    
  -781.250000000000        343.2234    
  -750.000000000000        277.6330    
  -718.750000000000        328.7669    
  -687.500000000000        296.4947    
  -656.250000000000        481.2041    
  -625.000000000000        38.60774    
  -593.750000000000        385.3339    
  -562.500000000000        114.5455    
  -531.250000000000        232.9038    
  -500.000000000000        388.1962    
  -468.750000000000        111.2965    
  -437.500000000000        339.8953    
  -406.250000000000        380.1357    
  -375.000000000000        778.8927    
  -343.750000000000        1296.062    
  -312.500000000000        667.0673    
  -281.250000000000        931.5789    
  -250.000000000000        459.5389    
  -218.750000000000        88.36644    
  -187.500000000000        466.1489    
  -156.250000000000        1577.555    
  -125.000000000000        1549.836    
  -93.7500000000000        532.8777    
  -62.5000000000000        1526.194    
  -31.2500000000000        2832.349    
  0.000000000000000E+000   7504.335    
   31.2500000000000        2742.438    
   62.5000000000000        1642.736    
   93.7500000000000        651.2356    
   125.000000000000        1679.754    
   156.250000000000        1715.073    
   187.500000000000        479.8912    
   218.750000000000        56.72849    
   250.000000000000        450.2983    
   281.250000000000        902.9561    
   312.500000000000        660.0775    
   343.750000000000        1256.711    
   375.000000000000        746.2230    
   406.250000000000        342.2472    
   437.500000000000        236.2906    
   468.750000000000        108.7794    
   500.000000000000        368.8469    
   531.250000000000        255.1701    
   562.500000000000        144.1672    
   593.750000000000        388.3500    
   625.000000000000        22.98025    
   656.250000000000        469.6832    
   687.500000000000        273.5415    
   718.750000000000        343.8043    
   750.000000000000        277.6408    
   781.250000000000        343.7719    
   812.500000000000        270.6848    
   843.750000000000        135.4438    
   875.000000000000        106.2130    
   906.250000000000        174.8868    
   937.500000000000        64.15397    
   968.750000000000        127.2244    
   1000.00000000000        121.6104    
   1031.25000000000        67.43959    
   1062.50000000000        200.9249    
   1093.75000000000        104.3909    
   1125.00000000000        46.74747    
   1156.25000000000        169.3297    
   1187.50000000000        35.49411    
   1218.75000000000        71.82499    
   1250.00000000000        254.5897    
   1281.25000000000        65.26223    
   1312.50000000000        75.81135    
   1343.75000000000        137.3688    
   1375.00000000000        171.3353    
   1406.25000000000        118.8952    
   1437.50000000000        34.50317    
   1468.75000000000        75.38693    
   1500.00000000000        6.103099    
   1531.25000000000        134.4892    
   1562.50000000000        219.9185    
   1593.75000000000        67.68544    
   1625.00000000000        133.2791    
   1656.25000000000        182.8017    
   1687.50000000000        176.9899    
   1718.75000000000        124.5997    
   1750.00000000000        187.7146    
   1781.25000000000        332.7307    
   1812.50000000000        298.7629    
   1843.75000000000        115.2260    
   1875.00000000000        86.70425    
   1906.25000000000        51.45694    
   1937.50000000000        65.10165    
   1968.75000000000        77.99457    
   2000.00000000000        38.18627    
   2031.25000000000        46.10802    
   2062.50000000000        89.13735    
   2093.75000000000        109.8282    
   2125.00000000000        66.71351    
   2156.25000000000        148.5938    
   2187.50000000000        127.6494    
   2218.75000000000        101.1864    
   2250.00000000000        69.66125    
   2281.25000000000        66.13392    
   2312.50000000000        105.2437    
   2343.75000000000        155.1904    
   2375.00000000000        34.96188    
   2406.25000000000        72.01819    
   2437.50000000000        110.3507    
   2468.75000000000        22.26909    
   2500.00000000000        187.7519    
   2531.25000000000        18.84181    
   2562.50000000000        64.69290    
   2593.75000000000        97.77306    
   2625.00000000000        59.35013    
   2656.25000000000        64.77511    
   2687.50000000000        182.7580    
   2718.75000000000        79.62434    
   2750.00000000000        80.66714    
   2781.25000000000        55.94685    
   2812.50000000000        161.2140    
   2843.75000000000        65.66445    
   2875.00000000000        157.8280    
   2906.25000000000        37.43644    
   2937.50000000000        231.5023    
   2968.75000000000        115.7766    
   3000.00000000000        157.7384    
   3031.25000000000        214.0936    
   3062.50000000000        269.5656    
   3093.75000000000        230.1101    
   3125.00000000000        156.2361    
   3156.25000000000        290.7758    
   3187.50000000000        130.6955    
   3218.75000000000        292.1850    
   3250.00000000000        236.7550    
   3281.25000000000        298.7377    
   3312.50000000000        292.4275    
   3343.75000000000        136.2736    
   3375.00000000000        175.1786    
   3406.25000000000        512.7930    
   3437.50000000000        164.6296    
   3468.75000000000        339.7585    
   3500.00000000000        306.6926    
   3531.25000000000        88.34689    
   3562.50000000000        294.8587    
   3593.75000000000        263.2346    
   3625.00000000000        175.0297    
   3656.25000000000        412.0960    
   3687.50000000000        336.2744    
   3718.75000000000        363.9248    
   3750.00000000000        280.8254    
   3781.25000000000        493.7184    
   3812.50000000000        333.9473    
   3843.75000000000        451.1638    
   3875.00000000000        384.7412    
   3906.25000000000        261.0111    
   3937.50000000000        539.6390    
   3968.75000000000        427.9577    
