  -2000.00000000000        5.244498    
  -1984.37500000000        2.655594    
  -1968.75000000000        6.536034    
  -1953.12500000000        8.339500    
  -1937.50000000000        8.813782    
  -1921.87500000000        13.29693    
  -1906.25000000000        4.606770    
  -1890.62500000000        8.573155    
  -1875.00000000000        4.578199    
  -1859.37500000000        2.808779    
  -1843.75000000000        4.192183    
  -1828.12500000000        9.866545    
  -1812.50000000000        3.964228    
  -1796.87500000000        3.391343    
  -1781.25000000000        8.006061    
  -1765.62500000000        3.904512    
  -1750.00000000000        22.60716    
  -1734.37500000000        5.215742    
  -1718.75000000000        6.463759    
  -1703.12500000000        1.755423    
  -1687.50000000000        3.482249    
  -1671.87500000000        5.609279    
  -1656.25000000000        3.910449    
  -1640.62500000000        6.011181    
  -1625.00000000000       0.7595668    
  -1609.37500000000        4.489350    
  -1593.75000000000        5.941121    
  -1578.12500000000        10.63617    
  -1562.50000000000        8.331691    
  -1546.87500000000        26.80856    
  -1531.25000000000        6.529006    
  -1515.62500000000        6.608908    
  -1500.00000000000        15.67967    
  -1484.37500000000        7.558317    
  -1468.75000000000        2.415982    
  -1453.12500000000        3.880781    
  -1437.50000000000        3.250916    
  -1421.87500000000        8.149074    
  -1406.25000000000        6.281178    
  -1390.62500000000        5.130413    
  -1375.00000000000        1.292760    
  -1359.37500000000        17.89274    
  -1343.75000000000        7.271382    
  -1328.12500000000        5.750759    
  -1312.50000000000        4.620845    
  -1296.87500000000        12.66515    
  -1281.25000000000        4.445572    
  -1265.62500000000        5.768262    
  -1250.00000000000        22.83465    
  -1234.37500000000        9.292102    
  -1218.75000000000        5.712910    
  -1203.12500000000        15.57088    
  -1187.50000000000        18.03922    
  -1171.87500000000        50.80071    
  -1156.25000000000        47.98908    
  -1140.62500000000        11.65947    
  -1125.00000000000        4.483621    
  -1109.37500000000        9.133224    
  -1093.75000000000        1.475809    
  -1078.12500000000        3.564939    
  -1062.50000000000        2.616268    
  -1046.87500000000        1.859039    
  -1031.25000000000        3.888939    
  -1015.62500000000        3.566180    
  -1000.00000000000        1.223459    
  -984.375000000000        8.052018    
  -968.750000000000        54.75338    
  -953.125000000000        14.28774    
  -937.500000000000        9.707346    
  -921.875000000000        24.68929    
  -906.250000000000        17.35517    
  -890.625000000000        7.315173    
  -875.000000000000        5.691877    
  -859.375000000000        6.367391    
  -843.750000000000        5.996651    
  -828.125000000000        9.761630    
  -812.500000000000        11.16233    
  -796.875000000000        19.79219    
  -781.250000000000        69.52777    
  -765.625000000000        63.79160    
  -750.000000000000        21.51806    
  -734.375000000000        17.40600    
  -718.750000000000        22.37825    
  -703.125000000000        19.96961    
  -687.500000000000        19.82405    
  -671.875000000000        21.89048    
  -656.250000000000        27.59867    
  -640.625000000000        25.03001    
  -625.000000000000        41.94390    
  -609.375000000000        62.80578    
  -593.750000000000        135.9032    
  -578.125000000000        384.7898    
  -562.500000000000        64.76395    
  -546.875000000000        22.69340    
  -531.250000000000        31.57318    
  -515.625000000000        20.45006    
  -500.000000000000        16.55621    
  -484.375000000000        6.725138    
  -468.750000000000        8.719562    
  -453.125000000000        12.94854    
  -437.500000000000        21.90918    
  -421.875000000000        16.02911    
  -406.250000000000        38.27322    
  -390.625000000000        145.0999    
  -375.000000000000        50.71622    
  -359.375000000000        22.66326    
  -343.750000000000        4.137237    
  -328.125000000000        8.056190    
  -312.500000000000        17.80426    
  -296.875000000000        15.29142    
  -281.250000000000        11.01326    
  -265.625000000000        16.50231    
  -250.000000000000        24.30268    
  -234.375000000000        16.72208    
  -218.750000000000        39.62891    
  -203.125000000000        147.9595    
  -187.500000000000        169.9419    
  -171.875000000000        51.33649    
  -156.250000000000        27.13964    
  -140.625000000000        23.37391    
  -125.000000000000        21.05793    
  -109.375000000000        9.570765    
  -93.7500000000000        1.482673    
  -78.1250000000000        28.40464    
  -62.5000000000000        10.82207    
  -46.8750000000000        18.83554    
  -31.2500000000000        12.80649    
  -15.6250000000000        41.28767    
  0.000000000000000E+000   8670.007    
   15.6250000000000        42.23189    
   31.2500000000000        14.61641    
   46.8750000000000        20.60182    
   62.5000000000000        9.640008    
   78.1250000000000        28.31529    
   93.7500000000000        1.885722    
   109.375000000000        7.836487    
   125.000000000000        20.00336    
   140.625000000000        21.43089    
   156.250000000000        23.32273    
   171.875000000000        44.60477    
   187.500000000000        145.0384    
   203.125000000000        127.0947    
   218.750000000000        35.64521    
   234.375000000000        13.32146    
   250.000000000000        24.08003    
   265.625000000000        13.57500    
   281.250000000000        10.64557    
   296.875000000000        12.81322    
   312.500000000000        17.52181    
   328.125000000000        6.491455    
   343.750000000000        4.068938    
   359.375000000000        23.41147    
   375.000000000000        55.42373    
   390.625000000000        149.9420    
   406.250000000000        40.23821    
   421.875000000000        16.85891    
   437.500000000000        22.34011    
   453.125000000000        13.55312    
   468.750000000000        9.025151    
   484.375000000000        7.284265    
   500.000000000000        16.75133    
   515.625000000000        20.72265    
   531.250000000000        31.49708    
   546.875000000000        23.23075    
   562.500000000000        64.50155    
   578.125000000000        384.4912    
   593.750000000000        136.7271    
   609.375000000000        62.44554    
   625.000000000000        41.45021    
   640.625000000000        25.14868    
   656.250000000000        27.32731    
   671.875000000000        21.70814    
   687.500000000000        19.82670    
   703.125000000000        19.49934    
   718.750000000000        21.53537    
   734.375000000000        17.36181    
   750.000000000000        21.34386    
   765.625000000000        64.22147    
   781.250000000000        69.26579    
   796.875000000000        19.79488    
   812.500000000000        11.81474    
   828.125000000000        10.62563    
   843.750000000000        6.093568    
   859.375000000000        6.043398    
   875.000000000000        5.820601    
   890.625000000000        7.192381    
   906.250000000000        17.32381    
   921.875000000000        24.66814    
   937.500000000000        9.667287    
   953.125000000000        13.64896    
   968.750000000000        47.77796    
   984.375000000000        7.932302    
   1000.00000000000        1.161253    
   1015.62500000000        3.686057    
   1031.25000000000        3.811893    
   1046.87500000000        1.963120    
   1062.50000000000        2.871940    
   1078.12500000000        3.777672    
   1093.75000000000        1.072575    
   1109.37500000000        8.766633    
   1125.00000000000        4.639448    
   1140.62500000000        12.11370    
   1156.25000000000        49.55943    
   1171.87500000000        52.06143    
   1187.50000000000        18.63288    
   1203.12500000000        15.83717    
   1218.75000000000        6.024286    
   1234.37500000000        9.343874    
   1250.00000000000        22.88043    
   1265.62500000000        5.740674    
   1281.25000000000        4.037065    
   1296.87500000000        12.75506    
   1312.50000000000        4.594686    
   1328.12500000000        5.863551    
   1343.75000000000        7.389452    
   1359.37500000000        18.61640    
   1375.00000000000        1.266320    
   1390.62500000000        5.445848    
   1406.25000000000        6.367307    
   1421.87500000000        8.300108    
   1437.50000000000        3.464740    
   1453.12500000000        3.764382    
   1468.75000000000        2.290720    
   1484.37500000000        7.850682    
   1500.00000000000        15.86859    
   1515.62500000000        6.837683    
   1531.25000000000        6.474682    
   1546.87500000000        26.84381    
   1562.50000000000        8.359876    
   1578.12500000000        10.71623    
   1593.75000000000        5.944695    
   1609.37500000000        4.722857    
   1625.00000000000       0.6458246    
   1640.62500000000        5.651417    
   1656.25000000000        3.877191    
   1671.87500000000        5.598464    
   1687.50000000000        3.590000    
   1703.12500000000        1.973510    
   1718.75000000000        6.687658    
   1734.37500000000        5.136858    
   1750.00000000000        22.51254    
   1765.62500000000        3.929030    
   1781.25000000000        7.867866    
   1796.87500000000        3.265672    
   1812.50000000000        4.028347    
   1828.12500000000        9.928953    
   1843.75000000000        4.261320    
   1859.37500000000        2.638525    
   1875.00000000000        4.560030    
   1890.62500000000        8.692769    
   1906.25000000000        4.639250    
   1921.87500000000        13.35865    
   1937.50000000000        8.648813    
   1953.12500000000        8.191648    
   1968.75000000000        6.252065    
   1984.37500000000        2.576130    
