  -4000.00000000000        250.7574    
  -3968.75000000000        464.4764    
  -3937.50000000000        609.4391    
  -3906.25000000000        293.7760    
  -3875.00000000000        465.6176    
  -3843.75000000000        477.8376    
  -3812.50000000000        357.9866    
  -3781.25000000000        497.5600    
  -3750.00000000000        349.1100    
  -3718.75000000000        437.2452    
  -3687.50000000000        383.4310    
  -3656.25000000000        464.4345    
  -3625.00000000000        244.4754    
  -3593.75000000000        323.3931    
  -3562.50000000000        301.5291    
  -3531.25000000000        111.4863    
  -3500.00000000000        388.1993    
  -3468.75000000000        323.0495    
  -3437.50000000000        188.0073    
  -3406.25000000000        549.8408    
  -3375.00000000000        158.9262    
  -3343.75000000000        169.1985    
  -3312.50000000000        315.4750    
  -3281.25000000000        287.5373    
  -3250.00000000000        234.5796    
  -3218.75000000000        292.1326    
  -3187.50000000000        123.9757    
  -3156.25000000000        304.0333    
  -3125.00000000000        219.4300    
  -3093.75000000000        267.9897    
  -3062.50000000000        311.1619    
  -3031.25000000000        231.0790    
  -3000.00000000000        146.1072    
  -2968.75000000000        154.8652    
  -2937.50000000000        270.9394    
  -2906.25000000000        35.13039    
  -2875.00000000000        151.1195    
  -2843.75000000000        76.31811    
  -2812.50000000000        175.8295    
  -2781.25000000000        37.54357    
  -2750.00000000000        79.53690    
  -2718.75000000000        97.75503    
  -2687.50000000000        152.3795    
  -2656.25000000000        93.26862    
  -2625.00000000000        32.63568    
  -2593.75000000000        129.2522    
  -2562.50000000000        74.81093    
  -2531.25000000000        15.41917    
  -2500.00000000000        170.0808    
  -2468.75000000000        36.01310    
  -2437.50000000000        129.3205    
  -2406.25000000000        93.97270    
  -2375.00000000000        9.110089    
  -2343.75000000000        151.3265    
  -2312.50000000000        112.4147    
  -2281.25000000000        42.96152    
  -2250.00000000000        36.63716    
  -2218.75000000000        90.60812    
  -2187.50000000000        157.0136    
  -2156.25000000000        130.5809    
  -2125.00000000000        76.49846    
  -2093.75000000000        104.9146    
  -2062.50000000000        103.0263    
  -2031.25000000000        28.66673    
  -2000.00000000000        60.43974    
  -1968.75000000000        99.04572    
  -1937.50000000000        74.48299    
  -1906.25000000000        59.21703    
  -1875.00000000000        82.19658    
  -1843.75000000000        132.2246    
  -1812.50000000000        349.4393    
  -1781.25000000000        432.9659    
  -1750.00000000000        192.3489    
  -1718.75000000000        123.9549    
  -1687.50000000000        195.7332    
  -1656.25000000000        269.2263    
  -1625.00000000000        122.3266    
  -1593.75000000000        72.42175    
  -1562.50000000000        283.3125    
  -1531.25000000000        146.0140    
  -1500.00000000000        38.94314    
  -1468.75000000000        79.05489    
  -1437.50000000000        70.68759    
  -1406.25000000000        76.88108    
  -1375.00000000000        173.6634    
  -1343.75000000000        124.2088    
  -1312.50000000000        125.0108    
  -1281.25000000000        117.5468    
  -1250.00000000000        277.7056    
  -1218.75000000000        84.56705    
  -1187.50000000000        40.87973    
  -1156.25000000000        216.4361    
  -1125.00000000000        27.70425    
  -1093.75000000000        152.3462    
  -1062.50000000000        239.6261    
  -1031.25000000000        73.13823    
  -1000.00000000000        101.0979    
  -968.750000000000        115.3429    
  -937.500000000000        75.88441    
  -906.250000000000        196.5386    
  -875.000000000000        122.9524    
  -843.750000000000        152.5261    
  -812.500000000000        318.4628    
  -781.250000000000        342.6420    
  -750.000000000000        300.9588    
  -718.750000000000        369.4780    
  -687.500000000000        297.2305    
  -656.250000000000        569.2547    
  -625.000000000000        52.72422    
  -593.750000000000        373.2538    
  -562.500000000000        191.8486    
  -531.250000000000        224.2153    
  -500.000000000000        399.0635    
  -468.750000000000        136.0919    
  -437.500000000000        354.7730    
  -406.250000000000        416.6153    
  -375.000000000000        882.1157    
  -343.750000000000        1424.806    
  -312.500000000000        738.2158    
  -281.250000000000        1023.672    
  -250.000000000000        521.8341    
  -218.750000000000        82.52730    
  -187.500000000000        514.8953    
  -156.250000000000        1706.159    
  -125.000000000000        1768.791    
  -93.7500000000000        627.3406    
  -62.5000000000000        1685.608    
  -31.2500000000000        3115.713    
  0.000000000000000E+000   8213.569    
   31.2500000000000        2948.870    
   62.5000000000000        1835.186    
   93.7500000000000        766.4180    
   125.000000000000        1852.598    
   156.250000000000        1889.898    
   187.500000000000        499.6187    
   218.750000000000        29.51981    
   250.000000000000        505.4619    
   281.250000000000        928.0746    
   312.500000000000        738.2900    
   343.750000000000        1317.156    
   375.000000000000        817.3185    
   406.250000000000        366.5638    
   437.500000000000        219.0735    
   468.750000000000        129.8111    
   500.000000000000        391.0799    
   531.250000000000        290.6159    
   562.500000000000        204.1503    
   593.750000000000        387.4148    
   625.000000000000        85.49050    
   656.250000000000        571.7166    
   687.500000000000        312.8297    
   718.750000000000        380.7661    
   750.000000000000        263.8407    
   781.250000000000        377.6353    
   812.500000000000        267.8783    
   843.750000000000        109.0701    
   875.000000000000        97.24451    
   906.250000000000        217.6649    
   937.500000000000        38.17569    
   968.750000000000        125.5658    
   1000.00000000000        133.5595    
   1031.25000000000        91.07364    
   1062.50000000000        213.1461    
   1093.75000000000        122.4541    
   1125.00000000000        47.55537    
   1156.25000000000        168.1748    
   1187.50000000000        51.82206    
   1218.75000000000        59.45575    
   1250.00000000000        312.0878    
   1281.25000000000        87.10188    
   1312.50000000000        114.5356    
   1343.75000000000        141.1689    
   1375.00000000000        180.3503    
   1406.25000000000        145.1040    
   1437.50000000000        64.02320    
   1468.75000000000        65.01829    
   1500.00000000000        37.65107    
   1531.25000000000        153.7691    
   1562.50000000000        257.8600    
   1593.75000000000        59.03802    
   1625.00000000000        141.7742    
   1656.25000000000        183.5347    
   1687.50000000000        183.1013    
   1718.75000000000        114.9759    
   1750.00000000000        201.6073    
   1781.25000000000        355.3839    
   1812.50000000000        314.9092    
   1843.75000000000        124.8439    
   1875.00000000000        130.0456    
   1906.25000000000        50.75427    
   1937.50000000000        60.54867    
   1968.75000000000        117.4614    
   2000.00000000000        43.20852    
   2031.25000000000        25.43173    
   2062.50000000000        92.68402    
   2093.75000000000        110.3349    
   2125.00000000000        93.20817    
   2156.25000000000        180.7531    
   2187.50000000000        127.2047    
   2218.75000000000        100.8566    
   2250.00000000000        76.74410    
   2281.25000000000        63.87244    
   2312.50000000000        121.8120    
   2343.75000000000        166.5858    
   2375.00000000000        67.39566    
   2406.25000000000        60.55764    
   2437.50000000000        122.1275    
   2468.75000000000        24.65337    
   2500.00000000000        188.4859    
   2531.25000000000        27.44734    
   2562.50000000000        82.78053    
   2593.75000000000        133.6279    
   2625.00000000000        43.27833    
   2656.25000000000        54.49097    
   2687.50000000000        173.6538    
   2718.75000000000        85.53196    
   2750.00000000000        92.98900    
   2781.25000000000        49.65221    
   2812.50000000000        213.9205    
   2843.75000000000        61.49274    
   2875.00000000000        202.1429    
   2906.25000000000        26.81212    
   2937.50000000000        285.5028    
   2968.75000000000        133.2956    
   3000.00000000000        158.1912    
   3031.25000000000        250.3934    
   3062.50000000000        301.4534    
   3093.75000000000        269.8311    
   3125.00000000000        197.7112    
   3156.25000000000        300.2037    
   3187.50000000000        145.1169    
   3218.75000000000        321.5251    
   3250.00000000000        259.8172    
   3281.25000000000        276.6666    
   3312.50000000000        286.2007    
   3343.75000000000        149.9924    
   3375.00000000000        171.8129    
   3406.25000000000        550.2639    
   3437.50000000000        189.3167    
   3468.75000000000        362.4437    
   3500.00000000000        323.3148    
   3531.25000000000        140.7549    
   3562.50000000000        349.1107    
   3593.75000000000        258.0966    
   3625.00000000000        204.6658    
   3656.25000000000        440.5147    
   3687.50000000000        366.3864    
   3718.75000000000        413.3279    
   3750.00000000000        295.3820    
   3781.25000000000        534.8320    
   3812.50000000000        365.5511    
   3843.75000000000        512.3939    
   3875.00000000000        411.3199    
   3906.25000000000        288.5022    
   3937.50000000000        587.1204    
   3968.75000000000        508.0961    
