  -2000.00000000000        6.542419    
  -1984.37500000000        4.105580    
  -1968.75000000000        7.024247    
  -1953.12500000000        10.09370    
  -1937.50000000000        11.21553    
  -1921.87500000000        15.86838    
  -1906.25000000000        4.531918    
  -1890.62500000000        11.03717    
  -1875.00000000000        6.802544    
  -1859.37500000000        3.417839    
  -1843.75000000000        3.913666    
  -1828.12500000000        9.215122    
  -1812.50000000000        3.429557    
  -1796.87500000000        5.742005    
  -1781.25000000000        9.301069    
  -1765.62500000000        2.875397    
  -1750.00000000000        23.22031    
  -1734.37500000000        4.675938    
  -1718.75000000000        6.266951    
  -1703.12500000000        2.000701    
  -1687.50000000000        4.913074    
  -1671.87500000000        3.758123    
  -1656.25000000000        3.575591    
  -1640.62500000000        6.783515    
  -1625.00000000000       0.6405590    
  -1609.37500000000        7.213066    
  -1593.75000000000        7.713262    
  -1578.12500000000        8.870744    
  -1562.50000000000        11.52653    
  -1546.87500000000        39.38243    
  -1531.25000000000        8.017493    
  -1515.62500000000        8.722323    
  -1500.00000000000        16.75854    
  -1484.37500000000        10.47273    
  -1468.75000000000        2.673131    
  -1453.12500000000        5.750260    
  -1437.50000000000        2.420600    
  -1421.87500000000        7.829014    
  -1406.25000000000        6.253465    
  -1390.62500000000        5.205735    
  -1375.00000000000        2.271652    
  -1359.37500000000        29.38374    
  -1343.75000000000        8.727261    
  -1328.12500000000        5.854486    
  -1312.50000000000        2.248660    
  -1296.87500000000        13.72722    
  -1281.25000000000        2.911785    
  -1265.62500000000        5.828727    
  -1250.00000000000        24.78514    
  -1234.37500000000        13.14062    
  -1218.75000000000        3.064756    
  -1203.12500000000        17.60047    
  -1187.50000000000        18.91660    
  -1171.87500000000        55.48996    
  -1156.25000000000        47.96645    
  -1140.62500000000        10.25136    
  -1125.00000000000        6.781167    
  -1109.37500000000        7.333275    
  -1093.75000000000        4.159202    
  -1078.12500000000        4.198260    
  -1062.50000000000        2.879775    
  -1046.87500000000        2.024993    
  -1031.25000000000        6.699567    
  -1015.62500000000        4.888000    
  -1000.00000000000        1.107187    
  -984.375000000000        6.101078    
  -968.750000000000        60.08934    
  -953.125000000000        14.56073    
  -937.500000000000        9.306412    
  -921.875000000000        26.23880    
  -906.250000000000        20.36026    
  -890.625000000000        6.480416    
  -875.000000000000        5.653831    
  -859.375000000000        6.701503    
  -843.750000000000        5.099215    
  -828.125000000000        10.16087    
  -812.500000000000        13.31176    
  -796.875000000000        25.04360    
  -781.250000000000        72.68091    
  -765.625000000000        69.78658    
  -750.000000000000        22.92003    
  -734.375000000000        19.95302    
  -718.750000000000        23.05157    
  -703.125000000000        21.69009    
  -687.500000000000        20.94001    
  -671.875000000000        22.99837    
  -656.250000000000        28.45219    
  -640.625000000000        23.46055    
  -625.000000000000        45.70603    
  -609.375000000000        68.83703    
  -593.750000000000        149.9187    
  -578.125000000000        416.4606    
  -562.500000000000        70.28125    
  -546.875000000000        22.78484    
  -531.250000000000        33.02632    
  -515.625000000000        20.64215    
  -500.000000000000        20.08690    
  -484.375000000000        6.575173    
  -468.750000000000        11.97240    
  -453.125000000000        7.469556    
  -437.500000000000        23.31869    
  -421.875000000000        16.38477    
  -406.250000000000        41.48690    
  -390.625000000000        153.6545    
  -375.000000000000        56.33340    
  -359.375000000000        24.74153    
  -343.750000000000        3.791299    
  -328.125000000000        4.756252    
  -312.500000000000        15.37904    
  -296.875000000000        18.08025    
  -281.250000000000        11.25156    
  -265.625000000000        18.01956    
  -250.000000000000        26.52328    
  -234.375000000000        20.49806    
  -218.750000000000        48.19121    
  -203.125000000000        175.4672    
  -187.500000000000        203.7095    
  -171.875000000000        63.55308    
  -156.250000000000        33.48745    
  -140.625000000000        26.57292    
  -125.000000000000        14.90820    
  -109.375000000000        15.97846    
  -93.7500000000000        5.747066    
  -78.1250000000000        31.94279    
  -62.5000000000000        12.05724    
  -46.8750000000000        19.39515    
  -31.2500000000000        12.76404    
  -15.6250000000000        48.06692    
  0.000000000000000E+000   9601.082    
   15.6250000000000        46.83064    
   31.2500000000000        17.62354    
   46.8750000000000        23.13933    
   62.5000000000000        8.018202    
   78.1250000000000        37.31537    
   93.7500000000000        5.517519    
   109.375000000000        7.223966    
   125.000000000000        23.22761    
   140.625000000000        24.60615    
   156.250000000000        24.16022    
   171.875000000000        47.11338    
   187.500000000000        144.9817    
   203.125000000000        124.6085    
   218.750000000000        35.45049    
   234.375000000000        12.66828    
   250.000000000000        29.02674    
   265.625000000000        12.22639    
   281.250000000000        11.78454    
   296.875000000000        12.02019    
   312.500000000000        18.73463    
   328.125000000000        6.815378    
   343.750000000000        7.406832    
   359.375000000000        26.09132    
   375.000000000000        68.89011    
   390.625000000000        173.1337    
   406.250000000000        47.61025    
   421.875000000000        21.60523    
   437.500000000000        26.92863    
   453.125000000000        14.21130    
   468.750000000000        8.635989    
   484.375000000000        9.329003    
   500.000000000000        17.36866    
   515.625000000000        25.29383    
   531.250000000000        35.49520    
   546.875000000000        27.71044    
   562.500000000000        70.47353    
   578.125000000000        425.1386    
   593.750000000000        152.9626    
   609.375000000000        69.34563    
   625.000000000000        46.56263    
   640.625000000000        29.53197    
   656.250000000000        31.10893    
   671.875000000000        25.18612    
   687.500000000000        21.36669    
   703.125000000000        26.40302    
   718.750000000000        23.61118    
   734.375000000000        23.93998    
   750.000000000000        29.18961    
   765.625000000000        84.73075    
   781.250000000000        100.3980    
   796.875000000000        28.41870    
   812.500000000000        15.25112    
   828.125000000000        12.89206    
   843.750000000000        5.015683    
   859.375000000000        7.602787    
   875.000000000000        9.683634    
   890.625000000000        12.44646    
   906.250000000000        17.89053    
   921.875000000000        25.82332    
   937.500000000000        8.946486    
   953.125000000000        14.90954    
   968.750000000000        57.00783    
   984.375000000000        10.23232    
   1000.00000000000        1.479231    
   1015.62500000000        5.608554    
   1031.25000000000        4.269055    
   1046.87500000000        2.531980    
   1062.50000000000        2.766162    
   1078.12500000000        4.483149    
   1093.75000000000        3.955282    
   1109.37500000000        11.99437    
   1125.00000000000        4.546647    
   1140.62500000000        11.74712    
   1156.25000000000        48.03393    
   1171.87500000000        48.47747    
   1187.50000000000        18.38403    
   1203.12500000000        15.09468    
   1218.75000000000        2.854778    
   1234.37500000000        10.22184    
   1250.00000000000        24.42857    
   1265.62500000000        6.658519    
   1281.25000000000        4.139420    
   1296.87500000000        13.32148    
   1312.50000000000        5.310738    
   1328.12500000000        5.899780    
   1343.75000000000        5.535954    
   1359.37500000000        27.92179    
   1375.00000000000        2.243534    
   1390.62500000000        6.092031    
   1406.25000000000        7.277420    
   1421.87500000000        7.918773    
   1437.50000000000        5.780210    
   1453.12500000000        5.515787    
   1468.75000000000        3.884694    
   1484.37500000000        11.56763    
   1500.00000000000        16.27752    
   1515.62500000000        5.479260    
   1531.25000000000        9.739493    
   1546.87500000000        36.73770    
   1562.50000000000        13.41563    
   1578.12500000000        11.90725    
   1593.75000000000        7.802304    
   1609.37500000000        6.343447    
   1625.00000000000        1.183450    
   1640.62500000000        7.460195    
   1656.25000000000        3.615026    
   1671.87500000000        5.791238    
   1687.50000000000        4.909432    
   1703.12500000000       0.5534870    
   1718.75000000000        6.761245    
   1734.37500000000        5.332931    
   1750.00000000000        22.56100    
   1765.62500000000        4.093328    
   1781.25000000000        11.65047    
   1796.87500000000        2.220121    
   1812.50000000000        5.678022    
   1828.12500000000        10.93298    
   1843.75000000000        5.118419    
   1859.37500000000        3.629835    
   1875.00000000000        7.499668    
   1890.62500000000        8.486507    
   1906.25000000000        3.935794    
   1921.87500000000        12.56953    
   1937.50000000000        9.662716    
   1953.12500000000        7.195496    
   1968.75000000000        5.568101    
   1984.37500000000       0.8416612    
