  -4000.00000000000        201.8139    
  -3968.75000000000        365.0389    
  -3937.50000000000        476.6078    
  -3906.25000000000        221.0919    
  -3875.00000000000        342.7938    
  -3843.75000000000        374.8691    
  -3812.50000000000        269.5843    
  -3781.25000000000        393.6058    
  -3750.00000000000        246.1089    
  -3718.75000000000        307.7310    
  -3687.50000000000        281.6541    
  -3656.25000000000        348.8503    
  -3625.00000000000        162.4797    
  -3593.75000000000        222.4622    
  -3562.50000000000        243.8876    
  -3531.25000000000        91.14966    
  -3500.00000000000        275.9868    
  -3468.75000000000        255.7423    
  -3437.50000000000        157.1951    
  -3406.25000000000        435.9575    
  -3375.00000000000        129.8530    
  -3343.75000000000        123.8944    
  -3312.50000000000        243.7609    
  -3281.25000000000        217.0653    
  -3250.00000000000        184.3422    
  -3218.75000000000        229.2260    
  -3187.50000000000        104.1693    
  -3156.25000000000        250.7841    
  -3125.00000000000        145.7529    
  -3093.75000000000        198.3528    
  -3062.50000000000        226.1150    
  -3031.25000000000        172.9624    
  -3000.00000000000        105.3567    
  -2968.75000000000        114.0893    
  -2937.50000000000        197.3606    
  -2906.25000000000        25.22908    
  -2875.00000000000        132.8497    
  -2843.75000000000        60.37682    
  -2812.50000000000        143.6230    
  -2781.25000000000        49.79453    
  -2750.00000000000        73.83702    
  -2718.75000000000        71.71496    
  -2687.50000000000        132.3636    
  -2656.25000000000        52.04028    
  -2625.00000000000        36.10870    
  -2593.75000000000        94.17154    
  -2562.50000000000        64.39016    
  -2531.25000000000        22.19086    
  -2500.00000000000        138.8409    
  -2468.75000000000        6.827504    
  -2437.50000000000        93.62721    
  -2406.25000000000        53.04010    
  -2375.00000000000        23.75173    
  -2343.75000000000        142.8541    
  -2312.50000000000        90.14861    
  -2281.25000000000        34.68736    
  -2250.00000000000        48.14386    
  -2218.75000000000        75.73936    
  -2187.50000000000        105.0471    
  -2156.25000000000        109.2784    
  -2125.00000000000        64.81727    
  -2093.75000000000        82.17554    
  -2062.50000000000        69.75785    
  -2031.25000000000        17.85400    
  -2000.00000000000        41.79104    
  -1968.75000000000        70.88188    
  -1937.50000000000        52.47251    
  -1906.25000000000        40.15469    
  -1875.00000000000        88.48392    
  -1843.75000000000        97.41243    
  -1812.50000000000        252.2875    
  -1781.25000000000        305.5494    
  -1750.00000000000        157.1519    
  -1718.75000000000        100.3639    
  -1687.50000000000        143.8902    
  -1656.25000000000        171.2664    
  -1625.00000000000        102.8767    
  -1593.75000000000        58.31347    
  -1562.50000000000        206.8369    
  -1531.25000000000        126.0991    
  -1500.00000000000        39.31290    
  -1468.75000000000        78.70906    
  -1437.50000000000        41.45497    
  -1406.25000000000        81.92565    
  -1375.00000000000        138.9573    
  -1343.75000000000        110.6547    
  -1312.50000000000        89.22092    
  -1281.25000000000        77.96141    
  -1250.00000000000        223.5317    
  -1218.75000000000        51.26630    
  -1187.50000000000        46.26978    
  -1156.25000000000        146.9764    
  -1125.00000000000        33.30833    
  -1093.75000000000        91.04263    
  -1062.50000000000        165.5136    
  -1031.25000000000        63.99017    
  -1000.00000000000        95.69035    
  -968.750000000000        84.53721    
  -937.500000000000        36.73590    
  -906.250000000000        173.4079    
  -875.000000000000        83.99030    
  -843.750000000000        132.9904    
  -812.500000000000        221.8188    
  -781.250000000000        282.5624    
  -750.000000000000        219.0981    
  -718.750000000000        269.8111    
  -687.500000000000        236.6419    
  -656.250000000000        417.9832    
  -625.000000000000        29.40808    
  -593.750000000000        297.7681    
  -562.500000000000        121.8130    
  -531.250000000000        193.9964    
  -500.000000000000        302.7111    
  -468.750000000000        74.83006    
  -437.500000000000        240.7906    
  -406.250000000000        294.4464    
  -375.000000000000        657.5706    
  -343.750000000000        1077.437    
  -312.500000000000        553.0116    
  -281.250000000000        778.3848    
  -250.000000000000        395.3448    
  -218.750000000000        51.08047    
  -187.500000000000        373.0520    
  -156.250000000000        1376.213    
  -125.000000000000        1347.818    
  -93.7500000000000        483.8862    
  -62.5000000000000        1334.965    
  -31.2500000000000        2379.976    
  0.000000000000000E+000   6113.642    
   31.2500000000000        2326.564    
   62.5000000000000        1356.981    
   93.7500000000000        497.0633    
   125.000000000000        1369.981    
   156.250000000000        1406.672    
   187.500000000000        369.6617    
   218.750000000000        31.84053    
   250.000000000000        394.3129    
   281.250000000000        756.9973    
   312.500000000000        553.7059    
   343.750000000000        1062.677    
   375.000000000000        632.9530    
   406.250000000000        281.4479    
   437.500000000000        216.8021    
   468.750000000000        73.91007    
   500.000000000000        316.0520    
   531.250000000000        205.5621    
   562.500000000000        128.5492    
   593.750000000000        310.4432    
   625.000000000000        45.84039    
   656.250000000000        425.7732    
   687.500000000000        232.2547    
   718.750000000000        281.9790    
   750.000000000000        208.8667    
   781.250000000000        278.6959    
   812.500000000000        223.1703    
   843.750000000000        125.2581    
   875.000000000000        92.87376    
   906.250000000000        166.3694    
   937.500000000000        37.83056    
   968.750000000000        88.10151    
   1000.00000000000        96.08890    
   1031.25000000000        67.58594    
   1062.50000000000        169.2688    
   1093.75000000000        93.15640    
   1125.00000000000        40.90258    
   1156.25000000000        150.8022    
   1187.50000000000        37.97218    
   1218.75000000000        46.27538    
   1250.00000000000        231.6134    
   1281.25000000000        70.99023    
   1312.50000000000        88.15825    
   1343.75000000000        110.9582    
   1375.00000000000        136.7834    
   1406.25000000000        82.90170    
   1437.50000000000        41.95834    
   1468.75000000000        73.49358    
   1500.00000000000        34.85268    
   1531.25000000000        117.3266    
   1562.50000000000        200.8151    
   1593.75000000000        61.43052    
   1625.00000000000        107.9854    
   1656.25000000000        158.5075    
   1687.50000000000        143.7551    
   1718.75000000000        104.7560    
   1750.00000000000        147.7047    
   1781.25000000000        293.2237    
   1812.50000000000        247.8530    
   1843.75000000000        92.37158    
   1875.00000000000        85.98266    
   1906.25000000000        33.15966    
   1937.50000000000        51.42283    
   1968.75000000000        65.02968    
   2000.00000000000        43.52530    
   2031.25000000000        19.35523    
   2062.50000000000        67.06404    
   2093.75000000000        85.08762    
   2125.00000000000        64.39595    
   2156.25000000000        110.8408    
   2187.50000000000        104.0584    
   2218.75000000000        72.18379    
   2250.00000000000        51.48316    
   2281.25000000000        41.41498    
   2312.50000000000        88.66552    
   2343.75000000000        140.3530    
   2375.00000000000        23.20210    
   2406.25000000000        52.38301    
   2437.50000000000        96.56007    
   2468.75000000000        16.38732    
   2500.00000000000        142.7936    
   2531.25000000000        16.07674    
   2562.50000000000        65.91725    
   2593.75000000000        106.8893    
   2625.00000000000        37.49580    
   2656.25000000000        54.27677    
   2687.50000000000        142.0131    
   2718.75000000000        79.31481    
   2750.00000000000        71.25737    
   2781.25000000000        46.24702    
   2812.50000000000        144.4926    
   2843.75000000000        63.59565    
   2875.00000000000        132.8316    
   2906.25000000000        26.79193    
   2937.50000000000        200.8338    
   2968.75000000000        110.5896    
   3000.00000000000        112.5637    
   3031.25000000000        186.3612    
   3062.50000000000        218.7113    
   3093.75000000000        193.9776    
   3125.00000000000        144.0348    
   3156.25000000000        249.5050    
   3187.50000000000        106.6378    
   3218.75000000000        238.9836    
   3250.00000000000        195.4360    
   3281.25000000000        223.7721    
   3312.50000000000        238.4245    
   3343.75000000000        124.3958    
   3375.00000000000        130.5792    
   3406.25000000000        431.5318    
   3437.50000000000        153.0952    
   3468.75000000000        269.3121    
   3500.00000000000        274.3364    
   3531.25000000000        88.45435    
   3562.50000000000        252.7013    
   3593.75000000000        206.5721    
   3625.00000000000        160.6128    
   3656.25000000000        345.3002    
   3687.50000000000        280.3477    
   3718.75000000000        308.2232    
   3750.00000000000        240.8903    
   3781.25000000000        406.9774    
   3812.50000000000        268.5731    
   3843.75000000000        385.3269    
   3875.00000000000        334.4871    
   3906.25000000000        221.7888    
   3937.50000000000        463.5907    
   3968.75000000000        374.9167    
