  -4000.00000000000        200.2952    
  -3968.75000000000        370.3171    
  -3937.50000000000        464.8852    
  -3906.25000000000        222.3392    
  -3875.00000000000        335.9044    
  -3843.75000000000        377.8995    
  -3812.50000000000        268.4996    
  -3781.25000000000        397.2620    
  -3750.00000000000        247.9563    
  -3718.75000000000        306.9008    
  -3687.50000000000        282.3977    
  -3656.25000000000        345.0900    
  -3625.00000000000        158.8294    
  -3593.75000000000        221.2930    
  -3562.50000000000        246.7581    
  -3531.25000000000        84.47157    
  -3500.00000000000        276.2538    
  -3468.75000000000        258.1867    
  -3437.50000000000        146.9878    
  -3406.25000000000        433.4193    
  -3375.00000000000        132.3169    
  -3343.75000000000        125.0243    
  -3312.50000000000        237.3208    
  -3281.25000000000        206.9253    
  -3250.00000000000        186.7652    
  -3218.75000000000        232.9937    
  -3187.50000000000        104.8913    
  -3156.25000000000        245.5525    
  -3125.00000000000        137.9777    
  -3093.75000000000        192.5474    
  -3062.50000000000        227.6854    
  -3031.25000000000        174.5953    
  -3000.00000000000        106.7185    
  -2968.75000000000        114.6953    
  -2937.50000000000        198.1472    
  -2906.25000000000        26.75788    
  -2875.00000000000        128.6092    
  -2843.75000000000        64.16411    
  -2812.50000000000        136.7708    
  -2781.25000000000        47.23053    
  -2750.00000000000        71.10777    
  -2718.75000000000        72.55728    
  -2687.50000000000        133.6064    
  -2656.25000000000        56.11928    
  -2625.00000000000        36.40636    
  -2593.75000000000        97.60419    
  -2562.50000000000        63.48400    
  -2531.25000000000        18.47050    
  -2500.00000000000        136.7227    
  -2468.75000000000        11.13918    
  -2437.50000000000        96.33451    
  -2406.25000000000        55.66499    
  -2375.00000000000        22.16606    
  -2343.75000000000        140.8473    
  -2312.50000000000        86.83173    
  -2281.25000000000        36.76874    
  -2250.00000000000        46.65961    
  -2218.75000000000        73.62049    
  -2187.50000000000        105.3546    
  -2156.25000000000        108.4406    
  -2125.00000000000        70.71268    
  -2093.75000000000        85.76736    
  -2062.50000000000        59.56058    
  -2031.25000000000        18.08355    
  -2000.00000000000        46.21774    
  -1968.75000000000        69.13728    
  -1937.50000000000        53.18460    
  -1906.25000000000        33.65400    
  -1875.00000000000        82.68417    
  -1843.75000000000        95.67386    
  -1812.50000000000        251.8762    
  -1781.25000000000        299.6903    
  -1750.00000000000        156.7013    
  -1718.75000000000        106.4580    
  -1687.50000000000        144.2511    
  -1656.25000000000        175.5226    
  -1625.00000000000        107.5911    
  -1593.75000000000        51.28851    
  -1562.50000000000        205.4976    
  -1531.25000000000        120.1013    
  -1500.00000000000        38.05837    
  -1468.75000000000        69.21655    
  -1437.50000000000        44.24835    
  -1406.25000000000        86.52275    
  -1375.00000000000        125.9267    
  -1343.75000000000        109.4634    
  -1312.50000000000        89.73664    
  -1281.25000000000        77.24201    
  -1250.00000000000        220.5338    
  -1218.75000000000        41.87505    
  -1187.50000000000        40.67798    
  -1156.25000000000        146.1728    
  -1125.00000000000        31.79307    
  -1093.75000000000        89.11405    
  -1062.50000000000        169.9153    
  -1031.25000000000        61.37190    
  -1000.00000000000        95.01569    
  -968.750000000000        99.52160    
  -937.500000000000        45.29469    
  -906.250000000000        163.2447    
  -875.000000000000        93.06186    
  -843.750000000000        126.2041    
  -812.500000000000        220.9588    
  -781.250000000000        284.8678    
  -750.000000000000        209.9454    
  -718.750000000000        266.2394    
  -687.500000000000        239.7853    
  -656.250000000000        425.7386    
  -625.000000000000        42.69827    
  -593.750000000000        300.6365    
  -562.500000000000        113.3553    
  -531.250000000000        196.3344    
  -500.000000000000        303.7094    
  -468.750000000000        77.59760    
  -437.500000000000        235.9577    
  -406.250000000000        297.8755    
  -375.000000000000        658.3200    
  -343.750000000000        1069.680    
  -312.500000000000        561.4276    
  -281.250000000000        769.0752    
  -250.000000000000        378.9763    
  -218.750000000000        65.99589    
  -187.500000000000        371.6200    
  -156.250000000000        1384.946    
  -125.000000000000        1342.373    
  -93.7500000000000        483.0347    
  -62.5000000000000        1318.837    
  -31.2500000000000        2357.718    
  0.000000000000000E+000   6146.334    
   31.2500000000000        2340.323    
   62.5000000000000        1343.901    
   93.7500000000000        491.8830    
   125.000000000000        1348.433    
   156.250000000000        1389.294    
   187.500000000000        355.2456    
   218.750000000000        38.57503    
   250.000000000000        399.1753    
   281.250000000000        756.2272    
   312.500000000000        546.3099    
   343.750000000000        1057.459    
   375.000000000000        641.1667    
   406.250000000000        291.9907    
   437.500000000000        225.2334    
   468.750000000000        74.09921    
   500.000000000000        313.0895    
   531.250000000000        193.9274    
   562.500000000000        133.1884    
   593.750000000000        302.2658    
   625.000000000000        39.86634    
   656.250000000000        420.5519    
   687.500000000000        240.1137    
   718.750000000000        285.4698    
   750.000000000000        206.6531    
   781.250000000000        281.4009    
   812.500000000000        213.7011    
   843.750000000000        122.4668    
   875.000000000000        84.37177    
   906.250000000000        165.1373    
   937.500000000000        35.01513    
   968.750000000000        96.98988    
   1000.00000000000        106.1120    
   1031.25000000000        67.85948    
   1062.50000000000        161.2786    
   1093.75000000000        93.07117    
   1125.00000000000        37.20642    
   1156.25000000000        143.9075    
   1187.50000000000        40.47415    
   1218.75000000000        43.28518    
   1250.00000000000        225.3234    
   1281.25000000000        68.02416    
   1312.50000000000        90.20929    
   1343.75000000000        110.1917    
   1375.00000000000        131.9991    
   1406.25000000000        86.25151    
   1437.50000000000        37.74712    
   1468.75000000000        68.25012    
   1500.00000000000        35.61653    
   1531.25000000000        121.2933    
   1562.50000000000        200.6778    
   1593.75000000000        53.73207    
   1625.00000000000        93.29987    
   1656.25000000000        160.6496    
   1687.50000000000        146.6041    
   1718.75000000000        103.3485    
   1750.00000000000        148.6853    
   1781.25000000000        284.7353    
   1812.50000000000        245.3553    
   1843.75000000000        91.84893    
   1875.00000000000        83.25777    
   1906.25000000000        37.42881    
   1937.50000000000        48.84772    
   1968.75000000000        71.45855    
   2000.00000000000        40.31710    
   2031.25000000000        26.44350    
   2062.50000000000        67.61315    
   2093.75000000000        82.48051    
   2125.00000000000        65.81527    
   2156.25000000000        116.1605    
   2187.50000000000        105.2324    
   2218.75000000000        69.41120    
   2250.00000000000        58.08440    
   2281.25000000000        43.15094    
   2312.50000000000        84.23718    
   2343.75000000000        143.0333    
   2375.00000000000        26.73151    
   2406.25000000000        42.27655    
   2437.50000000000        91.58971    
   2468.75000000000        11.75744    
   2500.00000000000        145.4933    
   2531.25000000000        19.24277    
   2562.50000000000        64.58678    
   2593.75000000000        98.30524    
   2625.00000000000        35.88864    
   2656.25000000000        56.98289    
   2687.50000000000        139.6247    
   2718.75000000000        66.64657    
   2750.00000000000        71.19334    
   2781.25000000000        48.49237    
   2812.50000000000        143.8258    
   2843.75000000000        65.26205    
   2875.00000000000        137.9014    
   2906.25000000000        25.96241    
   2937.50000000000        197.0571    
   2968.75000000000        109.5115    
   3000.00000000000        116.5506    
   3031.25000000000        177.6940    
   3062.50000000000        228.9488    
   3093.75000000000        195.6578    
   3125.00000000000        139.8575    
   3156.25000000000        243.7365    
   3187.50000000000        109.8454    
   3218.75000000000        239.2514    
   3250.00000000000        197.4931    
   3281.25000000000        223.7790    
   3312.50000000000        230.0318    
   3343.75000000000        123.2437    
   3375.00000000000        128.9396    
   3406.25000000000        429.3192    
   3437.50000000000        152.2926    
   3468.75000000000        267.3050    
   3500.00000000000        272.7960    
   3531.25000000000        86.87408    
   3562.50000000000        250.5722    
   3593.75000000000        208.7624    
   3625.00000000000        158.6570    
   3656.25000000000        339.3856    
   3687.50000000000        284.1238    
   3718.75000000000        308.5594    
   3750.00000000000        241.7754    
   3781.25000000000        406.1606    
   3812.50000000000        266.6602    
   3843.75000000000        379.1132    
   3875.00000000000        334.8501    
   3906.25000000000        216.4805    
   3937.50000000000        465.1483    
   3968.75000000000        374.8061    
