  -2000.00000000000        30.05285    
  -1984.37500000000        3.316785    
  -1968.75000000000        14.38271    
  -1953.12500000000        32.02867    
  -1937.50000000000        22.04280    
  -1921.87500000000        43.99219    
  -1906.25000000000        14.72996    
  -1890.62500000000        21.93738    
  -1875.00000000000        9.232405    
  -1859.37500000000        18.06365    
  -1843.75000000000        22.93962    
  -1828.12500000000        30.35921    
  -1812.50000000000        10.03377    
  -1796.87500000000        12.66072    
  -1781.25000000000        27.08469    
  -1765.62500000000        21.86221    
  -1750.00000000000        51.93060    
  -1734.37500000000        25.45790    
  -1718.75000000000        15.45007    
  -1703.12500000000        31.86238    
  -1687.50000000000        10.02620    
  -1671.87500000000        13.07339    
  -1656.25000000000        24.63690    
  -1640.62500000000        20.99965    
  -1625.00000000000        26.37581    
  -1609.37500000000        29.85044    
  -1593.75000000000        13.81715    
  -1578.12500000000        26.83845    
  -1562.50000000000        6.042570    
  -1546.87500000000        95.65345    
  -1531.25000000000        26.97646    
  -1515.62500000000        37.73677    
  -1500.00000000000        64.40530    
  -1484.37500000000        30.32551    
  -1468.75000000000        12.46126    
  -1453.12500000000        5.777912    
  -1437.50000000000        16.55297    
  -1421.87500000000        9.223343    
  -1406.25000000000        13.11270    
  -1390.62500000000        2.723044    
  -1375.00000000000        27.86645    
  -1359.37500000000        71.36516    
  -1343.75000000000        26.20238    
  -1328.12500000000        12.68256    
  -1312.50000000000        11.06017    
  -1296.87500000000        54.77174    
  -1281.25000000000        42.81707    
  -1265.62500000000        16.06257    
  -1250.00000000000        54.00624    
  -1234.37500000000        30.25454    
  -1218.75000000000        15.15519    
  -1203.12500000000        46.06485    
  -1187.50000000000        60.84199    
  -1171.87500000000        142.4926    
  -1156.25000000000        139.7623    
  -1140.62500000000        46.67721    
  -1125.00000000000        26.67529    
  -1109.37500000000        40.40124    
  -1093.75000000000        34.23010    
  -1078.12500000000        7.619028    
  -1062.50000000000        9.440156    
  -1046.87500000000        18.01066    
  -1031.25000000000        18.90704    
  -1015.62500000000        26.11244    
  -1000.00000000000        9.310321    
  -984.375000000000        17.17386    
  -968.750000000000        189.8748    
  -953.125000000000        25.24545    
  -937.500000000000        20.81695    
  -921.875000000000        46.07943    
  -906.250000000000        57.73930    
  -890.625000000000        22.28257    
  -875.000000000000        21.23388    
  -859.375000000000        17.94413    
  -843.750000000000        28.92864    
  -828.125000000000        31.16495    
  -812.500000000000        23.68052    
  -796.875000000000        60.32747    
  -781.250000000000        181.4168    
  -765.625000000000        151.1965    
  -750.000000000000        42.91125    
  -734.375000000000        26.44832    
  -718.750000000000        35.06572    
  -703.125000000000        83.27625    
  -687.500000000000        41.61788    
  -671.875000000000        42.29866    
  -656.250000000000        59.39516    
  -640.625000000000        54.72783    
  -625.000000000000        105.4328    
  -609.375000000000        166.6980    
  -593.750000000000        304.8679    
  -578.125000000000        905.8139    
  -562.500000000000        144.8146    
  -546.875000000000        36.84677    
  -531.250000000000        69.51182    
  -515.625000000000        17.76295    
  -500.000000000000        52.94787    
  -484.375000000000        19.11375    
  -468.750000000000        16.26558    
  -453.125000000000        16.07048    
  -437.500000000000        35.34128    
  -421.875000000000        41.15107    
  -406.250000000000        83.96308    
  -390.625000000000        370.4750    
  -375.000000000000        65.72483    
  -359.375000000000        52.83128    
  -343.750000000000        28.04797    
  -328.125000000000        35.70570    
  -312.500000000000        61.09810    
  -296.875000000000        67.84417    
  -281.250000000000        32.47106    
  -265.625000000000        85.31990    
  -250.000000000000        90.04738    
  -234.375000000000        88.01689    
  -218.750000000000        171.3263    
  -203.125000000000        647.6641    
  -187.500000000000        832.4598    
  -171.875000000000        245.2673    
  -156.250000000000        143.6393    
  -140.625000000000        96.06089    
  -125.000000000000        75.58939    
  -109.375000000000        70.77917    
  -93.7500000000000        43.15889    
  -78.1250000000000        66.13905    
  -62.5000000000000        69.28525    
  -46.8750000000000        41.50713    
  -31.2500000000000        23.00176    
  -15.6250000000000        91.17671    
  0.000000000000000E+000   21388.81    
   15.6250000000000        98.89828    
   31.2500000000000        65.81955    
   46.8750000000000        92.13930    
   62.5000000000000        26.86554    
   78.1250000000000        74.71532    
   93.7500000000000        47.59816    
   109.375000000000        47.10417    
   125.000000000000        61.63638    
   140.625000000000        56.62817    
   156.250000000000        83.05458    
   171.875000000000        134.6992    
   187.500000000000        372.7892    
   203.125000000000        179.8223    
   218.750000000000        120.5154    
   234.375000000000        66.11920    
   250.000000000000        91.08035    
   265.625000000000        50.19079    
   281.250000000000        42.29213    
   296.875000000000        10.30627    
   312.500000000000        50.03679    
   328.125000000000        32.99248    
   343.750000000000        23.55168    
   359.375000000000        68.81461    
   375.000000000000        168.1222    
   390.625000000000        496.0627    
   406.250000000000        119.4735    
   421.875000000000        61.39979    
   437.500000000000        85.70090    
   453.125000000000        62.08154    
   468.750000000000        21.82143    
   484.375000000000        18.54029    
   500.000000000000        39.96218    
   515.625000000000        46.02871    
   531.250000000000        82.95223    
   546.875000000000        78.52834    
   562.500000000000        154.4958    
   578.125000000000        937.8698    
   593.750000000000        352.7137    
   609.375000000000        147.7715    
   625.000000000000        95.04848    
   640.625000000000        56.04957    
   656.250000000000        95.92185    
   671.875000000000        54.21779    
   687.500000000000        55.27185    
   703.125000000000        31.34306    
   718.750000000000        70.48050    
   734.375000000000        59.59664    
   750.000000000000        85.89763    
   765.625000000000        204.6032    
   781.250000000000        235.9208    
   796.875000000000        64.77178    
   812.500000000000        27.01471    
   828.125000000000        27.06682    
   843.750000000000        22.88187    
   859.375000000000        6.520266    
   875.000000000000        17.57527    
   890.625000000000        12.53790    
   906.250000000000        36.98156    
   921.875000000000        55.20809    
   937.500000000000        32.31507    
   953.125000000000        39.58797    
   968.750000000000        115.0865    
   984.375000000000        42.56089    
   1000.00000000000        7.721427    
   1015.62500000000        11.93346    
   1031.25000000000        10.24802    
   1046.87500000000        30.66529    
   1062.50000000000        4.743245    
   1078.12500000000        6.278224    
   1093.75000000000        21.83548    
   1109.37500000000        44.16980    
   1125.00000000000        13.88028    
   1140.62500000000        21.38581    
   1156.25000000000        99.63680    
   1171.87500000000        99.14563    
   1187.50000000000        27.24572    
   1203.12500000000        22.01014    
   1218.75000000000        3.927679    
   1234.37500000000        13.52557    
   1250.00000000000        48.72670    
   1265.62500000000        17.85374    
   1281.25000000000        22.07420    
   1296.87500000000        44.85532    
   1312.50000000000        27.49927    
   1328.12500000000        16.43412    
   1343.75000000000        30.48494    
   1359.37500000000        24.74490    
   1375.00000000000        8.283555    
   1390.62500000000        22.42273    
   1406.25000000000        24.51597    
   1421.87500000000        28.70261    
   1437.50000000000        14.19821    
   1453.12500000000        14.08056    
   1468.75000000000        24.74485    
   1484.37500000000        49.99863    
   1500.00000000000        33.58810    
   1515.62500000000        10.46646    
   1531.25000000000        11.77499    
   1546.87500000000        49.20469    
   1562.50000000000        36.58148    
   1578.12500000000        30.92914    
   1593.75000000000        9.740912    
   1609.37500000000        19.03483    
   1625.00000000000        23.29594    
   1640.62500000000        18.94357    
   1656.25000000000        1.438918    
   1671.87500000000        36.21120    
   1687.50000000000        19.94768    
   1703.12500000000        17.17387    
   1718.75000000000        21.56049    
   1734.37500000000        17.16667    
   1750.00000000000        70.96647    
   1765.62500000000        9.375888    
   1781.25000000000        23.89700    
   1796.87500000000        5.712180    
   1812.50000000000        21.76409    
   1828.12500000000        7.587265    
   1843.75000000000        12.91712    
   1859.37500000000        6.685995    
   1875.00000000000        36.31192    
   1890.62500000000        24.59069    
   1906.25000000000        11.35044    
   1921.87500000000        30.72960    
   1937.50000000000        15.26686    
   1953.12500000000        15.70329    
   1968.75000000000        21.05766    
   1984.37500000000        8.621563    
