  -2000.00000000000        29.95442    
  -1984.37500000000        18.04352    
  -1968.75000000000        13.96168    
  -1953.12500000000        51.88201    
  -1937.50000000000        108.2039    
  -1921.87500000000        40.46535    
  -1906.25000000000        32.20080    
  -1890.62500000000        78.90709    
  -1875.00000000000        64.00178    
  -1859.37500000000        48.59411    
  -1843.75000000000        87.73836    
  -1828.12500000000        96.62465    
  -1812.50000000000        90.01830    
  -1796.87500000000        23.10486    
  -1781.25000000000        53.26441    
  -1765.62500000000        63.94634    
  -1750.00000000000        192.0540    
  -1734.37500000000        112.6214    
  -1718.75000000000        22.40305    
  -1703.12500000000        17.63421    
  -1687.50000000000        42.29507    
  -1671.87500000000        87.46098    
  -1656.25000000000        24.32164    
  -1640.62500000000        47.10145    
  -1625.00000000000        57.58440    
  -1609.37500000000        96.34199    
  -1593.75000000000        59.37098    
  -1578.12500000000        30.12121    
  -1562.50000000000        19.66042    
  -1546.87500000000        112.8432    
  -1531.25000000000        53.50347    
  -1515.62500000000        76.39576    
  -1500.00000000000        103.3888    
  -1484.37500000000        219.8140    
  -1468.75000000000        69.95129    
  -1453.12500000000        42.44846    
  -1437.50000000000        45.87801    
  -1421.87500000000        45.29270    
  -1406.25000000000        42.93478    
  -1390.62500000000        23.48916    
  -1375.00000000000        33.44359    
  -1359.37500000000        169.7651    
  -1343.75000000000        73.42344    
  -1328.12500000000        30.81205    
  -1312.50000000000        47.25308    
  -1296.87500000000        183.3789    
  -1281.25000000000        136.6376    
  -1265.62500000000        22.72559    
  -1250.00000000000        95.45629    
  -1234.37500000000        105.0732    
  -1218.75000000000        72.58501    
  -1203.12500000000        138.9906    
  -1187.50000000000        195.3694    
  -1171.87500000000        496.1538    
  -1156.25000000000        475.3693    
  -1140.62500000000        140.0786    
  -1125.00000000000        116.8705    
  -1109.37500000000        47.07250    
  -1093.75000000000        27.65389    
  -1078.12500000000        29.08096    
  -1062.50000000000        42.78941    
  -1046.87500000000        51.49475    
  -1031.25000000000        21.18258    
  -1015.62500000000        47.68249    
  -1000.00000000000        61.71298    
  -984.375000000000        79.13949    
  -968.750000000000        478.7614    
  -953.125000000000        25.15873    
  -937.500000000000        57.83152    
  -921.875000000000        117.9529    
  -906.250000000000        82.33025    
  -890.625000000000        34.00436    
  -875.000000000000        45.67869    
  -859.375000000000        67.14249    
  -843.750000000000        48.25655    
  -828.125000000000        94.27396    
  -812.500000000000        129.8286    
  -796.875000000000        77.47312    
  -781.250000000000        408.9007    
  -765.625000000000        39.82565    
  -750.000000000000        84.89057    
  -734.375000000000        22.96552    
  -718.750000000000        56.75350    
  -703.125000000000        49.56787    
  -687.500000000000        22.60930    
  -671.875000000000        49.48269    
  -656.250000000000        111.9156    
  -640.625000000000        104.4434    
  -625.000000000000        173.4264    
  -609.375000000000        259.4301    
  -593.750000000000        459.0153    
  -578.125000000000        1548.954    
  -562.500000000000        245.1304    
  -546.875000000000        65.03250    
  -531.250000000000        117.0983    
  -515.625000000000        71.38913    
  -500.000000000000        40.70788    
  -484.375000000000        54.33274    
  -468.750000000000        64.62881    
  -453.125000000000        49.20541    
  -437.500000000000        18.71338    
  -421.875000000000        50.49143    
  -406.250000000000        145.6323    
  -390.625000000000        739.9730    
  -375.000000000000        54.16864    
  -359.375000000000        113.0080    
  -343.750000000000        86.42944    
  -328.125000000000        143.0329    
  -312.500000000000        48.81071    
  -296.875000000000        150.2911    
  -281.250000000000        71.44655    
  -265.625000000000        177.9155    
  -250.000000000000        245.7047    
  -234.375000000000        253.1050    
  -218.750000000000        446.6294    
  -203.125000000000        1545.511    
  -187.500000000000        2007.384    
  -171.875000000000        629.3332    
  -156.250000000000        326.7286    
  -140.625000000000        245.3826    
  -125.000000000000        229.9494    
  -109.375000000000        217.1264    
  -93.7500000000000        145.9142    
  -78.1250000000000        153.3217    
  -62.5000000000000        138.4949    
  -46.8750000000000        73.65471    
  -31.2500000000000        67.46014    
  -15.6250000000000        228.2946    
  0.000000000000000E+000   39520.93    
   15.6250000000000        285.9126    
   31.2500000000000        156.2090    
   46.8750000000000        235.9502    
   62.5000000000000        45.35154    
   78.1250000000000        136.6508    
   93.7500000000000        139.7116    
   109.375000000000        142.4156    
   125.000000000000        183.1974    
   140.625000000000        142.6474    
   156.250000000000        230.4122    
   171.875000000000        343.3268    
   187.500000000000        1082.347    
   203.125000000000        523.6734    
   218.750000000000        314.1709    
   234.375000000000        198.5332    
   250.000000000000        220.4620    
   265.625000000000        72.47002    
   281.250000000000        92.25680    
   296.875000000000        23.05950    
   312.500000000000        64.51550    
   328.125000000000        95.47098    
   343.750000000000        81.97102    
   359.375000000000        179.2543    
   375.000000000000        433.8632    
   390.625000000000        1124.016    
   406.250000000000        269.4036    
   421.875000000000        134.7304    
   437.500000000000        161.6288    
   453.125000000000        89.30907    
   468.750000000000        64.66421    
   484.375000000000        63.04902    
   500.000000000000        111.6389    
   515.625000000000        182.4011    
   531.250000000000        138.7909    
   546.875000000000        169.9294    
   562.500000000000        292.2634    
   578.125000000000        1751.917    
   593.750000000000        661.6432    
   609.375000000000        315.0435    
   625.000000000000        211.4642    
   640.625000000000        161.6347    
   656.250000000000        70.31203    
   671.875000000000        108.7385    
   687.500000000000        131.9219    
   703.125000000000        31.23117    
   718.750000000000        119.1006    
   734.375000000000        160.1273    
   750.000000000000        257.5446    
   765.625000000000        494.6733    
   781.250000000000        658.0881    
   796.875000000000        249.8309    
   812.500000000000        134.2948    
   828.125000000000        73.91596    
   843.750000000000        31.02842    
   859.375000000000        53.23481    
   875.000000000000        36.99895    
   890.625000000000        87.57355    
   906.250000000000        124.8998    
   921.875000000000        129.8620    
   937.500000000000        56.12359    
   953.125000000000        72.97518    
   968.750000000000        460.2242    
   984.375000000000        85.07944    
   1000.00000000000        34.19997    
   1015.62500000000        64.68335    
   1031.25000000000        31.74637    
   1046.87500000000        55.82756    
   1062.50000000000        27.18890    
   1078.12500000000        17.35531    
   1093.75000000000        39.79073    
   1109.37500000000        103.6801    
   1125.00000000000        43.30285    
   1140.62500000000        84.67008    
   1156.25000000000        470.8595    
   1171.87500000000        412.6731    
   1187.50000000000        130.0983    
   1203.12500000000        84.88242    
   1218.75000000000        60.92907    
   1234.37500000000        60.49854    
   1250.00000000000        109.3081    
   1265.62500000000        49.04929    
   1281.25000000000        22.67094    
   1296.87500000000        56.07651    
   1312.50000000000        22.49016    
   1328.12500000000        61.87758    
   1343.75000000000        71.13337    
   1359.37500000000        163.6846    
   1375.00000000000        18.03565    
   1390.62500000000        45.95759    
   1406.25000000000        62.95723    
   1421.87500000000        57.05388    
   1437.50000000000        11.86650    
   1453.12500000000        28.18041    
   1468.75000000000        16.96701    
   1484.37500000000        54.18679    
   1500.00000000000        143.7294    
   1515.62500000000        74.76390    
   1531.25000000000        9.792118    
   1546.87500000000        39.18763    
   1562.50000000000        32.98521    
   1578.12500000000        61.35914    
   1593.75000000000        31.44802    
   1609.37500000000        3.391455    
   1625.00000000000        12.55549    
   1640.62500000000        31.54927    
   1656.25000000000        36.81797    
   1671.87500000000        82.59081    
   1687.50000000000        17.90516    
   1703.12500000000        20.63828    
   1718.75000000000        29.40721    
   1734.37500000000        23.81944    
   1750.00000000000        148.6884    
   1765.62500000000        78.80945    
   1781.25000000000        61.10258    
   1796.87500000000        50.35035    
   1812.50000000000        40.23738    
   1828.12500000000        62.50527    
   1843.75000000000        21.80879    
   1859.37500000000        70.10542    
   1875.00000000000        28.98436    
   1890.62500000000        21.86966    
   1906.25000000000        15.13427    
   1921.87500000000        125.1850    
   1937.50000000000        124.5466    
   1953.12500000000        45.13865    
   1968.75000000000        35.48893    
   1984.37500000000        28.22639    
