  -4000.00000000000        257.0739    
  -3968.75000000000        469.2316    
  -3937.50000000000        627.5826    
  -3906.25000000000        296.3649    
  -3875.00000000000        443.8158    
  -3843.75000000000        476.4759    
  -3812.50000000000        396.9465    
  -3781.25000000000        531.1805    
  -3750.00000000000        324.7338    
  -3718.75000000000        391.2598    
  -3687.50000000000        409.6679    
  -3656.25000000000        437.4406    
  -3625.00000000000        270.3205    
  -3593.75000000000        324.9613    
  -3562.50000000000        296.5864    
  -3531.25000000000        132.0221    
  -3500.00000000000        375.6812    
  -3468.75000000000        316.4527    
  -3437.50000000000        189.4934    
  -3406.25000000000        547.5836    
  -3375.00000000000        195.6698    
  -3343.75000000000        150.5355    
  -3312.50000000000        332.0382    
  -3281.25000000000        287.4565    
  -3250.00000000000        240.3214    
  -3218.75000000000        276.2786    
  -3187.50000000000        129.7781    
  -3156.25000000000        327.8695    
  -3125.00000000000        170.3336    
  -3093.75000000000        256.7188    
  -3062.50000000000        294.8823    
  -3031.25000000000        252.1277    
  -3000.00000000000        112.3345    
  -2968.75000000000        160.1891    
  -2937.50000000000        243.0611    
  -2906.25000000000        59.61747    
  -2875.00000000000        153.7163    
  -2843.75000000000        85.95730    
  -2812.50000000000        182.6165    
  -2781.25000000000        68.72955    
  -2750.00000000000        107.9551    
  -2718.75000000000        77.07373    
  -2687.50000000000        180.3811    
  -2656.25000000000        78.01540    
  -2625.00000000000        28.00943    
  -2593.75000000000        151.2868    
  -2562.50000000000        89.07449    
  -2531.25000000000        34.27834    
  -2500.00000000000        187.3222    
  -2468.75000000000        34.48035    
  -2437.50000000000        134.4635    
  -2406.25000000000        103.2612    
  -2375.00000000000        38.10025    
  -2343.75000000000        191.5789    
  -2312.50000000000        98.14176    
  -2281.25000000000        47.81170    
  -2250.00000000000        54.33696    
  -2218.75000000000        103.2431    
  -2187.50000000000        140.7307    
  -2156.25000000000        131.6854    
  -2125.00000000000        91.97633    
  -2093.75000000000        120.7094    
  -2062.50000000000        82.98985    
  -2031.25000000000        36.62833    
  -2000.00000000000        65.57935    
  -1968.75000000000        91.34210    
  -1937.50000000000        61.27252    
  -1906.25000000000        47.02091    
  -1875.00000000000        99.42216    
  -1843.75000000000        90.41719    
  -1812.50000000000        358.0691    
  -1781.25000000000        428.1730    
  -1750.00000000000        221.5807    
  -1718.75000000000        137.5589    
  -1687.50000000000        209.1730    
  -1656.25000000000        239.4617    
  -1625.00000000000        141.5644    
  -1593.75000000000        105.4690    
  -1562.50000000000        254.1780    
  -1531.25000000000        153.6635    
  -1500.00000000000        71.92072    
  -1468.75000000000        109.4337    
  -1437.50000000000        67.04936    
  -1406.25000000000        130.0863    
  -1375.00000000000        174.5576    
  -1343.75000000000        161.9365    
  -1312.50000000000        107.8099    
  -1281.25000000000        113.5372    
  -1250.00000000000        292.7146    
  -1218.75000000000        72.64516    
  -1187.50000000000        86.45135    
  -1156.25000000000        201.7686    
  -1125.00000000000        33.29533    
  -1093.75000000000        161.6251    
  -1062.50000000000        237.1419    
  -1031.25000000000        89.80442    
  -1000.00000000000        141.1124    
  -968.750000000000        91.09331    
  -937.500000000000        43.49498    
  -906.250000000000        225.6908    
  -875.000000000000        94.40337    
  -843.750000000000        155.8155    
  -812.500000000000        257.8829    
  -781.250000000000        389.1927    
  -750.000000000000        287.5279    
  -718.750000000000        299.5606    
  -687.500000000000        309.9654    
  -656.250000000000        511.6163    
  -625.000000000000        35.77530    
  -593.750000000000        390.9826    
  -562.500000000000        182.2147    
  -531.250000000000        247.4503    
  -500.000000000000        408.0007    
  -468.750000000000        87.31199    
  -437.500000000000        350.9977    
  -406.250000000000        397.2788    
  -375.000000000000        914.2833    
  -343.750000000000        1453.432    
  -312.500000000000        693.2345    
  -281.250000000000        1057.661    
  -250.000000000000        549.0098    
  -218.750000000000        96.37770    
  -187.500000000000        464.5504    
  -156.250000000000        1737.910    
  -125.000000000000        1672.083    
  -93.7500000000000        665.7180    
  -62.5000000000000        1750.942    
  -31.2500000000000        3188.077    
  0.000000000000000E+000   8634.013    
   31.2500000000000        2982.558    
   62.5000000000000        1857.420    
   93.7500000000000        672.2621    
   125.000000000000        1851.676    
   156.250000000000        1922.538    
   187.500000000000        467.5199    
   218.750000000000        24.22109    
   250.000000000000        483.3228    
   281.250000000000        991.0732    
   312.500000000000        734.7130    
   343.750000000000        1355.927    
   375.000000000000        802.7375    
   406.250000000000        346.1752    
   437.500000000000        240.8568    
   468.750000000000        97.28134    
   500.000000000000        389.1749    
   531.250000000000        357.3883    
   562.500000000000        128.5591    
   593.750000000000        431.9695    
   625.000000000000        64.58722    
   656.250000000000        524.7585    
   687.500000000000        308.4828    
   718.750000000000        376.4907    
   750.000000000000        313.7373    
   781.250000000000        377.1957    
   812.500000000000        294.8991    
   843.750000000000        169.6999    
   875.000000000000        104.3105    
   906.250000000000        273.6521    
   937.500000000000        33.33447    
   968.750000000000        118.9047    
   1000.00000000000        142.3330    
   1031.25000000000        73.77531    
   1062.50000000000        229.3624    
   1093.75000000000        143.6288    
   1125.00000000000        65.93661    
   1156.25000000000        175.7103    
   1187.50000000000        44.89345    
   1218.75000000000        52.10145    
   1250.00000000000        319.9661    
   1281.25000000000        121.7090    
   1312.50000000000        128.7869    
   1343.75000000000        143.2829    
   1375.00000000000        201.2078    
   1406.25000000000        114.1944    
   1437.50000000000        71.56509    
   1468.75000000000        103.3621    
   1500.00000000000        46.37585    
   1531.25000000000        110.3357    
   1562.50000000000        261.3766    
   1593.75000000000        100.0244    
   1625.00000000000        142.5163    
   1656.25000000000        200.1045    
   1687.50000000000        148.3310    
   1718.75000000000        104.3599    
   1750.00000000000        185.9509    
   1781.25000000000        387.4572    
   1812.50000000000        318.3973    
   1843.75000000000        121.7691    
   1875.00000000000        110.8980    
   1906.25000000000        73.19868    
   1937.50000000000        58.20457    
   1968.75000000000        117.9679    
   2000.00000000000        53.73370    
   2031.25000000000        25.14910    
   2062.50000000000        114.4597    
   2093.75000000000        112.9793    
   2125.00000000000        66.09536    
   2156.25000000000        156.7900    
   2187.50000000000        144.7446    
   2218.75000000000        102.9922    
   2250.00000000000        64.04313    
   2281.25000000000        45.95045    
   2312.50000000000        118.7060    
   2343.75000000000        199.7901    
   2375.00000000000        78.34940    
   2406.25000000000        76.53133    
   2437.50000000000        133.1149    
   2468.75000000000        18.83768    
   2500.00000000000        195.1437    
   2531.25000000000        43.46959    
   2562.50000000000        71.60752    
   2593.75000000000        130.5997    
   2625.00000000000        57.73989    
   2656.25000000000        53.66987    
   2687.50000000000        208.9839    
   2718.75000000000        96.67693    
   2750.00000000000        100.0371    
   2781.25000000000        62.11279    
   2812.50000000000        194.8407    
   2843.75000000000        98.23711    
   2875.00000000000        192.9861    
   2906.25000000000        58.10402    
   2937.50000000000        284.0993    
   2968.75000000000        160.6974    
   3000.00000000000        150.2444    
   3031.25000000000        284.6865    
   3062.50000000000        289.8279    
   3093.75000000000        247.9438    
   3125.00000000000        150.0620    
   3156.25000000000        314.5999    
   3187.50000000000        170.6622    
   3218.75000000000        349.2941    
   3250.00000000000        254.2949    
   3281.25000000000        303.8581    
   3312.50000000000        294.9690    
   3343.75000000000        129.8503    
   3375.00000000000        163.6810    
   3406.25000000000        572.1923    
   3437.50000000000        186.6079    
   3468.75000000000        372.1730    
   3500.00000000000        342.0657    
   3531.25000000000        94.24279    
   3562.50000000000        356.9017    
   3593.75000000000        261.4118    
   3625.00000000000        169.8001    
   3656.25000000000        433.2202    
   3687.50000000000        353.6441    
   3718.75000000000        422.5423    
   3750.00000000000        299.8463    
   3781.25000000000        574.1536    
   3812.50000000000        329.3563    
   3843.75000000000        508.3572    
   3875.00000000000        441.0447    
   3906.25000000000        274.1730    
   3937.50000000000        619.9754    
   3968.75000000000        495.1272    
