  -2000.00000000000        8.761804    
  -1984.37500000000        8.995645    
  -1968.75000000000        9.567088    
  -1953.12500000000        12.46094    
  -1937.50000000000        13.73615    
  -1921.87500000000        13.73938    
  -1906.25000000000        10.22751    
  -1890.62500000000        5.583085    
  -1875.00000000000        9.696168    
  -1859.37500000000        5.256914    
  -1843.75000000000        9.315721    
  -1828.12500000000        6.824614    
  -1812.50000000000        7.884766    
  -1796.87500000000       0.6341707    
  -1781.25000000000        7.428500    
  -1765.62500000000        11.92136    
  -1750.00000000000        32.34339    
  -1734.37500000000        22.82485    
  -1718.75000000000        11.72081    
  -1703.12500000000        6.030338    
  -1687.50000000000        12.45066    
  -1671.87500000000        7.260010    
  -1656.25000000000        2.425674    
  -1640.62500000000        3.865400    
  -1625.00000000000        5.362240    
  -1609.37500000000        6.642297    
  -1593.75000000000        7.042845    
  -1578.12500000000        15.79185    
  -1562.50000000000        13.25035    
  -1546.87500000000        40.51465    
  -1531.25000000000        12.17201    
  -1515.62500000000        11.14919    
  -1500.00000000000        19.06903    
  -1484.37500000000        5.568057    
  -1468.75000000000        2.796638    
  -1453.12500000000        11.70680    
  -1437.50000000000        3.703720    
  -1421.87500000000        16.56898    
  -1406.25000000000        3.150141    
  -1390.62500000000        6.434410    
  -1375.00000000000        1.581375    
  -1359.37500000000        13.37714    
  -1343.75000000000        6.980601    
  -1328.12500000000        5.788885    
  -1312.50000000000        2.037968    
  -1296.87500000000        18.43122    
  -1281.25000000000        3.626197    
  -1265.62500000000        5.289199    
  -1250.00000000000        26.89720    
  -1234.37500000000        11.24769    
  -1218.75000000000       0.7419365    
  -1203.12500000000        15.86759    
  -1187.50000000000        13.82137    
  -1171.87500000000        40.34351    
  -1156.25000000000        61.24402    
  -1140.62500000000        8.213624    
  -1125.00000000000        7.172478    
  -1109.37500000000        3.660414    
  -1093.75000000000        1.728155    
  -1078.12500000000        6.680595    
  -1062.50000000000       0.7606292    
  -1046.87500000000        12.32186    
  -1031.25000000000        16.89684    
  -1015.62500000000        5.658854    
  -1000.00000000000        1.313450    
  -984.375000000000        10.83696    
  -968.750000000000        64.17794    
  -953.125000000000        22.51064    
  -937.500000000000        11.53478    
  -921.875000000000        26.05283    
  -906.250000000000        25.26613    
  -890.625000000000        15.16553    
  -875.000000000000        9.312049    
  -859.375000000000        5.315599    
  -843.750000000000        9.233058    
  -828.125000000000        22.65790    
  -812.500000000000        19.11438    
  -796.875000000000        26.37188    
  -781.250000000000        86.33051    
  -765.625000000000        72.73307    
  -750.000000000000        24.03292    
  -734.375000000000        20.55488    
  -718.750000000000        27.38945    
  -703.125000000000        42.84561    
  -687.500000000000        25.66484    
  -671.875000000000        28.99317    
  -656.250000000000        37.17221    
  -640.625000000000        38.42837    
  -625.000000000000        52.15521    
  -609.375000000000        79.73137    
  -593.750000000000        170.0140    
  -578.125000000000        470.6622    
  -562.500000000000        76.88853    
  -546.875000000000        21.71725    
  -531.250000000000        32.68250    
  -515.625000000000        24.56132    
  -500.000000000000        28.64703    
  -484.375000000000        14.54063    
  -468.750000000000        11.52853    
  -453.125000000000        25.37838    
  -437.500000000000        25.40602    
  -421.875000000000        17.04233    
  -406.250000000000        46.38628    
  -390.625000000000        151.0051    
  -375.000000000000        56.04167    
  -359.375000000000        33.52807    
  -343.750000000000        9.847679    
  -328.125000000000        9.814008    
  -312.500000000000        38.08910    
  -296.875000000000        27.83253    
  -281.250000000000        18.21300    
  -265.625000000000        25.86740    
  -250.000000000000        30.24122    
  -234.375000000000        28.21066    
  -218.750000000000        59.10283    
  -203.125000000000        242.9970    
  -187.500000000000        266.8740    
  -171.875000000000        90.12819    
  -156.250000000000        33.15447    
  -140.625000000000        34.75523    
  -125.000000000000        35.00356    
  -109.375000000000        16.54346    
  -93.7500000000000        7.580160    
  -78.1250000000000        37.34105    
  -62.5000000000000        13.72701    
  -46.8750000000000        20.93221    
  -31.2500000000000        11.42560    
  -15.6250000000000        52.01684    
  0.000000000000000E+000   11220.61    
   15.6250000000000        51.66881    
   31.2500000000000        20.79738    
   46.8750000000000        33.88811    
   62.5000000000000        5.058847    
   78.1250000000000        41.67073    
   93.7500000000000        9.382617    
   109.375000000000        4.774588    
   125.000000000000        16.47609    
   140.625000000000        18.28457    
   156.250000000000        23.11285    
   171.875000000000        37.74041    
   187.500000000000        115.0164    
   203.125000000000        88.36189    
   218.750000000000        31.88598    
   234.375000000000        15.00554    
   250.000000000000        32.40021    
   265.625000000000        8.060477    
   281.250000000000        15.84407    
   296.875000000000        12.97344    
   312.500000000000        29.50297    
   328.125000000000        6.446089    
   343.750000000000        10.97807    
   359.375000000000        29.95876    
   375.000000000000        73.51870    
   390.625000000000        216.4324    
   406.250000000000        52.49260    
   421.875000000000        22.59486    
   437.500000000000        36.01474    
   453.125000000000        14.42898    
   468.750000000000        24.06762    
   484.375000000000        7.720753    
   500.000000000000        23.90720    
   515.625000000000        26.72360    
   531.250000000000        33.50767    
   546.875000000000        29.46433    
   562.500000000000        77.35751    
   578.125000000000        488.1673    
   593.750000000000        169.3662    
   609.375000000000        78.53765    
   625.000000000000        51.20498    
   640.625000000000        33.73923    
   656.250000000000        35.27367    
   671.875000000000        31.25646    
   687.500000000000        30.62979    
   703.125000000000        44.60270    
   718.750000000000        26.85350    
   734.375000000000        26.21085    
   750.000000000000        32.20810    
   765.625000000000        88.36633    
   781.250000000000        96.84685    
   796.875000000000        23.42938    
   812.500000000000        13.40465    
   828.125000000000        5.598475    
   843.750000000000        16.87717    
   859.375000000000        5.172107    
   875.000000000000        10.22931    
   890.625000000000        14.30364    
   906.250000000000        25.18192    
   921.875000000000        30.12016    
   937.500000000000        9.781205    
   953.125000000000        16.95716    
   968.750000000000        34.43361    
   984.375000000000        18.54727    
   1000.00000000000        5.424309    
   1015.62500000000        4.315426    
   1031.25000000000        9.983229    
   1046.87500000000        12.19537    
   1062.50000000000        4.591575    
   1078.12500000000        4.712114    
   1093.75000000000        11.38600    
   1109.37500000000        6.491517    
   1125.00000000000        3.517683    
   1140.62500000000        10.70970    
   1156.25000000000        50.32433    
   1171.87500000000        49.22436    
   1187.50000000000        17.20679    
   1203.12500000000        15.40817    
   1218.75000000000        3.234105    
   1234.37500000000        7.927581    
   1250.00000000000        28.74252    
   1265.62500000000        5.394599    
   1281.25000000000        9.910840    
   1296.87500000000        12.48590    
   1312.50000000000        9.660995    
   1328.12500000000        4.088898    
   1343.75000000000        8.069621    
   1359.37500000000        27.75723    
   1375.00000000000        11.63916    
   1390.62500000000        8.582581    
   1406.25000000000        15.47544    
   1421.87500000000        19.45051    
   1437.50000000000        1.593491    
   1453.12500000000        5.666492    
   1468.75000000000        5.373930    
   1484.37500000000        25.75180    
   1500.00000000000        17.91957    
   1515.62500000000        7.378198    
   1531.25000000000        11.70390    
   1546.87500000000        52.82010    
   1562.50000000000        5.647430    
   1578.12500000000        12.14177    
   1593.75000000000        9.952455    
   1609.37500000000        7.570220    
   1625.00000000000        10.07404    
   1640.62500000000        4.592676    
   1656.25000000000        6.027771    
   1671.87500000000        10.94773    
   1687.50000000000        10.10656    
   1703.12500000000        2.344686    
   1718.75000000000        9.470160    
   1734.37500000000        6.105336    
   1750.00000000000        24.14296    
   1765.62500000000        3.899493    
   1781.25000000000        10.16439    
   1796.87500000000        5.194405    
   1812.50000000000        6.262510    
   1828.12500000000        8.963334    
   1843.75000000000        5.346496    
   1859.37500000000        13.82819    
   1875.00000000000        19.38183    
   1890.62500000000        17.22031    
   1906.25000000000        8.743361    
   1921.87500000000        13.97315    
   1937.50000000000        17.84269    
   1953.12500000000        16.45609    
   1968.75000000000        6.905528    
   1984.37500000000        2.726117    
