  -2000.00000000000        7.713449    
  -1984.37500000000       0.9430473    
  -1968.75000000000        5.727769    
  -1953.12500000000        11.53296    
  -1937.50000000000        26.31791    
  -1921.87500000000        14.80794    
  -1906.25000000000        9.092578    
  -1890.62500000000        4.794452    
  -1875.00000000000        8.195516    
  -1859.37500000000        9.496154    
  -1843.75000000000        3.377286    
  -1828.12500000000        16.45049    
  -1812.50000000000        8.508588    
  -1796.87500000000        4.723016    
  -1781.25000000000        12.15239    
  -1765.62500000000       0.4672884    
  -1750.00000000000        38.99233    
  -1734.37500000000        14.65562    
  -1718.75000000000        10.99786    
  -1703.12500000000        7.664514    
  -1687.50000000000        13.64267    
  -1671.87500000000        12.21197    
  -1656.25000000000        2.642154    
  -1640.62500000000        5.843208    
  -1625.00000000000        2.468641    
  -1609.37500000000        5.754284    
  -1593.75000000000        9.960672    
  -1578.12500000000        11.69283    
  -1562.50000000000        2.808045    
  -1546.87500000000        47.21832    
  -1531.25000000000        10.34427    
  -1515.62500000000        8.528925    
  -1500.00000000000        22.61365    
  -1484.37500000000        12.43030    
  -1468.75000000000        7.924052    
  -1453.12500000000        5.189498    
  -1437.50000000000        7.586715    
  -1421.87500000000        21.23664    
  -1406.25000000000        8.700837    
  -1390.62500000000        7.007479    
  -1375.00000000000        1.409825    
  -1359.37500000000        7.604991    
  -1343.75000000000        22.60551    
  -1328.12500000000        10.40195    
  -1312.50000000000        8.760155    
  -1296.87500000000        22.87029    
  -1281.25000000000        8.789614    
  -1265.62500000000        7.225562    
  -1250.00000000000        30.05567    
  -1234.37500000000        19.60723    
  -1218.75000000000        20.86720    
  -1203.12500000000        25.77998    
  -1187.50000000000        29.57072    
  -1171.87500000000        91.85612    
  -1156.25000000000        83.72521    
  -1140.62500000000        15.82871    
  -1125.00000000000        8.786254    
  -1109.37500000000        12.89870    
  -1093.75000000000        7.684079    
  -1078.12500000000        1.486017    
  -1062.50000000000        3.373569    
  -1046.87500000000        11.26683    
  -1031.25000000000        11.83667    
  -1015.62500000000        4.786790    
  -1000.00000000000        12.98987    
  -984.375000000000        8.529027    
  -968.750000000000        80.35637    
  -953.125000000000        20.91570    
  -937.500000000000        15.08156    
  -921.875000000000        40.56351    
  -906.250000000000        18.83674    
  -890.625000000000        7.173500    
  -875.000000000000        6.917265    
  -859.375000000000        12.30107    
  -843.750000000000        6.843842    
  -828.125000000000        17.26741    
  -812.500000000000        25.07341    
  -796.875000000000        28.56334    
  -781.250000000000        92.49697    
  -765.625000000000        88.84399    
  -750.000000000000        24.71488    
  -734.375000000000        20.91178    
  -718.750000000000        26.78129    
  -703.125000000000        33.71957    
  -687.500000000000        32.54708    
  -671.875000000000        27.99312    
  -656.250000000000        38.48453    
  -640.625000000000        36.42895    
  -625.000000000000        59.21693    
  -609.375000000000        86.39620    
  -593.750000000000        172.6234    
  -578.125000000000        491.4524    
  -562.500000000000        88.56749    
  -546.875000000000        25.57549    
  -531.250000000000        40.31786    
  -515.625000000000        17.30287    
  -500.000000000000        19.45724    
  -484.375000000000        4.763582    
  -468.750000000000        14.93173    
  -453.125000000000        18.18870    
  -437.500000000000        24.22101    
  -421.875000000000        17.83329    
  -406.250000000000        50.96948    
  -390.625000000000        175.5481    
  -375.000000000000        72.59184    
  -359.375000000000        33.44258    
  -343.750000000000        12.47517    
  -328.125000000000        20.92772    
  -312.500000000000        31.01562    
  -296.875000000000        24.86145    
  -281.250000000000        19.68407    
  -265.625000000000        28.65998    
  -250.000000000000        39.87867    
  -234.375000000000        30.85481    
  -218.750000000000        72.96215    
  -203.125000000000        250.9700    
  -187.500000000000        327.1900    
  -171.875000000000        94.23204    
  -156.250000000000        50.93153    
  -140.625000000000        40.45496    
  -125.000000000000        42.94576    
  -109.375000000000        25.57893    
  -93.7500000000000        8.584784    
  -78.1250000000000        49.12724    
  -62.5000000000000        19.22834    
  -46.8750000000000        21.51694    
  -31.2500000000000        13.58868    
  -15.6250000000000        59.21669    
  0.000000000000000E+000   11140.23    
   15.6250000000000        55.60901    
   31.2500000000000        26.82096    
   46.8750000000000        44.73458    
   62.5000000000000        14.51573    
   78.1250000000000        41.57627    
   93.7500000000000        15.45748    
   109.375000000000        23.35892    
   125.000000000000        35.91336    
   140.625000000000        28.97134    
   156.250000000000        37.97241    
   171.875000000000        60.78397    
   187.500000000000        205.7148    
   203.125000000000        152.7207    
   218.750000000000        54.99693    
   234.375000000000        30.68257    
   250.000000000000        23.98349    
   265.625000000000        7.072178    
   281.250000000000        21.91711    
   296.875000000000        8.942278    
   312.500000000000        41.21747    
   328.125000000000        7.074642    
   343.750000000000        12.36421    
   359.375000000000        30.65570    
   375.000000000000        79.57660    
   390.625000000000        235.8226    
   406.250000000000        60.37410    
   421.875000000000        30.13205    
   437.500000000000        34.94083    
   453.125000000000        13.98712    
   468.750000000000        7.616119    
   484.375000000000        12.38803    
   500.000000000000        26.19880    
   515.625000000000        32.95411    
   531.250000000000        50.21639    
   546.875000000000        40.34442    
   562.500000000000        93.83890    
   578.125000000000        521.4111    
   593.750000000000        201.9332    
   609.375000000000        88.48271    
   625.000000000000        56.10032    
   640.625000000000        40.15409    
   656.250000000000        34.53089    
   671.875000000000        31.91606    
   687.500000000000        29.71192    
   703.125000000000        35.30269    
   718.750000000000        36.62313    
   734.375000000000        29.75698    
   750.000000000000        30.54152    
   765.625000000000        120.5585    
   781.250000000000        124.7697    
   796.875000000000        37.38256    
   812.500000000000        18.40713    
   828.125000000000        16.08603    
   843.750000000000        13.71136    
   859.375000000000        8.492225    
   875.000000000000        5.263626    
   890.625000000000        21.41367    
   906.250000000000        14.94640    
   921.875000000000        44.53190    
   937.500000000000        19.53214    
   953.125000000000        19.20840    
   968.750000000000        56.62820    
   984.375000000000        17.45456    
   1000.00000000000        8.094172    
   1015.62500000000        4.366372    
   1031.25000000000        5.717267    
   1046.87500000000        15.17564    
   1062.50000000000        8.174717    
   1078.12500000000        1.469787    
   1093.75000000000        16.28889    
   1109.37500000000        13.02146    
   1125.00000000000        9.363332    
   1140.62500000000        19.37876    
   1156.25000000000        73.45607    
   1171.87500000000        60.90873    
   1187.50000000000        23.12884    
   1203.12500000000        22.31283    
   1218.75000000000        17.28021    
   1234.37500000000        8.566484    
   1250.00000000000        32.29257    
   1265.62500000000        5.696241    
   1281.25000000000        7.689551    
   1296.87500000000        10.50031    
   1312.50000000000        9.987415    
   1328.12500000000        11.67909    
   1343.75000000000        2.775576    
   1359.37500000000        6.362322    
   1375.00000000000        11.18349    
   1390.62500000000        6.608998    
   1406.25000000000        9.173492    
   1421.87500000000        9.480103    
   1437.50000000000        8.475694    
   1453.12500000000        2.109126    
   1468.75000000000        8.740625    
   1484.37500000000        12.78834    
   1500.00000000000        17.97320    
   1515.62500000000        10.30300    
   1531.25000000000        6.676929    
   1546.87500000000        20.55758    
   1562.50000000000        24.06254    
   1578.12500000000        25.97762    
   1593.75000000000        8.737578    
   1609.37500000000        12.68090    
   1625.00000000000        3.425772    
   1640.62500000000        11.68155    
   1656.25000000000       0.9847920    
   1671.87500000000        13.17238    
   1687.50000000000        12.04537    
   1703.12500000000        4.918786    
   1718.75000000000        17.33912    
   1734.37500000000        17.32284    
   1750.00000000000        36.48923    
   1765.62500000000        9.890379    
   1781.25000000000        9.899431    
   1796.87500000000        7.044285    
   1812.50000000000        11.45331    
   1828.12500000000        13.33173    
   1843.75000000000        9.655431    
   1859.37500000000        3.796316    
   1875.00000000000        14.85013    
   1890.62500000000        13.91610    
   1906.25000000000        11.99122    
   1921.87500000000        20.20793    
   1937.50000000000        4.131687    
   1953.12500000000        12.44942    
   1968.75000000000        12.43834    
   1984.37500000000        1.724635    
