  -2000.00000000000        4.356076    
  -1984.37500000000        17.79699    
  -1968.75000000000        9.296137    
  -1953.12500000000        8.565076    
  -1937.50000000000        18.67835    
  -1921.87500000000        11.33486    
  -1906.25000000000        10.31556    
  -1890.62500000000        11.51997    
  -1875.00000000000        5.451560    
  -1859.37500000000        16.86661    
  -1843.75000000000        16.17944    
  -1828.12500000000        13.95060    
  -1812.50000000000        5.187162    
  -1796.87500000000        9.142773    
  -1781.25000000000        13.66936    
  -1765.62500000000        7.555478    
  -1750.00000000000        38.15673    
  -1734.37500000000        31.82087    
  -1718.75000000000        14.81224    
  -1703.12500000000        11.29918    
  -1687.50000000000        11.63519    
  -1671.87500000000        40.66469    
  -1656.25000000000        12.85444    
  -1640.62500000000        10.90807    
  -1625.00000000000        7.564844    
  -1609.37500000000        1.494411    
  -1593.75000000000        15.54576    
  -1578.12500000000        10.76293    
  -1562.50000000000        19.23937    
  -1546.87500000000        48.10197    
  -1531.25000000000        22.46799    
  -1515.62500000000        18.54408    
  -1500.00000000000        32.94206    
  -1484.37500000000        15.34871    
  -1468.75000000000        5.338862    
  -1453.12500000000        11.17583    
  -1437.50000000000        1.316697    
  -1421.87500000000        19.95178    
  -1406.25000000000        5.084191    
  -1390.62500000000        10.06391    
  -1375.00000000000        17.20121    
  -1359.37500000000        73.14884    
  -1343.75000000000        3.594805    
  -1328.12500000000        17.65420    
  -1312.50000000000        6.844499    
  -1296.87500000000        22.73637    
  -1281.25000000000        20.43795    
  -1265.62500000000        15.62010    
  -1250.00000000000        39.87971    
  -1234.37500000000        16.99763    
  -1218.75000000000        31.34786    
  -1203.12500000000        25.21937    
  -1187.50000000000        32.37266    
  -1171.87500000000        105.4800    
  -1156.25000000000        81.94243    
  -1140.62500000000        32.75137    
  -1125.00000000000        10.53789    
  -1109.37500000000       0.2997907    
  -1093.75000000000        15.39214    
  -1078.12500000000        10.61160    
  -1062.50000000000        16.24086    
  -1046.87500000000        3.603237    
  -1031.25000000000        12.42510    
  -1015.62500000000        11.57880    
  -1000.00000000000        8.658327    
  -984.375000000000        19.71571    
  -968.750000000000        167.0784    
  -953.125000000000        38.36253    
  -937.500000000000        22.06188    
  -921.875000000000        41.97906    
  -906.250000000000        29.38300    
  -890.625000000000        12.71711    
  -875.000000000000        4.655767    
  -859.375000000000        12.00291    
  -843.750000000000        9.131313    
  -828.125000000000        27.05115    
  -812.500000000000        18.90971    
  -796.875000000000        31.54542    
  -781.250000000000        65.56319    
  -765.625000000000        80.77157    
  -750.000000000000        23.22422    
  -734.375000000000        27.82242    
  -718.750000000000        35.10430    
  -703.125000000000        22.52612    
  -687.500000000000        25.03313    
  -671.875000000000        36.37120    
  -656.250000000000        47.54163    
  -640.625000000000        31.93009    
  -625.000000000000        66.68636    
  -609.375000000000        99.29200    
  -593.750000000000        194.7630    
  -578.125000000000        605.3362    
  -562.500000000000        102.6005    
  -546.875000000000        31.05548    
  -531.250000000000        54.36126    
  -515.625000000000        27.30309    
  -500.000000000000        29.19472    
  -484.375000000000        13.22913    
  -468.750000000000        18.81873    
  -453.125000000000        27.00072    
  -437.500000000000        29.53804    
  -421.875000000000        27.53262    
  -406.250000000000        53.37563    
  -390.625000000000        186.8547    
  -375.000000000000        57.74599    
  -359.375000000000        38.33589    
  -343.750000000000        15.95182    
  -328.125000000000        26.37350    
  -312.500000000000        28.44433    
  -296.875000000000        36.60331    
  -281.250000000000        24.76706    
  -265.625000000000        37.76418    
  -250.000000000000        45.38303    
  -234.375000000000        52.62225    
  -218.750000000000        111.2618    
  -203.125000000000        364.6817    
  -187.500000000000        462.3375    
  -171.875000000000        140.5514    
  -156.250000000000        79.48336    
  -140.625000000000        56.32900    
  -125.000000000000        52.61054    
  -109.375000000000        33.70612    
  -93.7500000000000        16.08252    
  -78.1250000000000        52.23413    
  -62.5000000000000        27.72540    
  -46.8750000000000        17.01636    
  -31.2500000000000        18.36032    
  -15.6250000000000        74.25412    
  0.000000000000000E+000   13515.75    
   15.6250000000000        83.51328    
   31.2500000000000        33.97995    
   46.8750000000000        44.33134    
   62.5000000000000        4.510212    
   78.1250000000000        57.73378    
   93.7500000000000        25.66939    
   109.375000000000        22.79841    
   125.000000000000        54.46252    
   140.625000000000        38.31053    
   156.250000000000        51.42190    
   171.875000000000        82.69015    
   187.500000000000        229.7018    
   203.125000000000        142.3484    
   218.750000000000        73.03286    
   234.375000000000        41.64885    
   250.000000000000        45.90459    
   265.625000000000        22.66812    
   281.250000000000        22.47714    
   296.875000000000        8.043593    
   312.500000000000        29.06291    
   328.125000000000        15.68958    
   343.750000000000        21.57189    
   359.375000000000        47.76524    
   375.000000000000        121.5895    
   390.625000000000        263.5256    
   406.250000000000        69.76105    
   421.875000000000        35.40146    
   437.500000000000        47.10408    
   453.125000000000        31.73571    
   468.750000000000        14.14510    
   484.375000000000        18.82596    
   500.000000000000        23.22692    
   515.625000000000        56.37672    
   531.250000000000        46.90158    
   546.875000000000        39.67665    
   562.500000000000        108.1447    
   578.125000000000        626.8867    
   593.750000000000        234.8608    
   609.375000000000        101.3450    
   625.000000000000        79.12081    
   640.625000000000        42.78946    
   656.250000000000        47.96793    
   671.875000000000        49.60755    
   687.500000000000        41.79863    
   703.125000000000        41.77628    
   718.750000000000        35.71888    
   734.375000000000        38.34564    
   750.000000000000        58.55957    
   765.625000000000        160.8006    
   781.250000000000        175.5294    
   796.875000000000        59.16691    
   812.500000000000        29.12263    
   828.125000000000        13.99510    
   843.750000000000        20.44700    
   859.375000000000        9.177486    
   875.000000000000        11.57229    
   890.625000000000        33.09034    
   906.250000000000        20.15579    
   921.875000000000        42.63630    
   937.500000000000        19.51637    
   953.125000000000        29.90531    
   968.750000000000        58.96027    
   984.375000000000        8.523467    
   1000.00000000000        10.24371    
   1015.62500000000        7.908804    
   1031.25000000000        17.19687    
   1046.87500000000        1.699558    
   1062.50000000000        6.878348    
   1078.12500000000        12.76926    
   1093.75000000000        4.780345    
   1109.37500000000        35.79039    
   1125.00000000000        19.88325    
   1140.62500000000        38.10836    
   1156.25000000000        112.9990    
   1171.87500000000        107.2529    
   1187.50000000000        37.26222    
   1203.12500000000        35.31425    
   1218.75000000000        17.99464    
   1234.37500000000        15.00201    
   1250.00000000000        44.55146    
   1265.62500000000        25.56388    
   1281.25000000000        32.00122    
   1296.87500000000        26.51849    
   1312.50000000000        6.221895    
   1328.12500000000        12.78406    
   1343.75000000000        9.301527    
   1359.37500000000        32.05846    
   1375.00000000000        14.79900    
   1390.62500000000        17.27690    
   1406.25000000000        10.15173    
   1421.87500000000        2.385923    
   1437.50000000000        6.402616    
   1453.12500000000        2.238636    
   1468.75000000000        11.79926    
   1484.37500000000        37.70401    
   1500.00000000000        35.33516    
   1515.62500000000        18.30929    
   1531.25000000000        15.32273    
   1546.87500000000        51.50420    
   1562.50000000000        19.52244    
   1578.12500000000        6.895841    
   1593.75000000000        18.05556    
   1609.37500000000        5.170891    
   1625.00000000000        20.70543    
   1640.62500000000        10.84930    
   1656.25000000000        5.576658    
   1671.87500000000        53.53894    
   1687.50000000000        5.493445    
   1703.12500000000        2.864575    
   1718.75000000000        8.607011    
   1734.37500000000        13.12088    
   1750.00000000000        41.50404    
   1765.62500000000        4.140744    
   1781.25000000000        19.74299    
   1796.87500000000        4.663404    
   1812.50000000000        3.118315    
   1828.12500000000        22.67798    
   1843.75000000000        11.20261    
   1859.37500000000        7.799994    
   1875.00000000000        2.352286    
   1890.62500000000        10.12746    
   1906.25000000000        10.11230    
   1921.87500000000        25.06017    
   1937.50000000000        15.93072    
   1953.12500000000        10.83907    
   1968.75000000000        7.052672    
   1984.37500000000        11.67017    
