  -2000.00000000000        11.67685    
  -1984.37500000000        9.827125    
  -1968.75000000000        12.38456    
  -1953.12500000000        15.68812    
  -1937.50000000000        8.888931    
  -1921.87500000000        20.22479    
  -1906.25000000000        7.181485    
  -1890.62500000000        16.37263    
  -1875.00000000000        28.57003    
  -1859.37500000000        12.62659    
  -1843.75000000000        2.449579    
  -1828.12500000000        11.24448    
  -1812.50000000000        4.557198    
  -1796.87500000000        3.101048    
  -1781.25000000000        12.62543    
  -1765.62500000000        8.983293    
  -1750.00000000000        28.78856    
  -1734.37500000000        5.603314    
  -1718.75000000000        5.418673    
  -1703.12500000000        5.048976    
  -1687.50000000000        12.15507    
  -1671.87500000000        10.42578    
  -1656.25000000000        7.337336    
  -1640.62500000000        7.944419    
  -1625.00000000000        7.745760    
  -1609.37500000000        3.447371    
  -1593.75000000000        1.960296    
  -1578.12500000000        8.237414    
  -1562.50000000000        9.252131    
  -1546.87500000000        57.19436    
  -1531.25000000000        8.690386    
  -1515.62500000000        10.28234    
  -1500.00000000000        16.53946    
  -1484.37500000000        11.16246    
  -1468.75000000000        1.055793    
  -1453.12500000000        5.227135    
  -1437.50000000000        13.45578    
  -1421.87500000000        5.111873    
  -1406.25000000000        9.372105    
  -1390.62500000000        8.154420    
  -1375.00000000000        5.270199    
  -1359.37500000000        42.34034    
  -1343.75000000000        16.93628    
  -1328.12500000000        12.36477    
  -1312.50000000000        7.865891    
  -1296.87500000000        23.87475    
  -1281.25000000000        14.62166    
  -1265.62500000000        6.867108    
  -1250.00000000000        27.66343    
  -1234.37500000000        11.00643    
  -1218.75000000000        15.03240    
  -1203.12500000000        23.42590    
  -1187.50000000000        23.56524    
  -1171.87500000000        51.43745    
  -1156.25000000000        54.45399    
  -1140.62500000000        15.69425    
  -1125.00000000000        7.281540    
  -1109.37500000000        8.653712    
  -1093.75000000000        26.54613    
  -1078.12500000000        5.041680    
  -1062.50000000000        3.608877    
  -1046.87500000000        7.070676    
  -1031.25000000000        10.52402    
  -1015.62500000000        10.24260    
  -1000.00000000000        2.090166    
  -984.375000000000        14.49766    
  -968.750000000000        52.70586    
  -953.125000000000        21.80064    
  -937.500000000000        16.46895    
  -921.875000000000        32.05082    
  -906.250000000000        19.38123    
  -890.625000000000        5.441635    
  -875.000000000000        8.559939    
  -859.375000000000        10.38344    
  -843.750000000000        17.79595    
  -828.125000000000        17.75588    
  -812.500000000000        10.94507    
  -796.875000000000        18.53420    
  -781.250000000000        72.71117    
  -765.625000000000        59.91872    
  -750.000000000000        22.06244    
  -734.375000000000        15.46276    
  -718.750000000000        21.76982    
  -703.125000000000        12.04502    
  -687.500000000000        19.82977    
  -671.875000000000        23.53216    
  -656.250000000000        27.66904    
  -640.625000000000        27.95118    
  -625.000000000000        47.21244    
  -609.375000000000        79.31934    
  -593.750000000000        170.2933    
  -578.125000000000        483.0879    
  -562.500000000000        86.27343    
  -546.875000000000        26.63222    
  -531.250000000000        42.11975    
  -515.625000000000        27.11805    
  -500.000000000000        29.57349    
  -484.375000000000        14.28811    
  -468.750000000000        13.58665    
  -453.125000000000        18.68104    
  -437.500000000000        21.36338    
  -421.875000000000        20.79724    
  -406.250000000000        39.93403    
  -390.625000000000        161.5863    
  -375.000000000000        46.01698    
  -359.375000000000        26.06211    
  -343.750000000000        7.197681    
  -328.125000000000        11.02391    
  -312.500000000000        25.85208    
  -296.875000000000        22.95294    
  -281.250000000000        8.558860    
  -265.625000000000        19.90384    
  -250.000000000000        39.11508    
  -234.375000000000        25.31717    
  -218.750000000000        47.26018    
  -203.125000000000        189.6544    
  -187.500000000000        222.9005    
  -171.875000000000        60.69131    
  -156.250000000000        36.06776    
  -140.625000000000        32.12063    
  -125.000000000000        18.60870    
  -109.375000000000        13.08043    
  -93.7500000000000        3.525398    
  -78.1250000000000        30.03658    
  -62.5000000000000        12.78769    
  -46.8750000000000        22.89998    
  -31.2500000000000        13.09709    
  -15.6250000000000        53.35690    
  0.000000000000000E+000   10411.78    
   15.6250000000000        50.68235    
   31.2500000000000        17.29125    
   46.8750000000000        28.40806    
   62.5000000000000        19.24832    
   78.1250000000000        30.38364    
   93.7500000000000        5.521685    
   109.375000000000        7.446579    
   125.000000000000        17.65262    
   140.625000000000        29.26032    
   156.250000000000        30.27175    
   171.875000000000        51.93625    
   187.500000000000        155.4877    
   203.125000000000        136.5740    
   218.750000000000        41.85969    
   234.375000000000        19.36945    
   250.000000000000        31.69979    
   265.625000000000        19.38630    
   281.250000000000        16.25115    
   296.875000000000        16.85831    
   312.500000000000        16.51674    
   328.125000000000        6.726592    
   343.750000000000        9.593368    
   359.375000000000        29.63795    
   375.000000000000        79.53923    
   390.625000000000        196.5822    
   406.250000000000        53.39942    
   421.875000000000        25.56951    
   437.500000000000        28.68736    
   453.125000000000        14.63929    
   468.750000000000        15.17265    
   484.375000000000        10.64265    
   500.000000000000        25.23534    
   515.625000000000        23.91528    
   531.250000000000        44.67106    
   546.875000000000        31.53083    
   562.500000000000        87.28233    
   578.125000000000        495.9998    
   593.750000000000        176.8396    
   609.375000000000        86.17362    
   625.000000000000        52.89906    
   640.625000000000        35.62083    
   656.250000000000        21.26620    
   671.875000000000        31.81078    
   687.500000000000        28.31245    
   703.125000000000        33.33698    
   718.750000000000        25.33814    
   734.375000000000        27.83752    
   750.000000000000        32.87677    
   765.625000000000        99.35458    
   781.250000000000        114.2190    
   796.875000000000        29.99616    
   812.500000000000        16.75987    
   828.125000000000        14.10414    
   843.750000000000        6.522071    
   859.375000000000        12.43671    
   875.000000000000        10.75212    
   890.625000000000        14.43453    
   906.250000000000        22.16882    
   921.875000000000        34.03584    
   937.500000000000        18.07948    
   953.125000000000        15.86220    
   968.750000000000        45.87824    
   984.375000000000        7.155115    
   1000.00000000000        1.031698    
   1015.62500000000        4.644713    
   1031.25000000000        10.28488    
   1046.87500000000        9.165607    
   1062.50000000000        3.042913    
   1078.12500000000        2.734364    
   1093.75000000000        9.085604    
   1109.37500000000        8.964992    
   1125.00000000000        4.819281    
   1140.62500000000        16.71207    
   1156.25000000000        51.48272    
   1171.87500000000        62.02565    
   1187.50000000000        23.07101    
   1203.12500000000        17.87459    
   1218.75000000000        9.306816    
   1234.37500000000        11.90884    
   1250.00000000000        25.79194    
   1265.62500000000        10.38207    
   1281.25000000000        6.908083    
   1296.87500000000        13.72048    
   1312.50000000000        9.997034    
   1328.12500000000        6.985501    
   1343.75000000000        20.04651    
   1359.37500000000        15.67716    
   1375.00000000000        7.827084    
   1390.62500000000        4.412477    
   1406.25000000000        4.207756    
   1421.87500000000        6.977600    
   1437.50000000000        5.075670    
   1453.12500000000        6.166746    
   1468.75000000000        5.552492    
   1484.37500000000        11.97522    
   1500.00000000000        19.43374    
   1515.62500000000        9.605186    
   1531.25000000000        15.36166    
   1546.87500000000        41.86827    
   1562.50000000000        15.96628    
   1578.12500000000        15.11913    
   1593.75000000000        6.008888    
   1609.37500000000        9.297890    
   1625.00000000000        7.094648    
   1640.62500000000        8.341537    
   1656.25000000000        8.029896    
   1671.87500000000        21.91747    
   1687.50000000000        10.85886    
   1703.12500000000        3.121605    
   1718.75000000000        9.640172    
   1734.37500000000        16.86064    
   1750.00000000000        26.62164    
   1765.62500000000        6.815162    
   1781.25000000000        10.75963    
   1796.87500000000        10.90723    
   1812.50000000000        7.898006    
   1828.12500000000        18.14444    
   1843.75000000000        5.181281    
   1859.37500000000        6.115140    
   1875.00000000000        9.811010    
   1890.62500000000        11.46149    
   1906.25000000000        1.751428    
   1921.87500000000        9.531185    
   1937.50000000000        10.47216    
   1953.12500000000        12.58756    
   1968.75000000000        9.563337    
   1984.37500000000        2.709709    
