  -2000.00000000000        6.317084    
  -1984.37500000000        3.585741    
  -1968.75000000000        6.659198    
  -1953.12500000000        8.285506    
  -1937.50000000000        9.390963    
  -1921.87500000000        15.15885    
  -1906.25000000000        4.688714    
  -1890.62500000000        10.71592    
  -1875.00000000000        3.141904    
  -1859.37500000000        3.303241    
  -1843.75000000000        3.024864    
  -1828.12500000000        11.86797    
  -1812.50000000000        2.123646    
  -1796.87500000000        4.108108    
  -1781.25000000000        8.305795    
  -1765.62500000000        4.113186    
  -1750.00000000000        24.11040    
  -1734.37500000000        8.965580    
  -1718.75000000000        6.595333    
  -1703.12500000000        3.064638    
  -1687.50000000000        3.109517    
  -1671.87500000000        2.726169    
  -1656.25000000000        3.290882    
  -1640.62500000000        6.497029    
  -1625.00000000000        4.335888    
  -1609.37500000000        9.735779    
  -1593.75000000000        8.482595    
  -1578.12500000000        13.37922    
  -1562.50000000000        10.72503    
  -1546.87500000000        28.39511    
  -1531.25000000000        7.346008    
  -1515.62500000000        8.896353    
  -1500.00000000000        18.85970    
  -1484.37500000000        14.89064    
  -1468.75000000000        2.496504    
  -1453.12500000000        4.020079    
  -1437.50000000000        1.420198    
  -1421.87500000000        9.277225    
  -1406.25000000000        7.125410    
  -1390.62500000000        5.048306    
  -1375.00000000000        4.252944    
  -1359.37500000000        22.14335    
  -1343.75000000000        6.217289    
  -1328.12500000000        6.514487    
  -1312.50000000000        3.743834    
  -1296.87500000000        13.78262    
  -1281.25000000000        13.46013    
  -1265.62500000000        7.084579    
  -1250.00000000000        25.15417    
  -1234.37500000000        12.44087    
  -1218.75000000000        4.677528    
  -1203.12500000000        17.99193    
  -1187.50000000000        21.85613    
  -1171.87500000000        60.68626    
  -1156.25000000000        57.22163    
  -1140.62500000000        15.25913    
  -1125.00000000000        7.601670    
  -1109.37500000000        7.916736    
  -1093.75000000000        5.159690    
  -1078.12500000000        3.869603    
  -1062.50000000000        3.399540    
  -1046.87500000000        2.492538    
  -1031.25000000000        4.107863    
  -1015.62500000000        7.034503    
  -1000.00000000000        1.031616    
  -984.375000000000        9.808846    
  -968.750000000000        64.74493    
  -953.125000000000        18.98794    
  -937.500000000000        9.165677    
  -921.875000000000        26.50088    
  -906.250000000000        21.54955    
  -890.625000000000        10.94926    
  -875.000000000000        6.584467    
  -859.375000000000        8.254065    
  -843.750000000000        5.881759    
  -828.125000000000        10.41573    
  -812.500000000000        12.75644    
  -796.875000000000        21.25368    
  -781.250000000000        71.95676    
  -765.625000000000        67.12342    
  -750.000000000000        23.11509    
  -734.375000000000        18.17230    
  -718.750000000000        22.74724    
  -703.125000000000        27.48569    
  -687.500000000000        19.16765    
  -671.875000000000        20.45435    
  -656.250000000000        24.41336    
  -640.625000000000        26.86600    
  -625.000000000000        46.64457    
  -609.375000000000        68.63371    
  -593.750000000000        144.1250    
  -578.125000000000        413.3264    
  -562.500000000000        69.37471    
  -546.875000000000        22.11395    
  -531.250000000000        32.54533    
  -515.625000000000        19.37745    
  -500.000000000000        17.13111    
  -484.375000000000        7.578766    
  -468.750000000000        12.13014    
  -453.125000000000        10.84972    
  -437.500000000000        22.69036    
  -421.875000000000        15.20340    
  -406.250000000000        45.34890    
  -390.625000000000        159.4763    
  -375.000000000000        56.76239    
  -359.375000000000        24.25898    
  -343.750000000000        3.481540    
  -328.125000000000        6.806793    
  -312.500000000000        24.19306    
  -296.875000000000        19.81302    
  -281.250000000000        11.50184    
  -265.625000000000        25.92089    
  -250.000000000000        27.11555    
  -234.375000000000        21.37094    
  -218.750000000000        47.66875    
  -203.125000000000        184.3752    
  -187.500000000000        214.4054    
  -171.875000000000        64.68826    
  -156.250000000000        33.99322    
  -140.625000000000        27.99471    
  -125.000000000000        22.46753    
  -109.375000000000        15.01650    
  -93.7500000000000        4.649498    
  -78.1250000000000        32.69671    
  -62.5000000000000        18.56977    
  -46.8750000000000        17.91801    
  -31.2500000000000        11.11172    
  -15.6250000000000        47.14943    
  0.000000000000000E+000   9822.652    
   15.6250000000000        47.28555    
   31.2500000000000        20.60373    
   46.8750000000000        26.98425    
   62.5000000000000        3.961167    
   78.1250000000000        33.83859    
   93.7500000000000        4.794131    
   109.375000000000        9.749178    
   125.000000000000        22.17834    
   140.625000000000        22.42524    
   156.250000000000        22.09477    
   171.875000000000        42.49774    
   187.500000000000        135.7125    
   203.125000000000        117.9977    
   218.750000000000        34.30497    
   234.375000000000        10.85607    
   250.000000000000        28.49615    
   265.625000000000        6.910656    
   281.250000000000        11.87676    
   296.875000000000        10.67415    
   312.500000000000        17.63874    
   328.125000000000        5.078202    
   343.750000000000        8.078620    
   359.375000000000        26.05659    
   375.000000000000        65.42385    
   390.625000000000        175.0850    
   406.250000000000        43.56621    
   421.875000000000        19.49088    
   437.500000000000        28.01599    
   453.125000000000        15.11522    
   468.750000000000        8.675100    
   484.375000000000        6.650482    
   500.000000000000        18.30153    
   515.625000000000        21.73568    
   531.250000000000        33.76533    
   546.875000000000        23.48490    
   562.500000000000        67.80099    
   578.125000000000        423.1017    
   593.750000000000        154.8698    
   609.375000000000        70.43087    
   625.000000000000        46.23774    
   640.625000000000        28.49408    
   656.250000000000        32.64842    
   671.875000000000        24.96740    
   687.500000000000        24.54241    
   703.125000000000        19.87971    
   718.750000000000        27.58165    
   734.375000000000        25.19705    
   750.000000000000        29.69493    
   765.625000000000        85.65527    
   781.250000000000        101.3953    
   796.875000000000        27.11286    
   812.500000000000        13.87342    
   828.125000000000        13.26920    
   843.750000000000       0.6455023    
   859.375000000000        7.247564    
   875.000000000000        7.480841    
   890.625000000000        6.476498    
   906.250000000000        22.51009    
   921.875000000000        26.47757    
   937.500000000000        11.57697    
   953.125000000000        13.75917    
   968.750000000000        57.03064    
   984.375000000000        8.449907    
   1000.00000000000        1.927361    
   1015.62500000000        2.101041    
   1031.25000000000        3.977870    
   1046.87500000000        1.516087    
   1062.50000000000        3.202151    
   1078.12500000000        3.100593    
   1093.75000000000        1.362026    
   1109.37500000000        13.11490    
   1125.00000000000        5.422986    
   1140.62500000000        14.59631    
   1156.25000000000        53.84130    
   1171.87500000000        58.50211    
   1187.50000000000        20.86742    
   1203.12500000000        18.72678    
   1218.75000000000        9.808423    
   1234.37500000000        15.04803    
   1250.00000000000        26.93634    
   1265.62500000000        8.522614    
   1281.25000000000        6.919019    
   1296.87500000000        12.18825    
   1312.50000000000        3.321551    
   1328.12500000000        4.564924    
   1343.75000000000        7.928451    
   1359.37500000000        14.68209    
   1375.00000000000        2.484916    
   1390.62500000000        4.252041    
   1406.25000000000        4.312793    
   1421.87500000000        9.432678    
   1437.50000000000        4.744194    
   1453.12500000000        6.206007    
   1468.75000000000        5.384468    
   1484.37500000000        8.091511    
   1500.00000000000        17.53807    
   1515.62500000000        5.892042    
   1531.25000000000        9.868321    
   1546.87500000000        28.56139    
   1562.50000000000        7.317284    
   1578.12500000000        13.34083    
   1593.75000000000        6.331569    
   1609.37500000000        2.618556    
   1625.00000000000        4.298815    
   1640.62500000000        5.542282    
   1656.25000000000        3.502169    
   1671.87500000000        8.936945    
   1687.50000000000        3.420838    
   1703.12500000000        1.607374    
   1718.75000000000        6.199707    
   1734.37500000000        5.360800    
   1750.00000000000        27.17781    
   1765.62500000000        5.065385    
   1781.25000000000        9.989693    
   1796.87500000000        4.606723    
   1812.50000000000        8.812825    
   1828.12500000000        10.92732    
   1843.75000000000        5.088909    
   1859.37500000000        2.766495    
   1875.00000000000        4.351307    
   1890.62500000000        7.695629    
   1906.25000000000        5.132771    
   1921.87500000000        12.97098    
   1937.50000000000        1.194102    
   1953.12500000000        6.699821    
   1968.75000000000        7.448325    
   1984.37500000000       0.7444007    
