  -4000.00000000000        197.3968    
  -3968.75000000000        360.5862    
  -3937.50000000000        461.2641    
  -3906.25000000000        215.4120    
  -3875.00000000000        326.6156    
  -3843.75000000000        368.7761    
  -3812.50000000000        264.1191    
  -3781.25000000000        388.0370    
  -3750.00000000000        236.3733    
  -3718.75000000000        299.5670    
  -3687.50000000000        276.3766    
  -3656.25000000000        336.7066    
  -3625.00000000000        156.8186    
  -3593.75000000000        212.1522    
  -3562.50000000000        238.2763    
  -3531.25000000000        84.59773    
  -3500.00000000000        269.9626    
  -3468.75000000000        250.7823    
  -3437.50000000000        146.1840    
  -3406.25000000000        419.3697    
  -3375.00000000000        125.7569    
  -3343.75000000000        121.6549    
  -3312.50000000000        233.2769    
  -3281.25000000000        213.1206    
  -3250.00000000000        182.9660    
  -3218.75000000000        225.1126    
  -3187.50000000000        100.9391    
  -3156.25000000000        239.8665    
  -3125.00000000000        141.3786    
  -3093.75000000000        190.3526    
  -3062.50000000000        220.0139    
  -3031.25000000000        173.1254    
  -3000.00000000000        108.6328    
  -2968.75000000000        108.2914    
  -2937.50000000000        195.1819    
  -2906.25000000000        26.80731    
  -2875.00000000000        127.4982    
  -2843.75000000000        60.90106    
  -2812.50000000000        139.4352    
  -2781.25000000000        48.78219    
  -2750.00000000000        70.92352    
  -2718.75000000000        69.78806    
  -2687.50000000000        131.5659    
  -2656.25000000000        53.72674    
  -2625.00000000000        35.19000    
  -2593.75000000000        93.64284    
  -2562.50000000000        62.33363    
  -2531.25000000000        19.43550    
  -2500.00000000000        138.6191    
  -2468.75000000000        11.02320    
  -2437.50000000000        92.81363    
  -2406.25000000000        50.89397    
  -2375.00000000000        21.97890    
  -2343.75000000000        140.0856    
  -2312.50000000000        83.59618    
  -2281.25000000000        39.38018    
  -2250.00000000000        46.84913    
  -2218.75000000000        69.76965    
  -2187.50000000000        105.4242    
  -2156.25000000000        105.9958    
  -2125.00000000000        60.47080    
  -2093.75000000000        83.33739    
  -2062.50000000000        67.63963    
  -2031.25000000000        16.32701    
  -2000.00000000000        42.06626    
  -1968.75000000000        69.27077    
  -1937.50000000000        47.01813    
  -1906.25000000000        27.47003    
  -1875.00000000000        76.26634    
  -1843.75000000000        93.17465    
  -1812.50000000000        245.3684    
  -1781.25000000000        292.7190    
  -1750.00000000000        147.6932    
  -1718.75000000000        105.0816    
  -1687.50000000000        147.6779    
  -1656.25000000000        167.2396    
  -1625.00000000000        102.8388    
  -1593.75000000000        53.58730    
  -1562.50000000000        199.5398    
  -1531.25000000000        116.8643    
  -1500.00000000000        32.79201    
  -1468.75000000000        73.80147    
  -1437.50000000000        42.19998    
  -1406.25000000000        79.98003    
  -1375.00000000000        130.2662    
  -1343.75000000000        105.6773    
  -1312.50000000000        83.39001    
  -1281.25000000000        70.98396    
  -1250.00000000000        217.8899    
  -1218.75000000000        40.75451    
  -1187.50000000000        37.59576    
  -1156.25000000000        142.2248    
  -1125.00000000000        34.15371    
  -1093.75000000000        90.53745    
  -1062.50000000000        167.3273    
  -1031.25000000000        67.02173    
  -1000.00000000000        94.56186    
  -968.750000000000        87.97832    
  -937.500000000000        34.70512    
  -906.250000000000        161.6096    
  -875.000000000000        82.93733    
  -843.750000000000        124.8184    
  -812.500000000000        213.7316    
  -781.250000000000        274.1913    
  -750.000000000000        206.3913    
  -718.750000000000        264.4740    
  -687.500000000000        230.8564    
  -656.250000000000        411.7411    
  -625.000000000000        45.90477    
  -593.750000000000        295.8748    
  -562.500000000000        116.6436    
  -531.250000000000        191.3402    
  -500.000000000000        299.4851    
  -468.750000000000        73.74940    
  -437.500000000000        230.6202    
  -406.250000000000        279.2041    
  -375.000000000000        636.6179    
  -343.750000000000        1044.731    
  -312.500000000000        537.1360    
  -281.250000000000        767.3405    
  -250.000000000000        379.7400    
  -218.750000000000        28.90940    
  -187.500000000000        351.3646    
  -156.250000000000        1372.906    
  -125.000000000000        1324.436    
  -93.7500000000000        472.1285    
  -62.5000000000000        1296.093    
  -31.2500000000000        2290.249    
  0.000000000000000E+000   5740.105    
   31.2500000000000        2285.921    
   62.5000000000000        1313.015    
   93.7500000000000        480.8152    
   125.000000000000        1325.701    
   156.250000000000        1338.229    
   187.500000000000        355.6736    
   218.750000000000        31.27086    
   250.000000000000        370.9681    
   281.250000000000        749.5665    
   312.500000000000        539.7963    
   343.750000000000        1044.905    
   375.000000000000        638.0690    
   406.250000000000        283.0381    
   437.500000000000        225.0117    
   468.750000000000        72.23425    
   500.000000000000        299.5901    
   531.250000000000        195.7775    
   562.500000000000        122.6796    
   593.750000000000        297.9064    
   625.000000000000        30.93459    
   656.250000000000        406.7455    
   687.500000000000        228.8758    
   718.750000000000        269.2619    
   750.000000000000        210.8750    
   781.250000000000        272.0295    
   812.500000000000        213.7772    
   843.750000000000        123.9673    
   875.000000000000        84.28407    
   906.250000000000        164.2188    
   937.500000000000        33.84810    
   968.750000000000        89.09351    
   1000.00000000000        92.88710    
   1031.25000000000        59.17971    
   1062.50000000000        171.0582    
   1093.75000000000        99.90456    
   1125.00000000000        39.79633    
   1156.25000000000        136.8722    
   1187.50000000000        38.74666    
   1218.75000000000        40.00640    
   1250.00000000000        225.5898    
   1281.25000000000        64.84762    
   1312.50000000000        86.03955    
   1343.75000000000        103.6618    
   1375.00000000000        135.9797    
   1406.25000000000        84.71752    
   1437.50000000000        38.83212    
   1468.75000000000        70.29892    
   1500.00000000000        36.70496    
   1531.25000000000        111.4376    
   1562.50000000000        200.6140    
   1593.75000000000        54.00012    
   1625.00000000000        94.73317    
   1656.25000000000        163.4054    
   1687.50000000000        138.7684    
   1718.75000000000        101.8590    
   1750.00000000000        147.9028    
   1781.25000000000        288.2876    
   1812.50000000000        245.0650    
   1843.75000000000        90.17272    
   1875.00000000000        83.68327    
   1906.25000000000        29.83131    
   1937.50000000000        48.57482    
   1968.75000000000        62.83389    
   2000.00000000000        42.82919    
   2031.25000000000        17.95108    
   2062.50000000000        69.48480    
   2093.75000000000        83.55449    
   2125.00000000000        63.22525    
   2156.25000000000        105.5761    
   2187.50000000000        102.2805    
   2218.75000000000        71.49731    
   2250.00000000000        51.67296    
   2281.25000000000        39.96562    
   2312.50000000000        83.51266    
   2343.75000000000        137.6652    
   2375.00000000000        21.03189    
   2406.25000000000        50.76479    
   2437.50000000000        91.68275    
   2468.75000000000        13.34000    
   2500.00000000000        138.3369    
   2531.25000000000        18.48378    
   2562.50000000000        63.36507    
   2593.75000000000        95.49041    
   2625.00000000000        33.43872    
   2656.25000000000        53.23802    
   2687.50000000000        132.8051    
   2718.75000000000        70.15885    
   2750.00000000000        67.74257    
   2781.25000000000        46.93894    
   2812.50000000000        138.2307    
   2843.75000000000        59.69598    
   2875.00000000000        130.5122    
   2906.25000000000        25.59534    
   2937.50000000000        196.6285    
   2968.75000000000        105.1789    
   3000.00000000000        109.9868    
   3031.25000000000        174.9459    
   3062.50000000000        220.3033    
   3093.75000000000        190.3479    
   3125.00000000000        139.1629    
   3156.25000000000        238.6929    
   3187.50000000000        103.0476    
   3218.75000000000        228.1882    
   3250.00000000000        186.6948    
   3281.25000000000        216.2563    
   3312.50000000000        230.7016    
   3343.75000000000        122.5476    
   3375.00000000000        127.6991    
   3406.25000000000        418.4465    
   3437.50000000000        147.5257    
   3468.75000000000        256.1110    
   3500.00000000000        266.2181    
   3531.25000000000        82.49217    
   3562.50000000000        240.9119    
   3593.75000000000        208.6530    
   3625.00000000000        154.2975    
   3656.25000000000        336.5904    
   3687.50000000000        274.7783    
   3718.75000000000        301.1693    
   3750.00000000000        233.7208    
   3781.25000000000        391.2512    
   3812.50000000000        261.9265    
   3843.75000000000        369.6201    
   3875.00000000000        324.1269    
   3906.25000000000        213.8944    
   3937.50000000000        456.8306    
   3968.75000000000        363.4272    
