  -2000.00000000000        7.410233    
  -1984.37500000000        2.009784    
  -1968.75000000000        6.876758    
  -1953.12500000000        8.902952    
  -1937.50000000000        17.47697    
  -1921.87500000000        13.69420    
  -1906.25000000000        5.988115    
  -1890.62500000000        10.91026    
  -1875.00000000000        7.937573    
  -1859.37500000000        2.609936    
  -1843.75000000000        2.549834    
  -1828.12500000000        11.12424    
  -1812.50000000000        1.774162    
  -1796.87500000000        3.004408    
  -1781.25000000000        8.399984    
  -1765.62500000000        3.690249    
  -1750.00000000000        26.78376    
  -1734.37500000000        3.894635    
  -1718.75000000000        6.589676    
  -1703.12500000000        1.469094    
  -1687.50000000000        4.191232    
  -1671.87500000000        3.644535    
  -1656.25000000000        3.090108    
  -1640.62500000000        5.579333    
  -1625.00000000000        1.459838    
  -1609.37500000000        5.858590    
  -1593.75000000000        7.365479    
  -1578.12500000000        11.52108    
  -1562.50000000000        11.20773    
  -1546.87500000000        29.94563    
  -1531.25000000000        6.744292    
  -1515.62500000000        6.629007    
  -1500.00000000000        17.54127    
  -1484.37500000000        11.59214    
  -1468.75000000000        2.170346    
  -1453.12500000000        3.418180    
  -1437.50000000000        4.303360    
  -1421.87500000000        10.31434    
  -1406.25000000000        8.312908    
  -1390.62500000000        6.103387    
  -1375.00000000000       0.8554465    
  -1359.37500000000        22.87446    
  -1343.75000000000        9.500040    
  -1328.12500000000        5.998072    
  -1312.50000000000        6.263706    
  -1296.87500000000        12.68504    
  -1281.25000000000        7.001460    
  -1265.62500000000        5.995748    
  -1250.00000000000        24.62765    
  -1234.37500000000        9.289331    
  -1218.75000000000        5.781709    
  -1203.12500000000        17.11096    
  -1187.50000000000        21.18606    
  -1171.87500000000        58.33750    
  -1156.25000000000        57.30677    
  -1140.62500000000        14.43955    
  -1125.00000000000        5.444008    
  -1109.37500000000        9.945466    
  -1093.75000000000        5.597986    
  -1078.12500000000        3.787403    
  -1062.50000000000        2.327072    
  -1046.87500000000        3.144505    
  -1031.25000000000        4.091765    
  -1015.62500000000        3.742863    
  -1000.00000000000        1.131507    
  -984.375000000000        9.088846    
  -968.750000000000        44.46856    
  -953.125000000000        15.55137    
  -937.500000000000        9.835498    
  -921.875000000000        26.36878    
  -906.250000000000        17.73390    
  -890.625000000000        9.675513    
  -875.000000000000        6.421275    
  -859.375000000000        7.382504    
  -843.750000000000        6.008735    
  -828.125000000000        10.80220    
  -812.500000000000        13.25194    
  -796.875000000000        20.89259    
  -781.250000000000        72.56154    
  -765.625000000000        64.62323    
  -750.000000000000        23.07937    
  -734.375000000000        16.94131    
  -718.750000000000        23.42517    
  -703.125000000000        23.16229    
  -687.500000000000        19.51331    
  -671.875000000000        22.01314    
  -656.250000000000        29.92404    
  -640.625000000000        25.91286    
  -625.000000000000        43.10577    
  -609.375000000000        64.48320    
  -593.750000000000        140.7767    
  -578.125000000000        406.7491    
  -562.500000000000        69.08478    
  -546.875000000000        23.34434    
  -531.250000000000        33.33786    
  -515.625000000000        20.48225    
  -500.000000000000        17.30083    
  -484.375000000000        8.437723    
  -468.750000000000        9.736066    
  -453.125000000000        14.73958    
  -437.500000000000        23.82375    
  -421.875000000000        16.87676    
  -406.250000000000        44.73992    
  -390.625000000000        155.8949    
  -375.000000000000        56.70878    
  -359.375000000000        25.36390    
  -343.750000000000        5.218055    
  -328.125000000000        8.383499    
  -312.500000000000        17.41294    
  -296.875000000000        14.99168    
  -281.250000000000        11.83547    
  -265.625000000000        17.19372    
  -250.000000000000        25.73540    
  -234.375000000000        18.21025    
  -218.750000000000        42.51340    
  -203.125000000000        161.6841    
  -187.500000000000        189.4368    
  -171.875000000000        58.01480    
  -156.250000000000        30.13014    
  -140.625000000000        26.09965    
  -125.000000000000        23.40563    
  -109.375000000000        12.08711    
  -93.7500000000000        3.362310    
  -78.1250000000000        30.52997    
  -62.5000000000000        14.59953    
  -46.8750000000000        18.75759    
  -31.2500000000000        12.02394    
  -15.6250000000000        43.11486    
  0.000000000000000E+000   9145.296    
   15.6250000000000        44.87874    
   31.2500000000000        16.29280    
   46.8750000000000        22.83739    
   62.5000000000000        9.434218    
   78.1250000000000        29.63124    
   93.7500000000000        3.644240    
   109.375000000000        7.395546    
   125.000000000000        20.93402    
   140.625000000000        21.91444    
   156.250000000000        23.31640    
   171.875000000000        43.73567    
   187.500000000000        143.7856    
   203.125000000000        125.0959    
   218.750000000000        36.25338    
   234.375000000000        13.05190    
   250.000000000000        24.48634    
   265.625000000000        13.13268    
   281.250000000000        13.02486    
   296.875000000000        13.60938    
   312.500000000000        18.85733    
   328.125000000000        6.323976    
   343.750000000000        4.394458    
   359.375000000000        25.67144    
   375.000000000000        60.02398    
   390.625000000000        162.8474    
   406.250000000000        42.29133    
   421.875000000000        16.91306    
   437.500000000000        24.45521    
   453.125000000000        14.47194    
   468.750000000000        9.937377    
   484.375000000000        7.197255    
   500.000000000000        17.15600    
   515.625000000000        21.71935    
   531.250000000000        32.63533    
   546.875000000000        24.38794    
   562.500000000000        65.92107    
   578.125000000000        404.1694    
   593.750000000000        144.3739    
   609.375000000000        64.10747    
   625.000000000000        43.32644    
   640.625000000000        29.42577    
   656.250000000000        29.44384    
   671.875000000000        23.36790    
   687.500000000000        21.31762    
   703.125000000000        22.79304    
   718.750000000000        23.68831    
   734.375000000000        19.19127    
   750.000000000000        23.89913    
   765.625000000000        69.94914    
   781.250000000000        79.38283    
   796.875000000000        21.17158    
   812.500000000000        13.65480    
   828.125000000000        11.70690    
   843.750000000000        7.236230    
   859.375000000000        6.574444    
   875.000000000000        7.184558    
   890.625000000000        7.867034    
   906.250000000000        21.56937    
   921.875000000000        25.11930    
   937.500000000000        8.372931    
   953.125000000000        14.74928    
   968.750000000000        49.15210    
   984.375000000000        9.458331    
   1000.00000000000       0.9691854    
   1015.62500000000        3.839540    
   1031.25000000000        2.687495    
   1046.87500000000        2.380814    
   1062.50000000000        3.604325    
   1078.12500000000        3.467646    
   1093.75000000000        3.061135    
   1109.37500000000        9.163590    
   1125.00000000000        3.800644    
   1140.62500000000        12.97000    
   1156.25000000000        52.12650    
   1171.87500000000        55.03355    
   1187.50000000000        20.22293    
   1203.12500000000        16.45856    
   1218.75000000000        5.593309    
   1234.37500000000        11.82441    
   1250.00000000000        24.90593    
   1265.62500000000        6.327268    
   1281.25000000000        8.876324    
   1296.87500000000        10.94195    
   1312.50000000000        4.794426    
   1328.12500000000        5.441980    
   1343.75000000000        6.581415    
   1359.37500000000        14.99314    
   1375.00000000000        1.681756    
   1390.62500000000        5.340258    
   1406.25000000000        6.109625    
   1421.87500000000        11.43809    
   1437.50000000000        3.702624    
   1453.12500000000        4.801225    
   1468.75000000000        2.828397    
   1484.37500000000        6.760479    
   1500.00000000000        17.21613    
   1515.62500000000        7.942172    
   1531.25000000000        7.726701    
   1546.87500000000        31.54101    
   1562.50000000000        8.876823    
   1578.12500000000        9.646664    
   1593.75000000000        8.363210    
   1609.37500000000        4.847666    
   1625.00000000000        2.310811    
   1640.62500000000        6.500440    
   1656.25000000000        4.359967    
   1671.87500000000        3.599378    
   1687.50000000000        2.555204    
   1703.12500000000        2.900725    
   1718.75000000000        8.395881    
   1734.37500000000        5.098423    
   1750.00000000000        24.13361    
   1765.62500000000        4.443731    
   1781.25000000000        8.967109    
   1796.87500000000        4.478625    
   1812.50000000000        6.212767    
   1828.12500000000        10.93385    
   1843.75000000000        5.074975    
   1859.37500000000        3.757066    
   1875.00000000000        3.485732    
   1890.62500000000        10.45992    
   1906.25000000000        4.578190    
   1921.87500000000        16.54172    
   1937.50000000000        18.44965    
   1953.12500000000        9.185504    
   1968.75000000000        8.215010    
   1984.37500000000        2.804307    
