  -4000.00000000000        224.7519    
  -3968.75000000000        426.8037    
  -3937.50000000000        557.9476    
  -3906.25000000000        269.2869    
  -3875.00000000000        398.7541    
  -3843.75000000000        425.2988    
  -3812.50000000000        311.4051    
  -3781.25000000000        444.5880    
  -3750.00000000000        298.0542    
  -3718.75000000000        347.3881    
  -3687.50000000000        324.3469    
  -3656.25000000000        395.3817    
  -3625.00000000000        189.8198    
  -3593.75000000000        274.9063    
  -3562.50000000000        278.5435    
  -3531.25000000000        94.71769    
  -3500.00000000000        318.8357    
  -3468.75000000000        278.9948    
  -3437.50000000000        163.0095    
  -3406.25000000000        506.5928    
  -3375.00000000000        134.1916    
  -3343.75000000000        149.3242    
  -3312.50000000000        270.1807    
  -3281.25000000000        249.7505    
  -3250.00000000000        212.7740    
  -3218.75000000000        261.6451    
  -3187.50000000000        104.9553    
  -3156.25000000000        293.8878    
  -3125.00000000000        165.1667    
  -3093.75000000000        209.7970    
  -3062.50000000000        267.2589    
  -3031.25000000000        186.9962    
  -3000.00000000000        116.9376    
  -2968.75000000000        135.6394    
  -2937.50000000000        240.0117    
  -2906.25000000000        27.48954    
  -2875.00000000000        146.7643    
  -2843.75000000000        69.11000    
  -2812.50000000000        161.6825    
  -2781.25000000000        61.30441    
  -2750.00000000000        81.64145    
  -2718.75000000000        72.27458    
  -2687.50000000000        160.1916    
  -2656.25000000000        73.74564    
  -2625.00000000000        33.85575    
  -2593.75000000000        116.2784    
  -2562.50000000000        65.88194    
  -2531.25000000000        33.07496    
  -2500.00000000000        155.7294    
  -2468.75000000000        20.69836    
  -2437.50000000000        116.4357    
  -2406.25000000000        52.57039    
  -2375.00000000000        19.50121    
  -2343.75000000000        150.7785    
  -2312.50000000000        116.3756    
  -2281.25000000000        34.85130    
  -2250.00000000000        71.94394    
  -2218.75000000000        82.28519    
  -2187.50000000000        124.4605    
  -2156.25000000000        124.5430    
  -2125.00000000000        66.29709    
  -2093.75000000000        94.28824    
  -2062.50000000000        64.35381    
  -2031.25000000000        26.18464    
  -2000.00000000000        60.15003    
  -1968.75000000000        81.51686    
  -1937.50000000000        60.78915    
  -1906.25000000000        26.64056    
  -1875.00000000000        76.74151    
  -1843.75000000000        115.9353    
  -1812.50000000000        301.6302    
  -1781.25000000000        358.9887    
  -1750.00000000000        173.7564    
  -1718.75000000000        119.5759    
  -1687.50000000000        172.3367    
  -1656.25000000000        212.6389    
  -1625.00000000000        114.7925    
  -1593.75000000000        58.20073    
  -1562.50000000000        236.8774    
  -1531.25000000000        156.7246    
  -1500.00000000000        44.45580    
  -1468.75000000000        84.77413    
  -1437.50000000000        59.58327    
  -1406.25000000000        91.00135    
  -1375.00000000000        149.5909    
  -1343.75000000000        121.8728    
  -1312.50000000000        104.2961    
  -1281.25000000000        93.86617    
  -1250.00000000000        259.8378    
  -1218.75000000000        54.90957    
  -1187.50000000000        52.96851    
  -1156.25000000000        167.8691    
  -1125.00000000000        39.01855    
  -1093.75000000000        116.2601    
  -1062.50000000000        205.9725    
  -1031.25000000000        78.62746    
  -1000.00000000000        110.2705    
  -968.750000000000        97.41738    
  -937.500000000000        59.00299    
  -906.250000000000        181.8505    
  -875.000000000000        120.3905    
  -843.750000000000        155.6419    
  -812.500000000000        261.6814    
  -781.250000000000        321.2765    
  -750.000000000000        255.2575    
  -718.750000000000        296.8662    
  -687.500000000000        277.4686    
  -656.250000000000        488.6562    
  -625.000000000000        33.64793    
  -593.750000000000        355.9350    
  -562.500000000000        133.5421    
  -531.250000000000        224.4730    
  -500.000000000000        359.2565    
  -468.750000000000        111.8352    
  -437.500000000000        301.3080    
  -406.250000000000        338.6773    
  -375.000000000000        779.6973    
  -343.750000000000        1261.898    
  -312.500000000000        653.8903    
  -281.250000000000        915.7320    
  -250.000000000000        463.7759    
  -218.750000000000        87.02997    
  -187.500000000000        435.3040    
  -156.250000000000        1543.852    
  -125.000000000000        1534.110    
  -93.7500000000000        539.8947    
  -62.5000000000000        1519.521    
  -31.2500000000000        2774.625    
  0.000000000000000E+000   7448.153    
   31.2500000000000        2676.510    
   62.5000000000000        1590.030    
   93.7500000000000        607.4755    
   125.000000000000        1611.077    
   156.250000000000        1648.914    
   187.500000000000        416.6483    
   218.750000000000        22.96783    
   250.000000000000        455.1026    
   281.250000000000        853.1916    
   312.500000000000        648.7228    
   343.750000000000        1224.791    
   375.000000000000        721.7216    
   406.250000000000        332.1660    
   437.500000000000        253.1553    
   468.750000000000        92.59006    
   500.000000000000        366.0758    
   531.250000000000        245.2441    
   562.500000000000        164.2872    
   593.750000000000        373.5263    
   625.000000000000        45.07639    
   656.250000000000        486.2835    
   687.500000000000        270.1136    
   718.750000000000        347.2210    
   750.000000000000        257.9404    
   781.250000000000        330.9286    
   812.500000000000        251.5511    
   843.750000000000        146.1242    
   875.000000000000        109.2506    
   906.250000000000        207.3776    
   937.500000000000        42.45620    
   968.750000000000        104.6645    
   1000.00000000000        118.2968    
   1031.25000000000        82.53126    
   1062.50000000000        181.2390    
   1093.75000000000        104.5332    
   1125.00000000000        53.47132    
   1156.25000000000        173.3973    
   1187.50000000000        35.02733    
   1218.75000000000        54.87532    
   1250.00000000000        274.6219    
   1281.25000000000        79.50534    
   1312.50000000000        99.86435    
   1343.75000000000        136.8827    
   1375.00000000000        147.7814    
   1406.25000000000        105.8463    
   1437.50000000000        37.06713    
   1468.75000000000        81.07483    
   1500.00000000000        47.60678    
   1531.25000000000        142.4838    
   1562.50000000000        242.2442    
   1593.75000000000        53.43116    
   1625.00000000000        141.5128    
   1656.25000000000        181.2903    
   1687.50000000000        155.5472    
   1718.75000000000        100.5325    
   1750.00000000000        172.8114    
   1781.25000000000        322.9267    
   1812.50000000000        275.5372    
   1843.75000000000        105.6864    
   1875.00000000000        102.9496    
   1906.25000000000        39.80742    
   1937.50000000000        69.29848    
   1968.75000000000        79.88844    
   2000.00000000000        43.92812    
   2031.25000000000        14.63356    
   2062.50000000000        86.45016    
   2093.75000000000        105.6722    
   2125.00000000000        70.73824    
   2156.25000000000        122.6460    
   2187.50000000000        126.6845    
   2218.75000000000        84.31269    
   2250.00000000000        70.94373    
   2281.25000000000        52.09644    
   2312.50000000000        109.8827    
   2343.75000000000        179.3094    
   2375.00000000000        32.11094    
   2406.25000000000        48.48406    
   2437.50000000000        118.2286    
   2468.75000000000        21.16609    
   2500.00000000000        162.3724    
   2531.25000000000        34.78092    
   2562.50000000000        63.03271    
   2593.75000000000        115.3205    
   2625.00000000000        51.46698    
   2656.25000000000        53.67669    
   2687.50000000000        157.0354    
   2718.75000000000        83.39332    
   2750.00000000000        89.41838    
   2781.25000000000        47.92248    
   2812.50000000000        177.0545    
   2843.75000000000        66.68692    
   2875.00000000000        167.0834    
   2906.25000000000        30.70585    
   2937.50000000000        227.5640    
   2968.75000000000        107.9269    
   3000.00000000000        129.0963    
   3031.25000000000        218.1641    
   3062.50000000000        248.4740    
   3093.75000000000        222.2377    
   3125.00000000000        156.1431    
   3156.25000000000        275.1971    
   3187.50000000000        135.6010    
   3218.75000000000        300.1091    
   3250.00000000000        224.5109    
   3281.25000000000        275.3097    
   3312.50000000000        254.0768    
   3343.75000000000        150.1025    
   3375.00000000000        151.2123    
   3406.25000000000        498.1187    
   3437.50000000000        176.9696    
   3468.75000000000        308.3853    
   3500.00000000000        315.5161    
   3531.25000000000        96.90929    
   3562.50000000000        291.8780    
   3593.75000000000        230.6855    
   3625.00000000000        169.0576    
   3656.25000000000        403.0593    
   3687.50000000000        329.1685    
   3718.75000000000        359.1086    
   3750.00000000000        271.2970    
   3781.25000000000        481.9973    
   3812.50000000000        301.8766    
   3843.75000000000        452.6497    
   3875.00000000000        368.1950    
   3906.25000000000        244.3663    
   3937.50000000000        520.5280    
   3968.75000000000        441.9235    
