  -4000.00000000000        265.7747    
  -3968.75000000000        470.3984    
  -3937.50000000000        670.5009    
  -3906.25000000000        293.0169    
  -3875.00000000000        493.6452    
  -3843.75000000000        480.9243    
  -3812.50000000000        363.7441    
  -3781.25000000000        531.6000    
  -3750.00000000000        349.5438    
  -3718.75000000000        406.4939    
  -3687.50000000000        381.3736    
  -3656.25000000000        465.7209    
  -3625.00000000000        208.4226    
  -3593.75000000000        327.8900    
  -3562.50000000000        328.2622    
  -3531.25000000000        124.2328    
  -3500.00000000000        409.7494    
  -3468.75000000000        331.4580    
  -3437.50000000000        238.2534    
  -3406.25000000000        563.2496    
  -3375.00000000000        173.8211    
  -3343.75000000000        149.5538    
  -3312.50000000000        344.5602    
  -3281.25000000000        256.3631    
  -3250.00000000000        223.0368    
  -3218.75000000000        281.7198    
  -3187.50000000000        161.8783    
  -3156.25000000000        347.1096    
  -3125.00000000000        207.2299    
  -3093.75000000000        257.4865    
  -3062.50000000000        313.1120    
  -3031.25000000000        217.4227    
  -3000.00000000000        123.9068    
  -2968.75000000000        146.0638    
  -2937.50000000000        270.5125    
  -2906.25000000000        54.15935    
  -2875.00000000000        187.8744    
  -2843.75000000000        80.12424    
  -2812.50000000000        154.9321    
  -2781.25000000000        84.70228    
  -2750.00000000000        120.8232    
  -2718.75000000000        94.91762    
  -2687.50000000000        181.3034    
  -2656.25000000000        90.14416    
  -2625.00000000000        33.43721    
  -2593.75000000000        132.6153    
  -2562.50000000000        73.25591    
  -2531.25000000000        35.10380    
  -2500.00000000000        190.1301    
  -2468.75000000000        35.07105    
  -2437.50000000000        158.5327    
  -2406.25000000000        101.4265    
  -2375.00000000000        22.39494    
  -2343.75000000000        186.2053    
  -2312.50000000000        129.3241    
  -2281.25000000000        52.14515    
  -2250.00000000000        51.27345    
  -2218.75000000000        80.83389    
  -2187.50000000000        150.1854    
  -2156.25000000000        109.2735    
  -2125.00000000000        104.7707    
  -2093.75000000000        88.70256    
  -2062.50000000000        69.98319    
  -2031.25000000000        62.01797    
  -2000.00000000000        76.90343    
  -1968.75000000000        86.75585    
  -1937.50000000000        55.76722    
  -1906.25000000000        46.16607    
  -1875.00000000000        117.9116    
  -1843.75000000000        132.4825    
  -1812.50000000000        395.7787    
  -1781.25000000000        430.2497    
  -1750.00000000000        199.4773    
  -1718.75000000000        149.8491    
  -1687.50000000000        215.0274    
  -1656.25000000000        267.4740    
  -1625.00000000000        159.5390    
  -1593.75000000000        66.98074    
  -1562.50000000000        293.8727    
  -1531.25000000000        157.9498    
  -1500.00000000000        58.75829    
  -1468.75000000000        115.0469    
  -1437.50000000000        45.85424    
  -1406.25000000000        84.57293    
  -1375.00000000000        155.2637    
  -1343.75000000000        174.7998    
  -1312.50000000000        125.5479    
  -1281.25000000000        116.1997    
  -1250.00000000000        288.4367    
  -1218.75000000000        58.45306    
  -1187.50000000000        55.19764    
  -1156.25000000000        207.1950    
  -1125.00000000000        42.28613    
  -1093.75000000000        127.8753    
  -1062.50000000000        224.0121    
  -1031.25000000000        88.86154    
  -1000.00000000000        122.7943    
  -968.750000000000        147.8450    
  -937.500000000000        102.0804    
  -906.250000000000        207.8321    
  -875.000000000000        123.0881    
  -843.750000000000        196.3119    
  -812.500000000000        262.1731    
  -781.250000000000        368.4326    
  -750.000000000000        285.1825    
  -718.750000000000        351.1395    
  -687.500000000000        317.0414    
  -656.250000000000        571.5803    
  -625.000000000000        52.54586    
  -593.750000000000        387.1595    
  -562.500000000000        167.1587    
  -531.250000000000        254.5191    
  -500.000000000000        405.7521    
  -468.750000000000        91.88165    
  -437.500000000000        344.6534    
  -406.250000000000        399.6709    
  -375.000000000000        916.7415    
  -343.750000000000        1466.642    
  -312.500000000000        743.0713    
  -281.250000000000        1074.764    
  -250.000000000000        565.9575    
  -218.750000000000        114.6070    
  -187.500000000000        466.6294    
  -156.250000000000        1737.514    
  -125.000000000000        1733.082    
  -93.7500000000000        645.5728    
  -62.5000000000000        1701.775    
  -31.2500000000000        3189.771    
  0.000000000000000E+000   7575.861    
   31.2500000000000        3084.576    
   62.5000000000000        1855.789    
   93.7500000000000        712.6310    
   125.000000000000        1847.372    
   156.250000000000        1947.449    
   187.500000000000        488.7294    
   218.750000000000        22.05250    
   250.000000000000        492.2521    
   281.250000000000        949.5446    
   312.500000000000        725.7419    
   343.750000000000        1417.443    
   375.000000000000        800.4420    
   406.250000000000        331.0467    
   437.500000000000        255.7008    
   468.750000000000        149.3948    
   500.000000000000        415.1622    
   531.250000000000        319.4960    
   562.500000000000        182.0912    
   593.750000000000        415.4896    
   625.000000000000        81.76361    
   656.250000000000        560.4392    
   687.500000000000        308.2417    
   718.750000000000        314.9111    
   750.000000000000        284.6114    
   781.250000000000        357.2744    
   812.500000000000        300.5873    
   843.750000000000        170.7190    
   875.000000000000        103.3807    
   906.250000000000        223.3992    
   937.500000000000        37.56609    
   968.750000000000        112.3864    
   1000.00000000000        128.5228    
   1031.25000000000        117.9951    
   1062.50000000000        245.9146    
   1093.75000000000        173.6088    
   1125.00000000000        54.94785    
   1156.25000000000        192.1281    
   1187.50000000000        33.09798    
   1218.75000000000        73.50317    
   1250.00000000000        317.8623    
   1281.25000000000        86.20661    
   1312.50000000000        89.26650    
   1343.75000000000        148.5401    
   1375.00000000000        180.6238    
   1406.25000000000        102.5616    
   1437.50000000000        52.23066    
   1468.75000000000        97.58602    
   1500.00000000000        72.42633    
   1531.25000000000        146.8176    
   1562.50000000000        267.9223    
   1593.75000000000        74.65350    
   1625.00000000000        118.6483    
   1656.25000000000        195.4250    
   1687.50000000000        189.8610    
   1718.75000000000        133.6145    
   1750.00000000000        170.8411    
   1781.25000000000        390.7589    
   1812.50000000000        283.4299    
   1843.75000000000        94.84026    
   1875.00000000000        122.1432    
   1906.25000000000        61.20229    
   1937.50000000000        66.61959    
   1968.75000000000        89.50771    
   2000.00000000000        55.38751    
   2031.25000000000        25.83272    
   2062.50000000000        126.4734    
   2093.75000000000        96.04465    
   2125.00000000000        84.59056    
   2156.25000000000        182.4773    
   2187.50000000000        133.3690    
   2218.75000000000        103.5483    
   2250.00000000000        90.34138    
   2281.25000000000        62.21964    
   2312.50000000000        97.75029    
   2343.75000000000        189.9106    
   2375.00000000000        48.86903    
   2406.25000000000        46.45145    
   2437.50000000000        145.1539    
   2468.75000000000        13.00330    
   2500.00000000000        206.2159    
   2531.25000000000        20.55640    
   2562.50000000000        118.8920    
   2593.75000000000        90.15207    
   2625.00000000000        50.63567    
   2656.25000000000        86.98146    
   2687.50000000000        174.4469    
   2718.75000000000        91.91740    
   2750.00000000000        108.6229    
   2781.25000000000        70.77744    
   2812.50000000000        203.4426    
   2843.75000000000        92.98335    
   2875.00000000000        187.3749    
   2906.25000000000        34.22456    
   2937.50000000000        272.6637    
   2968.75000000000        158.6031    
   3000.00000000000        159.7131    
   3031.25000000000        254.1928    
   3062.50000000000        290.0219    
   3093.75000000000        243.0457    
   3125.00000000000        184.1183    
   3156.25000000000        352.1315    
   3187.50000000000        143.6674    
   3218.75000000000        335.0142    
   3250.00000000000        292.6745    
   3281.25000000000        306.2597    
   3312.50000000000        318.1915    
   3343.75000000000        154.4571    
   3375.00000000000        152.8500    
   3406.25000000000        598.6085    
   3437.50000000000        164.5871    
   3468.75000000000        388.4898    
   3500.00000000000        354.4835    
   3531.25000000000        136.0222    
   3562.50000000000        350.4755    
   3593.75000000000        281.1222    
   3625.00000000000        196.9308    
   3656.25000000000        453.7011    
   3687.50000000000        380.9300    
   3718.75000000000        419.4142    
   3750.00000000000        321.9371    
   3781.25000000000        542.2187    
   3812.50000000000        350.0474    
   3843.75000000000        491.8766    
   3875.00000000000        429.5890    
   3906.25000000000        264.7919    
   3937.50000000000        620.2029    
   3968.75000000000        541.4281    
