  -4000.00000000000        196.5678    
  -3968.75000000000        360.5452    
  -3937.50000000000        456.1399    
  -3906.25000000000        215.0716    
  -3875.00000000000        326.1689    
  -3843.75000000000        365.0546    
  -3812.50000000000        261.4630    
  -3781.25000000000        389.0748    
  -3750.00000000000        235.9684    
  -3718.75000000000        299.8696    
  -3687.50000000000        274.1110    
  -3656.25000000000        336.3651    
  -3625.00000000000        155.1640    
  -3593.75000000000        210.8637    
  -3562.50000000000        237.4060    
  -3531.25000000000        83.86916    
  -3500.00000000000        268.5033    
  -3468.75000000000        251.2301    
  -3437.50000000000        147.8180    
  -3406.25000000000        417.1968    
  -3375.00000000000        126.9576    
  -3343.75000000000        121.3277    
  -3312.50000000000        231.9702    
  -3281.25000000000        214.3121    
  -3250.00000000000        183.5722    
  -3218.75000000000        224.8933    
  -3187.50000000000        100.4733    
  -3156.25000000000        238.6960    
  -3125.00000000000        140.9387    
  -3093.75000000000        189.6931    
  -3062.50000000000        220.1494    
  -3031.25000000000        172.9350    
  -3000.00000000000        106.2027    
  -2968.75000000000        106.5379    
  -2937.50000000000        195.4724    
  -2906.25000000000        26.41860    
  -2875.00000000000        127.4912    
  -2843.75000000000        59.19323    
  -2812.50000000000        138.4701    
  -2781.25000000000        47.65309    
  -2750.00000000000        68.61354    
  -2718.75000000000        69.98515    
  -2687.50000000000        131.0693    
  -2656.25000000000        52.66023    
  -2625.00000000000        33.30805    
  -2593.75000000000        95.24866    
  -2562.50000000000        62.25331    
  -2531.25000000000        18.28981    
  -2500.00000000000        136.5668    
  -2468.75000000000        12.41662    
  -2437.50000000000        93.06107    
  -2406.25000000000        51.99953    
  -2375.00000000000        21.40374    
  -2343.75000000000        139.8398    
  -2312.50000000000        83.97372    
  -2281.25000000000        39.58070    
  -2250.00000000000        49.71033    
  -2218.75000000000        71.92036    
  -2187.50000000000        102.3678    
  -2156.25000000000        106.6349    
  -2125.00000000000        63.90766    
  -2093.75000000000        82.35642    
  -2062.50000000000        63.79456    
  -2031.25000000000        16.98486    
  -2000.00000000000        43.92557    
  -1968.75000000000        65.93668    
  -1937.50000000000        49.05849    
  -1906.25000000000        31.22006    
  -1875.00000000000        79.18207    
  -1843.75000000000        91.62019    
  -1812.50000000000        244.6588    
  -1781.25000000000        290.7504    
  -1750.00000000000        144.4450    
  -1718.75000000000        103.7189    
  -1687.50000000000        140.6723    
  -1656.25000000000        163.8564    
  -1625.00000000000        100.2867    
  -1593.75000000000        52.41134    
  -1562.50000000000        197.9586    
  -1531.25000000000        120.2528    
  -1500.00000000000        36.37172    
  -1468.75000000000        69.71491    
  -1437.50000000000        41.71701    
  -1406.25000000000        82.09687    
  -1375.00000000000        132.2056    
  -1343.75000000000        103.7273    
  -1312.50000000000        84.87981    
  -1281.25000000000        72.23479    
  -1250.00000000000        221.1413    
  -1218.75000000000        42.99349    
  -1187.50000000000        41.65714    
  -1156.25000000000        142.0820    
  -1125.00000000000        31.91157    
  -1093.75000000000        85.84348    
  -1062.50000000000        158.8327    
  -1031.25000000000        64.89228    
  -1000.00000000000        87.89469    
  -968.750000000000        90.26925    
  -937.500000000000        33.13139    
  -906.250000000000        163.8070    
  -875.000000000000        84.98045    
  -843.750000000000        121.3741    
  -812.500000000000        218.4215    
  -781.250000000000        271.8214    
  -750.000000000000        208.2000    
  -718.750000000000        269.1012    
  -687.500000000000        230.7829    
  -656.250000000000        412.1190    
  -625.000000000000        27.50164    
  -593.750000000000        301.1469    
  -562.500000000000        117.6292    
  -531.250000000000        198.2840    
  -500.000000000000        301.0046    
  -468.750000000000        73.61340    
  -437.500000000000        226.1249    
  -406.250000000000        280.6520    
  -375.000000000000        632.6089    
  -343.750000000000        1031.398    
  -312.500000000000        543.3116    
  -281.250000000000        740.0364    
  -250.000000000000        384.2588    
  -218.750000000000        40.52210    
  -187.500000000000        362.4847    
  -156.250000000000        1342.668    
  -125.000000000000        1310.663    
  -93.7500000000000        475.0161    
  -62.5000000000000        1289.037    
  -31.2500000000000        2300.555    
  0.000000000000000E+000   5761.370    
   31.2500000000000        2243.961    
   62.5000000000000        1306.563    
   93.7500000000000        478.5983    
   125.000000000000        1317.681    
   156.250000000000        1352.108    
   187.500000000000        362.7398    
   218.750000000000        33.72559    
   250.000000000000        375.5056    
   281.250000000000        746.2786    
   312.500000000000        543.0565    
   343.750000000000        1030.930    
   375.000000000000        625.8487    
   406.250000000000        279.8667    
   437.500000000000        217.0174    
   468.750000000000        75.75548    
   500.000000000000        302.7434    
   531.250000000000        199.3850    
   562.500000000000        117.6352    
   593.750000000000        295.8234    
   625.000000000000        40.22497    
   656.250000000000        397.1182    
   687.500000000000        228.8730    
   718.750000000000        273.2750    
   750.000000000000        205.5081    
   781.250000000000        271.8141    
   812.500000000000        212.7183    
   843.750000000000        125.3098    
   875.000000000000        86.97675    
   906.250000000000        161.5780    
   937.500000000000        32.75308    
   968.750000000000        86.51521    
   1000.00000000000        91.56887    
   1031.25000000000        70.07826    
   1062.50000000000        158.5449    
   1093.75000000000        82.55009    
   1125.00000000000        37.07785    
   1156.25000000000        138.2513    
   1187.50000000000        35.96297    
   1218.75000000000        38.64292    
   1250.00000000000        226.0422    
   1281.25000000000        62.97719    
   1312.50000000000        82.92085    
   1343.75000000000        108.4394    
   1375.00000000000        131.4250    
   1406.25000000000        83.14241    
   1437.50000000000        51.93933    
   1468.75000000000        79.08276    
   1500.00000000000        38.90030    
   1531.25000000000        114.5037    
   1562.50000000000        196.4791    
   1593.75000000000        52.30413    
   1625.00000000000        97.61554    
   1656.25000000000        161.8644    
   1687.50000000000        137.8299    
   1718.75000000000        104.2447    
   1750.00000000000        144.6590    
   1781.25000000000        287.8534    
   1812.50000000000        243.5190    
   1843.75000000000        92.87421    
   1875.00000000000        77.28899    
   1906.25000000000        32.70493    
   1937.50000000000        49.75644    
   1968.75000000000        64.78735    
   2000.00000000000        39.25222    
   2031.25000000000        17.84925    
   2062.50000000000        65.82450    
   2093.75000000000        84.70137    
   2125.00000000000        65.09489    
   2156.25000000000        105.7682    
   2187.50000000000        101.7444    
   2218.75000000000        72.27449    
   2250.00000000000        50.46544    
   2281.25000000000        39.77049    
   2312.50000000000        83.42032    
   2343.75000000000        139.6204    
   2375.00000000000        22.82635    
   2406.25000000000        51.07456    
   2437.50000000000        92.05685    
   2468.75000000000        11.79286    
   2500.00000000000        138.1498    
   2531.25000000000        18.57480    
   2562.50000000000        60.69932    
   2593.75000000000        94.91705    
   2625.00000000000        35.18478    
   2656.25000000000        52.71753    
   2687.50000000000        132.9157    
   2718.75000000000        70.70227    
   2750.00000000000        67.32973    
   2781.25000000000        46.25004    
   2812.50000000000        137.6868    
   2843.75000000000        60.20657    
   2875.00000000000        130.5681    
   2906.25000000000        26.64466    
   2937.50000000000        195.8203    
   2968.75000000000        106.6869    
   3000.00000000000        109.2542    
   3031.25000000000        175.3619    
   3062.50000000000        219.2945    
   3093.75000000000        188.9803    
   3125.00000000000        138.5330    
   3156.25000000000        238.7810    
   3187.50000000000        102.2390    
   3218.75000000000        227.2533    
   3250.00000000000        186.1015    
   3281.25000000000        215.1570    
   3312.50000000000        230.8688    
   3343.75000000000        122.6965    
   3375.00000000000        128.0742    
   3406.25000000000        418.5321    
   3437.50000000000        145.6127    
   3468.75000000000        254.3158    
   3500.00000000000        267.6427    
   3531.25000000000        83.13293    
   3562.50000000000        239.5088    
   3593.75000000000        208.9233    
   3625.00000000000        153.9950    
   3656.25000000000        335.4516    
   3687.50000000000        275.0613    
   3718.75000000000        300.1926    
   3750.00000000000        234.0084    
   3781.25000000000        391.8278    
   3812.50000000000        260.8241    
   3843.75000000000        368.8778    
   3875.00000000000        323.6865    
   3906.25000000000        214.4375    
   3937.50000000000        455.3439    
   3968.75000000000        361.9932    
