  -2000.00000000000        17.38560    
  -1984.37500000000        15.46497    
  -1968.75000000000        7.037562    
  -1953.12500000000        24.88614    
  -1937.50000000000        22.96206    
  -1921.87500000000        29.48970    
  -1906.25000000000        10.01041    
  -1890.62500000000        20.89112    
  -1875.00000000000        41.76612    
  -1859.37500000000        16.22888    
  -1843.75000000000        7.880739    
  -1828.12500000000        21.02740    
  -1812.50000000000        21.53421    
  -1796.87500000000        7.792363    
  -1781.25000000000        22.12723    
  -1765.62500000000        17.89722    
  -1750.00000000000        43.75893    
  -1734.37500000000        7.377390    
  -1718.75000000000        4.828002    
  -1703.12500000000        8.813232    
  -1687.50000000000        20.92720    
  -1671.87500000000        34.67402    
  -1656.25000000000        14.63738    
  -1640.62500000000        5.521132    
  -1625.00000000000        25.63035    
  -1609.37500000000        14.73603    
  -1593.75000000000        23.01525    
  -1578.12500000000        7.705211    
  -1562.50000000000        11.18826    
  -1546.87500000000        99.78855    
  -1531.25000000000        12.40142    
  -1515.62500000000        13.00080    
  -1500.00000000000        20.75517    
  -1484.37500000000        77.35193    
  -1468.75000000000        34.88671    
  -1453.12500000000        11.11543    
  -1437.50000000000        9.962787    
  -1421.87500000000        21.52531    
  -1406.25000000000        14.21246    
  -1390.62500000000        6.791368    
  -1375.00000000000        20.86633    
  -1359.37500000000        88.74374    
  -1343.75000000000        15.77644    
  -1328.12500000000        19.10418    
  -1312.50000000000        15.47456    
  -1296.87500000000        12.09457    
  -1281.25000000000        36.92052    
  -1265.62500000000        21.18729    
  -1250.00000000000        57.67253    
  -1234.37500000000        43.02250    
  -1218.75000000000        15.10820    
  -1203.12500000000        25.66230    
  -1187.50000000000        31.71466    
  -1171.87500000000        84.69265    
  -1156.25000000000        52.75231    
  -1140.62500000000        21.00170    
  -1125.00000000000        7.733118    
  -1109.37500000000        11.24321    
  -1093.75000000000        23.57202    
  -1078.12500000000        16.53904    
  -1062.50000000000        9.365924    
  -1046.87500000000        23.91988    
  -1031.25000000000        45.23284    
  -1015.62500000000        10.12929    
  -1000.00000000000        11.74365    
  -984.375000000000        34.45365    
  -968.750000000000        85.72858    
  -953.125000000000        36.00980    
  -937.500000000000        17.24480    
  -921.875000000000        42.32208    
  -906.250000000000        61.48626    
  -890.625000000000        13.72259    
  -875.000000000000        21.44695    
  -859.375000000000        23.54097    
  -843.750000000000        17.03327    
  -828.125000000000        22.36296    
  -812.500000000000        31.93052    
  -796.875000000000        23.28309    
  -781.250000000000        74.39162    
  -765.625000000000        74.92155    
  -750.000000000000        17.82005    
  -734.375000000000        18.71162    
  -718.750000000000        48.20290    
  -703.125000000000        32.83894    
  -687.500000000000        17.28471    
  -671.875000000000        26.51494    
  -656.250000000000        28.29972    
  -640.625000000000        40.50099    
  -625.000000000000        79.40971    
  -609.375000000000        112.7499    
  -593.750000000000        223.8921    
  -578.125000000000        751.8107    
  -562.500000000000        110.9216    
  -546.875000000000        32.98289    
  -531.250000000000        54.01725    
  -515.625000000000        35.86010    
  -500.000000000000        38.04082    
  -484.375000000000        18.61332    
  -468.750000000000        20.99320    
  -453.125000000000        38.94892    
  -437.500000000000        24.79695    
  -421.875000000000        20.90103    
  -406.250000000000        74.43449    
  -390.625000000000        314.9778    
  -375.000000000000        59.74011    
  -359.375000000000        38.14690    
  -343.750000000000        13.93430    
  -328.125000000000        28.32163    
  -312.500000000000        52.51202    
  -296.875000000000        42.09715    
  -281.250000000000        22.68821    
  -265.625000000000        50.18453    
  -250.000000000000        50.10748    
  -234.375000000000        47.13267    
  -218.750000000000        89.37775    
  -203.125000000000        384.6057    
  -187.500000000000        409.0955    
  -171.875000000000        132.8310    
  -156.250000000000        61.76666    
  -140.625000000000        53.58318    
  -125.000000000000        64.40254    
  -109.375000000000        24.20753    
  -93.7500000000000        13.72082    
  -78.1250000000000        30.41196    
  -62.5000000000000        19.49611    
  -46.8750000000000        28.99997    
  -31.2500000000000        18.01865    
  -15.6250000000000        66.92992    
  0.000000000000000E+000   16540.68    
   15.6250000000000        99.90633    
   31.2500000000000        38.86683    
   46.8750000000000        57.63744    
   62.5000000000000        1.723626    
   78.1250000000000        66.01990    
   93.7500000000000        21.42861    
   109.375000000000        7.739974    
   125.000000000000        60.06034    
   140.625000000000        34.27328    
   156.250000000000        30.10270    
   171.875000000000        38.08130    
   187.500000000000        151.8923    
   203.125000000000        130.4848    
   218.750000000000        47.75932    
   234.375000000000        20.54470    
   250.000000000000        47.40815    
   265.625000000000        27.83114    
   281.250000000000        33.88934    
   296.875000000000        17.24582    
   312.500000000000        52.43288    
   328.125000000000        3.701363    
   343.750000000000        17.31651    
   359.375000000000        49.35702    
   375.000000000000        112.1426    
   390.625000000000        400.1364    
   406.250000000000        93.72240    
   421.875000000000        46.17701    
   437.500000000000        58.25373    
   453.125000000000        51.92396    
   468.750000000000        22.94179    
   484.375000000000        8.005459    
   500.000000000000        32.20960    
   515.625000000000        52.46294    
   531.250000000000        53.67096    
   546.875000000000        51.29526    
   562.500000000000        108.1013    
   578.125000000000        744.8010    
   593.750000000000        247.8762    
   609.375000000000        114.1161    
   625.000000000000        78.76604    
   640.625000000000        54.98678    
   656.250000000000        27.74577    
   671.875000000000        45.31033    
   687.500000000000        37.08640    
   703.125000000000        43.29862    
   718.750000000000        33.38160    
   734.375000000000        38.72503    
   750.000000000000        46.95395    
   765.625000000000        134.9711    
   781.250000000000        176.2337    
   796.875000000000        40.48951    
   812.500000000000        33.10186    
   828.125000000000        32.74108    
   843.750000000000        21.28214    
   859.375000000000        10.17634    
   875.000000000000        4.997197    
   890.625000000000        20.68360    
   906.250000000000        52.61680    
   921.875000000000        45.00520    
   937.500000000000        25.74183    
   953.125000000000        27.66554    
   968.750000000000        29.16026    
   984.375000000000        34.43413    
   1000.00000000000        15.60984    
   1015.62500000000        16.49847    
   1031.25000000000        2.832486    
   1046.87500000000        27.65215    
   1062.50000000000        12.92670    
   1078.12500000000        14.52345    
   1093.75000000000        13.44266    
   1109.37500000000        19.76404    
   1125.00000000000        3.187243    
   1140.62500000000        18.71512    
   1156.25000000000        88.64841    
   1171.87500000000        105.7240    
   1187.50000000000        40.93542    
   1203.12500000000        19.54390    
   1218.75000000000        28.57226    
   1234.37500000000        18.84671    
   1250.00000000000        43.09040    
   1265.62500000000        18.09024    
   1281.25000000000        10.25689    
   1296.87500000000        16.27712    
   1312.50000000000        18.97727    
   1328.12500000000        20.21562    
   1343.75000000000        14.86880    
   1359.37500000000        57.10598    
   1375.00000000000        17.21301    
   1390.62500000000        13.06100    
   1406.25000000000        19.76438    
   1421.87500000000        18.65396    
   1437.50000000000        10.23377    
   1453.12500000000        12.60913    
   1468.75000000000        6.537549    
   1484.37500000000        41.74038    
   1500.00000000000        30.79695    
   1515.62500000000        26.29872    
   1531.25000000000        7.348885    
   1546.87500000000        31.36300    
   1562.50000000000        5.238468    
   1578.12500000000        24.53173    
   1593.75000000000        7.538205    
   1609.37500000000        10.80442    
   1625.00000000000        8.006005    
   1640.62500000000        11.32773    
   1656.25000000000        5.202267    
   1671.87500000000        29.11126    
   1687.50000000000        22.27475    
   1703.12500000000        9.595989    
   1718.75000000000        29.12082    
   1734.37500000000        24.21505    
   1750.00000000000        50.94291    
   1765.62500000000        5.026446    
   1781.25000000000        23.05292    
   1796.87500000000        13.20281    
   1812.50000000000        3.152603    
   1828.12500000000        19.26249    
   1843.75000000000        12.14138    
   1859.37500000000        6.802573    
   1875.00000000000        22.96111    
   1890.62500000000        11.19185    
   1906.25000000000        14.67117    
   1921.87500000000        23.41885    
   1937.50000000000        13.45227    
   1953.12500000000        15.95396    
   1968.75000000000        13.52170    
   1984.37500000000        21.16711    
