  -4000.00000000000        195.4025    
  -3968.75000000000        360.3755    
  -3937.50000000000        455.5210    
  -3906.25000000000        214.0967    
  -3875.00000000000        324.2228    
  -3843.75000000000        366.0310    
  -3812.50000000000        261.1046    
  -3781.25000000000        388.5247    
  -3750.00000000000        234.1795    
  -3718.75000000000        299.0596    
  -3687.50000000000        274.1164    
  -3656.25000000000        334.8984    
  -3625.00000000000        154.2478    
  -3593.75000000000        209.6555    
  -3562.50000000000        237.7454    
  -3531.25000000000        83.18427    
  -3500.00000000000        268.1072    
  -3468.75000000000        252.7372    
  -3437.50000000000        145.8585    
  -3406.25000000000        416.4716    
  -3375.00000000000        125.9814    
  -3343.75000000000        121.3734    
  -3312.50000000000        230.8364    
  -3281.25000000000        214.2735    
  -3250.00000000000        184.1324    
  -3218.75000000000        225.6391    
  -3187.50000000000        100.5088    
  -3156.25000000000        238.2161    
  -3125.00000000000        139.7278    
  -3093.75000000000        188.9094    
  -3062.50000000000        218.6147    
  -3031.25000000000        173.8885    
  -3000.00000000000        108.1867    
  -2968.75000000000        106.5071    
  -2937.50000000000        194.7646    
  -2906.25000000000        26.22438    
  -2875.00000000000        128.6683    
  -2843.75000000000        59.41103    
  -2812.50000000000        138.2341    
  -2781.25000000000        47.12156    
  -2750.00000000000        68.29306    
  -2718.75000000000        69.91605    
  -2687.50000000000        132.3780    
  -2656.25000000000        52.96159    
  -2625.00000000000        33.64106    
  -2593.75000000000        94.63322    
  -2562.50000000000        61.64814    
  -2531.25000000000        18.07416    
  -2500.00000000000        137.4967    
  -2468.75000000000        12.17546    
  -2437.50000000000        92.40530    
  -2406.25000000000        51.26849    
  -2375.00000000000        22.08267    
  -2343.75000000000        138.8403    
  -2312.50000000000        84.50115    
  -2281.25000000000        39.70009    
  -2250.00000000000        50.37156    
  -2218.75000000000        71.12293    
  -2187.50000000000        102.5264    
  -2156.25000000000        105.2577    
  -2125.00000000000        63.70805    
  -2093.75000000000        82.35260    
  -2062.50000000000        64.35251    
  -2031.25000000000        18.58875    
  -2000.00000000000        42.33804    
  -1968.75000000000        66.34131    
  -1937.50000000000        49.05123    
  -1906.25000000000        31.81233    
  -1875.00000000000        78.61684    
  -1843.75000000000        91.80362    
  -1812.50000000000        242.7451    
  -1781.25000000000        288.5101    
  -1750.00000000000        145.0568    
  -1718.75000000000        101.4877    
  -1687.50000000000        140.6001    
  -1656.25000000000        162.8180    
  -1625.00000000000        100.2682    
  -1593.75000000000        53.17620    
  -1562.50000000000        198.5975    
  -1531.25000000000        115.2527    
  -1500.00000000000        35.28290    
  -1468.75000000000        71.97731    
  -1437.50000000000        43.16223    
  -1406.25000000000        82.07430    
  -1375.00000000000        129.5168    
  -1343.75000000000        105.0371    
  -1312.50000000000        83.34999    
  -1281.25000000000        70.54662    
  -1250.00000000000        221.5899    
  -1218.75000000000        42.36556    
  -1187.50000000000        38.57135    
  -1156.25000000000        141.8597    
  -1125.00000000000        32.57722    
  -1093.75000000000        87.93100    
  -1062.50000000000        161.8164    
  -1031.25000000000        67.63243    
  -1000.00000000000        91.26611    
  -968.750000000000        89.11695    
  -937.500000000000        34.72236    
  -906.250000000000        161.3356    
  -875.000000000000        85.74398    
  -843.750000000000        121.7764    
  -812.500000000000        214.4801    
  -781.250000000000        271.6828    
  -750.000000000000        208.0611    
  -718.750000000000        266.8570    
  -687.500000000000        227.8002    
  -656.250000000000        405.7339    
  -625.000000000000        35.07571    
  -593.750000000000        298.3411    
  -562.500000000000        117.7355    
  -531.250000000000        194.3819    
  -500.000000000000        299.4262    
  -468.750000000000        72.36400    
  -437.500000000000        223.7779    
  -406.250000000000        279.9382    
  -375.000000000000        632.1339    
  -343.750000000000        1034.438    
  -312.500000000000        538.4446    
  -281.250000000000        740.0734    
  -250.000000000000        377.3745    
  -218.750000000000        34.67136    
  -187.500000000000        355.8603    
  -156.250000000000        1340.129    
  -125.000000000000        1317.283    
  -93.7500000000000        472.2943    
  -62.5000000000000        1297.084    
  -31.2500000000000        2274.930    
  0.000000000000000E+000   5899.859    
   31.2500000000000        2274.485    
   62.5000000000000        1297.576    
   93.7500000000000        472.4652    
   125.000000000000        1317.484    
   156.250000000000        1340.799    
   187.500000000000        355.8686    
   218.750000000000        34.37484    
   250.000000000000        377.2771    
   281.250000000000        739.7677    
   312.500000000000        538.4457    
   343.750000000000        1034.239    
   375.000000000000        631.9409    
   406.250000000000        279.8431    
   437.500000000000        223.5570    
   468.750000000000        72.33746    
   500.000000000000        299.4265    
   531.250000000000        194.4707    
   562.500000000000        117.8373    
   593.750000000000        298.3538    
   625.000000000000        35.12293    
   656.250000000000        405.7689    
   687.500000000000        227.7847    
   718.750000000000        266.9189    
   750.000000000000        208.0928    
   781.250000000000        271.6775    
   812.500000000000        214.4997    
   843.750000000000        121.7509    
   875.000000000000        85.70139    
   906.250000000000        161.3249    
   937.500000000000        34.70910    
   968.750000000000        89.15204    
   1000.00000000000        91.30578    
   1031.25000000000        67.66793    
   1062.50000000000        161.7619    
   1093.75000000000        87.95461    
   1125.00000000000        32.59769    
   1156.25000000000        141.8292    
   1187.50000000000        38.52291    
   1218.75000000000        42.35493    
   1250.00000000000        221.6473    
   1281.25000000000        70.49672    
   1312.50000000000        83.33170    
   1343.75000000000        105.0743    
   1375.00000000000        129.5803    
   1406.25000000000        82.10049    
   1437.50000000000        43.14320    
   1468.75000000000        71.96239    
   1500.00000000000        35.29523    
   1531.25000000000        115.1971    
   1562.50000000000        198.5611    
   1593.75000000000        53.17814    
   1625.00000000000        100.2491    
   1656.25000000000        162.7169    
   1687.50000000000        140.5319    
   1718.75000000000        101.4342    
   1750.00000000000        145.0096    
   1781.25000000000        288.3997    
   1812.50000000000        242.5924    
   1843.75000000000        91.75082    
   1875.00000000000        78.63553    
   1906.25000000000        31.81158    
   1937.50000000000        49.05457    
   1968.75000000000        66.32801    
   2000.00000000000        42.32285    
   2031.25000000000        18.57403    
   2062.50000000000        64.35302    
   2093.75000000000        82.34190    
   2125.00000000000        63.67915    
   2156.25000000000        105.2850    
   2187.50000000000        102.5056    
   2218.75000000000        71.13719    
   2250.00000000000        50.36598    
   2281.25000000000        39.72247    
   2312.50000000000        84.46570    
   2343.75000000000        138.8885    
   2375.00000000000        22.12811    
   2406.25000000000        51.24189    
   2437.50000000000        92.42729    
   2468.75000000000        12.16353    
   2500.00000000000        137.5282    
   2531.25000000000        18.08207    
   2562.50000000000        61.69769    
   2593.75000000000        94.61022    
   2625.00000000000        33.69012    
   2656.25000000000        52.94951    
   2687.50000000000        132.4409    
   2718.75000000000        69.91080    
   2750.00000000000        68.28009    
   2781.25000000000        47.08747    
   2812.50000000000        138.3038    
   2843.75000000000        59.40371    
   2875.00000000000        128.7421    
   2906.25000000000        26.21192    
   2937.50000000000        194.7679    
   2968.75000000000        106.4712    
   3000.00000000000        108.2635    
   3031.25000000000        173.9612    
   3062.50000000000        218.5737    
   3093.75000000000        188.9003    
   3125.00000000000        139.6600    
   3156.25000000000        238.1720    
   3187.50000000000        100.5528    
   3218.75000000000        225.7156    
   3250.00000000000        184.2265    
   3281.25000000000        214.3586    
   3312.50000000000        230.7317    
   3343.75000000000        121.4028    
   3375.00000000000        125.9991    
   3406.25000000000        416.4884    
   3437.50000000000        145.8440    
   3468.75000000000        252.8841    
   3500.00000000000        268.0114    
   3531.25000000000        83.18230    
   3562.50000000000        237.8000    
   3593.75000000000        209.5230    
   3625.00000000000        154.1538    
   3656.25000000000        334.8915    
   3687.50000000000        274.0787    
   3718.75000000000        299.0494    
   3750.00000000000        234.0961    
   3781.25000000000        388.6555    
   3812.50000000000        261.0342    
   3843.75000000000        366.1310    
   3875.00000000000        324.1616    
   3906.25000000000        214.1008    
   3937.50000000000        455.4164    
   3968.75000000000        360.4575    
