  -2000.00000000000        4.364226    
  -1984.37500000000        4.243122    
  -1968.75000000000        5.204712    
  -1953.12500000000        6.820827    
  -1937.50000000000        10.62055    
  -1921.87500000000        14.81426    
  -1906.25000000000        5.654318    
  -1890.62500000000        8.796516    
  -1875.00000000000        5.668093    
  -1859.37500000000        6.438241    
  -1843.75000000000        5.235024    
  -1828.12500000000        12.48659    
  -1812.50000000000        8.354218    
  -1796.87500000000        4.517976    
  -1781.25000000000        9.723524    
  -1765.62500000000        7.200704    
  -1750.00000000000        32.35004    
  -1734.37500000000        8.891066    
  -1718.75000000000        7.885683    
  -1703.12500000000        4.426963    
  -1687.50000000000        1.436128    
  -1671.87500000000        14.59698    
  -1656.25000000000        5.102193    
  -1640.62500000000        6.428785    
  -1625.00000000000       0.7967318    
  -1609.37500000000        5.871094    
  -1593.75000000000        7.080975    
  -1578.12500000000        12.08356    
  -1562.50000000000        9.516077    
  -1546.87500000000        34.70868    
  -1531.25000000000        6.311686    
  -1515.62500000000        8.372296    
  -1500.00000000000        18.41485    
  -1484.37500000000        13.58952    
  -1468.75000000000        4.332129    
  -1453.12500000000        5.560268    
  -1437.50000000000        4.749027    
  -1421.87500000000        7.868867    
  -1406.25000000000        7.906110    
  -1390.62500000000        6.304872    
  -1375.00000000000        7.305609    
  -1359.37500000000        11.52466    
  -1343.75000000000        6.798984    
  -1328.12500000000        3.592995    
  -1312.50000000000        4.259124    
  -1296.87500000000        16.27114    
  -1281.25000000000        4.529773    
  -1265.62500000000        6.822259    
  -1250.00000000000        24.40180    
  -1234.37500000000        8.848449    
  -1218.75000000000        6.507968    
  -1203.12500000000        18.85509    
  -1187.50000000000        23.27445    
  -1171.87500000000        62.60367    
  -1156.25000000000        61.73052    
  -1140.62500000000        15.51318    
  -1125.00000000000        5.948466    
  -1109.37500000000        11.33921    
  -1093.75000000000        3.152802    
  -1078.12500000000        4.383948    
  -1062.50000000000        2.891696    
  -1046.87500000000        2.592902    
  -1031.25000000000        5.962089    
  -1015.62500000000        5.310267    
  -1000.00000000000        1.476046    
  -984.375000000000        11.08413    
  -968.750000000000        58.74586    
  -953.125000000000        15.05421    
  -937.500000000000        9.083557    
  -921.875000000000        26.40921    
  -906.250000000000        18.54290    
  -890.625000000000        14.69348    
  -875.000000000000        6.610805    
  -859.375000000000        8.046881    
  -843.750000000000        8.212107    
  -828.125000000000        10.55296    
  -812.500000000000        11.90384    
  -796.875000000000        19.90129    
  -781.250000000000        76.10035    
  -765.625000000000        67.95914    
  -750.000000000000        21.89626    
  -734.375000000000        16.83435    
  -718.750000000000        22.57282    
  -703.125000000000        31.61171    
  -687.500000000000        20.95167    
  -671.875000000000        25.64959    
  -656.250000000000        31.27948    
  -640.625000000000        24.93853    
  -625.000000000000        44.77482    
  -609.375000000000        68.35770    
  -593.750000000000        145.8138    
  -578.125000000000        417.0890    
  -562.500000000000        72.42941    
  -546.875000000000        24.08831    
  -531.250000000000        34.11174    
  -515.625000000000        21.99384    
  -500.000000000000        16.72574    
  -484.375000000000        6.740398    
  -468.750000000000        11.03646    
  -453.125000000000        17.02351    
  -437.500000000000        23.67560    
  -421.875000000000        18.43747    
  -406.250000000000        43.36251    
  -390.625000000000        157.9522    
  -375.000000000000        56.89600    
  -359.375000000000        25.58027    
  -343.750000000000        3.744362    
  -328.125000000000        8.154167    
  -312.500000000000        18.97824    
  -296.875000000000        16.68694    
  -281.250000000000        12.28965    
  -265.625000000000        18.81817    
  -250.000000000000        27.70085    
  -234.375000000000        19.57043    
  -218.750000000000        41.16869    
  -203.125000000000        161.5972    
  -187.500000000000        188.1378    
  -171.875000000000        57.77584    
  -156.250000000000        30.77418    
  -140.625000000000        27.50619    
  -125.000000000000        26.61958    
  -109.375000000000        11.08405    
  -93.7500000000000        2.523069    
  -78.1250000000000        35.38018    
  -62.5000000000000        12.53654    
  -46.8750000000000        20.35464    
  -31.2500000000000        12.29324    
  -15.6250000000000        45.66931    
  0.000000000000000E+000   9502.792    
   15.6250000000000        46.83577    
   31.2500000000000        17.23230    
   46.8750000000000        25.74921    
   62.5000000000000        8.412316    
   78.1250000000000        30.35544    
   93.7500000000000        1.591733    
   109.375000000000        7.682763    
   125.000000000000        23.11831    
   140.625000000000        22.13428    
   156.250000000000        25.15197    
   171.875000000000        47.83222    
   187.500000000000        153.1244    
   203.125000000000        132.6993    
   218.750000000000        39.11939    
   234.375000000000        14.96093    
   250.000000000000        23.66547    
   265.625000000000        10.55319    
   281.250000000000        11.03263    
   296.875000000000        13.27387    
   312.500000000000        15.89951    
   328.125000000000        7.480834    
   343.750000000000        6.298104    
   359.375000000000        27.07041    
   375.000000000000        65.10542    
   390.625000000000        172.7999    
   406.250000000000        45.41997    
   421.875000000000        19.27985    
   437.500000000000        26.43673    
   453.125000000000        14.51965    
   468.750000000000        7.577058    
   484.375000000000        8.257838    
   500.000000000000        18.73867    
   515.625000000000        21.28454    
   531.250000000000        35.21363    
   546.875000000000        25.16963    
   562.500000000000        68.22867    
   578.125000000000        421.0189    
   593.750000000000        153.5646    
   609.375000000000        67.90601    
   625.000000000000        44.58572    
   640.625000000000        26.02429    
   656.250000000000        30.98709    
   671.875000000000        25.17785    
   687.500000000000        22.19138    
   703.125000000000        22.79106    
   718.750000000000        25.47172    
   734.375000000000        22.73547    
   750.000000000000        26.56089    
   765.625000000000        74.55366    
   781.250000000000        83.70278    
   796.875000000000        23.88978    
   812.500000000000        13.49609    
   828.125000000000        13.55056    
   843.750000000000        6.305827    
   859.375000000000        7.338661    
   875.000000000000        6.607183    
   890.625000000000        7.415189    
   906.250000000000        22.20758    
   921.875000000000        26.81648    
   937.500000000000        9.646598    
   953.125000000000        13.68208    
   968.750000000000        48.69228    
   984.375000000000        7.852393    
   1000.00000000000       0.3680896    
   1015.62500000000        5.397172    
   1031.25000000000        1.774586    
   1046.87500000000        3.323299    
   1062.50000000000        4.169326    
   1078.12500000000        4.534997    
   1093.75000000000        7.147734    
   1109.37500000000        8.798401    
   1125.00000000000        4.262125    
   1140.62500000000        12.11196    
   1156.25000000000        58.55130    
   1171.87500000000        58.31515    
   1187.50000000000        21.86666    
   1203.12500000000        17.83520    
   1218.75000000000        7.253979    
   1234.37500000000        14.45363    
   1250.00000000000        25.99589    
   1265.62500000000        6.948103    
   1281.25000000000        4.340306    
   1296.87500000000        13.51772    
   1312.50000000000        4.688161    
   1328.12500000000        7.988482    
   1343.75000000000        7.261811    
   1359.37500000000        10.88008    
   1375.00000000000        1.807175    
   1390.62500000000        5.927263    
   1406.25000000000        6.987979    
   1421.87500000000        9.491572    
   1437.50000000000        6.424844    
   1453.12500000000        4.642284    
   1468.75000000000        5.063159    
   1484.37500000000        15.28572    
   1500.00000000000        17.27036    
   1515.62500000000        7.671526    
   1531.25000000000        7.356675    
   1546.87500000000        29.03509    
   1562.50000000000        8.369878    
   1578.12500000000        12.48875    
   1593.75000000000        7.609841    
   1609.37500000000        4.115585    
   1625.00000000000        3.033869    
   1640.62500000000        6.537076    
   1656.25000000000        4.465890    
   1671.87500000000        6.089040    
   1687.50000000000        3.621789    
   1703.12500000000        2.146443    
   1718.75000000000        6.534141    
   1734.37500000000        6.454195    
   1750.00000000000        28.04627    
   1765.62500000000        3.073771    
   1781.25000000000        8.025214    
   1796.87500000000        3.818510    
   1812.50000000000        7.966992    
   1828.12500000000        11.03469    
   1843.75000000000        4.631215    
   1859.37500000000        5.406506    
   1875.00000000000        7.301317    
   1890.62500000000        10.21866    
   1906.25000000000        6.232933    
   1921.87500000000        14.15136    
   1937.50000000000        8.645129    
   1953.12500000000        8.116737    
   1968.75000000000        8.539892    
   1984.37500000000        3.445588    
