  -2000.00000000000        17.38762    
  -1984.37500000000        15.17202    
  -1968.75000000000        20.18254    
  -1953.12500000000        25.41967    
  -1937.50000000000        20.07207    
  -1921.87500000000        16.21133    
  -1906.25000000000        11.60579    
  -1890.62500000000        17.49165    
  -1875.00000000000        17.17096    
  -1859.37500000000        10.59743    
  -1843.75000000000        3.948628    
  -1828.12500000000        7.655033    
  -1812.50000000000        3.666610    
  -1796.87500000000        7.599110    
  -1781.25000000000        7.827080    
  -1765.62500000000        3.851720    
  -1750.00000000000        38.45518    
  -1734.37500000000        11.67422    
  -1718.75000000000        3.903947    
  -1703.12500000000        7.831402    
  -1687.50000000000        13.32765    
  -1671.87500000000        24.52382    
  -1656.25000000000        8.855222    
  -1640.62500000000        11.89627    
  -1625.00000000000        1.594636    
  -1609.37500000000        15.27743    
  -1593.75000000000        8.579068    
  -1578.12500000000        17.12878    
  -1562.50000000000        3.401979    
  -1546.87500000000        7.691386    
  -1531.25000000000        15.00024    
  -1515.62500000000        10.03439    
  -1500.00000000000        23.31798    
  -1484.37500000000        17.02011    
  -1468.75000000000        10.24908    
  -1453.12500000000        2.005414    
  -1437.50000000000        2.323721    
  -1421.87500000000        21.28401    
  -1406.25000000000        7.233392    
  -1390.62500000000        7.161447    
  -1375.00000000000        18.94318    
  -1359.37500000000        54.64106    
  -1343.75000000000        16.42553    
  -1328.12500000000        13.43755    
  -1312.50000000000        8.197884    
  -1296.87500000000        22.49273    
  -1281.25000000000        10.73373    
  -1265.62500000000        11.91710    
  -1250.00000000000        33.07909    
  -1234.37500000000        19.67841    
  -1218.75000000000        13.78520    
  -1203.12500000000        18.16876    
  -1187.50000000000        28.50498    
  -1171.87500000000        84.68149    
  -1156.25000000000        84.15627    
  -1140.62500000000        28.82187    
  -1125.00000000000        10.69486    
  -1109.37500000000        11.20690    
  -1093.75000000000        32.92199    
  -1078.12500000000        5.215248    
  -1062.50000000000        4.339955    
  -1046.87500000000        10.37487    
  -1031.25000000000        4.088022    
  -1015.62500000000        9.884946    
  -1000.00000000000        9.677116    
  -984.375000000000        20.44002    
  -968.750000000000        97.44688    
  -953.125000000000        24.24760    
  -937.500000000000        8.036767    
  -921.875000000000        26.39049    
  -906.250000000000        28.24140    
  -890.625000000000        11.45896    
  -875.000000000000        7.691286    
  -859.375000000000        15.09974    
  -843.750000000000        20.12977    
  -828.125000000000        18.56460    
  -812.500000000000        11.28594    
  -796.875000000000        15.71624    
  -781.250000000000        43.46579    
  -765.625000000000        35.97220    
  -750.000000000000        12.55281    
  -734.375000000000        14.95427    
  -718.750000000000        20.45755    
  -703.125000000000        35.11749    
  -687.500000000000        25.21149    
  -671.875000000000        26.63378    
  -656.250000000000        33.10810    
  -640.625000000000        30.73244    
  -625.000000000000        50.43977    
  -609.375000000000        75.07358    
  -593.750000000000        157.8387    
  -578.125000000000        478.1043    
  -562.500000000000        67.60023    
  -546.875000000000        24.76540    
  -531.250000000000        31.46902    
  -515.625000000000        6.121374    
  -500.000000000000        23.44800    
  -484.375000000000        13.18963    
  -468.750000000000        11.38232    
  -453.125000000000        15.72124    
  -437.500000000000        24.60223    
  -421.875000000000        12.22253    
  -406.250000000000        38.79471    
  -390.625000000000        199.1928    
  -375.000000000000        46.35548    
  -359.375000000000        29.10285    
  -343.750000000000        10.33302    
  -328.125000000000        10.93779    
  -312.500000000000        31.53766    
  -296.875000000000        27.76768    
  -281.250000000000        13.30114    
  -265.625000000000        33.12265    
  -250.000000000000        37.80729    
  -234.375000000000        25.75381    
  -218.750000000000        61.43877    
  -203.125000000000        226.0562    
  -187.500000000000        278.1800    
  -171.875000000000        78.87322    
  -156.250000000000        39.42777    
  -140.625000000000        37.52792    
  -125.000000000000        28.87130    
  -109.375000000000        23.22071    
  -93.7500000000000        5.761804    
  -78.1250000000000        39.55759    
  -62.5000000000000        19.26530    
  -46.8750000000000        15.18830    
  -31.2500000000000        16.84658    
  -15.6250000000000        51.13425    
  0.000000000000000E+000   11143.73    
   15.6250000000000        49.09148    
   31.2500000000000        24.13457    
   46.8750000000000        33.90212    
   62.5000000000000        11.58152    
   78.1250000000000        34.15375    
   93.7500000000000        15.07788    
   109.375000000000        1.793104    
   125.000000000000        20.43694    
   140.625000000000        22.81256    
   156.250000000000        18.59709    
   171.875000000000        40.03530    
   187.500000000000        159.8764    
   203.125000000000        124.4213    
   218.750000000000        42.80186    
   234.375000000000        16.74321    
   250.000000000000        31.72258    
   265.625000000000        3.623442    
   281.250000000000        9.359869    
   296.875000000000        5.007339    
   312.500000000000        29.14365    
   328.125000000000        8.140642    
   343.750000000000        9.453795    
   359.375000000000        33.77791    
   375.000000000000        99.57626    
   390.625000000000        264.9639    
   406.250000000000        63.98938    
   421.875000000000        34.26830    
   437.500000000000        40.39816    
   453.125000000000        15.92484    
   468.750000000000        11.13307    
   484.375000000000        10.64954    
   500.000000000000        28.19726    
   515.625000000000        9.362364    
   531.250000000000        38.48330    
   546.875000000000        28.38087    
   562.500000000000        81.27165    
   578.125000000000        485.4441    
   593.750000000000        182.6502    
   609.375000000000        82.32363    
   625.000000000000        49.72090    
   640.625000000000        32.54194    
   656.250000000000        42.10754    
   671.875000000000        34.75937    
   687.500000000000        31.00143    
   703.125000000000        27.17670    
   718.750000000000        29.53933    
   734.375000000000        30.48441    
   750.000000000000        40.08685    
   765.625000000000        116.4869    
   781.250000000000        125.4246    
   796.875000000000        36.82863    
   812.500000000000        13.85428    
   828.125000000000        14.98852    
   843.750000000000        16.92428    
   859.375000000000        9.262364    
   875.000000000000        6.901786    
   890.625000000000        7.764416    
   906.250000000000        25.51681    
   921.875000000000        32.18494    
   937.500000000000        9.063712    
   953.125000000000        6.428064    
   968.750000000000        62.01180    
   984.375000000000        13.27322    
   1000.00000000000        10.31159    
   1015.62500000000        4.135689    
   1031.25000000000        15.91935    
   1046.87500000000        1.851473    
   1062.50000000000        4.117576    
   1078.12500000000        4.495628    
   1093.75000000000        37.36721    
   1109.37500000000        16.00124    
   1125.00000000000        9.563940    
   1140.62500000000        18.11660    
   1156.25000000000        53.24596    
   1171.87500000000        59.92488    
   1187.50000000000        30.06260    
   1203.12500000000        22.87550    
   1218.75000000000        18.08763    
   1234.37500000000        10.14119    
   1250.00000000000        30.46214    
   1265.62500000000        9.482254    
   1281.25000000000        5.477326    
   1296.87500000000        25.07953    
   1312.50000000000        4.671223    
   1328.12500000000        7.265755    
   1343.75000000000        2.382354    
   1359.37500000000        34.73531    
   1375.00000000000        4.213263    
   1390.62500000000        6.800173    
   1406.25000000000        9.360837    
   1421.87500000000        24.57072    
   1437.50000000000        2.818233    
   1453.12500000000        2.945998    
   1468.75000000000        10.49409    
   1484.37500000000        7.274734    
   1500.00000000000        19.54328    
   1515.62500000000        15.49706    
   1531.25000000000        9.310071    
   1546.87500000000        36.61581    
   1562.50000000000        5.352333    
   1578.12500000000        20.82217    
   1593.75000000000        6.886438    
   1609.37500000000        8.524693    
   1625.00000000000        7.866137    
   1640.62500000000        2.858226    
   1656.25000000000        6.536232    
   1671.87500000000        33.32473    
   1687.50000000000        3.518799    
   1703.12500000000        9.005451    
   1718.75000000000        14.12652    
   1734.37500000000        13.12438    
   1750.00000000000        36.79577    
   1765.62500000000        2.251252    
   1781.25000000000        12.65608    
   1796.87500000000        11.71264    
   1812.50000000000        7.767341    
   1828.12500000000        9.861448    
   1843.75000000000        7.292378    
   1859.37500000000        12.84309    
   1875.00000000000        3.769728    
   1890.62500000000        9.856817    
   1906.25000000000        11.29049    
   1921.87500000000        15.86921    
   1937.50000000000        17.55915    
   1953.12500000000        5.907043    
   1968.75000000000        6.654996    
   1984.37500000000        8.063617    
