  -2000.00000000000        12.17862    
  -1984.37500000000        58.55508    
  -1968.75000000000        37.36603    
  -1953.12500000000        156.8521    
  -1937.50000000000        229.2274    
  -1921.87500000000        85.30731    
  -1906.25000000000        145.5716    
  -1890.62500000000        68.38399    
  -1875.00000000000        118.2749    
  -1859.37500000000        142.2178    
  -1843.75000000000        81.18922    
  -1828.12500000000        122.4420    
  -1812.50000000000        99.06183    
  -1796.87500000000        84.93434    
  -1781.25000000000        89.31831    
  -1765.62500000000        84.83358    
  -1750.00000000000        256.5446    
  -1734.37500000000        16.24498    
  -1718.75000000000        151.9083    
  -1703.12500000000        86.91310    
  -1687.50000000000        98.42107    
  -1671.87500000000        87.83265    
  -1656.25000000000        64.02252    
  -1640.62500000000        68.00627    
  -1625.00000000000        55.92073    
  -1609.37500000000        164.9755    
  -1593.75000000000        40.38213    
  -1578.12500000000        194.3494    
  -1562.50000000000        204.7682    
  -1546.87500000000        663.2582    
  -1531.25000000000        243.5572    
  -1515.62500000000        114.8907    
  -1500.00000000000        191.6777    
  -1484.37500000000        70.80109    
  -1468.75000000000        123.6860    
  -1453.12500000000        79.46146    
  -1437.50000000000        92.57359    
  -1421.87500000000        239.7554    
  -1406.25000000000        79.14989    
  -1390.62500000000        200.5323    
  -1375.00000000000        17.02844    
  -1359.37500000000        878.3563    
  -1343.75000000000        207.3214    
  -1328.12500000000        112.2047    
  -1312.50000000000        34.45259    
  -1296.87500000000        275.3585    
  -1281.25000000000        190.3672    
  -1265.62500000000        98.24327    
  -1250.00000000000        279.0351    
  -1234.37500000000        207.1171    
  -1218.75000000000        83.57294    
  -1203.12500000000        316.6718    
  -1187.50000000000        241.4013    
  -1171.87500000000        948.1788    
  -1156.25000000000        1101.220    
  -1140.62500000000        243.8838    
  -1125.00000000000        284.1058    
  -1109.37500000000        184.8195    
  -1093.75000000000        321.0028    
  -1078.12500000000        12.46548    
  -1062.50000000000        218.1535    
  -1046.87500000000        81.12756    
  -1031.25000000000        196.1571    
  -1015.62500000000        165.6709    
  -1000.00000000000        116.5909    
  -984.375000000000        73.93778    
  -968.750000000000        2222.893    
  -953.125000000000        409.6182    
  -937.500000000000        122.8742    
  -921.875000000000        480.8021    
  -906.250000000000        237.7035    
  -890.625000000000        83.16769    
  -875.000000000000        126.9796    
  -859.375000000000        300.8647    
  -843.750000000000        85.85033    
  -828.125000000000        399.7933    
  -812.500000000000        360.3608    
  -796.875000000000        386.5504    
  -781.250000000000        1830.146    
  -765.625000000000        1083.219    
  -750.000000000000        513.2368    
  -734.375000000000        498.7710    
  -718.750000000000        159.2189    
  -703.125000000000        248.4712    
  -687.500000000000        427.1097    
  -671.875000000000        479.9244    
  -656.250000000000        366.2993    
  -640.625000000000        319.0154    
  -625.000000000000        913.4578    
  -609.375000000000        997.6421    
  -593.750000000000        2096.621    
  -578.125000000000        7090.589    
  -562.500000000000        1193.911    
  -546.875000000000        849.7303    
  -531.250000000000        425.2906    
  -515.625000000000        523.9433    
  -500.000000000000        534.4536    
  -484.375000000000        298.8149    
  -468.750000000000        296.5770    
  -453.125000000000        317.5441    
  -437.500000000000        589.9932    
  -421.875000000000        922.1838    
  -406.250000000000        917.1586    
  -390.625000000000        9242.452    
  -375.000000000000        2129.838    
  -359.375000000000        1234.266    
  -343.750000000000        1064.688    
  -328.125000000000        988.5768    
  -312.500000000000        866.0510    
  -296.875000000000        1271.372    
  -281.250000000000        1062.151    
  -265.625000000000        1705.567    
  -250.000000000000        2565.782    
  -234.375000000000        2674.108    
  -218.750000000000        4312.687    
  -203.125000000000        12179.42    
  -187.500000000000        17375.03    
  -171.875000000000        5485.106    
  -156.250000000000        3197.365    
  -140.625000000000        1981.040    
  -125.000000000000        1986.540    
  -109.375000000000        1823.680    
  -93.7500000000000        1600.968    
  -78.1250000000000        1065.199    
  -62.5000000000000        937.6835    
  -46.8750000000000        1440.570    
  -31.2500000000000        997.5454    
  -15.6250000000000        1451.156    
  0.000000000000000E+000   202040.0    
   15.6250000000000        1264.791    
   31.2500000000000        1092.021    
   46.8750000000000        1527.763    
   62.5000000000000        841.1390    
   78.1250000000000        1040.112    
   93.7500000000000        1514.576    
   109.375000000000        1586.227    
   125.000000000000        1903.940    
   140.625000000000        1638.733    
   156.250000000000        2949.022    
   171.875000000000        4816.595    
   187.500000000000        14810.88    
   203.125000000000        10062.95    
   218.750000000000        3648.314    
   234.375000000000        2413.846    
   250.000000000000        2417.352    
   265.625000000000        1459.000    
   281.250000000000        934.4901    
   296.875000000000        1098.561    
   312.500000000000        725.4100    
   328.125000000000        867.3671    
   343.750000000000        948.5239    
   359.375000000000        1204.248    
   375.000000000000        2577.539    
   390.625000000000        9567.726    
   406.250000000000        1162.577    
   421.875000000000        1034.956    
   437.500000000000        859.0594    
   453.125000000000        356.0615    
   468.750000000000        83.31932    
   484.375000000000        361.7198    
   500.000000000000        644.2692    
   515.625000000000        594.2753    
   531.250000000000        370.0906    
   546.875000000000        1027.755    
   562.500000000000        1119.496    
   578.125000000000        7765.988    
   593.750000000000        2774.575    
   609.375000000000        1067.506    
   625.000000000000        934.9465    
   640.625000000000        493.0558    
   656.250000000000        496.9984    
   671.875000000000        604.3074    
   687.500000000000        584.7762    
   703.125000000000        378.1342    
   718.750000000000        134.0741    
   734.375000000000        648.3616    
   750.000000000000        726.2409    
   765.625000000000        1763.036    
   781.250000000000        2519.587    
   796.875000000000        590.0197    
   812.500000000000        395.0695    
   828.125000000000        385.7732    
   843.750000000000        139.2069    
   859.375000000000        261.9839    
   875.000000000000        156.9479    
   890.625000000000        148.0528    
   906.250000000000        368.9094    
   921.875000000000        468.1419    
   937.500000000000        83.56731    
   953.125000000000        271.6928    
   968.750000000000        1716.947    
   984.375000000000        142.3628    
   1000.00000000000        100.5978    
   1015.62500000000        154.2608    
   1031.25000000000        211.6151    
   1046.87500000000        118.7669    
   1062.50000000000        199.6296    
   1078.12500000000        92.41618    
   1093.75000000000        299.5290    
   1109.37500000000        317.6129    
   1125.00000000000        214.9286    
   1140.62500000000        153.5419    
   1156.25000000000        752.5931    
   1171.87500000000        546.1418    
   1187.50000000000        148.9510    
   1203.12500000000        165.6637    
   1218.75000000000        47.32129    
   1234.37500000000        134.6789    
   1250.00000000000        220.2817    
   1265.62500000000        65.68676    
   1281.25000000000        168.8909    
   1296.87500000000        248.7368    
   1312.50000000000        47.57364    
   1328.12500000000        65.70522    
   1343.75000000000        161.9823    
   1359.37500000000        694.1776    
   1375.00000000000        30.55927    
   1390.62500000000        227.8132    
   1406.25000000000        44.34809    
   1421.87500000000        174.0396    
   1437.50000000000        63.12465    
   1453.12500000000        74.27911    
   1468.75000000000        54.29980    
   1484.37500000000        120.3230    
   1500.00000000000        120.5396    
   1515.62500000000        148.6174    
   1531.25000000000        131.9965    
   1546.87500000000        327.7122    
   1562.50000000000        233.8522    
   1578.12500000000        281.9386    
   1593.75000000000        21.71430    
   1609.37500000000        191.1530    
   1625.00000000000        46.18200    
   1640.62500000000        47.19202    
   1656.25000000000        32.51499    
   1671.87500000000        82.23399    
   1687.50000000000        63.00177    
   1703.12500000000        33.05559    
   1718.75000000000        180.6056    
   1734.37500000000        44.31731    
   1750.00000000000        62.17654    
   1765.62500000000        96.04868    
   1781.25000000000        131.4332    
   1796.87500000000        76.32581    
   1812.50000000000        106.8488    
   1828.12500000000        66.05945    
   1843.75000000000        51.45102    
   1859.37500000000        101.9998    
   1875.00000000000        50.79075    
   1890.62500000000        51.23649    
   1906.25000000000        144.7194    
   1921.87500000000        139.1147    
   1937.50000000000        147.9807    
   1953.12500000000        133.4636    
   1968.75000000000        18.66678    
   1984.37500000000        57.95925    
