  -2000.00000000000        16.26715    
  -1984.37500000000        5.057320    
  -1968.75000000000        11.16580    
  -1953.12500000000        23.39782    
  -1937.50000000000        33.37543    
  -1921.87500000000        8.981003    
  -1906.25000000000        17.69420    
  -1890.62500000000        23.36696    
  -1875.00000000000        27.01097    
  -1859.37500000000        6.896790    
  -1843.75000000000        24.90166    
  -1828.12500000000        20.07837    
  -1812.50000000000        1.801572    
  -1796.87500000000        9.402814    
  -1781.25000000000        8.872190    
  -1765.62500000000        18.15115    
  -1750.00000000000        36.85081    
  -1734.37500000000        10.14872    
  -1718.75000000000        6.385411    
  -1703.12500000000        8.674014    
  -1687.50000000000        5.195580    
  -1671.87500000000        22.30036    
  -1656.25000000000        5.012925    
  -1640.62500000000        7.846191    
  -1625.00000000000        9.687408    
  -1609.37500000000        5.573085    
  -1593.75000000000        19.81880    
  -1578.12500000000        17.85944    
  -1562.50000000000        35.56459    
  -1546.87500000000        83.12356    
  -1531.25000000000        13.22541    
  -1515.62500000000        22.37766    
  -1500.00000000000        35.45400    
  -1484.37500000000        3.919425    
  -1468.75000000000        6.192712    
  -1453.12500000000        9.308537    
  -1437.50000000000        21.28707    
  -1421.87500000000        9.743282    
  -1406.25000000000        5.944330    
  -1390.62500000000        11.56213    
  -1375.00000000000        8.969416    
  -1359.37500000000        73.77686    
  -1343.75000000000        11.81581    
  -1328.12500000000        10.54904    
  -1312.50000000000        17.27277    
  -1296.87500000000        15.06085    
  -1281.25000000000        6.994194    
  -1265.62500000000        14.63690    
  -1250.00000000000        47.01215    
  -1234.37500000000        15.53237    
  -1218.75000000000        28.08338    
  -1203.12500000000        45.99229    
  -1187.50000000000        42.05851    
  -1171.87500000000        160.7717    
  -1156.25000000000        128.5627    
  -1140.62500000000        32.09037    
  -1125.00000000000        15.03086    
  -1109.37500000000        12.65984    
  -1093.75000000000        35.10043    
  -1078.12500000000        15.46619    
  -1062.50000000000        4.805883    
  -1046.87500000000        7.831161    
  -1031.25000000000        29.96551    
  -1015.62500000000        4.888436    
  -1000.00000000000        9.049129    
  -984.375000000000        23.35541    
  -968.750000000000        196.1726    
  -953.125000000000        15.98011    
  -937.500000000000        26.01689    
  -921.875000000000        56.71144    
  -906.250000000000        19.35026    
  -890.625000000000        37.53662    
  -875.000000000000        10.03794    
  -859.375000000000        14.47075    
  -843.750000000000        52.94398    
  -828.125000000000        41.52098    
  -812.500000000000        33.23881    
  -796.875000000000        53.90540    
  -781.250000000000        157.8917    
  -765.625000000000        139.5836    
  -750.000000000000        44.72565    
  -734.375000000000        28.88180    
  -718.750000000000        43.86648    
  -703.125000000000        21.77709    
  -687.500000000000        36.25996    
  -671.875000000000        35.34739    
  -656.250000000000        66.10412    
  -640.625000000000        52.31157    
  -625.000000000000        88.97391    
  -609.375000000000        130.6409    
  -593.750000000000        271.7909    
  -578.125000000000        793.1890    
  -562.500000000000        147.1835    
  -546.875000000000        54.43204    
  -531.250000000000        73.61486    
  -515.625000000000        84.65900    
  -500.000000000000        33.55274    
  -484.375000000000        15.99133    
  -468.750000000000        20.53774    
  -453.125000000000        26.73152    
  -437.500000000000        36.74582    
  -421.875000000000        34.59927    
  -406.250000000000        64.51900    
  -390.625000000000        288.8341    
  -375.000000000000        19.98130    
  -359.375000000000        39.41840    
  -343.750000000000        25.03554    
  -328.125000000000        54.72837    
  -312.500000000000        59.87189    
  -296.875000000000        45.11471    
  -281.250000000000        24.60201    
  -265.625000000000        74.68546    
  -250.000000000000        89.39470    
  -234.375000000000        78.32007    
  -218.750000000000        143.1943    
  -203.125000000000        521.9445    
  -187.500000000000        616.4491    
  -171.875000000000        183.2791    
  -156.250000000000        110.0050    
  -140.625000000000        68.06195    
  -125.000000000000        67.31657    
  -109.375000000000        56.69301    
  -93.7500000000000        34.69065    
  -78.1250000000000        51.51273    
  -62.5000000000000        44.21577    
  -46.8750000000000        29.67506    
  -31.2500000000000        17.51180    
  -15.6250000000000        57.42263    
  0.000000000000000E+000   17909.07    
   15.6250000000000        88.28465    
   31.2500000000000        37.91655    
   46.8750000000000        62.49506    
   62.5000000000000        7.147986    
   78.1250000000000        47.00717    
   93.7500000000000        30.77581    
   109.375000000000        19.53719    
   125.000000000000        80.15705    
   140.625000000000        45.36460    
   156.250000000000        68.09381    
   171.875000000000        93.44225    
   187.500000000000        264.4642    
   203.125000000000        137.8000    
   218.750000000000        95.18021    
   234.375000000000        54.59316    
   250.000000000000        68.02258    
   265.625000000000        36.56321    
   281.250000000000        45.23181    
   296.875000000000        21.48694    
   312.500000000000        78.79352    
   328.125000000000        43.54755    
   343.750000000000        30.34712    
   359.375000000000        82.39240    
   375.000000000000        175.5659    
   390.625000000000        469.8251    
   406.250000000000        95.18223    
   421.875000000000        40.39849    
   437.500000000000        50.87048    
   453.125000000000        48.61755    
   468.750000000000        11.79594    
   484.375000000000        23.53837    
   500.000000000000        64.21821    
   515.625000000000        28.09963    
   531.250000000000        62.63735    
   546.875000000000        50.57795    
   562.500000000000        127.8513    
   578.125000000000        812.3213    
   593.750000000000        295.4120    
   609.375000000000        133.1109    
   625.000000000000        96.33794    
   640.625000000000        76.51115    
   656.250000000000        48.55642    
   671.875000000000        49.25875    
   687.500000000000        35.38796    
   703.125000000000        12.94143    
   718.750000000000        48.14083    
   734.375000000000        42.23732    
   750.000000000000        40.56667    
   765.625000000000        139.2766    
   781.250000000000        112.4522    
   796.875000000000        35.82103    
   812.500000000000        20.75089    
   828.125000000000        14.06871    
   843.750000000000        43.27805    
   859.375000000000        1.920358    
   875.000000000000        7.933838    
   890.625000000000        9.980294    
   906.250000000000        46.57890    
   921.875000000000        47.18890    
   937.500000000000        25.16658    
   953.125000000000        25.77864    
   968.750000000000        16.11987    
   984.375000000000        11.28665    
   1000.00000000000        7.106191    
   1015.62500000000        17.61237    
   1031.25000000000        22.76151    
   1046.87500000000        22.80281    
   1062.50000000000        8.225836    
   1078.12500000000        18.78457    
   1093.75000000000        13.12825    
   1109.37500000000        34.99133    
   1125.00000000000        21.40551    
   1140.62500000000        43.78733    
   1156.25000000000        128.1792    
   1171.87500000000        119.7724    
   1187.50000000000        46.68429    
   1203.12500000000        32.77093    
   1218.75000000000        13.05576    
   1234.37500000000        35.24242    
   1250.00000000000        46.92722    
   1265.62500000000        16.16446    
   1281.25000000000        12.40109    
   1296.87500000000        21.88095    
   1312.50000000000        3.981453    
   1328.12500000000        13.45234    
   1343.75000000000        40.09189    
   1359.37500000000        85.86893    
   1375.00000000000        13.82340    
   1390.62500000000        25.52406    
   1406.25000000000        7.666624    
   1421.87500000000        8.947534    
   1437.50000000000        8.277028    
   1453.12500000000        8.227602    
   1468.75000000000        10.55606    
   1484.37500000000        9.789278    
   1500.00000000000        50.55128    
   1515.62500000000        26.17351    
   1531.25000000000        14.77166    
   1546.87500000000        74.69122    
   1562.50000000000        5.333313    
   1578.12500000000        20.60818    
   1593.75000000000        18.46571    
   1609.37500000000        15.48878    
   1625.00000000000        4.321863    
   1640.62500000000        9.535924    
   1656.25000000000        8.357771    
   1671.87500000000        6.294904    
   1687.50000000000        12.78380    
   1703.12500000000        3.109482    
   1718.75000000000        24.80190    
   1734.37500000000        15.43545    
   1750.00000000000        46.45632    
   1765.62500000000        9.126637    
   1781.25000000000        16.65719    
   1796.87500000000        3.314553    
   1812.50000000000        20.09470    
   1828.12500000000        29.16133    
   1843.75000000000        16.26925    
   1859.37500000000        7.482773    
   1875.00000000000        5.420666    
   1890.62500000000        12.52073    
   1906.25000000000        7.924287    
   1921.87500000000        20.08260    
   1937.50000000000        21.11136    
   1953.12500000000        15.49119    
   1968.75000000000        22.56840    
   1984.37500000000        12.55510    
