  -4000.00000000000        205.3507    
  -3968.75000000000        372.7190    
  -3937.50000000000        484.9693    
  -3906.25000000000        226.9874    
  -3875.00000000000        345.4488    
  -3843.75000000000        377.9991    
  -3812.50000000000        270.0591    
  -3781.25000000000        402.5526    
  -3750.00000000000        246.6944    
  -3718.75000000000        312.4801    
  -3687.50000000000        287.1828    
  -3656.25000000000        352.1895    
  -3625.00000000000        170.4612    
  -3593.75000000000        228.4181    
  -3562.50000000000        244.1069    
  -3531.25000000000        90.91729    
  -3500.00000000000        283.6415    
  -3468.75000000000        260.4777    
  -3437.50000000000        156.0542    
  -3406.25000000000        433.6508    
  -3375.00000000000        129.5537    
  -3343.75000000000        124.0900    
  -3312.50000000000        243.3748    
  -3281.25000000000        223.8668    
  -3250.00000000000        188.2060    
  -3218.75000000000        233.6127    
  -3187.50000000000        104.8250    
  -3156.25000000000        248.3337    
  -3125.00000000000        155.7696    
  -3093.75000000000        197.1264    
  -3062.50000000000        225.9090    
  -3031.25000000000        172.0501    
  -3000.00000000000        112.9476    
  -2968.75000000000        123.3675    
  -2937.50000000000        207.1686    
  -2906.25000000000        28.44253    
  -2875.00000000000        129.3761    
  -2843.75000000000        70.05912    
  -2812.50000000000        146.7641    
  -2781.25000000000        47.39687    
  -2750.00000000000        72.95016    
  -2718.75000000000        74.83927    
  -2687.50000000000        138.3772    
  -2656.25000000000        63.96953    
  -2625.00000000000        30.34897    
  -2593.75000000000        101.4746    
  -2562.50000000000        62.67304    
  -2531.25000000000        22.80230    
  -2500.00000000000        140.1218    
  -2468.75000000000        14.79681    
  -2437.50000000000        98.33708    
  -2406.25000000000        46.62122    
  -2375.00000000000        22.32598    
  -2343.75000000000        143.8860    
  -2312.50000000000        88.53603    
  -2281.25000000000        42.90591    
  -2250.00000000000        53.44758    
  -2218.75000000000        69.99652    
  -2187.50000000000        105.3580    
  -2156.25000000000        113.1234    
  -2125.00000000000        66.43610    
  -2093.75000000000        93.01582    
  -2062.50000000000        71.15952    
  -2031.25000000000        17.67274    
  -2000.00000000000        44.72010    
  -1968.75000000000        74.07332    
  -1937.50000000000        56.23783    
  -1906.25000000000        38.40658    
  -1875.00000000000        73.07548    
  -1843.75000000000        97.48641    
  -1812.50000000000        264.1881    
  -1781.25000000000        311.9856    
  -1750.00000000000        156.9463    
  -1718.75000000000        108.4546    
  -1687.50000000000        150.0193    
  -1656.25000000000        181.4327    
  -1625.00000000000        108.5558    
  -1593.75000000000        54.46052    
  -1562.50000000000        214.4651    
  -1531.25000000000        120.2188    
  -1500.00000000000        36.64112    
  -1468.75000000000        87.76688    
  -1437.50000000000        53.53291    
  -1406.25000000000        79.54559    
  -1375.00000000000        131.4522    
  -1343.75000000000        104.0328    
  -1312.50000000000        84.44164    
  -1281.25000000000        79.97770    
  -1250.00000000000        219.6737    
  -1218.75000000000        32.77698    
  -1187.50000000000        41.04530    
  -1156.25000000000        145.9221    
  -1125.00000000000        28.15106    
  -1093.75000000000        93.19654    
  -1062.50000000000        173.0547    
  -1031.25000000000        73.12228    
  -1000.00000000000        95.59615    
  -968.750000000000        84.94039    
  -937.500000000000        31.18360    
  -906.250000000000        171.4386    
  -875.000000000000        89.92104    
  -843.750000000000        131.5258    
  -812.500000000000        216.7529    
  -781.250000000000        291.5166    
  -750.000000000000        206.5789    
  -718.750000000000        274.2965    
  -687.500000000000        241.8898    
  -656.250000000000        433.5914    
  -625.000000000000        26.77164    
  -593.750000000000        311.0349    
  -562.500000000000        111.0601    
  -531.250000000000        202.4769    
  -500.000000000000        318.4091    
  -468.750000000000        79.75143    
  -437.500000000000        260.3864    
  -406.250000000000        308.0998    
  -375.000000000000        676.8167    
  -343.750000000000        1099.831    
  -312.500000000000        574.7028    
  -281.250000000000        797.6044    
  -250.000000000000        410.0397    
  -218.750000000000        56.54287    
  -187.500000000000        376.2399    
  -156.250000000000        1391.829    
  -125.000000000000        1376.061    
  -93.7500000000000        481.3485    
  -62.5000000000000        1345.098    
  -31.2500000000000        2431.382    
  0.000000000000000E+000   6100.768    
   31.2500000000000        2400.876    
   62.5000000000000        1391.644    
   93.7500000000000        511.1832    
   125.000000000000        1408.888    
   156.250000000000        1432.033    
   187.500000000000        368.1908    
   218.750000000000        28.64107    
   250.000000000000        388.8648    
   281.250000000000        771.8709    
   312.500000000000        564.4950    
   343.750000000000        1085.804    
   375.000000000000        653.6974    
   406.250000000000        296.4565    
   437.500000000000        230.0378    
   468.750000000000        76.19801    
   500.000000000000        312.6183    
   531.250000000000        207.2321    
   562.500000000000        135.7848    
   593.750000000000        323.0871    
   625.000000000000        41.14883    
   656.250000000000        431.8414    
   687.500000000000        238.4675    
   718.750000000000        292.8993    
   750.000000000000        215.6529    
   781.250000000000        285.8023    
   812.500000000000        221.6576    
   843.750000000000        127.1218    
   875.000000000000        86.02776    
   906.250000000000        166.6035    
   937.500000000000        36.31261    
   968.750000000000        96.83512    
   1000.00000000000        104.2693    
   1031.25000000000        84.39243    
   1062.50000000000        173.5785    
   1093.75000000000        92.48309    
   1125.00000000000        38.89828    
   1156.25000000000        141.5148    
   1187.50000000000        43.27073    
   1218.75000000000        36.32993    
   1250.00000000000        239.7023    
   1281.25000000000        77.51177    
   1312.50000000000        87.73746    
   1343.75000000000        115.2363    
   1375.00000000000        137.2089    
   1406.25000000000        86.40778    
   1437.50000000000        44.39026    
   1468.75000000000        79.83691    
   1500.00000000000        32.03399    
   1531.25000000000        123.9402    
   1562.50000000000        205.7444    
   1593.75000000000        50.00312    
   1625.00000000000        106.1441    
   1656.25000000000        165.0673    
   1687.50000000000        154.9880    
   1718.75000000000        103.5183    
   1750.00000000000        150.7347    
   1781.25000000000        295.8777    
   1812.50000000000        249.2250    
   1843.75000000000        100.5730    
   1875.00000000000        77.26038    
   1906.25000000000        33.01342    
   1937.50000000000        56.89826    
   1968.75000000000        61.54367    
   2000.00000000000        49.69658    
   2031.25000000000        12.55163    
   2062.50000000000        74.73466    
   2093.75000000000        88.02548    
   2125.00000000000        64.55595    
   2156.25000000000        109.1811    
   2187.50000000000        103.5759    
   2218.75000000000        69.17355    
   2250.00000000000        55.27017    
   2281.25000000000        45.06231    
   2312.50000000000        85.71550    
   2343.75000000000        154.7467    
   2375.00000000000        22.06716    
   2406.25000000000        51.64717    
   2437.50000000000        102.5176    
   2468.75000000000        13.62407    
   2500.00000000000        151.2770    
   2531.25000000000        16.90500    
   2562.50000000000        72.17103    
   2593.75000000000        97.86932    
   2625.00000000000        40.31828    
   2656.25000000000        60.52441    
   2687.50000000000        140.4397    
   2718.75000000000        74.05514    
   2750.00000000000        77.29028    
   2781.25000000000        47.01407    
   2812.50000000000        140.3980    
   2843.75000000000        62.85258    
   2875.00000000000        132.3876    
   2906.25000000000        28.62136    
   2937.50000000000        203.8664    
   2968.75000000000        114.1984    
   3000.00000000000        121.3493    
   3031.25000000000        194.2429    
   3062.50000000000        235.2031    
   3093.75000000000        196.4807    
   3125.00000000000        141.3982    
   3156.25000000000        248.3664    
   3187.50000000000        116.8704    
   3218.75000000000        240.2292    
   3250.00000000000        198.1477    
   3281.25000000000        225.9580    
   3312.50000000000        242.9386    
   3343.75000000000        135.1163    
   3375.00000000000        135.6994    
   3406.25000000000        445.1868    
   3437.50000000000        154.0175    
   3468.75000000000        273.0565    
   3500.00000000000        275.5273    
   3531.25000000000        83.46391    
   3562.50000000000        252.0331    
   3593.75000000000        212.9160    
   3625.00000000000        163.5315    
   3656.25000000000        354.4964    
   3687.50000000000        282.1082    
   3718.75000000000        314.0403    
   3750.00000000000        240.1638    
   3781.25000000000        417.1009    
   3812.50000000000        276.3061    
   3843.75000000000        396.2588    
   3875.00000000000        339.5769    
   3906.25000000000        225.9292    
   3937.50000000000        469.7083    
   3968.75000000000        383.5368    
