  -2000.00000000000        3.269712    
  -1984.37500000000        3.768886    
  -1968.75000000000        7.793743    
  -1953.12500000000        12.51555    
  -1937.50000000000        17.69176    
  -1921.87500000000        16.06089    
  -1906.25000000000        2.802676    
  -1890.62500000000        10.32054    
  -1875.00000000000        8.374582    
  -1859.37500000000        3.499313    
  -1843.75000000000        3.215328    
  -1828.12500000000        9.572767    
  -1812.50000000000       0.8319483    
  -1796.87500000000        3.226891    
  -1781.25000000000        8.416084    
  -1765.62500000000        3.285791    
  -1750.00000000000        21.15392    
  -1734.37500000000        3.948597    
  -1718.75000000000        7.177144    
  -1703.12500000000        1.600001    
  -1687.50000000000        6.173495    
  -1671.87500000000        12.56214    
  -1656.25000000000        5.940110    
  -1640.62500000000        7.485783    
  -1625.00000000000        1.517510    
  -1609.37500000000        5.573570    
  -1593.75000000000        7.293339    
  -1578.12500000000        10.22276    
  -1562.50000000000        10.22900    
  -1546.87500000000        33.10971    
  -1531.25000000000        8.116686    
  -1515.62500000000        6.307509    
  -1500.00000000000        18.43901    
  -1484.37500000000        11.04111    
  -1468.75000000000       0.6953496    
  -1453.12500000000        3.522306    
  -1437.50000000000        3.114625    
  -1421.87500000000        7.128932    
  -1406.25000000000        6.112075    
  -1390.62500000000        5.493155    
  -1375.00000000000       0.5225897    
  -1359.37500000000        21.47122    
  -1343.75000000000        10.12556    
  -1328.12500000000        6.232468    
  -1312.50000000000        4.134034    
  -1296.87500000000        14.30027    
  -1281.25000000000        2.453436    
  -1265.62500000000        4.172802    
  -1250.00000000000        21.55760    
  -1234.37500000000        9.401974    
  -1218.75000000000        6.218718    
  -1203.12500000000        15.81153    
  -1187.50000000000        19.49462    
  -1171.87500000000        56.49867    
  -1156.25000000000        53.27087    
  -1140.62500000000        14.73769    
  -1125.00000000000        6.380676    
  -1109.37500000000        9.804244    
  -1093.75000000000        2.048170    
  -1078.12500000000        5.525835    
  -1062.50000000000        4.156637    
  -1046.87500000000        1.927060    
  -1031.25000000000        3.815743    
  -1015.62500000000        4.318196    
  -1000.00000000000        1.338279    
  -984.375000000000        9.548872    
  -968.750000000000        59.55007    
  -953.125000000000        14.35337    
  -937.500000000000        9.728411    
  -921.875000000000        26.04801    
  -906.250000000000        18.71072    
  -890.625000000000        8.168135    
  -875.000000000000        4.776571    
  -859.375000000000        6.349250    
  -843.750000000000        5.436522    
  -828.125000000000        9.910301    
  -812.500000000000        12.36776    
  -796.875000000000        20.26122    
  -781.250000000000        71.52560    
  -765.625000000000        67.00395    
  -750.000000000000        23.65133    
  -734.375000000000        17.89713    
  -718.750000000000        23.99153    
  -703.125000000000        20.39788    
  -687.500000000000        20.15907    
  -671.875000000000        19.67837    
  -656.250000000000        26.00606    
  -640.625000000000        26.35651    
  -625.000000000000        43.58692    
  -609.375000000000        64.82550    
  -593.750000000000        138.4657    
  -578.125000000000        392.6169    
  -562.500000000000        66.02153    
  -546.875000000000        20.70414    
  -531.250000000000        31.31044    
  -515.625000000000        20.61790    
  -500.000000000000        17.47747    
  -484.375000000000        7.642591    
  -468.750000000000        9.037182    
  -453.125000000000        12.00256    
  -437.500000000000        21.91366    
  -421.875000000000        16.23252    
  -406.250000000000        41.54185    
  -390.625000000000        152.4125    
  -375.000000000000        53.94591    
  -359.375000000000        23.11160    
  -343.750000000000        5.234475    
  -328.125000000000        8.151480    
  -312.500000000000        22.00740    
  -296.875000000000        16.19522    
  -281.250000000000        11.29464    
  -265.625000000000        17.83960    
  -250.000000000000        25.23492    
  -234.375000000000        18.57283    
  -218.750000000000        43.40373    
  -203.125000000000        162.9328    
  -187.500000000000        191.4115    
  -171.875000000000        58.24112    
  -156.250000000000        30.74684    
  -140.625000000000        26.33020    
  -125.000000000000        22.36132    
  -109.375000000000        12.28988    
  -93.7500000000000        3.103488    
  -78.1250000000000        29.67709    
  -62.5000000000000        13.16434    
  -46.8750000000000        19.45569    
  -31.2500000000000        13.82332    
  -15.6250000000000        44.38202    
  0.000000000000000E+000   9106.762    
   15.6250000000000        44.68773    
   31.2500000000000        17.34877    
   46.8750000000000        24.41629    
   62.5000000000000        9.729838    
   78.1250000000000        30.37742    
   93.7500000000000        3.618178    
   109.375000000000        7.855062    
   125.000000000000        22.67516    
   140.625000000000        23.45450    
   156.250000000000        25.41963    
   171.875000000000        46.31487    
   187.500000000000        150.8451    
   203.125000000000        127.5674    
   218.750000000000        36.73105    
   234.375000000000        13.67273    
   250.000000000000        25.52628    
   265.625000000000        14.08226    
   281.250000000000        12.14773    
   296.875000000000        11.92816    
   312.500000000000        21.55229    
   328.125000000000        4.675407    
   343.750000000000        3.192570    
   359.375000000000        23.54395    
   375.000000000000        61.43205    
   390.625000000000        163.6010    
   406.250000000000        44.64008    
   421.875000000000        19.04660    
   437.500000000000        26.69415    
   453.125000000000        14.67881    
   468.750000000000        9.886965    
   484.375000000000        6.003481    
   500.000000000000        17.22024    
   515.625000000000        19.31132    
   531.250000000000        32.60854    
   546.875000000000        23.92190    
   562.500000000000        64.57500    
   578.125000000000        396.0276    
   593.750000000000        141.8086    
   609.375000000000        65.20857    
   625.000000000000        44.13462    
   640.625000000000        27.84011    
   656.250000000000        27.92706    
   671.875000000000        23.51091    
   687.500000000000        21.99935    
   703.125000000000        20.03856    
   718.750000000000        23.23303    
   734.375000000000        21.45843    
   750.000000000000        28.36773    
   765.625000000000        81.88029    
   781.250000000000        96.34081    
   796.875000000000        25.98777    
   812.500000000000        13.61810    
   828.125000000000        10.64539    
   843.750000000000        7.992167    
   859.375000000000        6.447543    
   875.000000000000        7.845360    
   890.625000000000        10.48872    
   906.250000000000        17.60695    
   921.875000000000        24.40562    
   937.500000000000        9.231114    
   953.125000000000        14.94164    
   968.750000000000        53.27457    
   984.375000000000        7.960685    
   1000.00000000000        1.758615    
   1015.62500000000        3.954620    
   1031.25000000000        3.013772    
   1046.87500000000        4.191201    
   1062.50000000000        4.308937    
   1078.12500000000        4.095915    
   1093.75000000000        4.152235    
   1109.37500000000        12.14486    
   1125.00000000000        4.518434    
   1140.62500000000        12.08803    
   1156.25000000000        50.23606    
   1171.87500000000        53.91298    
   1187.50000000000        18.85834    
   1203.12500000000        16.99706    
   1218.75000000000        5.452781    
   1234.37500000000        8.934598    
   1250.00000000000        23.47304    
   1265.62500000000        5.308959    
   1281.25000000000        5.012111    
   1296.87500000000        12.89439    
   1312.50000000000        4.673034    
   1328.12500000000        6.283418    
   1343.75000000000        8.878049    
   1359.37500000000        13.67629    
   1375.00000000000        1.065391    
   1390.62500000000        7.183341    
   1406.25000000000        6.788651    
   1421.87500000000        7.038330    
   1437.50000000000        3.005533    
   1453.12500000000        5.737463    
   1468.75000000000        5.556300    
   1484.37500000000        3.010535    
   1500.00000000000        17.01418    
   1515.62500000000        6.782644    
   1531.25000000000        7.247505    
   1546.87500000000        28.63206    
   1562.50000000000        10.82669    
   1578.12500000000        10.07003    
   1593.75000000000        7.858574    
   1609.37500000000        6.941832    
   1625.00000000000        1.033863    
   1640.62500000000        7.588911    
   1656.25000000000        6.651571    
   1671.87500000000        13.02299    
   1687.50000000000        3.666328    
   1703.12500000000        2.054966    
   1718.75000000000        10.62498    
   1734.37500000000        7.038290    
   1750.00000000000        28.19542    
   1765.62500000000        6.379930    
   1781.25000000000        10.49610    
   1796.87500000000        6.346941    
   1812.50000000000        6.900325    
   1828.12500000000        11.20290    
   1843.75000000000        5.537806    
   1859.37500000000        4.975395    
   1875.00000000000        2.349578    
   1890.62500000000        8.714717    
   1906.25000000000        4.642093    
   1921.87500000000        13.96669    
   1937.50000000000        14.37693    
   1953.12500000000        9.224093    
   1968.75000000000        7.478878    
   1984.37500000000        3.392246    
