  -2000.00000000000        9.586757    
  -1984.37500000000        1.801625    
  -1968.75000000000        15.42251    
  -1953.12500000000        22.44058    
  -1937.50000000000        28.69521    
  -1921.87500000000        17.23214    
  -1906.25000000000        7.380244    
  -1890.62500000000        17.33850    
  -1875.00000000000        24.20075    
  -1859.37500000000        7.148511    
  -1843.75000000000        5.088429    
  -1828.12500000000        7.941520    
  -1812.50000000000        7.703564    
  -1796.87500000000        2.435107    
  -1781.25000000000        7.752931    
  -1765.62500000000        4.258677    
  -1750.00000000000        24.97055    
  -1734.37500000000        5.694952    
  -1718.75000000000        12.54026    
  -1703.12500000000        6.591760    
  -1687.50000000000        22.70797    
  -1671.87500000000        15.77287    
  -1656.25000000000        13.22733    
  -1640.62500000000        7.188100    
  -1625.00000000000        2.963938    
  -1609.37500000000        7.383933    
  -1593.75000000000        3.652390    
  -1578.12500000000        9.069283    
  -1562.50000000000        10.53268    
  -1546.87500000000        34.19826    
  -1531.25000000000        13.24341    
  -1515.62500000000        9.267511    
  -1500.00000000000        19.41104    
  -1484.37500000000        21.64638    
  -1468.75000000000        8.202307    
  -1453.12500000000        7.702738    
  -1437.50000000000        8.409695    
  -1421.87500000000        6.846867    
  -1406.25000000000        12.79354    
  -1390.62500000000        6.298925    
  -1375.00000000000        10.07785    
  -1359.37500000000        18.34330    
  -1343.75000000000        27.32355    
  -1328.12500000000        9.404323    
  -1312.50000000000        4.994311    
  -1296.87500000000        23.90048    
  -1281.25000000000        14.68846    
  -1265.62500000000        2.991897    
  -1250.00000000000        29.33205    
  -1234.37500000000        16.04532    
  -1218.75000000000        7.960125    
  -1203.12500000000        19.15394    
  -1187.50000000000        20.19005    
  -1171.87500000000        60.53381    
  -1156.25000000000        51.14674    
  -1140.62500000000        11.84485    
  -1125.00000000000        5.965880    
  -1109.37500000000        8.735251    
  -1093.75000000000        6.728370    
  -1078.12500000000        3.373631    
  -1062.50000000000        2.830304    
  -1046.87500000000        12.31508    
  -1031.25000000000        7.033962    
  -1015.62500000000        4.900965    
  -1000.00000000000        2.779930    
  -984.375000000000        12.50624    
  -968.750000000000        57.78130    
  -953.125000000000        17.61187    
  -937.500000000000        11.85260    
  -921.875000000000        30.18552    
  -906.250000000000        22.30314    
  -890.625000000000       0.1996056    
  -875.000000000000        8.609686    
  -859.375000000000        6.917428    
  -843.750000000000        7.068510    
  -828.125000000000        13.79083    
  -812.500000000000        13.97951    
  -796.875000000000        22.69886    
  -781.250000000000        77.56436    
  -765.625000000000        63.76170    
  -750.000000000000        25.40298    
  -734.375000000000        20.07348    
  -718.750000000000        28.67897    
  -703.125000000000        20.83719    
  -687.500000000000        20.57844    
  -671.875000000000        19.16525    
  -656.250000000000        27.17117    
  -640.625000000000        34.54549    
  -625.000000000000        52.74410    
  -609.375000000000        73.42701    
  -593.750000000000        157.9009    
  -578.125000000000        458.1747    
  -562.500000000000        78.42998    
  -546.875000000000        24.51522    
  -531.250000000000        36.43456    
  -515.625000000000        21.66224    
  -500.000000000000        20.05506    
  -484.375000000000        7.751506    
  -468.750000000000        12.14595    
  -453.125000000000        14.03600    
  -437.500000000000        19.96500    
  -421.875000000000        16.60482    
  -406.250000000000        42.40411    
  -390.625000000000        190.7607    
  -375.000000000000        47.87742    
  -359.375000000000        28.59894    
  -343.750000000000        9.636894    
  -328.125000000000        5.852098    
  -312.500000000000        32.11444    
  -296.875000000000        21.60559    
  -281.250000000000        16.22529    
  -265.625000000000        20.17861    
  -250.000000000000        31.55623    
  -234.375000000000        27.58070    
  -218.750000000000        52.37997    
  -203.125000000000        205.3933    
  -187.500000000000        235.1755    
  -171.875000000000        73.58449    
  -156.250000000000        38.81766    
  -140.625000000000        32.31117    
  -125.000000000000        24.16558    
  -109.375000000000        17.65655    
  -93.7500000000000        2.720509    
  -78.1250000000000        33.71926    
  -62.5000000000000        11.37960    
  -46.8750000000000        17.47790    
  -31.2500000000000        8.918591    
  -15.6250000000000        43.34942    
  0.000000000000000E+000   10388.71    
   15.6250000000000        46.48478    
   31.2500000000000        18.64389    
   46.8750000000000        25.06897    
   62.5000000000000        15.39890    
   78.1250000000000        31.99165    
   93.7500000000000        10.76669    
   109.375000000000        3.638572    
   125.000000000000        26.57490    
   140.625000000000        21.77437    
   156.250000000000        20.57248    
   171.875000000000        43.12798    
   187.500000000000        132.3958    
   203.125000000000        120.3366    
   218.750000000000        37.06461    
   234.375000000000        14.31774    
   250.000000000000        29.89682    
   265.625000000000        9.704049    
   281.250000000000        16.01124    
   296.875000000000        11.26646    
   312.500000000000        28.95371    
   328.125000000000        3.978244    
   343.750000000000        8.202481    
   359.375000000000        32.34618    
   375.000000000000        79.98722    
   390.625000000000        211.0245    
   406.250000000000        53.34731    
   421.875000000000        22.84620    
   437.500000000000        28.35479    
   453.125000000000        21.92776    
   468.750000000000        12.41540    
   484.375000000000        8.864578    
   500.000000000000        23.47715    
   515.625000000000        22.84982    
   531.250000000000        37.52010    
   546.875000000000        29.20296    
   562.500000000000        71.69199    
   578.125000000000        478.3353    
   593.750000000000        169.9166    
   609.375000000000        78.93729    
   625.000000000000        50.42763    
   640.625000000000        34.65972    
   656.250000000000        38.12350    
   671.875000000000        31.89972    
   687.500000000000        26.03637    
   703.125000000000        44.96838    
   718.750000000000        26.23487    
   734.375000000000        22.93678    
   750.000000000000        29.45249    
   765.625000000000        89.37105    
   781.250000000000        98.89193    
   796.875000000000        25.47186    
   812.500000000000        12.47448    
   828.125000000000        9.363015    
   843.750000000000        3.999245    
   859.375000000000        7.229359    
   875.000000000000        8.719046    
   890.625000000000        10.57435    
   906.250000000000        28.14952    
   921.875000000000        31.42602    
   937.500000000000        13.10493    
   953.125000000000        12.12723    
   968.750000000000        71.16898    
   984.375000000000        4.665907    
   1000.00000000000        3.846372    
   1015.62500000000        6.042691    
   1031.25000000000        13.30345    
   1046.87500000000        11.01474    
   1062.50000000000        3.313951    
   1078.12500000000        7.334624    
   1093.75000000000        12.49242    
   1109.37500000000        16.96848    
   1125.00000000000        1.601141    
   1140.62500000000        15.64050    
   1156.25000000000        60.16969    
   1171.87500000000        63.04889    
   1187.50000000000        26.68440    
   1203.12500000000        23.34268    
   1218.75000000000        9.445085    
   1234.37500000000        12.70704    
   1250.00000000000        24.17063    
   1265.62500000000        4.780320    
   1281.25000000000        2.210486    
   1296.87500000000        14.35251    
   1312.50000000000        11.99115    
   1328.12500000000        7.181441    
   1343.75000000000        14.39908    
   1359.37500000000        46.51653    
   1375.00000000000        7.416541    
   1390.62500000000        7.450845    
   1406.25000000000        14.05117    
   1421.87500000000        15.85186    
   1437.50000000000        6.864746    
   1453.12500000000        11.38899    
   1468.75000000000        8.684798    
   1484.37500000000        8.728530    
   1500.00000000000        11.30950    
   1515.62500000000        11.48496    
   1531.25000000000        4.714141    
   1546.87500000000        36.73054    
   1562.50000000000        12.57331    
   1578.12500000000        14.31179    
   1593.75000000000        7.208263    
   1609.37500000000        7.686103    
   1625.00000000000        6.155558    
   1640.62500000000        6.658421    
   1656.25000000000        9.789750    
   1671.87500000000        8.203918    
   1687.50000000000        8.661008    
   1703.12500000000        7.191690    
   1718.75000000000        11.31407    
   1734.37500000000        13.57987    
   1750.00000000000        21.15728    
   1765.62500000000        7.862608    
   1781.25000000000        9.452681    
   1796.87500000000        7.937471    
   1812.50000000000        5.677850    
   1828.12500000000        18.97808    
   1843.75000000000        5.041054    
   1859.37500000000        2.830304    
   1875.00000000000        9.692033    
   1890.62500000000        11.76175    
   1906.25000000000        6.180905    
   1921.87500000000        21.08494    
   1937.50000000000        12.51111    
   1953.12500000000        20.17060    
   1968.75000000000        9.276492    
   1984.37500000000        5.315871    
