  -2000.00000000000        9.205298    
  -1984.37500000000        24.47612    
  -1968.75000000000        2.662828    
  -1953.12500000000        9.884356    
  -1937.50000000000        63.11591    
  -1921.87500000000        19.10959    
  -1906.25000000000        24.54294    
  -1890.62500000000        18.03889    
  -1875.00000000000        59.76695    
  -1859.37500000000        23.40722    
  -1843.75000000000        21.12013    
  -1828.12500000000        34.33295    
  -1812.50000000000        25.66433    
  -1796.87500000000        16.87391    
  -1781.25000000000        35.41272    
  -1765.62500000000        22.44712    
  -1750.00000000000        119.7340    
  -1734.37500000000        36.95360    
  -1718.75000000000        20.98274    
  -1703.12500000000        3.896072    
  -1687.50000000000        20.99322    
  -1671.87500000000        46.32512    
  -1656.25000000000        6.800598    
  -1640.62500000000        16.43005    
  -1625.00000000000        20.84522    
  -1609.37500000000        14.44351    
  -1593.75000000000        20.74024    
  -1578.12500000000        32.00817    
  -1562.50000000000        50.99780    
  -1546.87500000000        122.2054    
  -1531.25000000000        25.32405    
  -1515.62500000000        33.02497    
  -1500.00000000000        45.14611    
  -1484.37500000000        32.48992    
  -1468.75000000000        15.31863    
  -1453.12500000000        20.14769    
  -1437.50000000000        31.91707    
  -1421.87500000000        17.90858    
  -1406.25000000000        18.34270    
  -1390.62500000000        8.293612    
  -1375.00000000000        22.59070    
  -1359.37500000000        67.27844    
  -1343.75000000000        21.52273    
  -1328.12500000000        10.14590    
  -1312.50000000000        12.36438    
  -1296.87500000000        37.43549    
  -1281.25000000000        43.85045    
  -1265.62500000000        22.77798    
  -1250.00000000000        69.93788    
  -1234.37500000000        38.98455    
  -1218.75000000000        14.76775    
  -1203.12500000000        47.87197    
  -1187.50000000000        60.88264    
  -1171.87500000000        151.0659    
  -1156.25000000000        136.6263    
  -1140.62500000000        47.27358    
  -1125.00000000000        34.78204    
  -1109.37500000000        27.54012    
  -1093.75000000000        20.09040    
  -1078.12500000000        21.80949    
  -1062.50000000000       0.2605788    
  -1046.87500000000        26.90472    
  -1031.25000000000        15.95775    
  -1015.62500000000        19.06567    
  -1000.00000000000        17.45872    
  -984.375000000000        3.431470    
  -968.750000000000        216.5335    
  -953.125000000000        71.79754    
  -937.500000000000        34.84444    
  -921.875000000000        72.97425    
  -906.250000000000        58.99286    
  -890.625000000000        26.26175    
  -875.000000000000        9.416378    
  -859.375000000000        14.28513    
  -843.750000000000        3.904851    
  -828.125000000000        26.45090    
  -812.500000000000        30.44238    
  -796.875000000000        61.93203    
  -781.250000000000        160.8790    
  -765.625000000000        118.5251    
  -750.000000000000        49.50928    
  -734.375000000000        31.18248    
  -718.750000000000        42.60299    
  -703.125000000000        65.78130    
  -687.500000000000        49.08214    
  -671.875000000000        46.49347    
  -656.250000000000        79.34525    
  -640.625000000000        63.70443    
  -625.000000000000        121.8807    
  -609.375000000000        172.6925    
  -593.750000000000        333.2685    
  -578.125000000000        1070.861    
  -562.500000000000        194.7079    
  -546.875000000000        59.60041    
  -531.250000000000        90.14795    
  -515.625000000000        44.51605    
  -500.000000000000        49.48383    
  -484.375000000000        12.26395    
  -468.750000000000        16.02803    
  -453.125000000000        43.08108    
  -437.500000000000        33.41825    
  -421.875000000000        38.91462    
  -406.250000000000        98.02521    
  -390.625000000000        351.5974    
  -375.000000000000        89.46610    
  -359.375000000000        63.68289    
  -343.750000000000        33.99424    
  -328.125000000000        51.55337    
  -312.500000000000        58.42403    
  -296.875000000000        76.69656    
  -281.250000000000        50.05943    
  -265.625000000000        102.3241    
  -250.000000000000        112.0544    
  -234.375000000000        98.76450    
  -218.750000000000        206.3622    
  -203.125000000000        752.1757    
  -187.500000000000        932.3063    
  -171.875000000000        291.0121    
  -156.250000000000        172.9137    
  -140.625000000000        107.0324    
  -125.000000000000        101.5586    
  -109.375000000000        82.53300    
  -93.7500000000000        53.91472    
  -78.1250000000000        81.02139    
  -62.5000000000000        68.50089    
  -46.8750000000000        38.57567    
  -31.2500000000000        13.48273    
  -15.6250000000000        73.62899    
  0.000000000000000E+000   23336.93    
   15.6250000000000        151.6567    
   31.2500000000000        77.62949    
   46.8750000000000        98.13625    
   62.5000000000000        35.18467    
   78.1250000000000        67.00279    
   93.7500000000000        70.58569    
   109.375000000000        33.52225    
   125.000000000000        63.01320    
   140.625000000000        59.21680    
   156.250000000000        91.48934    
   171.875000000000        150.2545    
   187.500000000000        398.4721    
   203.125000000000        181.5353    
   218.750000000000        134.2123    
   234.375000000000        80.73344    
   250.000000000000        103.8329    
   265.625000000000        38.10592    
   281.250000000000        49.29746    
   296.875000000000        19.63973    
   312.500000000000        89.95927    
   328.125000000000        31.20740    
   343.750000000000        55.42638    
   359.375000000000        86.82462    
   375.000000000000        219.2485    
   390.625000000000        573.6954    
   406.250000000000        140.0357    
   421.875000000000        69.72777    
   437.500000000000        65.99751    
   453.125000000000        50.61390    
   468.750000000000        40.55966    
   484.375000000000        29.61843    
   500.000000000000        41.81860    
   515.625000000000        61.44361    
   531.250000000000        96.57829    
   546.875000000000        87.99380    
   562.500000000000        183.7881    
   578.125000000000        1150.742    
   593.750000000000        437.3058    
   609.375000000000        182.0535    
   625.000000000000        122.0482    
   640.625000000000        101.4682    
   656.250000000000        35.23689    
   671.875000000000        58.10672    
   687.500000000000        54.92793    
   703.125000000000        23.85389    
   718.750000000000        85.33128    
   734.375000000000        66.16218    
   750.000000000000        77.82253    
   765.625000000000        203.4706    
   781.250000000000        235.4033    
   796.875000000000        55.32266    
   812.500000000000        31.03308    
   828.125000000000        29.11144    
   843.750000000000        11.57991    
   859.375000000000        13.27713    
   875.000000000000        6.848777    
   890.625000000000        17.31519    
   906.250000000000        68.95532    
   921.875000000000        79.91154    
   937.500000000000        34.36860    
   953.125000000000        24.33975    
   968.750000000000        110.3246    
   984.375000000000        14.85968    
   1000.00000000000        11.56564    
   1015.62500000000        23.12395    
   1031.25000000000        12.04349    
   1046.87500000000        18.02850    
   1062.50000000000        7.911060    
   1078.12500000000        20.22998    
   1093.75000000000        28.66181    
   1109.37500000000        54.04565    
   1125.00000000000        10.55394    
   1140.62500000000        26.51747    
   1156.25000000000        82.30573    
   1171.87500000000        91.34111    
   1187.50000000000        41.00563    
   1203.12500000000        26.74106    
   1218.75000000000        21.12850    
   1234.37500000000        21.20848    
   1250.00000000000        56.44498    
   1265.62500000000        15.36372    
   1281.25000000000        21.01076    
   1296.87500000000        25.67846    
   1312.50000000000        14.31000    
   1328.12500000000        19.34558    
   1343.75000000000       0.9264582    
   1359.37500000000        92.69056    
   1375.00000000000        6.271750    
   1390.62500000000        16.36660    
   1406.25000000000        18.66226    
   1421.87500000000        24.82805    
   1437.50000000000        11.61668    
   1453.12500000000        7.614025    
   1468.75000000000        16.10945    
   1484.37500000000        41.64078    
   1500.00000000000        39.42717    
   1515.62500000000        21.22772    
   1531.25000000000        4.374098    
   1546.87500000000        54.96203    
   1562.50000000000        48.99588    
   1578.12500000000        44.63220    
   1593.75000000000        16.65841    
   1609.37500000000        30.35835    
   1625.00000000000        19.50516    
   1640.62500000000        25.40479    
   1656.25000000000        8.997828    
   1671.87500000000        29.30005    
   1687.50000000000        36.18028    
   1703.12500000000        1.976853    
   1718.75000000000        7.400152    
   1734.37500000000        18.17897    
   1750.00000000000        95.88735    
   1765.62500000000        24.69386    
   1781.25000000000        32.48940    
   1796.87500000000        30.76501    
   1812.50000000000        9.169259    
   1828.12500000000        19.95333    
   1843.75000000000        7.559129    
   1859.37500000000        15.96000    
   1875.00000000000        27.10438    
   1890.62500000000        41.98196    
   1906.25000000000        5.859686    
   1921.87500000000        70.54398    
   1937.50000000000        54.62938    
   1953.12500000000        48.61557    
   1968.75000000000        24.76978    
   1984.37500000000        21.60818    
