  -4000.00000000000        218.9272    
  -3968.75000000000        399.4203    
  -3937.50000000000        533.1362    
  -3906.25000000000        246.7564    
  -3875.00000000000        383.5253    
  -3843.75000000000        412.7286    
  -3812.50000000000        303.2442    
  -3781.25000000000        419.1857    
  -3750.00000000000        284.4038    
  -3718.75000000000        345.2104    
  -3687.50000000000        319.2386    
  -3656.25000000000        382.5016    
  -3625.00000000000        192.3540    
  -3593.75000000000        248.1241    
  -3562.50000000000        263.7823    
  -3531.25000000000        99.00662    
  -3500.00000000000        312.5374    
  -3468.75000000000        270.6723    
  -3437.50000000000        167.6339    
  -3406.25000000000        478.9038    
  -3375.00000000000        134.1802    
  -3343.75000000000        124.4766    
  -3312.50000000000        267.8846    
  -3281.25000000000        223.1863    
  -3250.00000000000        199.8642    
  -3218.75000000000        253.0976    
  -3187.50000000000        108.1519    
  -3156.25000000000        270.4484    
  -3125.00000000000        162.5988    
  -3093.75000000000        215.8606    
  -3062.50000000000        258.2245    
  -3031.25000000000        175.8648    
  -3000.00000000000        116.4813    
  -2968.75000000000        117.9973    
  -2937.50000000000        215.6298    
  -2906.25000000000        34.48580    
  -2875.00000000000        139.8554    
  -2843.75000000000        68.11075    
  -2812.50000000000        145.2442    
  -2781.25000000000        62.82062    
  -2750.00000000000        77.15097    
  -2718.75000000000        81.47458    
  -2687.50000000000        143.3303    
  -2656.25000000000        73.64268    
  -2625.00000000000        36.05214    
  -2593.75000000000        108.0954    
  -2562.50000000000        73.74257    
  -2531.25000000000        22.99173    
  -2500.00000000000        153.0018    
  -2468.75000000000        14.31635    
  -2437.50000000000        111.9099    
  -2406.25000000000        67.14175    
  -2375.00000000000        21.40689    
  -2343.75000000000        151.1034    
  -2312.50000000000        92.86313    
  -2281.25000000000        40.42274    
  -2250.00000000000        58.68942    
  -2218.75000000000        74.95016    
  -2187.50000000000        118.0342    
  -2156.25000000000        125.3996    
  -2125.00000000000        72.09260    
  -2093.75000000000        93.59907    
  -2062.50000000000        80.75345    
  -2031.25000000000        23.13454    
  -2000.00000000000        56.66253    
  -1968.75000000000        77.38528    
  -1937.50000000000        53.45820    
  -1906.25000000000        38.54421    
  -1875.00000000000        85.59832    
  -1843.75000000000        113.4562    
  -1812.50000000000        288.2552    
  -1781.25000000000        345.2436    
  -1750.00000000000        167.9419    
  -1718.75000000000        125.0530    
  -1687.50000000000        157.4669    
  -1656.25000000000        197.7961    
  -1625.00000000000        118.4866    
  -1593.75000000000        60.20590    
  -1562.50000000000        234.1848    
  -1531.25000000000        133.6144    
  -1500.00000000000        31.83791    
  -1468.75000000000        90.02176    
  -1437.50000000000        41.17387    
  -1406.25000000000        92.89731    
  -1375.00000000000        151.0636    
  -1343.75000000000        115.6621    
  -1312.50000000000        99.32454    
  -1281.25000000000        79.25256    
  -1250.00000000000        254.8975    
  -1218.75000000000        47.80900    
  -1187.50000000000        51.38866    
  -1156.25000000000        157.3235    
  -1125.00000000000        32.79897    
  -1093.75000000000        107.2283    
  -1062.50000000000        179.8373    
  -1031.25000000000        73.40259    
  -1000.00000000000        83.01805    
  -968.750000000000        103.2152    
  -937.500000000000        45.81182    
  -906.250000000000        192.4762    
  -875.000000000000        105.6722    
  -843.750000000000        144.1519    
  -812.500000000000        236.2087    
  -781.250000000000        303.5877    
  -750.000000000000        236.2693    
  -718.750000000000        297.1701    
  -687.500000000000        259.5220    
  -656.250000000000        459.8691    
  -625.000000000000        39.06742    
  -593.750000000000        325.5171    
  -562.500000000000        108.2399    
  -531.250000000000        213.7627    
  -500.000000000000        340.6344    
  -468.750000000000        92.52720    
  -437.500000000000        264.4686    
  -406.250000000000        327.5267    
  -375.000000000000        748.3638    
  -343.750000000000        1206.267    
  -312.500000000000        620.3970    
  -281.250000000000        871.6694    
  -250.000000000000        446.4323    
  -218.750000000000        62.69232    
  -187.500000000000        401.5805    
  -156.250000000000        1485.239    
  -125.000000000000        1482.855    
  -93.7500000000000        527.8397    
  -62.5000000000000        1450.784    
  -31.2500000000000        2621.984    
  0.000000000000000E+000   6971.917    
   31.2500000000000        2559.258    
   62.5000000000000        1510.797    
   93.7500000000000        552.7197    
   125.000000000000        1535.874    
   156.250000000000        1565.502    
   187.500000000000        401.8690    
   218.750000000000        24.33132    
   250.000000000000        426.7539    
   281.250000000000        823.7162    
   312.500000000000        604.8913    
   343.750000000000        1164.091    
   375.000000000000        704.6743    
   406.250000000000        325.1141    
   437.500000000000        231.9550    
   468.750000000000        72.57426    
   500.000000000000        350.8697    
   531.250000000000        229.7739    
   562.500000000000        154.9131    
   593.750000000000        341.0866    
   625.000000000000        53.26820    
   656.250000000000        477.5461    
   687.500000000000        268.6820    
   718.750000000000        304.5230    
   750.000000000000        244.7741    
   781.250000000000        310.0943    
   812.500000000000        247.6714    
   843.750000000000        145.8353    
   875.000000000000        112.8966    
   906.250000000000        172.3100    
   937.500000000000        39.17286    
   968.750000000000        112.4274    
   1000.00000000000        104.9537    
   1031.25000000000        86.65736    
   1062.50000000000        178.0973    
   1093.75000000000        92.66670    
   1125.00000000000        41.64428    
   1156.25000000000        159.8861    
   1187.50000000000        43.71575    
   1218.75000000000        47.14418    
   1250.00000000000        262.6625    
   1281.25000000000        73.67535    
   1312.50000000000        94.77362    
   1343.75000000000        123.5644    
   1375.00000000000        158.9008    
   1406.25000000000        96.83772    
   1437.50000000000        54.20914    
   1468.75000000000        71.03745    
   1500.00000000000        42.64070    
   1531.25000000000        134.2606    
   1562.50000000000        213.8859    
   1593.75000000000        63.68633    
   1625.00000000000        112.4789    
   1656.25000000000        175.3668    
   1687.50000000000        150.3144    
   1718.75000000000        113.5678    
   1750.00000000000        157.4719    
   1781.25000000000        315.2836    
   1812.50000000000        264.7372    
   1843.75000000000        106.5638    
   1875.00000000000        95.47018    
   1906.25000000000        39.06036    
   1937.50000000000        53.59799    
   1968.75000000000        77.01063    
   2000.00000000000        44.58969    
   2031.25000000000        21.09741    
   2062.50000000000        72.76205    
   2093.75000000000        107.2208    
   2125.00000000000        76.61862    
   2156.25000000000        122.4186    
   2187.50000000000        120.1591    
   2218.75000000000        85.52989    
   2250.00000000000        59.06055    
   2281.25000000000        52.44476    
   2312.50000000000        98.04861    
   2343.75000000000        159.9600    
   2375.00000000000        24.78560    
   2406.25000000000        54.61272    
   2437.50000000000        100.4625    
   2468.75000000000        15.48107    
   2500.00000000000        161.9069    
   2531.25000000000        13.97102    
   2562.50000000000        76.10773    
   2593.75000000000        109.5003    
   2625.00000000000        47.44394    
   2656.25000000000        50.46194    
   2687.50000000000        161.0542    
   2718.75000000000        74.98468    
   2750.00000000000        76.37447    
   2781.25000000000        54.19744    
   2812.50000000000        157.6152    
   2843.75000000000        75.18848    
   2875.00000000000        146.6635    
   2906.25000000000        30.05042    
   2937.50000000000        214.0845    
   2968.75000000000        110.1098    
   3000.00000000000        135.3005    
   3031.25000000000        211.1467    
   3062.50000000000        249.7029    
   3093.75000000000        207.6101    
   3125.00000000000        149.1012    
   3156.25000000000        270.6447    
   3187.50000000000        115.4704    
   3218.75000000000        264.9988    
   3250.00000000000        215.9094    
   3281.25000000000        250.9327    
   3312.50000000000        256.6884    
   3343.75000000000        138.9841    
   3375.00000000000        142.7605    
   3406.25000000000        475.7456    
   3437.50000000000        167.5568    
   3468.75000000000        313.0094    
   3500.00000000000        290.8581    
   3531.25000000000        93.54492    
   3562.50000000000        285.2623    
   3593.75000000000        229.4299    
   3625.00000000000        167.7609    
   3656.25000000000        383.4078    
   3687.50000000000        310.2778    
   3718.75000000000        340.0674    
   3750.00000000000        256.1164    
   3781.25000000000        456.1183    
   3812.50000000000        286.8994    
   3843.75000000000        427.9988    
   3875.00000000000        367.8569    
   3906.25000000000        240.9117    
   3937.50000000000        507.4789    
   3968.75000000000        415.9268    
