  -4000.00000000000        240.0202    
  -3968.75000000000        429.7592    
  -3937.50000000000        602.7445    
  -3906.25000000000        248.1206    
  -3875.00000000000        420.3490    
  -3843.75000000000        440.9246    
  -3812.50000000000        337.6584    
  -3781.25000000000        434.8911    
  -3750.00000000000        291.6296    
  -3718.75000000000        393.5777    
  -3687.50000000000        339.4347    
  -3656.25000000000        397.1641    
  -3625.00000000000        202.9730    
  -3593.75000000000        293.4407    
  -3562.50000000000        286.9054    
  -3531.25000000000        93.03503    
  -3500.00000000000        319.2858    
  -3468.75000000000        299.5938    
  -3437.50000000000        159.7976    
  -3406.25000000000        498.9433    
  -3375.00000000000        169.4669    
  -3343.75000000000        140.5777    
  -3312.50000000000        303.7996    
  -3281.25000000000        250.2799    
  -3250.00000000000        203.4612    
  -3218.75000000000        252.7996    
  -3187.50000000000        105.5006    
  -3156.25000000000        284.4960    
  -3125.00000000000        189.7673    
  -3093.75000000000        231.3708    
  -3062.50000000000        285.8353    
  -3031.25000000000        223.0697    
  -3000.00000000000        111.4341    
  -2968.75000000000        137.6443    
  -2937.50000000000        219.2768    
  -2906.25000000000        30.76538    
  -2875.00000000000        161.4483    
  -2843.75000000000        77.80663    
  -2812.50000000000        152.2930    
  -2781.25000000000        41.51772    
  -2750.00000000000        84.19455    
  -2718.75000000000        86.52969    
  -2687.50000000000        156.0790    
  -2656.25000000000        54.88965    
  -2625.00000000000        38.02082    
  -2593.75000000000        97.85611    
  -2562.50000000000        71.84132    
  -2531.25000000000        7.879805    
  -2500.00000000000        169.7102    
  -2468.75000000000        15.93023    
  -2437.50000000000        137.6279    
  -2406.25000000000        65.63922    
  -2375.00000000000        24.03635    
  -2343.75000000000        176.4407    
  -2312.50000000000        109.6076    
  -2281.25000000000        48.09369    
  -2250.00000000000        43.26593    
  -2218.75000000000        75.18792    
  -2187.50000000000        126.4751    
  -2156.25000000000        121.4636    
  -2125.00000000000        83.80730    
  -2093.75000000000        103.9743    
  -2062.50000000000        84.91844    
  -2031.25000000000        16.47607    
  -2000.00000000000        65.73757    
  -1968.75000000000        76.99702    
  -1937.50000000000        66.78795    
  -1906.25000000000        29.51531    
  -1875.00000000000        101.4580    
  -1843.75000000000        93.51776    
  -1812.50000000000        319.8348    
  -1781.25000000000        363.9983    
  -1750.00000000000        168.1774    
  -1718.75000000000        121.7500    
  -1687.50000000000        156.5521    
  -1656.25000000000        233.0683    
  -1625.00000000000        140.3715    
  -1593.75000000000        80.05740    
  -1562.50000000000        265.6526    
  -1531.25000000000        156.0476    
  -1500.00000000000        40.29569    
  -1468.75000000000        97.40318    
  -1437.50000000000        68.09816    
  -1406.25000000000        113.0908    
  -1375.00000000000        129.5624    
  -1343.75000000000        130.0005    
  -1312.50000000000        82.84356    
  -1281.25000000000        91.30260    
  -1250.00000000000        269.5033    
  -1218.75000000000        62.31691    
  -1187.50000000000        54.55132    
  -1156.25000000000        175.1544    
  -1125.00000000000        32.87593    
  -1093.75000000000        96.28209    
  -1062.50000000000        180.6811    
  -1031.25000000000        70.49940    
  -1000.00000000000        106.1642    
  -968.750000000000        129.2378    
  -937.500000000000        37.47328    
  -906.250000000000        192.6869    
  -875.000000000000        122.6497    
  -843.750000000000        165.4062    
  -812.500000000000        262.3034    
  -781.250000000000        347.6340    
  -750.000000000000        235.2899    
  -718.750000000000        321.6640    
  -687.500000000000        281.0650    
  -656.250000000000        470.3651    
  -625.000000000000        34.60186    
  -593.750000000000        374.7343    
  -562.500000000000        134.3092    
  -531.250000000000        238.5881    
  -500.000000000000        394.2820    
  -468.750000000000        93.06103    
  -437.500000000000        319.4135    
  -406.250000000000        353.7131    
  -375.000000000000        832.7532    
  -343.750000000000        1303.043    
  -312.500000000000        687.9621    
  -281.250000000000        946.5986    
  -250.000000000000        485.8929    
  -218.750000000000        94.89652    
  -187.500000000000        437.5475    
  -156.250000000000        1632.666    
  -125.000000000000        1615.681    
  -93.7500000000000        613.5686    
  -62.5000000000000        1548.678    
  -31.2500000000000        2896.837    
  0.000000000000000E+000   7501.323    
   31.2500000000000        2810.202    
   62.5000000000000        1669.604    
   93.7500000000000        613.4119    
   125.000000000000        1676.327    
   156.250000000000        1737.353    
   187.500000000000        426.9417    
   218.750000000000        28.23464    
   250.000000000000        441.8125    
   281.250000000000        868.7158    
   312.500000000000        679.0165    
   343.750000000000        1229.302    
   375.000000000000        748.5739    
   406.250000000000        326.3090    
   437.500000000000        243.7953    
   468.750000000000        69.05804    
   500.000000000000        374.8520    
   531.250000000000        262.4454    
   562.500000000000        163.1009    
   593.750000000000        393.4019    
   625.000000000000        35.69884    
   656.250000000000        516.9377    
   687.500000000000        296.4429    
   718.750000000000        331.0815    
   750.000000000000        259.1471    
   781.250000000000        353.4882    
   812.500000000000        293.8036    
   843.750000000000        163.3283    
   875.000000000000        108.3270    
   906.250000000000        180.0234    
   937.500000000000        57.41967    
   968.750000000000        127.3676    
   1000.00000000000        122.1490    
   1031.25000000000        101.4996    
   1062.50000000000        207.3347    
   1093.75000000000        104.4984    
   1125.00000000000        31.99344    
   1156.25000000000        152.4492    
   1187.50000000000        31.82147    
   1218.75000000000        62.27809    
   1250.00000000000        294.0419    
   1281.25000000000        78.07092    
   1312.50000000000        89.95157    
   1343.75000000000        134.4659    
   1375.00000000000        177.0815    
   1406.25000000000        103.7852    
   1437.50000000000        48.04382    
   1468.75000000000        75.56222    
   1500.00000000000        63.20413    
   1531.25000000000        133.3502    
   1562.50000000000        238.3183    
   1593.75000000000        75.01993    
   1625.00000000000        130.7198    
   1656.25000000000        198.5163    
   1687.50000000000        162.2199    
   1718.75000000000        117.1767    
   1750.00000000000        166.2283    
   1781.25000000000        328.0489    
   1812.50000000000        253.5095    
   1843.75000000000        107.1600    
   1875.00000000000        115.2154    
   1906.25000000000        43.70213    
   1937.50000000000        56.17146    
   1968.75000000000        73.17783    
   2000.00000000000        64.44677    
   2031.25000000000        7.941770    
   2062.50000000000        82.37076    
   2093.75000000000        91.01183    
   2125.00000000000        85.12179    
   2156.25000000000        112.3843    
   2187.50000000000        136.4768    
   2218.75000000000        86.05743    
   2250.00000000000        67.60283    
   2281.25000000000        45.56015    
   2312.50000000000        98.55482    
   2343.75000000000        199.6365    
   2375.00000000000        25.24417    
   2406.25000000000        54.53925    
   2437.50000000000        107.5773    
   2468.75000000000        25.55653    
   2500.00000000000        176.8701    
   2531.25000000000        41.30411    
   2562.50000000000        77.46735    
   2593.75000000000        107.9815    
   2625.00000000000        39.54898    
   2656.25000000000        67.09957    
   2687.50000000000        169.5596    
   2718.75000000000        77.29388    
   2750.00000000000        66.57133    
   2781.25000000000        44.64608    
   2812.50000000000        171.2168    
   2843.75000000000        74.71297    
   2875.00000000000        172.4562    
   2906.25000000000        40.65269    
   2937.50000000000        261.9090    
   2968.75000000000        101.9550    
   3000.00000000000        141.5112    
   3031.25000000000        229.3621    
   3062.50000000000        273.2050    
   3093.75000000000        210.6810    
   3125.00000000000        163.4107    
   3156.25000000000        319.1871    
   3187.50000000000        115.7753    
   3218.75000000000        284.5197    
   3250.00000000000        229.1282    
   3281.25000000000        273.7390    
   3312.50000000000        298.4318    
   3343.75000000000        149.8360    
   3375.00000000000        156.6702    
   3406.25000000000        533.6624    
   3437.50000000000        179.1464    
   3468.75000000000        325.8693    
   3500.00000000000        340.7987    
   3531.25000000000        93.81081    
   3562.50000000000        331.2899    
   3593.75000000000        235.7078    
   3625.00000000000        192.2311    
   3656.25000000000        420.2668    
   3687.50000000000        329.5506    
   3718.75000000000        357.9453    
   3750.00000000000        277.4607    
   3781.25000000000        513.7208    
   3812.50000000000        314.5641    
   3843.75000000000        439.8689    
   3875.00000000000        378.2952    
   3906.25000000000        256.8274    
   3937.50000000000        542.1647    
   3968.75000000000        454.6665    
