  -2000.00000000000        19.01507    
  -1984.37500000000        82.63808    
  -1968.75000000000        24.15368    
  -1953.12500000000        34.78298    
  -1937.50000000000        157.2000    
  -1921.87500000000        79.42442    
  -1906.25000000000        12.71114    
  -1890.62500000000        93.56788    
  -1875.00000000000        114.5005    
  -1859.37500000000        15.09271    
  -1843.75000000000        5.772717    
  -1828.12500000000        55.93184    
  -1812.50000000000        51.22479    
  -1796.87500000000        67.70672    
  -1781.25000000000        38.39718    
  -1765.62500000000        105.0865    
  -1750.00000000000        278.6772    
  -1734.37500000000        64.03601    
  -1718.75000000000        51.63789    
  -1703.12500000000        50.17252    
  -1687.50000000000        63.67894    
  -1671.87500000000        80.62383    
  -1656.25000000000        35.21712    
  -1640.62500000000        24.01228    
  -1625.00000000000        45.01699    
  -1609.37500000000        33.98222    
  -1593.75000000000        43.45590    
  -1578.12500000000        74.65598    
  -1562.50000000000        55.50557    
  -1546.87500000000        198.3367    
  -1531.25000000000        16.58099    
  -1515.62500000000        49.32529    
  -1500.00000000000        97.60749    
  -1484.37500000000        100.4834    
  -1468.75000000000        47.85551    
  -1453.12500000000        30.68343    
  -1437.50000000000        39.71176    
  -1421.87500000000        39.85258    
  -1406.25000000000        60.04568    
  -1390.62500000000        26.90255    
  -1375.00000000000        37.05091    
  -1359.37500000000        162.2584    
  -1343.75000000000        66.73007    
  -1328.12500000000        50.93676    
  -1312.50000000000        8.768871    
  -1296.87500000000        81.02282    
  -1281.25000000000        66.62085    
  -1265.62500000000        47.31694    
  -1250.00000000000        91.87865    
  -1234.37500000000        63.50967    
  -1218.75000000000        53.59891    
  -1203.12500000000        103.8692    
  -1187.50000000000        67.66532    
  -1171.87500000000        217.8744    
  -1156.25000000000        229.0690    
  -1140.62500000000        36.49218    
  -1125.00000000000        18.65057    
  -1109.37500000000        48.57489    
  -1093.75000000000        61.72646    
  -1078.12500000000        35.44855    
  -1062.50000000000        14.25285    
  -1046.87500000000        19.90567    
  -1031.25000000000        36.58450    
  -1015.62500000000        29.40507    
  -1000.00000000000        7.277060    
  -984.375000000000        18.78078    
  -968.750000000000        291.7757    
  -953.125000000000        84.90456    
  -937.500000000000        45.51188    
  -921.875000000000        130.8288    
  -906.250000000000        20.98786    
  -890.625000000000        27.49300    
  -875.000000000000        30.65076    
  -859.375000000000        12.94781    
  -843.750000000000        25.33790    
  -828.125000000000        37.86372    
  -812.500000000000        64.20283    
  -796.875000000000        68.34820    
  -781.250000000000        334.7078    
  -765.625000000000        224.3984    
  -750.000000000000        83.07729    
  -734.375000000000        49.78097    
  -718.750000000000        107.1778    
  -703.125000000000        113.7011    
  -687.500000000000        87.81763    
  -671.875000000000        84.54996    
  -656.250000000000        84.03521    
  -640.625000000000        91.24095    
  -625.000000000000        178.3573    
  -609.375000000000        253.5000    
  -593.750000000000        505.4874    
  -578.125000000000        1423.848    
  -562.500000000000        273.7409    
  -546.875000000000        80.58281    
  -531.250000000000        109.3352    
  -515.625000000000        72.16114    
  -500.000000000000        86.90969    
  -484.375000000000        22.45129    
  -468.750000000000        38.57592    
  -453.125000000000        57.91663    
  -437.500000000000        52.11823    
  -421.875000000000        44.36378    
  -406.250000000000        114.7424    
  -390.625000000000        655.0983    
  -375.000000000000        103.8271    
  -359.375000000000        79.93932    
  -343.750000000000        85.58808    
  -328.125000000000        67.98279    
  -312.500000000000        105.8488    
  -296.875000000000        111.6280    
  -281.250000000000        62.55422    
  -265.625000000000        132.9620    
  -250.000000000000        171.1943    
  -234.375000000000        187.8175    
  -218.750000000000        322.0012    
  -203.125000000000        1092.881    
  -187.500000000000        1417.172    
  -171.875000000000        455.6347    
  -156.250000000000        254.8669    
  -140.625000000000        173.3698    
  -125.000000000000        167.3878    
  -109.375000000000        112.8180    
  -93.7500000000000        93.71638    
  -78.1250000000000        78.22624    
  -62.5000000000000        108.0491    
  -46.8750000000000        60.63284    
  -31.2500000000000        17.70837    
  -15.6250000000000        168.6165    
  0.000000000000000E+000   32959.31    
   15.6250000000000        168.8997    
   31.2500000000000        123.2971    
   46.8750000000000        130.6331    
   62.5000000000000        19.73893    
   78.1250000000000        133.5904    
   93.7500000000000        99.89021    
   109.375000000000        72.89529    
   125.000000000000        126.4438    
   140.625000000000        107.6726    
   156.250000000000        151.0310    
   171.875000000000        240.5999    
   187.500000000000        632.4464    
   203.125000000000        317.8679    
   218.750000000000        209.0784    
   234.375000000000        140.4049    
   250.000000000000        165.9286    
   265.625000000000        81.93707    
   281.250000000000        74.59950    
   296.875000000000        39.10785    
   312.500000000000        131.0280    
   328.125000000000        26.67550    
   343.750000000000        41.43507    
   359.375000000000        116.5027    
   375.000000000000        340.5779    
   390.625000000000        859.3583    
   406.250000000000        205.9448    
   421.875000000000        83.22557    
   437.500000000000        107.3697    
   453.125000000000        24.82574    
   468.750000000000        51.08327    
   484.375000000000        43.19109    
   500.000000000000        86.70338    
   515.625000000000        149.1723    
   531.250000000000        168.2873    
   546.875000000000        156.9754    
   562.500000000000        263.9615    
   578.125000000000        1649.163    
   593.750000000000        611.9145    
   609.375000000000        256.3696    
   625.000000000000        160.4024    
   640.625000000000        118.2935    
   656.250000000000        141.8767    
   671.875000000000        110.0179    
   687.500000000000        125.9577    
   703.125000000000        143.1014    
   718.750000000000        105.2871    
   734.375000000000        113.6965    
   750.000000000000        124.4105    
   765.625000000000        318.1956    
   781.250000000000        381.3663    
   796.875000000000        113.7856    
   812.500000000000        49.10354    
   828.125000000000        53.77694    
   843.750000000000        59.47923    
   859.375000000000        33.13191    
   875.000000000000        46.59986    
   890.625000000000        31.75331    
   906.250000000000        124.4700    
   921.875000000000        79.44931    
   937.500000000000        23.95162    
   953.125000000000        30.96901    
   968.750000000000        178.6057    
   984.375000000000        45.51411    
   1000.00000000000        37.14434    
   1015.62500000000        55.99113    
   1031.25000000000        75.78692    
   1046.87500000000        29.00249    
   1062.50000000000        17.65079    
   1078.12500000000        50.80843    
   1093.75000000000        47.54186    
   1109.37500000000        43.02093    
   1125.00000000000        20.01044    
   1140.62500000000        47.57498    
   1156.25000000000        164.3213    
   1171.87500000000        176.5738    
   1187.50000000000        44.01293    
   1203.12500000000        53.56840    
   1218.75000000000        24.47222    
   1234.37500000000        61.38681    
   1250.00000000000        94.41064    
   1265.62500000000        56.56863    
   1281.25000000000        48.36303    
   1296.87500000000        88.53299    
   1312.50000000000        32.59061    
   1328.12500000000        21.65564    
   1343.75000000000        60.34249    
   1359.37500000000        167.9804    
   1375.00000000000        52.91245    
   1390.62500000000        29.34212    
   1406.25000000000        51.94530    
   1421.87500000000        54.36475    
   1437.50000000000        23.00959    
   1453.12500000000        19.24432    
   1468.75000000000        66.65871    
   1484.37500000000        47.52295    
   1500.00000000000        35.69582    
   1515.62500000000        34.02842    
   1531.25000000000        50.99153    
   1546.87500000000        179.7873    
   1562.50000000000        138.2397    
   1578.12500000000        93.28065    
   1593.75000000000        40.92537    
   1609.37500000000        7.033350    
   1625.00000000000        42.90809    
   1640.62500000000        13.38692    
   1656.25000000000        64.33406    
   1671.87500000000        31.97386    
   1687.50000000000        61.51342    
   1703.12500000000        17.35849    
   1718.75000000000        29.23565    
   1734.37500000000        87.63824    
   1750.00000000000        99.07066    
   1765.62500000000        34.00508    
   1781.25000000000        33.14037    
   1796.87500000000        15.28072    
   1812.50000000000        49.53673    
   1828.12500000000        46.45561    
   1843.75000000000        59.18769    
   1859.37500000000        100.3331    
   1875.00000000000        86.23877    
   1890.62500000000        57.24354    
   1906.25000000000        41.28824    
   1921.87500000000        44.75629    
   1937.50000000000        58.62210    
   1953.12500000000        83.54326    
   1968.75000000000        65.64449    
   1984.37500000000        50.23431    
