  -2000.00000000000        5.777413    
  -1984.37500000000        2.444030    
  -1968.75000000000        6.426812    
  -1953.12500000000        8.408588    
  -1937.50000000000        11.19406    
  -1921.87500000000        13.26445    
  -1906.25000000000        4.461583    
  -1890.62500000000        9.553077    
  -1875.00000000000        4.181081    
  -1859.37500000000        3.293887    
  -1843.75000000000        4.067541    
  -1828.12500000000        9.884579    
  -1812.50000000000        4.220319    
  -1796.87500000000        3.877778    
  -1781.25000000000        7.916087    
  -1765.62500000000        3.999320    
  -1750.00000000000        22.22478    
  -1734.37500000000        4.947179    
  -1718.75000000000        6.940989    
  -1703.12500000000        2.171768    
  -1687.50000000000        3.455205    
  -1671.87500000000        4.976431    
  -1656.25000000000        3.577425    
  -1640.62500000000        6.084694    
  -1625.00000000000        1.172882    
  -1609.37500000000        5.016716    
  -1593.75000000000        6.072553    
  -1578.12500000000        10.34911    
  -1562.50000000000        9.061599    
  -1546.87500000000        27.32818    
  -1531.25000000000        7.101092    
  -1515.62500000000        6.531811    
  -1500.00000000000        15.88571    
  -1484.37500000000        5.781023    
  -1468.75000000000        3.383586    
  -1453.12500000000        3.856546    
  -1437.50000000000        3.437914    
  -1421.87500000000        8.697796    
  -1406.25000000000        5.910877    
  -1390.62500000000        5.091023    
  -1375.00000000000       0.8169239    
  -1359.37500000000        21.83690    
  -1343.75000000000        8.492890    
  -1328.12500000000        6.497038    
  -1312.50000000000        4.904869    
  -1296.87500000000        13.63884    
  -1281.25000000000        5.366471    
  -1265.62500000000        5.837165    
  -1250.00000000000        23.26873    
  -1234.37500000000        9.180140    
  -1218.75000000000        6.059670    
  -1203.12500000000        16.08115    
  -1187.50000000000        18.18813    
  -1171.87500000000        51.55402    
  -1156.25000000000        48.32236    
  -1140.62500000000        11.74158    
  -1125.00000000000        4.609350    
  -1109.37500000000        8.946911    
  -1093.75000000000        2.125148    
  -1078.12500000000        3.517101    
  -1062.50000000000        2.511041    
  -1046.87500000000        1.904799    
  -1031.25000000000        4.295830    
  -1015.62500000000        3.456583    
  -1000.00000000000        1.703111    
  -984.375000000000        7.247687    
  -968.750000000000        58.57982    
  -953.125000000000        15.08657    
  -937.500000000000        10.37430    
  -921.875000000000        25.33718    
  -906.250000000000        17.43651    
  -890.625000000000        7.882380    
  -875.000000000000        6.427823    
  -859.375000000000        7.025878    
  -843.750000000000        6.988048    
  -828.125000000000        10.27859    
  -812.500000000000        12.14946    
  -796.875000000000        21.67593    
  -781.250000000000        75.55862    
  -765.625000000000        67.19221    
  -750.000000000000        22.34764    
  -734.375000000000        17.75461    
  -718.750000000000        22.89272    
  -703.125000000000        20.36447    
  -687.500000000000        19.70932    
  -671.875000000000        22.06196    
  -656.250000000000        27.82279    
  -640.625000000000        24.95874    
  -625.000000000000        43.14130    
  -609.375000000000        64.36195    
  -593.750000000000        138.7894    
  -578.125000000000        395.3880    
  -562.500000000000        66.44891    
  -546.875000000000        22.84969    
  -531.250000000000        32.52685    
  -515.625000000000        21.15067    
  -500.000000000000        16.49115    
  -484.375000000000        6.473861    
  -468.750000000000        9.421820    
  -453.125000000000        12.97441    
  -437.500000000000        22.42426    
  -421.875000000000        16.63544    
  -406.250000000000        39.04105    
  -390.625000000000        145.7829    
  -375.000000000000        51.75504    
  -359.375000000000        23.02866    
  -343.750000000000        4.040213    
  -328.125000000000        7.463387    
  -312.500000000000        17.94095    
  -296.875000000000        14.84657    
  -281.250000000000        10.70338    
  -265.625000000000        16.24845    
  -250.000000000000        25.33149    
  -234.375000000000        16.01545    
  -218.750000000000        39.76226    
  -203.125000000000        145.9596    
  -187.500000000000        168.8297    
  -171.875000000000        51.61322    
  -156.250000000000        27.00546    
  -140.625000000000        23.20059    
  -125.000000000000        21.60462    
  -109.375000000000        9.685203    
  -93.7500000000000        1.320297    
  -78.1250000000000        29.05992    
  -62.5000000000000        11.22944    
  -46.8750000000000        18.99844    
  -31.2500000000000        13.33814    
  -15.6250000000000        42.34864    
  0.000000000000000E+000   8813.258    
   15.6250000000000        42.89431    
   31.2500000000000        15.30122    
   46.8750000000000        21.56456    
   62.5000000000000        10.07733    
   78.1250000000000        29.10729    
   93.7500000000000        2.236410    
   109.375000000000        6.986987    
   125.000000000000        20.56459    
   140.625000000000        21.90402    
   156.250000000000        24.16069    
   171.875000000000        45.97524    
   187.500000000000        149.1611    
   203.125000000000        127.9842    
   218.750000000000        36.43816    
   234.375000000000        14.32608    
   250.000000000000        24.05802    
   265.625000000000        13.76498    
   281.250000000000        11.63815    
   296.875000000000        12.73897    
   312.500000000000        17.71211    
   328.125000000000        6.749583    
   343.750000000000        4.857790    
   359.375000000000        24.55589    
   375.000000000000        59.15374    
   390.625000000000        162.9398    
   406.250000000000        42.75175    
   421.875000000000        18.10134    
   437.500000000000        24.70963    
   453.125000000000        13.43340    
   468.750000000000        8.483263    
   484.375000000000        7.163023    
   500.000000000000        16.70038    
   515.625000000000        20.85218    
   531.250000000000        31.87363    
   546.875000000000        23.47887    
   562.500000000000        65.42583    
   578.125000000000        391.2729    
   593.750000000000        139.4743    
   609.375000000000        63.71933    
   625.000000000000        42.66214    
   640.625000000000        26.20748    
   656.250000000000        28.47896    
   671.875000000000        22.98921    
   687.500000000000        20.96112    
   703.125000000000        21.03061    
   718.750000000000        23.09296    
   734.375000000000        19.46840    
   750.000000000000        24.20184    
   765.625000000000        71.47729    
   781.250000000000        81.02331    
   796.875000000000        22.26608    
   812.500000000000        11.99328    
   828.125000000000        9.488413    
   843.750000000000        6.471317    
   859.375000000000        6.190897    
   875.000000000000        5.843991    
   890.625000000000        8.602440    
   906.250000000000        18.17019    
   921.875000000000        24.50719    
   937.500000000000        9.266180    
   953.125000000000        14.44426    
   968.750000000000        50.83345    
   984.375000000000        7.808472    
   1000.00000000000       0.9989724    
   1015.62500000000        3.967531    
   1031.25000000000        4.081918    
   1046.87500000000        2.694095    
   1062.50000000000        2.978502    
   1078.12500000000        4.262124    
   1093.75000000000       0.3646737    
   1109.37500000000        10.78328    
   1125.00000000000        4.948154    
   1140.62500000000        12.15839    
   1156.25000000000        50.83342    
   1171.87500000000        52.19657    
   1187.50000000000        18.62718    
   1203.12500000000        15.76881    
   1218.75000000000        6.025511    
   1234.37500000000        9.430314    
   1250.00000000000        23.17155    
   1265.62500000000        5.782391    
   1281.25000000000        5.025280    
   1296.87500000000        12.56484    
   1312.50000000000        5.193413    
   1328.12500000000        5.701479    
   1343.75000000000        7.781425    
   1359.37500000000        20.67379    
   1375.00000000000        1.245037    
   1390.62500000000        6.031728    
   1406.25000000000        6.678760    
   1421.87500000000        8.878754    
   1437.50000000000        3.170261    
   1453.12500000000        4.174794    
   1468.75000000000        2.722180    
   1484.37500000000        7.138995    
   1500.00000000000        15.86013    
   1515.62500000000        6.905325    
   1531.25000000000        6.771676    
   1546.87500000000        28.38722    
   1562.50000000000        8.323901    
   1578.12500000000        10.62864    
   1593.75000000000        5.763260    
   1609.37500000000        4.510992    
   1625.00000000000        1.393613    
   1640.62500000000        5.818182    
   1656.25000000000        3.416314    
   1671.87500000000        4.423105    
   1687.50000000000        3.611230    
   1703.12500000000        1.957585    
   1718.75000000000        6.304911    
   1734.37500000000        3.215186    
   1750.00000000000        19.96809    
   1765.62500000000        2.954543    
   1781.25000000000        8.318085    
   1796.87500000000        2.781208    
   1812.50000000000        4.964524    
   1828.12500000000        10.05047    
   1843.75000000000        4.587945    
   1859.37500000000        3.288363    
   1875.00000000000        5.355204    
   1890.62500000000        8.381353    
   1906.25000000000        4.893600    
   1921.87500000000        13.17774    
   1937.50000000000        10.52123    
   1953.12500000000        8.332606    
   1968.75000000000        6.820009    
   1984.37500000000        2.589520    
