  -2000.00000000000        6.170967    
  -1984.37500000000        6.779761    
  -1968.75000000000        9.186814    
  -1953.12500000000        12.20473    
  -1937.50000000000        15.23541    
  -1921.87500000000        14.76744    
  -1906.25000000000        4.174953    
  -1890.62500000000        8.780922    
  -1875.00000000000        7.517478    
  -1859.37500000000        1.099713    
  -1843.75000000000        4.562889    
  -1828.12500000000        9.293057    
  -1812.50000000000        3.273448    
  -1796.87500000000        3.927929    
  -1781.25000000000        8.689850    
  -1765.62500000000        5.868667    
  -1750.00000000000        24.06262    
  -1734.37500000000        9.469501    
  -1718.75000000000        6.919651    
  -1703.12500000000        1.103948    
  -1687.50000000000        5.754893    
  -1671.87500000000        11.22856    
  -1656.25000000000        2.442273    
  -1640.62500000000        9.497582    
  -1625.00000000000        2.034066    
  -1609.37500000000        4.358814    
  -1593.75000000000        6.049706    
  -1578.12500000000        10.86186    
  -1562.50000000000        9.624860    
  -1546.87500000000        35.16074    
  -1531.25000000000        10.28200    
  -1515.62500000000        7.513345    
  -1500.00000000000        18.45961    
  -1484.37500000000        7.461188    
  -1468.75000000000        4.237403    
  -1453.12500000000        3.653012    
  -1437.50000000000        4.078833    
  -1421.87500000000        6.466695    
  -1406.25000000000        4.649700    
  -1390.62500000000        4.661277    
  -1375.00000000000       0.8738787    
  -1359.37500000000        17.50394    
  -1343.75000000000        5.986587    
  -1328.12500000000        7.426761    
  -1312.50000000000        5.333008    
  -1296.87500000000        14.71796    
  -1281.25000000000        5.534039    
  -1265.62500000000        7.275699    
  -1250.00000000000        22.89166    
  -1234.37500000000        6.941560    
  -1218.75000000000        7.392009    
  -1203.12500000000        16.86754    
  -1187.50000000000        19.61774    
  -1171.87500000000        57.12049    
  -1156.25000000000        52.91323    
  -1140.62500000000        13.43296    
  -1125.00000000000        7.721796    
  -1109.37500000000        12.07946    
  -1093.75000000000        8.199607    
  -1078.12500000000        5.537863    
  -1062.50000000000        3.824867    
  -1046.87500000000        3.105476    
  -1031.25000000000        2.989970    
  -1015.62500000000        1.789697    
  -1000.00000000000        2.445708    
  -984.375000000000        10.88436    
  -968.750000000000        57.50060    
  -953.125000000000        12.96753    
  -937.500000000000        10.79930    
  -921.875000000000        28.99006    
  -906.250000000000        16.17082    
  -890.625000000000        11.84331    
  -875.000000000000        6.438673    
  -859.375000000000        7.216032    
  -843.750000000000        4.331933    
  -828.125000000000        12.97517    
  -812.500000000000        12.54566    
  -796.875000000000        26.09229    
  -781.250000000000        80.48390    
  -765.625000000000        74.32882    
  -750.000000000000        25.46883    
  -734.375000000000        18.86043    
  -718.750000000000        22.61869    
  -703.125000000000        28.52714    
  -687.500000000000        23.13456    
  -671.875000000000        25.26556    
  -656.250000000000        26.38219    
  -640.625000000000        28.02240    
  -625.000000000000        46.47593    
  -609.375000000000        70.94351    
  -593.750000000000        151.4016    
  -578.125000000000        419.2304    
  -562.500000000000        70.94183    
  -546.875000000000        21.01557    
  -531.250000000000        33.39099    
  -515.625000000000        13.95414    
  -500.000000000000        22.66647    
  -484.375000000000        9.334817    
  -468.750000000000        11.17123    
  -453.125000000000        13.35638    
  -437.500000000000        24.30930    
  -421.875000000000        17.27598    
  -406.250000000000        41.95611    
  -390.625000000000        151.5146    
  -375.000000000000        56.37616    
  -359.375000000000        22.81280    
  -343.750000000000        4.333774    
  -328.125000000000        7.906090    
  -312.500000000000        27.55647    
  -296.875000000000        14.57598    
  -281.250000000000        12.88316    
  -265.625000000000        15.02920    
  -250.000000000000        26.61326    
  -234.375000000000        21.54084    
  -218.750000000000        47.33304    
  -203.125000000000        181.2958    
  -187.500000000000        212.1215    
  -171.875000000000        64.56671    
  -156.250000000000        35.04047    
  -140.625000000000        31.51790    
  -125.000000000000        24.68167    
  -109.375000000000        15.31415    
  -93.7500000000000        5.101584    
  -78.1250000000000        35.11618    
  -62.5000000000000        11.26853    
  -46.8750000000000        23.05971    
  -31.2500000000000        11.62850    
  -15.6250000000000        44.45437    
  0.000000000000000E+000   9815.864    
   15.6250000000000        46.85506    
   31.2500000000000        18.04298    
   46.8750000000000        23.98742    
   62.5000000000000        13.63171    
   78.1250000000000        35.13347    
   93.7500000000000        6.297402    
   109.375000000000        5.849539    
   125.000000000000        23.07105    
   140.625000000000        23.90148    
   156.250000000000        21.85687    
   171.875000000000        45.61422    
   187.500000000000        147.7188    
   203.125000000000        125.2878    
   218.750000000000        38.67492    
   234.375000000000        15.25738    
   250.000000000000        27.31333    
   265.625000000000        17.61216    
   281.250000000000        13.64173    
   296.875000000000        17.98879    
   312.500000000000        29.43971    
   328.125000000000        3.351021    
   343.750000000000        3.090525    
   359.375000000000        23.24516    
   375.000000000000        69.13464    
   390.625000000000        157.0670    
   406.250000000000        47.69321    
   421.875000000000        19.73205    
   437.500000000000        28.85156    
   453.125000000000        17.92773    
   468.750000000000        13.29911    
   484.375000000000        9.932816    
   500.000000000000        18.87854    
   515.625000000000        20.96893    
   531.250000000000        36.00893    
   546.875000000000        27.18584    
   562.500000000000        72.37910    
   578.125000000000        431.6284    
   593.750000000000        156.6844    
   609.375000000000        72.23775    
   625.000000000000        49.16917    
   640.625000000000        33.14365    
   656.250000000000        20.48156    
   671.875000000000        22.80636    
   687.500000000000        23.58925    
   703.125000000000        29.73454    
   718.750000000000        25.78647    
   734.375000000000        22.63837    
   750.000000000000        30.59941    
   765.625000000000        85.81754    
   781.250000000000        98.90589    
   796.875000000000        25.17904    
   812.500000000000        12.60354    
   828.125000000000        9.323189    
   843.750000000000        2.453367    
   859.375000000000        6.288309    
   875.000000000000        5.517609    
   890.625000000000        7.724363    
   906.250000000000        19.11172    
   921.875000000000        25.97072    
   937.500000000000        8.046231    
   953.125000000000        13.28893    
   968.750000000000        52.81506    
   984.375000000000        10.78697    
   1000.00000000000        1.555264    
   1015.62500000000        5.367427    
   1031.25000000000        5.718510    
   1046.87500000000        4.550828    
   1062.50000000000        2.662722    
   1078.12500000000        5.808621    
   1093.75000000000       0.4203618    
   1109.37500000000        14.25771    
   1125.00000000000        6.067996    
   1140.62500000000        15.78204    
   1156.25000000000        55.77567    
   1171.87500000000        57.43961    
   1187.50000000000        21.70791    
   1203.12500000000        17.01434    
   1218.75000000000        6.915089    
   1234.37500000000        11.17313    
   1250.00000000000        25.13934    
   1265.62500000000        3.030035    
   1281.25000000000        5.342990    
   1296.87500000000        13.09954    
   1312.50000000000        6.475386    
   1328.12500000000        7.517825    
   1343.75000000000        6.748545    
   1359.37500000000        11.15026    
   1375.00000000000        4.255465    
   1390.62500000000        9.453067    
   1406.25000000000        8.831048    
   1421.87500000000        11.60533    
   1437.50000000000        3.327992    
   1453.12500000000        5.827517    
   1468.75000000000        3.238128    
   1484.37500000000        9.722726    
   1500.00000000000        19.01360    
   1515.62500000000        6.746974    
   1531.25000000000        7.866393    
   1546.87500000000        30.74850    
   1562.50000000000        10.37522    
   1578.12500000000        11.93109    
   1593.75000000000        8.903116    
   1609.37500000000        4.876745    
   1625.00000000000        2.456882    
   1640.62500000000        6.523172    
   1656.25000000000        5.701647    
   1671.87500000000        12.97243    
   1687.50000000000        1.411876    
   1703.12500000000        4.217948    
   1718.75000000000        8.899541    
   1734.37500000000        3.052147    
   1750.00000000000        21.20822    
   1765.62500000000        5.571445    
   1781.25000000000        11.04637    
   1796.87500000000        5.846577    
   1812.50000000000        3.774134    
   1828.12500000000        12.21772    
   1843.75000000000        5.937073    
   1859.37500000000        3.612847    
   1875.00000000000        6.777850    
   1890.62500000000        11.52781    
   1906.25000000000        3.524294    
   1921.87500000000        14.45988    
   1937.50000000000        11.37046    
   1953.12500000000        5.776913    
   1968.75000000000        6.969019    
   1984.37500000000        4.746022    
