  -2000.00000000000        6.656989    
  -1984.37500000000        7.334204    
  -1968.75000000000        6.971744    
  -1953.12500000000        10.79817    
  -1937.50000000000        4.300369    
  -1921.87500000000        14.00362    
  -1906.25000000000        3.307005    
  -1890.62500000000        9.096961    
  -1875.00000000000        11.86294    
  -1859.37500000000        2.435652    
  -1843.75000000000        4.727727    
  -1828.12500000000        8.140503    
  -1812.50000000000        6.389111    
  -1796.87500000000        5.765140    
  -1781.25000000000        8.881248    
  -1765.62500000000        1.345904    
  -1750.00000000000        29.77997    
  -1734.37500000000        9.769790    
  -1718.75000000000        6.375765    
  -1703.12500000000        4.483508    
  -1687.50000000000        7.181438    
  -1671.87500000000        12.75723    
  -1656.25000000000        6.847320    
  -1640.62500000000        4.765867    
  -1625.00000000000        2.045733    
  -1609.37500000000        5.463475    
  -1593.75000000000        6.289155    
  -1578.12500000000        9.321752    
  -1562.50000000000        6.770296    
  -1546.87500000000        40.10748    
  -1531.25000000000        11.00232    
  -1515.62500000000        9.213211    
  -1500.00000000000        20.05880    
  -1484.37500000000        9.541789    
  -1468.75000000000       0.3788311    
  -1453.12500000000        2.595011    
  -1437.50000000000        6.674666    
  -1421.87500000000        11.29534    
  -1406.25000000000        7.727616    
  -1390.62500000000        4.523474    
  -1375.00000000000        4.509725    
  -1359.37500000000        30.18710    
  -1343.75000000000        8.142701    
  -1328.12500000000        7.981188    
  -1312.50000000000        1.447848    
  -1296.87500000000        19.10008    
  -1281.25000000000        8.829637    
  -1265.62500000000        7.163054    
  -1250.00000000000        24.80573    
  -1234.37500000000        15.85209    
  -1218.75000000000        8.549012    
  -1203.12500000000        19.54502    
  -1187.50000000000        22.03352    
  -1171.87500000000        50.24440    
  -1156.25000000000        45.34232    
  -1140.62500000000        12.77769    
  -1125.00000000000        7.284795    
  -1109.37500000000        9.838139    
  -1093.75000000000        3.751027    
  -1078.12500000000        3.834526    
  -1062.50000000000       0.8187239    
  -1046.87500000000        2.772642    
  -1031.25000000000        2.663834    
  -1015.62500000000        1.167529    
  -1000.00000000000        4.612382    
  -984.375000000000        6.575664    
  -968.750000000000        68.74158    
  -953.125000000000        15.77186    
  -937.500000000000        11.17001    
  -921.875000000000        29.49198    
  -906.250000000000        25.83193    
  -890.625000000000        8.581958    
  -875.000000000000        5.700384    
  -859.375000000000        7.532990    
  -843.750000000000        7.092725    
  -828.125000000000        13.00690    
  -812.500000000000        18.27909    
  -796.875000000000        28.80654    
  -781.250000000000        85.44474    
  -765.625000000000        77.65833    
  -750.000000000000        26.68265    
  -734.375000000000        24.31597    
  -718.750000000000        27.54951    
  -703.125000000000        24.45077    
  -687.500000000000        20.18838    
  -671.875000000000        24.26143    
  -656.250000000000        24.24494    
  -640.625000000000        27.92354    
  -625.000000000000        46.80116    
  -609.375000000000        71.10448    
  -593.750000000000        153.1647    
  -578.125000000000        430.0789    
  -562.500000000000        72.09505    
  -546.875000000000        22.77941    
  -531.250000000000        35.78920    
  -515.625000000000        12.91920    
  -500.000000000000        25.83048    
  -484.375000000000        9.593813    
  -468.750000000000        13.24874    
  -453.125000000000        7.516716    
  -437.500000000000        24.54715    
  -421.875000000000        17.61321    
  -406.250000000000        46.47025    
  -390.625000000000        161.3466    
  -375.000000000000        59.58052    
  -359.375000000000        28.26624    
  -343.750000000000        9.744205    
  -328.125000000000        4.965603    
  -312.500000000000        21.04954    
  -296.875000000000        22.17505    
  -281.250000000000        13.59785    
  -265.625000000000        20.92240    
  -250.000000000000        27.09963    
  -234.375000000000        24.25603    
  -218.750000000000        58.94114    
  -203.125000000000        204.0304    
  -187.500000000000        239.5713    
  -171.875000000000        72.35225    
  -156.250000000000        36.50762    
  -140.625000000000        30.44870    
  -125.000000000000        20.92616    
  -109.375000000000        20.58575    
  -93.7500000000000        8.320506    
  -78.1250000000000        34.70943    
  -62.5000000000000        18.24348    
  -46.8750000000000        19.74491    
  -31.2500000000000        12.15690    
  -15.6250000000000        44.72855    
  0.000000000000000E+000   10107.61    
   15.6250000000000        51.30040    
   31.2500000000000        17.58284    
   46.8750000000000        25.47806    
   62.5000000000000        8.859272    
   78.1250000000000        36.67710    
   93.7500000000000        7.761820    
   109.375000000000        9.564038    
   125.000000000000        33.26265    
   140.625000000000        24.21600    
   156.250000000000        27.16018    
   171.875000000000        51.47224    
   187.500000000000        157.1947    
   203.125000000000        126.1105    
   218.750000000000        41.00206    
   234.375000000000        16.82494    
   250.000000000000        23.43657    
   265.625000000000        9.877106    
   281.250000000000        15.38897    
   296.875000000000        15.74680    
   312.500000000000        25.76590    
   328.125000000000        3.478446    
   343.750000000000        3.030352    
   359.375000000000        29.17389    
   375.000000000000        67.93170    
   390.625000000000        179.2292    
   406.250000000000        48.28157    
   421.875000000000        20.31675    
   437.500000000000        28.54656    
   453.125000000000        19.47533    
   468.750000000000        13.36550    
   484.375000000000        6.276598    
   500.000000000000        14.87451    
   515.625000000000        32.54704    
   531.250000000000        35.79415    
   546.875000000000        30.48035    
   562.500000000000        74.63081    
   578.125000000000        435.1263    
   593.750000000000        159.2849    
   609.375000000000        72.38249    
   625.000000000000        50.31066    
   640.625000000000        33.07399    
   656.250000000000        25.15376    
   671.875000000000        24.78664    
   687.500000000000        20.67800    
   703.125000000000        24.68194    
   718.750000000000        24.92209    
   734.375000000000        21.81051    
   750.000000000000        28.18457    
   765.625000000000        76.79051    
   781.250000000000        78.94814    
   796.875000000000        23.67533    
   812.500000000000        11.61606    
   828.125000000000        10.54810    
   843.750000000000        6.028432    
   859.375000000000        6.537961    
   875.000000000000        9.217835    
   890.625000000000        10.15932    
   906.250000000000        18.76373    
   921.875000000000        31.80321    
   937.500000000000        12.52633    
   953.125000000000        19.46685    
   968.750000000000        40.99299    
   984.375000000000        12.33399    
   1000.00000000000        3.956088    
   1015.62500000000        4.909590    
   1031.25000000000        6.476022    
   1046.87500000000       0.4607592    
   1062.50000000000        1.401841    
   1078.12500000000        3.009331    
   1093.75000000000        5.630315    
   1109.37500000000        6.238083    
   1125.00000000000        1.716808    
   1140.62500000000        7.498601    
   1156.25000000000        31.34895    
   1171.87500000000        47.07344    
   1187.50000000000        14.85458    
   1203.12500000000        15.59803    
   1218.75000000000        6.355098    
   1234.37500000000        7.601491    
   1250.00000000000        23.46332    
   1265.62500000000        8.249402    
   1281.25000000000        12.81851    
   1296.87500000000        13.69413    
   1312.50000000000        6.556278    
   1328.12500000000        7.948265    
   1343.75000000000        5.171191    
   1359.37500000000        22.20399    
   1375.00000000000        4.704775    
   1390.62500000000        7.384093    
   1406.25000000000        8.947618    
   1421.87500000000        12.98239    
   1437.50000000000        3.970579    
   1453.12500000000        6.275864    
   1468.75000000000        2.505538    
   1484.37500000000        5.312743    
   1500.00000000000        14.33226    
   1515.62500000000        2.837496    
   1531.25000000000        4.004614    
   1546.87500000000        35.82063    
   1562.50000000000        14.25228    
   1578.12500000000        14.92675    
   1593.75000000000        6.366554    
   1609.37500000000        9.083302    
   1625.00000000000        4.604033    
   1640.62500000000        6.630090    
   1656.25000000000        6.277354    
   1671.87500000000        17.55492    
   1687.50000000000        1.734983    
   1703.12500000000        2.258627    
   1718.75000000000        7.238780    
   1734.37500000000        9.193490    
   1750.00000000000        23.50726    
   1765.62500000000        4.292792    
   1781.25000000000        7.895233    
   1796.87500000000        4.590851    
   1812.50000000000        2.680606    
   1828.12500000000        8.039132    
   1843.75000000000        1.164011    
   1859.37500000000        6.085775    
   1875.00000000000        12.90974    
   1890.62500000000        8.712763    
   1906.25000000000        5.374325    
   1921.87500000000        17.38065    
   1937.50000000000        6.046212    
   1953.12500000000        9.902119    
   1968.75000000000        7.261338    
   1984.37500000000        6.914998    
