  -2000.00000000000        11.77324    
  -1984.37500000000        9.731034    
  -1968.75000000000        6.473845    
  -1953.12500000000        10.20819    
  -1937.50000000000        12.91650    
  -1921.87500000000        11.80582    
  -1906.25000000000        1.831476    
  -1890.62500000000        18.23379    
  -1875.00000000000        4.499087    
  -1859.37500000000        1.745320    
  -1843.75000000000        9.183895    
  -1828.12500000000        19.91437    
  -1812.50000000000        5.846892    
  -1796.87500000000        4.483884    
  -1781.25000000000        7.164262    
  -1765.62500000000        1.791339    
  -1750.00000000000        18.12690    
  -1734.37500000000        8.494680    
  -1718.75000000000        18.04929    
  -1703.12500000000        2.764972    
  -1687.50000000000        11.45468    
  -1671.87500000000        29.70572    
  -1656.25000000000        4.358692    
  -1640.62500000000        8.605421    
  -1625.00000000000        7.811202    
  -1609.37500000000        7.131275    
  -1593.75000000000        11.14551    
  -1578.12500000000        2.862416    
  -1562.50000000000        13.93072    
  -1546.87500000000        64.55304    
  -1531.25000000000        14.03398    
  -1515.62500000000        13.79174    
  -1500.00000000000        17.43466    
  -1484.37500000000        12.22566    
  -1468.75000000000        15.85901    
  -1453.12500000000        13.00864    
  -1437.50000000000        14.89469    
  -1421.87500000000        8.156255    
  -1406.25000000000        11.14007    
  -1390.62500000000        4.428255    
  -1375.00000000000        7.996216    
  -1359.37500000000        9.900837    
  -1343.75000000000        19.27904    
  -1328.12500000000        2.576939    
  -1312.50000000000        8.119303    
  -1296.87500000000        18.23069    
  -1281.25000000000        16.65068    
  -1265.62500000000        9.934019    
  -1250.00000000000        23.39671    
  -1234.37500000000        10.14600    
  -1218.75000000000        7.200642    
  -1203.12500000000        18.08879    
  -1187.50000000000        26.18834    
  -1171.87500000000        62.69841    
  -1156.25000000000        66.38712    
  -1140.62500000000        24.25619    
  -1125.00000000000        11.67465    
  -1109.37500000000        24.23811    
  -1093.75000000000        13.87285    
  -1078.12500000000        3.920175    
  -1062.50000000000        5.055429    
  -1046.87500000000        11.72883    
  -1031.25000000000        21.82307    
  -1015.62500000000        3.565849    
  -1000.00000000000        1.996581    
  -984.375000000000        12.30852    
  -968.750000000000        77.03396    
  -953.125000000000        17.46679    
  -937.500000000000        13.78007    
  -921.875000000000        21.00091    
  -906.250000000000        30.63224    
  -890.625000000000        14.17957    
  -875.000000000000        9.625311    
  -859.375000000000        12.77514    
  -843.750000000000        23.92941    
  -828.125000000000        4.656747    
  -812.500000000000        16.23488    
  -796.875000000000        27.52927    
  -781.250000000000        107.4062    
  -765.625000000000        69.27094    
  -750.000000000000        25.61459    
  -734.375000000000        14.76020    
  -718.750000000000        16.22634    
  -703.125000000000        35.66022    
  -687.500000000000        26.52064    
  -671.875000000000        28.84592    
  -656.250000000000        45.31541    
  -640.625000000000        32.02327    
  -625.000000000000        51.76509    
  -609.375000000000        81.77614    
  -593.750000000000        150.9786    
  -578.125000000000        457.5000    
  -562.500000000000        74.08429    
  -546.875000000000        21.77949    
  -531.250000000000        34.35278    
  -515.625000000000        10.10782    
  -500.000000000000        27.79471    
  -484.375000000000        15.92256    
  -468.750000000000        11.14972    
  -453.125000000000        21.87031    
  -437.500000000000        31.97313    
  -421.875000000000        30.27127    
  -406.250000000000        58.16887    
  -390.625000000000        168.2075    
  -375.000000000000        64.39369    
  -359.375000000000        22.43242    
  -343.750000000000        10.29723    
  -328.125000000000        14.45909    
  -312.500000000000        27.82914    
  -296.875000000000        17.26931    
  -281.250000000000        17.65607    
  -265.625000000000        24.91775    
  -250.000000000000        40.27761    
  -234.375000000000        23.57415    
  -218.750000000000        51.33381    
  -203.125000000000        193.8521    
  -187.500000000000        260.4163    
  -171.875000000000        68.96162    
  -156.250000000000        42.11746    
  -140.625000000000        28.59852    
  -125.000000000000        37.36131    
  -109.375000000000        31.99580    
  -93.7500000000000        7.245183    
  -78.1250000000000        49.40646    
  -62.5000000000000        17.42492    
  -46.8750000000000        16.58960    
  -31.2500000000000        18.27022    
  -15.6250000000000        52.81202    
  0.000000000000000E+000   10656.50    
   15.6250000000000        50.31392    
   31.2500000000000        26.90572    
   46.8750000000000        30.15568    
   62.5000000000000        16.54269    
   78.1250000000000        25.51402    
   93.7500000000000        9.865899    
   109.375000000000        10.52497    
   125.000000000000        15.22532    
   140.625000000000        28.93154    
   156.250000000000        16.91959    
   171.875000000000        41.77097    
   187.500000000000        128.8938    
   203.125000000000        114.2503    
   218.750000000000        34.62363    
   234.375000000000        13.76763    
   250.000000000000        24.41191    
   265.625000000000        11.67495    
   281.250000000000        7.954561    
   296.875000000000        11.44276    
   312.500000000000        10.72599    
   328.125000000000        17.14065    
   343.750000000000        6.442917    
   359.375000000000        29.33442    
   375.000000000000        72.99502    
   390.625000000000        166.6256    
   406.250000000000        59.89341    
   421.875000000000        21.63234    
   437.500000000000        37.07025    
   453.125000000000        6.151845    
   468.750000000000        18.35196    
   484.375000000000        12.95639    
   500.000000000000        22.86755    
   515.625000000000        25.61333    
   531.250000000000        29.77386    
   546.875000000000        24.29485    
   562.500000000000        71.39420    
   578.125000000000        453.4580    
   593.750000000000        164.9717    
   609.375000000000        78.71907    
   625.000000000000        46.06857    
   640.625000000000        30.34508    
   656.250000000000        43.95205    
   671.875000000000        30.94888    
   687.500000000000        33.78860    
   703.125000000000        24.68864    
   718.750000000000        28.33312    
   734.375000000000        27.94502    
   750.000000000000        46.63285    
   765.625000000000        107.8714    
   781.250000000000        120.8413    
   796.875000000000        31.62424    
   812.500000000000        16.97845    
   828.125000000000        20.24527    
   843.750000000000        9.711982    
   859.375000000000        13.59046    
   875.000000000000        10.65484    
   890.625000000000        6.658756    
   906.250000000000        23.58138    
   921.875000000000        29.70093    
   937.500000000000        10.99201    
   953.125000000000        13.28236    
   968.750000000000        78.40793    
   984.375000000000        6.341771    
   1000.00000000000        6.594506    
   1015.62500000000        3.611274    
   1031.25000000000        7.328244    
   1046.87500000000        8.903590    
   1062.50000000000        1.866609    
   1078.12500000000        3.154035    
   1093.75000000000        20.32352    
   1109.37500000000        20.95526    
   1125.00000000000        8.060827    
   1140.62500000000        12.89064    
   1156.25000000000        34.73323    
   1171.87500000000        54.86660    
   1187.50000000000        19.92495    
   1203.12500000000        13.30964    
   1218.75000000000        13.26334    
   1234.37500000000        12.11481    
   1250.00000000000        22.54950    
   1265.62500000000        7.866204    
   1281.25000000000        3.159129    
   1296.87500000000        18.59818    
   1312.50000000000        1.815158    
   1328.12500000000        6.387947    
   1343.75000000000        11.66825    
   1359.37500000000        25.13296    
   1375.00000000000        11.32468    
   1390.62500000000        3.985407    
   1406.25000000000        10.92228    
   1421.87500000000        20.61947    
   1437.50000000000        15.15361    
   1453.12500000000        10.53102    
   1468.75000000000        14.96026    
   1484.37500000000        9.223279    
   1500.00000000000        15.88772    
   1515.62500000000        10.53217    
   1531.25000000000        8.141625    
   1546.87500000000        76.19753    
   1562.50000000000        25.76977    
   1578.12500000000        13.79646    
   1593.75000000000        7.303136    
   1609.37500000000        6.540536    
   1625.00000000000       0.3378204    
   1640.62500000000        8.236093    
   1656.25000000000        6.101288    
   1671.87500000000        9.406203    
   1687.50000000000        3.669970    
   1703.12500000000        10.88642    
   1718.75000000000        4.751544    
   1734.37500000000        21.86562    
   1750.00000000000        12.94929    
   1765.62500000000        16.66799    
   1781.25000000000        14.02192    
   1796.87500000000        7.997831    
   1812.50000000000        14.16391    
   1828.12500000000        9.737564    
   1843.75000000000        5.245989    
   1859.37500000000        4.034483    
   1875.00000000000        18.34609    
   1890.62500000000        22.57018    
   1906.25000000000        5.655617    
   1921.87500000000        22.74880    
   1937.50000000000        23.08103    
   1953.12500000000        3.092499    
   1968.75000000000        1.790404    
   1984.37500000000        7.211897    
