  -4000.00000000000        235.6623    
  -3968.75000000000        442.7094    
  -3937.50000000000        583.1993    
  -3906.25000000000        292.8270    
  -3875.00000000000        417.7944    
  -3843.75000000000        433.1535    
  -3812.50000000000        335.1584    
  -3781.25000000000        453.4155    
  -3750.00000000000        302.1274    
  -3718.75000000000        366.8661    
  -3687.50000000000        361.9200    
  -3656.25000000000        385.1173    
  -3625.00000000000        205.0727    
  -3593.75000000000        264.5593    
  -3562.50000000000        282.1266    
  -3531.25000000000        107.7578    
  -3500.00000000000        362.2570    
  -3468.75000000000        293.4294    
  -3437.50000000000        153.7834    
  -3406.25000000000        534.3197    
  -3375.00000000000        164.3904    
  -3343.75000000000        159.3217    
  -3312.50000000000        301.3913    
  -3281.25000000000        269.0851    
  -3250.00000000000        217.8113    
  -3218.75000000000        285.8764    
  -3187.50000000000        106.7806    
  -3156.25000000000        318.6244    
  -3125.00000000000        182.2803    
  -3093.75000000000        245.8384    
  -3062.50000000000        284.8333    
  -3031.25000000000        205.3267    
  -3000.00000000000        143.8887    
  -2968.75000000000        133.1282    
  -2937.50000000000        246.9177    
  -2906.25000000000        21.38905    
  -2875.00000000000        148.4009    
  -2843.75000000000        74.93183    
  -2812.50000000000        180.8233    
  -2781.25000000000        36.23941    
  -2750.00000000000        65.03315    
  -2718.75000000000        76.53231    
  -2687.50000000000        138.7311    
  -2656.25000000000        61.82329    
  -2625.00000000000        43.50391    
  -2593.75000000000        116.4875    
  -2562.50000000000        53.19085    
  -2531.25000000000        30.82225    
  -2500.00000000000        132.0186    
  -2468.75000000000        11.06447    
  -2437.50000000000        121.7555    
  -2406.25000000000        70.41322    
  -2375.00000000000        35.25055    
  -2343.75000000000        156.4709    
  -2312.50000000000        102.6176    
  -2281.25000000000        40.64925    
  -2250.00000000000        62.35785    
  -2218.75000000000        92.10246    
  -2187.50000000000        124.3897    
  -2156.25000000000        115.9080    
  -2125.00000000000        90.67727    
  -2093.75000000000        103.6313    
  -2062.50000000000        71.51040    
  -2031.25000000000        36.40961    
  -2000.00000000000        46.21615    
  -1968.75000000000        110.6237    
  -1937.50000000000        70.00740    
  -1906.25000000000        26.37132    
  -1875.00000000000        71.86988    
  -1843.75000000000        126.5172    
  -1812.50000000000        323.6672    
  -1781.25000000000        368.9814    
  -1750.00000000000        154.6788    
  -1718.75000000000        114.1848    
  -1687.50000000000        177.0751    
  -1656.25000000000        196.0359    
  -1625.00000000000        123.9525    
  -1593.75000000000        104.3883    
  -1562.50000000000        254.0045    
  -1531.25000000000        150.8203    
  -1500.00000000000        29.38803    
  -1468.75000000000        92.48340    
  -1437.50000000000        73.82421    
  -1406.25000000000        95.64320    
  -1375.00000000000        149.4375    
  -1343.75000000000        145.2016    
  -1312.50000000000        122.7675    
  -1281.25000000000        123.6308    
  -1250.00000000000        255.0400    
  -1218.75000000000        67.97395    
  -1187.50000000000        56.24537    
  -1156.25000000000        160.6637    
  -1125.00000000000        24.72493    
  -1093.75000000000        94.41908    
  -1062.50000000000        211.6172    
  -1031.25000000000        85.68504    
  -1000.00000000000        92.11734    
  -968.750000000000        110.8627    
  -937.500000000000        37.65339    
  -906.250000000000        199.6037    
  -875.000000000000        114.8647    
  -843.750000000000        155.9356    
  -812.500000000000        244.2337    
  -781.250000000000        330.0035    
  -750.000000000000        244.8985    
  -718.750000000000        318.4084    
  -687.500000000000        271.0997    
  -656.250000000000        477.5231    
  -625.000000000000        36.27538    
  -593.750000000000        381.9043    
  -562.500000000000        124.9639    
  -531.250000000000        213.2978    
  -500.000000000000        346.6886    
  -468.750000000000        63.77959    
  -437.500000000000        309.6438    
  -406.250000000000        344.4826    
  -375.000000000000        815.3215    
  -343.750000000000        1298.863    
  -312.500000000000        667.7939    
  -281.250000000000        917.7781    
  -250.000000000000        472.3939    
  -218.750000000000        82.67523    
  -187.500000000000        446.9965    
  -156.250000000000        1589.115    
  -125.000000000000        1599.127    
  -93.7500000000000        582.8891    
  -62.5000000000000        1534.332    
  -31.2500000000000        2874.068    
  0.000000000000000E+000   7476.507    
   31.2500000000000        2771.841    
   62.5000000000000        1656.906    
   93.7500000000000        594.9317    
   125.000000000000        1645.650    
   156.250000000000        1694.284    
   187.500000000000        456.3266    
   218.750000000000        15.42712    
   250.000000000000        453.9581    
   281.250000000000        846.2811    
   312.500000000000        632.1238    
   343.750000000000        1244.129    
   375.000000000000        751.7654    
   406.250000000000        332.8116    
   437.500000000000        207.6098    
   468.750000000000        104.0114    
   500.000000000000        368.6407    
   531.250000000000        256.0259    
   562.500000000000        186.7481    
   593.750000000000        367.3188    
   625.000000000000        35.17351    
   656.250000000000        497.6104    
   687.500000000000        285.9781    
   718.750000000000        381.1253    
   750.000000000000        251.3553    
   781.250000000000        329.0202    
   812.500000000000        268.7964    
   843.750000000000        154.6109    
   875.000000000000        108.6709    
   906.250000000000        212.9259    
   937.500000000000        34.76168    
   968.750000000000        121.9477    
   1000.00000000000        103.3846    
   1031.25000000000        101.7781    
   1062.50000000000        201.8028    
   1093.75000000000        131.2754    
   1125.00000000000        41.94886    
   1156.25000000000        190.2915    
   1187.50000000000        45.59667    
   1218.75000000000        52.86731    
   1250.00000000000        283.1855    
   1281.25000000000        92.18639    
   1312.50000000000        117.6071    
   1343.75000000000        128.6774    
   1375.00000000000        140.3209    
   1406.25000000000        135.1013    
   1437.50000000000        60.24253    
   1468.75000000000        102.8199    
   1500.00000000000        61.68122    
   1531.25000000000        140.9949    
   1562.50000000000        270.6512    
   1593.75000000000        69.95033    
   1625.00000000000        110.9866    
   1656.25000000000        217.1078    
   1687.50000000000        168.2842    
   1718.75000000000        121.5853    
   1750.00000000000        169.3846    
   1781.25000000000        324.7708    
   1812.50000000000        272.4239    
   1843.75000000000        108.0929    
   1875.00000000000        116.2391    
   1906.25000000000        29.81730    
   1937.50000000000        53.64777    
   1968.75000000000        77.18493    
   2000.00000000000        45.43597    
   2031.25000000000        17.93710    
   2062.50000000000        77.60729    
   2093.75000000000        101.7606    
   2125.00000000000        78.24831    
   2156.25000000000        137.6873    
   2187.50000000000        138.7939    
   2218.75000000000        73.75439    
   2250.00000000000        76.58961    
   2281.25000000000        41.64984    
   2312.50000000000        96.75561    
   2343.75000000000        203.8206    
   2375.00000000000        28.28112    
   2406.25000000000        60.14679    
   2437.50000000000        108.3545    
   2468.75000000000        23.10947    
   2500.00000000000        189.5052    
   2531.25000000000        24.85974    
   2562.50000000000        74.93472    
   2593.75000000000        110.3187    
   2625.00000000000        35.57633    
   2656.25000000000        61.38872    
   2687.50000000000        184.3638    
   2718.75000000000        77.26215    
   2750.00000000000        104.0803    
   2781.25000000000        49.41559    
   2812.50000000000        173.0222    
   2843.75000000000        77.04005    
   2875.00000000000        161.5050    
   2906.25000000000        35.12000    
   2937.50000000000        227.2448    
   2968.75000000000        132.8049    
   3000.00000000000        131.6890    
   3031.25000000000        237.1744    
   3062.50000000000        263.7568    
   3093.75000000000        244.4741    
   3125.00000000000        164.1391    
   3156.25000000000        296.0721    
   3187.50000000000        117.6577    
   3218.75000000000        291.2890    
   3250.00000000000        239.1515    
   3281.25000000000        302.7804    
   3312.50000000000        251.5999    
   3343.75000000000        153.0974    
   3375.00000000000        152.2862    
   3406.25000000000        514.8736    
   3437.50000000000        165.2433    
   3468.75000000000        349.9753    
   3500.00000000000        306.6578    
   3531.25000000000        111.4852    
   3562.50000000000        326.5478    
   3593.75000000000        242.7959    
   3625.00000000000        164.9985    
   3656.25000000000        398.5721    
   3687.50000000000        341.7835    
   3718.75000000000        359.9081    
   3750.00000000000        280.1504    
   3781.25000000000        490.4730    
   3812.50000000000        331.0728    
   3843.75000000000        471.6168    
   3875.00000000000        381.7387    
   3906.25000000000        274.1967    
   3937.50000000000        533.9628    
   3968.75000000000        462.3725    
