  -4000.00000000000        205.2100    
  -3968.75000000000        374.8617    
  -3937.50000000000        486.8833    
  -3906.25000000000        229.2370    
  -3875.00000000000        344.7392    
  -3843.75000000000        378.7858    
  -3812.50000000000        277.4585    
  -3781.25000000000        402.3270    
  -3750.00000000000        246.3784    
  -3718.75000000000        310.6889    
  -3687.50000000000        290.3596    
  -3656.25000000000        352.4835    
  -3625.00000000000        167.7955    
  -3593.75000000000        224.9927    
  -3562.50000000000        244.5016    
  -3531.25000000000        86.36292    
  -3500.00000000000        284.7055    
  -3468.75000000000        254.3734    
  -3437.50000000000        151.0078    
  -3406.25000000000        434.8085    
  -3375.00000000000        134.9475    
  -3343.75000000000        120.2602    
  -3312.50000000000        244.8143    
  -3281.25000000000        216.1170    
  -3250.00000000000        192.4707    
  -3218.75000000000        231.2734    
  -3187.50000000000        103.7501    
  -3156.25000000000        250.9204    
  -3125.00000000000        156.1960    
  -3093.75000000000        199.8388    
  -3062.50000000000        226.0998    
  -3031.25000000000        180.2455    
  -3000.00000000000        110.4104    
  -2968.75000000000        111.0319    
  -2937.50000000000        205.3855    
  -2906.25000000000        31.23422    
  -2875.00000000000        129.5457    
  -2843.75000000000        66.00798    
  -2812.50000000000        136.9787    
  -2781.25000000000        49.08636    
  -2750.00000000000        69.33485    
  -2718.75000000000        69.39430    
  -2687.50000000000        140.9930    
  -2656.25000000000        57.31935    
  -2625.00000000000        31.09304    
  -2593.75000000000        105.8413    
  -2562.50000000000        61.26888    
  -2531.25000000000        19.21763    
  -2500.00000000000        139.4468    
  -2468.75000000000        20.52738    
  -2437.50000000000        96.13284    
  -2406.25000000000        53.56310    
  -2375.00000000000        17.69169    
  -2343.75000000000        146.8252    
  -2312.50000000000        97.14268    
  -2281.25000000000        40.81014    
  -2250.00000000000        55.67817    
  -2218.75000000000        76.05036    
  -2187.50000000000        106.8426    
  -2156.25000000000        106.3198    
  -2125.00000000000        67.52364    
  -2093.75000000000        88.48992    
  -2062.50000000000        59.56673    
  -2031.25000000000        18.95459    
  -2000.00000000000        48.43439    
  -1968.75000000000        64.54670    
  -1937.50000000000        49.36094    
  -1906.25000000000        28.94535    
  -1875.00000000000        72.56506    
  -1843.75000000000        89.28481    
  -1812.50000000000        258.7824    
  -1781.25000000000        307.6589    
  -1750.00000000000        157.5475    
  -1718.75000000000        104.9217    
  -1687.50000000000        140.7928    
  -1656.25000000000        169.8897    
  -1625.00000000000        100.3840    
  -1593.75000000000        58.61339    
  -1562.50000000000        208.6332    
  -1531.25000000000        121.7813    
  -1500.00000000000        38.23998    
  -1468.75000000000        81.47052    
  -1437.50000000000        50.00060    
  -1406.25000000000        78.35512    
  -1375.00000000000        136.0442    
  -1343.75000000000        111.2212    
  -1312.50000000000        92.56586    
  -1281.25000000000        80.62625    
  -1250.00000000000        231.2209    
  -1218.75000000000        38.16579    
  -1187.50000000000        42.63918    
  -1156.25000000000        145.2177    
  -1125.00000000000        35.34942    
  -1093.75000000000        91.11819    
  -1062.50000000000        171.3025    
  -1031.25000000000        68.02800    
  -1000.00000000000        87.46270    
  -968.750000000000        89.80293    
  -937.500000000000        39.10704    
  -906.250000000000        165.0998    
  -875.000000000000        89.22507    
  -843.750000000000        141.5648    
  -812.500000000000        217.2723    
  -781.250000000000        280.0822    
  -750.000000000000        220.4148    
  -718.750000000000        275.2231    
  -687.500000000000        233.8037    
  -656.250000000000        427.2254    
  -625.000000000000        41.68722    
  -593.750000000000        306.3515    
  -562.500000000000        108.6334    
  -531.250000000000        206.1578    
  -500.000000000000        317.3184    
  -468.750000000000        78.23107    
  -437.500000000000        246.9825    
  -406.250000000000        288.7571    
  -375.000000000000        673.3343    
  -343.750000000000        1097.279    
  -312.500000000000        569.2800    
  -281.250000000000        790.4539    
  -250.000000000000        405.8187    
  -218.750000000000        37.83744    
  -187.500000000000        364.9376    
  -156.250000000000        1351.722    
  -125.000000000000        1358.624    
  -93.7500000000000        480.7419    
  -62.5000000000000        1339.273    
  -31.2500000000000        2400.653    
  0.000000000000000E+000   6441.648    
   31.2500000000000        2350.406    
   62.5000000000000        1374.788    
   93.7500000000000        506.3547    
   125.000000000000        1406.016    
   156.250000000000        1431.385    
   187.500000000000        368.1925    
   218.750000000000        29.77041    
   250.000000000000        364.9310    
   281.250000000000        762.2491    
   312.500000000000        563.2803    
   343.750000000000        1073.540    
   375.000000000000        650.8668    
   406.250000000000        290.7618    
   437.500000000000        224.4486    
   468.750000000000        73.52882    
   500.000000000000        325.0721    
   531.250000000000        203.7165    
   562.500000000000        123.1224    
   593.750000000000        311.8442    
   625.000000000000        35.67333    
   656.250000000000        423.2089    
   687.500000000000        240.9503    
   718.750000000000        281.8522    
   750.000000000000        216.8655    
   781.250000000000        290.8004    
   812.500000000000        229.0040    
   843.750000000000        125.7176    
   875.000000000000        77.77698    
   906.250000000000        172.1358    
   937.500000000000        37.16555    
   968.750000000000        96.88634    
   1000.00000000000        96.73405    
   1031.25000000000        65.38927    
   1062.50000000000        158.9716    
   1093.75000000000        91.67819    
   1125.00000000000        38.51379    
   1156.25000000000        151.5487    
   1187.50000000000        47.14672    
   1218.75000000000        45.77773    
   1250.00000000000        232.3566    
   1281.25000000000        71.83504    
   1312.50000000000        94.21452    
   1343.75000000000        112.7841    
   1375.00000000000        145.3457    
   1406.25000000000        91.39838    
   1437.50000000000        45.80525    
   1468.75000000000        75.55657    
   1500.00000000000        35.59019    
   1531.25000000000        117.2285    
   1562.50000000000        208.4344    
   1593.75000000000        54.78912    
   1625.00000000000        100.2450    
   1656.25000000000        166.9687    
   1687.50000000000        143.4287    
   1718.75000000000        105.7354    
   1750.00000000000        149.2519    
   1781.25000000000        297.2106    
   1812.50000000000        246.5255    
   1843.75000000000        98.41843    
   1875.00000000000        91.71311    
   1906.25000000000        32.69089    
   1937.50000000000        53.95089    
   1968.75000000000        62.92997    
   2000.00000000000        45.38778    
   2031.25000000000        19.00558    
   2062.50000000000        70.19658    
   2093.75000000000        87.37842    
   2125.00000000000        64.50206    
   2156.25000000000        105.3604    
   2187.50000000000        111.0678    
   2218.75000000000        83.25476    
   2250.00000000000        55.83356    
   2281.25000000000        41.83156    
   2312.50000000000        88.34417    
   2343.75000000000        148.7599    
   2375.00000000000        24.54569    
   2406.25000000000        55.52622    
   2437.50000000000        98.57510    
   2468.75000000000        17.97622    
   2500.00000000000        140.2675    
   2531.25000000000        18.20091    
   2562.50000000000        67.09528    
   2593.75000000000        98.92686    
   2625.00000000000        41.50628    
   2656.25000000000        58.82268    
   2687.50000000000        140.2848    
   2718.75000000000        79.34562    
   2750.00000000000        73.76242    
   2781.25000000000        49.91493    
   2812.50000000000        145.1755    
   2843.75000000000        57.76390    
   2875.00000000000        144.3982    
   2906.25000000000        24.61349    
   2937.50000000000        205.7380    
   2968.75000000000        111.9689    
   3000.00000000000        115.0068    
   3031.25000000000        187.7052    
   3062.50000000000        228.0687    
   3093.75000000000        199.2427    
   3125.00000000000        144.6713    
   3156.25000000000        246.7873    
   3187.50000000000        104.4469    
   3218.75000000000        242.3810    
   3250.00000000000        199.1856    
   3281.25000000000        234.0790    
   3312.50000000000        238.6794    
   3343.75000000000        122.8341    
   3375.00000000000        129.3830    
   3406.25000000000        434.2123    
   3437.50000000000        154.9977    
   3468.75000000000        275.0160    
   3500.00000000000        273.3854    
   3531.25000000000        80.88094    
   3562.50000000000        248.8434    
   3593.75000000000        206.6166    
   3625.00000000000        153.1599    
   3656.25000000000        348.7012    
   3687.50000000000        292.1913    
   3718.75000000000        317.4820    
   3750.00000000000        238.3697    
   3781.25000000000        408.6013    
   3812.50000000000        275.9598    
   3843.75000000000        387.0173    
   3875.00000000000        332.2448    
   3906.25000000000        220.2878    
   3937.50000000000        467.0390    
   3968.75000000000        377.9228    
