  -2000.00000000000        5.301713    
  -1984.37500000000        2.492329    
  -1968.75000000000        6.609967    
  -1953.12500000000        8.571810    
  -1937.50000000000        8.783947    
  -1921.87500000000        13.70702    
  -1906.25000000000        4.566575    
  -1890.62500000000        8.916461    
  -1875.00000000000        4.457095    
  -1859.37500000000        2.618884    
  -1843.75000000000        4.224320    
  -1828.12500000000        9.642262    
  -1812.50000000000        3.916111    
  -1796.87500000000        3.154744    
  -1781.25000000000        7.870494    
  -1765.62500000000        3.778300    
  -1750.00000000000        22.17779    
  -1734.37500000000        5.380726    
  -1718.75000000000        6.551744    
  -1703.12500000000        1.750767    
  -1687.50000000000        3.538691    
  -1671.87500000000        5.783440    
  -1656.25000000000        4.088485    
  -1640.62500000000        6.233105    
  -1625.00000000000       0.5165002    
  -1609.37500000000        4.646182    
  -1593.75000000000        6.244406    
  -1578.12500000000        10.67389    
  -1562.50000000000        8.618867    
  -1546.87500000000        26.80790    
  -1531.25000000000        6.374977    
  -1515.62500000000        6.702180    
  -1500.00000000000        15.53388    
  -1484.37500000000        7.799152    
  -1468.75000000000        2.353248    
  -1453.12500000000        3.784162    
  -1437.50000000000        3.432871    
  -1421.87500000000        8.068518    
  -1406.25000000000        6.273920    
  -1390.62500000000        5.123237    
  -1375.00000000000        1.407287    
  -1359.37500000000        17.37113    
  -1343.75000000000        7.439334    
  -1328.12500000000        5.888936    
  -1312.50000000000        4.669618    
  -1296.87500000000        13.07094    
  -1281.25000000000        4.830555    
  -1265.62500000000        5.806265    
  -1250.00000000000        23.39433    
  -1234.37500000000        9.248654    
  -1218.75000000000        5.958679    
  -1203.12500000000        15.61312    
  -1187.50000000000        18.34114    
  -1171.87500000000        50.78663    
  -1156.25000000000        47.58562    
  -1140.62500000000        11.47596    
  -1125.00000000000        4.194296    
  -1109.37500000000        8.696792    
  -1093.75000000000        1.089342    
  -1078.12500000000        3.379294    
  -1062.50000000000        2.648118    
  -1046.87500000000        1.880535    
  -1031.25000000000        4.160169    
  -1015.62500000000        3.306684    
  -1000.00000000000        1.594288    
  -984.375000000000        7.959693    
  -968.750000000000        56.94217    
  -953.125000000000        14.86188    
  -937.500000000000        10.23082    
  -921.875000000000        25.94794    
  -906.250000000000        17.19625    
  -890.625000000000        6.687593    
  -875.000000000000        5.842239    
  -859.375000000000        6.540826    
  -843.750000000000        6.324601    
  -828.125000000000        10.84319    
  -812.500000000000        12.10821    
  -796.875000000000        20.48922    
  -781.250000000000        72.52432    
  -765.625000000000        66.10430    
  -750.000000000000        22.46214    
  -734.375000000000        17.95691    
  -718.750000000000        24.12625    
  -703.125000000000        20.91764    
  -687.500000000000        20.61305    
  -671.875000000000        22.79932    
  -656.250000000000        28.62955    
  -640.625000000000        25.88252    
  -625.000000000000        43.90192    
  -609.375000000000        64.62717    
  -593.750000000000        138.5976    
  -578.125000000000        398.6151    
  -562.500000000000        66.12335    
  -546.875000000000        21.88471    
  -531.250000000000        30.67319    
  -515.625000000000        20.68840    
  -500.000000000000        15.65011    
  -484.375000000000        4.945028    
  -468.750000000000        9.928155    
  -453.125000000000        11.08213    
  -437.500000000000        19.63113    
  -421.875000000000        13.17477    
  -406.250000000000        34.60571    
  -390.625000000000        157.5700    
  -375.000000000000        49.77146    
  -359.375000000000        24.06225    
  -343.750000000000        4.692518    
  -328.125000000000        7.641247    
  -312.500000000000        17.78730    
  -296.875000000000        14.04612    
  -281.250000000000        10.70076    
  -265.625000000000        14.60486    
  -250.000000000000        27.44289    
  -234.375000000000        13.07939    
  -218.750000000000        34.41375    
  -203.125000000000        135.1881    
  -187.500000000000        148.4412    
  -171.875000000000        45.22494    
  -156.250000000000        23.68435    
  -140.625000000000        21.28065    
  -125.000000000000        19.20597    
  -109.375000000000        7.971680    
  -93.7500000000000        1.993819    
  -78.1250000000000        27.06244    
  -62.5000000000000        9.595448    
  -46.8750000000000        18.86306    
  -31.2500000000000        12.92862    
  -15.6250000000000        41.68169    
  0.000000000000000E+000   8686.726    
   15.6250000000000        42.25186    
   31.2500000000000        14.01624    
   46.8750000000000        19.64137    
   62.5000000000000        10.71503    
   78.1250000000000        28.91058    
   93.7500000000000        2.044928    
   109.375000000000        7.377608    
   125.000000000000        19.92370    
   140.625000000000        22.03767    
   156.250000000000        24.14481    
   171.875000000000        46.01643    
   187.500000000000        150.8640    
   203.125000000000        134.9206    
   218.750000000000        34.92354    
   234.375000000000        13.41273    
   250.000000000000        24.92848    
   265.625000000000        14.25939    
   281.250000000000        8.866995    
   296.875000000000        13.56535    
   312.500000000000        15.53676    
   328.125000000000        5.551835    
   343.750000000000        1.650745    
   359.375000000000        20.03839    
   375.000000000000        55.40943    
   390.625000000000        130.1084    
   406.250000000000        41.87849    
   421.875000000000        19.71980    
   437.500000000000        24.54817    
   453.125000000000        13.92097    
   468.750000000000        8.441772    
   484.375000000000        7.599810    
   500.000000000000        16.97046    
   515.625000000000        20.49500    
   531.250000000000        30.96884    
   546.875000000000        22.45572    
   562.500000000000        62.95233    
   578.125000000000        375.9713    
   593.750000000000        133.5984    
   609.375000000000        61.70636    
   625.000000000000        40.64970    
   640.625000000000        25.52589    
   656.250000000000        27.48252    
   671.875000000000        21.88656    
   687.500000000000        19.95639    
   703.125000000000        19.66641    
   718.750000000000        20.90388    
   734.375000000000        18.25466    
   750.000000000000        22.03745    
   765.625000000000        67.65271    
   781.250000000000        75.68904    
   796.875000000000        21.20711    
   812.500000000000        11.72990    
   828.125000000000        9.628638    
   843.750000000000        6.223620    
   859.375000000000        6.382385    
   875.000000000000        5.865152    
   890.625000000000        7.819365    
   906.250000000000        17.46792    
   921.875000000000        23.87283    
   937.500000000000        9.401544    
   953.125000000000        13.34075    
   968.750000000000        42.36895    
   984.375000000000        7.490871    
   1000.00000000000        1.403695    
   1015.62500000000        3.461288    
   1031.25000000000        3.868687    
   1046.87500000000        2.376028    
   1062.50000000000        2.302135    
   1078.12500000000        3.655312    
   1093.75000000000        1.408671    
   1109.37500000000        9.725884    
   1125.00000000000        4.301714    
   1140.62500000000        11.66138    
   1156.25000000000        47.62837    
   1171.87500000000        50.34219    
   1187.50000000000        17.99841    
   1203.12500000000        15.38811    
   1218.75000000000        5.858906    
   1234.37500000000        9.179893    
   1250.00000000000        22.35633    
   1265.62500000000        5.607839    
   1281.25000000000        3.656235    
   1296.87500000000        12.12517    
   1312.50000000000        4.508014    
   1328.12500000000        5.693705    
   1343.75000000000        7.142852    
   1359.37500000000        17.62451    
   1375.00000000000        1.166004    
   1390.62500000000        5.142608    
   1406.25000000000        6.143557    
   1421.87500000000        8.686287    
   1437.50000000000        3.281437    
   1453.12500000000        4.161618    
   1468.75000000000        2.391018    
   1484.37500000000        7.530881    
   1500.00000000000        15.68500    
   1515.62500000000        6.712651    
   1531.25000000000        6.429192    
   1546.87500000000        26.55225    
   1562.50000000000        8.290725    
   1578.12500000000        10.61093    
   1593.75000000000        5.820137    
   1609.37500000000        4.862075    
   1625.00000000000       0.7396567    
   1640.62500000000        5.314197    
   1656.25000000000        3.742722    
   1671.87500000000        5.432644    
   1687.50000000000        3.293941    
   1703.12500000000        2.028074    
   1718.75000000000        6.538240    
   1734.37500000000        5.119716    
   1750.00000000000        22.93734    
   1765.62500000000        3.808381    
   1781.25000000000        8.310492    
   1796.87500000000        3.435500    
   1812.50000000000        4.177490    
   1828.12500000000        9.967111    
   1843.75000000000        4.242689    
   1859.37500000000        2.810074    
   1875.00000000000        4.665810    
   1890.62500000000        8.638663    
   1906.25000000000        4.720395    
   1921.87500000000        13.00393    
   1937.50000000000        8.503793    
   1953.12500000000        7.997354    
   1968.75000000000        6.217130    
   1984.37500000000        2.789587    
