  -2000.00000000000        5.339973    
  -1984.37500000000        6.109760    
  -1968.75000000000        9.107515    
  -1953.12500000000        9.440635    
  -1937.50000000000        6.685165    
  -1921.87500000000        13.50528    
  -1906.25000000000        6.064571    
  -1890.62500000000        10.37856    
  -1875.00000000000        8.943316    
  -1859.37500000000        3.216148    
  -1843.75000000000        2.242191    
  -1828.12500000000        11.09719    
  -1812.50000000000        5.783917    
  -1796.87500000000        2.797005    
  -1781.25000000000        9.284614    
  -1765.62500000000        3.335033    
  -1750.00000000000        25.70602    
  -1734.37500000000        6.671448    
  -1718.75000000000        8.337013    
  -1703.12500000000        4.136747    
  -1687.50000000000        7.233203    
  -1671.87500000000        4.919748    
  -1656.25000000000        4.029928    
  -1640.62500000000        7.358197    
  -1625.00000000000        1.430073    
  -1609.37500000000        4.746184    
  -1593.75000000000        5.525581    
  -1578.12500000000        9.329633    
  -1562.50000000000        11.40838    
  -1546.87500000000        35.93078    
  -1531.25000000000        7.488443    
  -1515.62500000000        6.212805    
  -1500.00000000000        16.10565    
  -1484.37500000000        7.348912    
  -1468.75000000000        4.660919    
  -1453.12500000000        4.247950    
  -1437.50000000000        3.940034    
  -1421.87500000000        9.120649    
  -1406.25000000000        6.468762    
  -1390.62500000000        5.341432    
  -1375.00000000000       0.1494896    
  -1359.37500000000        35.77922    
  -1343.75000000000        8.981153    
  -1328.12500000000        7.343868    
  -1312.50000000000        4.529100    
  -1296.87500000000        13.71311    
  -1281.25000000000        9.197406    
  -1265.62500000000        7.910367    
  -1250.00000000000        27.24922    
  -1234.37500000000        6.958134    
  -1218.75000000000        3.805116    
  -1203.12500000000        17.46736    
  -1187.50000000000        20.19160    
  -1171.87500000000        57.42955    
  -1156.25000000000        51.07186    
  -1140.62500000000        11.78785    
  -1125.00000000000        2.400701    
  -1109.37500000000        8.620922    
  -1093.75000000000        2.998950    
  -1078.12500000000        4.321251    
  -1062.50000000000        2.367112    
  -1046.87500000000        4.060112    
  -1031.25000000000        5.822393    
  -1015.62500000000        5.143426    
  -1000.00000000000       0.1539930    
  -984.375000000000        9.658536    
  -968.750000000000        68.96223    
  -953.125000000000        16.59402    
  -937.500000000000        10.64902    
  -921.875000000000        28.55308    
  -906.250000000000        13.46563    
  -890.625000000000        17.08047    
  -875.000000000000        8.263802    
  -859.375000000000        10.07568    
  -843.750000000000        7.508999    
  -828.125000000000        13.03649    
  -812.500000000000        14.74048    
  -796.875000000000        24.50500    
  -781.250000000000        78.80521    
  -765.625000000000        69.99607    
  -750.000000000000        23.56760    
  -734.375000000000        18.83354    
  -718.750000000000        26.52611    
  -703.125000000000        22.43893    
  -687.500000000000        17.42180    
  -671.875000000000        21.57178    
  -656.250000000000        28.15961    
  -640.625000000000        28.34484    
  -625.000000000000        44.59089    
  -609.375000000000        68.36101    
  -593.750000000000        145.9338    
  -578.125000000000        409.6737    
  -562.500000000000        72.61074    
  -546.875000000000        23.88020    
  -531.250000000000        34.74054    
  -515.625000000000        25.46745    
  -500.000000000000        14.94046    
  -484.375000000000        5.946585    
  -468.750000000000        8.579391    
  -453.125000000000        14.79623    
  -437.500000000000        22.46862    
  -421.875000000000        15.02774    
  -406.250000000000        41.38003    
  -390.625000000000        158.2460    
  -375.000000000000        54.29995    
  -359.375000000000        25.26905    
  -343.750000000000        4.609236    
  -328.125000000000        8.744236    
  -312.500000000000        22.17622    
  -296.875000000000        18.72472    
  -281.250000000000        14.47569    
  -265.625000000000        22.54753    
  -250.000000000000        24.70073    
  -234.375000000000        23.66457    
  -218.750000000000        48.19042    
  -203.125000000000        179.9847    
  -187.500000000000        209.1296    
  -171.875000000000        65.46970    
  -156.250000000000        33.18162    
  -140.625000000000        27.03951    
  -125.000000000000        26.04006    
  -109.375000000000        13.61347    
  -93.7500000000000        5.200686    
  -78.1250000000000        31.50678    
  -62.5000000000000        12.34992    
  -46.8750000000000        18.20465    
  -31.2500000000000        12.96563    
  -15.6250000000000        45.70069    
  0.000000000000000E+000   9331.018    
   15.6250000000000        47.30848    
   31.2500000000000        17.38775    
   46.8750000000000        22.90919    
   62.5000000000000        8.915132    
   78.1250000000000        31.45282    
   93.7500000000000        4.443241    
   109.375000000000        7.725602    
   125.000000000000        21.78586    
   140.625000000000        21.62592    
   156.250000000000        24.88613    
   171.875000000000        42.80711    
   187.500000000000        138.9543    
   203.125000000000        117.3356    
   218.750000000000        35.03080    
   234.375000000000        13.36578    
   250.000000000000        26.93014    
   265.625000000000        11.95016    
   281.250000000000        14.88254    
   296.875000000000        11.29254    
   312.500000000000        20.18852    
   328.125000000000        8.173682    
   343.750000000000        4.964677    
   359.375000000000        27.02480    
   375.000000000000        69.78166    
   390.625000000000        166.6232    
   406.250000000000        46.74550    
   421.875000000000        20.71041    
   437.500000000000        27.87914    
   453.125000000000        14.31791    
   468.750000000000        9.857285    
   484.375000000000        8.844336    
   500.000000000000        19.11222    
   515.625000000000        21.60287    
   531.250000000000        33.94917    
   546.875000000000        26.56350    
   562.500000000000        69.50742    
   578.125000000000        420.4938    
   593.750000000000        149.3975    
   609.375000000000        66.95650    
   625.000000000000        45.93504    
   640.625000000000        28.19174    
   656.250000000000        30.09320    
   671.875000000000        22.72172    
   687.500000000000        22.18820    
   703.125000000000        24.42519    
   718.750000000000        23.19982    
   734.375000000000        19.66413    
   750.000000000000        25.05240    
   765.625000000000        73.66263    
   781.250000000000        87.97936    
   796.875000000000        25.83017    
   812.500000000000        15.30662    
   828.125000000000        11.63170    
   843.750000000000        7.747545    
   859.375000000000        7.640186    
   875.000000000000        8.133835    
   890.625000000000        9.147388    
   906.250000000000        20.71218    
   921.875000000000        26.73835    
   937.500000000000        9.140740    
   953.125000000000        16.74192    
   968.750000000000        48.73817    
   984.375000000000        8.521325    
   1000.00000000000        1.715733    
   1015.62500000000        5.010590    
   1031.25000000000        8.407288    
   1046.87500000000        1.300436    
   1062.50000000000        3.377079    
   1078.12500000000        3.699396    
   1093.75000000000        5.851699    
   1109.37500000000        11.31068    
   1125.00000000000        5.253334    
   1140.62500000000        11.81618    
   1156.25000000000        49.69113    
   1171.87500000000        51.63423    
   1187.50000000000        20.75843    
   1203.12500000000        17.03421    
   1218.75000000000        6.814696    
   1234.37500000000        10.42537    
   1250.00000000000        26.17799    
   1265.62500000000        8.097080    
   1281.25000000000        11.76152    
   1296.87500000000        12.18890    
   1312.50000000000        5.978150    
   1328.12500000000        6.051027    
   1343.75000000000        8.495859    
   1359.37500000000        35.83191    
   1375.00000000000        5.065691    
   1390.62500000000        8.611468    
   1406.25000000000        8.476679    
   1421.87500000000        11.49144    
   1437.50000000000        3.069308    
   1453.12500000000        3.961526    
   1468.75000000000        2.126236    
   1484.37500000000        8.318885    
   1500.00000000000        17.35299    
   1515.62500000000        8.168521    
   1531.25000000000        9.135819    
   1546.87500000000        36.59616    
   1562.50000000000        13.10793    
   1578.12500000000        11.40658    
   1593.75000000000        8.317643    
   1609.37500000000        3.274005    
   1625.00000000000        4.443869    
   1640.62500000000        6.020436    
   1656.25000000000        1.349028    
   1671.87500000000        5.482002    
   1687.50000000000        5.622236    
   1703.12500000000        3.042959    
   1718.75000000000        5.534525    
   1734.37500000000        3.310470    
   1750.00000000000        20.88124    
   1765.62500000000        3.299540    
   1781.25000000000        8.440640    
   1796.87500000000        4.120888    
   1812.50000000000        3.446107    
   1828.12500000000        10.37156    
   1843.75000000000        4.827228    
   1859.37500000000        5.699251    
   1875.00000000000        3.018363    
   1890.62500000000        11.83107    
   1906.25000000000        4.483048    
   1921.87500000000        16.09123    
   1937.50000000000        17.22924    
   1953.12500000000        9.001662    
   1968.75000000000        6.484789    
   1984.37500000000        1.592928    
