  -2000.00000000000        7.377444    
  -1984.37500000000        9.349227    
  -1968.75000000000        18.86235    
  -1953.12500000000        22.35464    
  -1937.50000000000        17.91962    
  -1921.87500000000        7.928287    
  -1906.25000000000        17.45049    
  -1890.62500000000        21.53479    
  -1875.00000000000        18.25693    
  -1859.37500000000        21.30896    
  -1843.75000000000       0.9533911    
  -1828.12500000000        17.08866    
  -1812.50000000000        5.574768    
  -1796.87500000000        5.702734    
  -1781.25000000000        11.58809    
  -1765.62500000000        4.427730    
  -1750.00000000000        52.92562    
  -1734.37500000000        4.811317    
  -1718.75000000000        10.49745    
  -1703.12500000000        5.276785    
  -1687.50000000000        6.984048    
  -1671.87500000000        19.73444    
  -1656.25000000000        4.887071    
  -1640.62500000000        16.39300    
  -1625.00000000000        3.167681    
  -1609.37500000000        8.867782    
  -1593.75000000000        3.170882    
  -1578.12500000000        18.43567    
  -1562.50000000000        28.11480    
  -1546.87500000000        26.43565    
  -1531.25000000000        17.26156    
  -1515.62500000000        2.618643    
  -1500.00000000000        22.48431    
  -1484.37500000000        10.90092    
  -1468.75000000000        11.33015    
  -1453.12500000000        5.888686    
  -1437.50000000000        5.781918    
  -1421.87500000000        13.22354    
  -1406.25000000000        12.16349    
  -1390.62500000000        12.40283    
  -1375.00000000000        16.60809    
  -1359.37500000000        62.52694    
  -1343.75000000000        15.88035    
  -1328.12500000000        9.524058    
  -1312.50000000000        8.972388    
  -1296.87500000000        19.58958    
  -1281.25000000000        15.14872    
  -1265.62500000000        4.411371    
  -1250.00000000000        27.42377    
  -1234.37500000000        33.36256    
  -1218.75000000000        12.71116    
  -1203.12500000000        17.44309    
  -1187.50000000000        25.39889    
  -1171.87500000000        92.36758    
  -1156.25000000000        91.82170    
  -1140.62500000000        28.16968    
  -1125.00000000000        13.09974    
  -1109.37500000000        9.628562    
  -1093.75000000000        19.16090    
  -1078.12500000000        3.596968    
  -1062.50000000000        7.888576    
  -1046.87500000000        19.20044    
  -1031.25000000000        18.44504    
  -1015.62500000000        5.380406    
  -1000.00000000000        8.561784    
  -984.375000000000        13.64036    
  -968.750000000000        83.86931    
  -953.125000000000        13.46915    
  -937.500000000000        9.740579    
  -921.875000000000        27.40838    
  -906.250000000000        32.32588    
  -890.625000000000        19.34415    
  -875.000000000000        7.575662    
  -859.375000000000        6.058683    
  -843.750000000000        9.703821    
  -828.125000000000        14.33013    
  -812.500000000000        11.76453    
  -796.875000000000        17.36594    
  -781.250000000000        54.14004    
  -765.625000000000        45.47525    
  -750.000000000000        16.98002    
  -734.375000000000        18.10289    
  -718.750000000000        35.71300    
  -703.125000000000        6.058975    
  -687.500000000000        9.736217    
  -671.875000000000        15.55993    
  -656.250000000000        15.66070    
  -640.625000000000        27.53924    
  -625.000000000000        51.92629    
  -609.375000000000        72.77660    
  -593.750000000000        144.7474    
  -578.125000000000        434.1441    
  -562.500000000000        69.64958    
  -546.875000000000        21.01198    
  -531.250000000000        38.45330    
  -515.625000000000        38.77286    
  -500.000000000000        17.77345    
  -484.375000000000        9.049779    
  -468.750000000000        13.75709    
  -453.125000000000        28.68544    
  -437.500000000000        27.97371    
  -421.875000000000        21.43695    
  -406.250000000000        53.44087    
  -390.625000000000        166.2565    
  -375.000000000000        56.46131    
  -359.375000000000        26.38110    
  -343.750000000000        3.502502    
  -328.125000000000        15.80066    
  -312.500000000000        40.52239    
  -296.875000000000        24.58206    
  -281.250000000000        16.50231    
  -265.625000000000        28.63465    
  -250.000000000000        23.39247    
  -234.375000000000        19.75029    
  -218.750000000000        63.26719    
  -203.125000000000        205.9902    
  -187.500000000000        242.2877    
  -171.875000000000        78.96722    
  -156.250000000000        31.19841    
  -140.625000000000        25.25806    
  -125.000000000000        44.82943    
  -109.375000000000        23.77331    
  -93.7500000000000        9.374635    
  -78.1250000000000        31.63335    
  -62.5000000000000        8.656411    
  -46.8750000000000        24.37506    
  -31.2500000000000        16.94269    
  -15.6250000000000        46.73268    
  0.000000000000000E+000   10861.40    
   15.6250000000000        52.46399    
   31.2500000000000        19.21288    
   46.8750000000000        27.04613    
   62.5000000000000        14.29599    
   78.1250000000000        33.52594    
   93.7500000000000        7.117882    
   109.375000000000        2.522784    
   125.000000000000        18.32266    
   140.625000000000        31.19784    
   156.250000000000        30.24106    
   171.875000000000        51.56742    
   187.500000000000        161.6022    
   203.125000000000        141.3796    
   218.750000000000        39.69284    
   234.375000000000        15.65323    
   250.000000000000        29.92330    
   265.625000000000        22.17102    
   281.250000000000        20.41446    
   296.875000000000        17.03719    
   312.500000000000        28.67302    
   328.125000000000        9.488454    
   343.750000000000        6.461991    
   359.375000000000        28.86261    
   375.000000000000        77.21426    
   390.625000000000        214.2256    
   406.250000000000        52.65072    
   421.875000000000        21.05423    
   437.500000000000        31.80046    
   453.125000000000        13.50793    
   468.750000000000        16.71706    
   484.375000000000        12.08986    
   500.000000000000        21.51873    
   515.625000000000        23.80198    
   531.250000000000        43.68185    
   546.875000000000        26.12773    
   562.500000000000        80.90234    
   578.125000000000        484.0090    
   593.750000000000        177.2174    
   609.375000000000        79.84631    
   625.000000000000        50.45409    
   640.625000000000        38.00916    
   656.250000000000        24.20346    
   671.875000000000        24.03478    
   687.500000000000        26.46722    
   703.125000000000        17.02346    
   718.750000000000        28.47385    
   734.375000000000        28.95531    
   750.000000000000        31.97161    
   765.625000000000        95.70976    
   781.250000000000        118.6234    
   796.875000000000        34.90298    
   812.500000000000        23.41895    
   828.125000000000        24.67159    
   843.750000000000        9.583113    
   859.375000000000        16.85052    
   875.000000000000        6.956695    
   890.625000000000        12.44210    
   906.250000000000        30.86028    
   921.875000000000        26.54301    
   937.500000000000        13.65304    
   953.125000000000        14.71133    
   968.750000000000        64.33944    
   984.375000000000        4.156296    
   1000.00000000000        7.543218    
   1015.62500000000        1.986071    
   1031.25000000000        8.898221    
   1046.87500000000        4.935652    
   1062.50000000000        1.500291    
   1078.12500000000        7.942570    
   1093.75000000000        17.01989    
   1109.37500000000        10.17935    
   1125.00000000000        9.978170    
   1140.62500000000        15.06097    
   1156.25000000000        89.38405    
   1171.87500000000        79.69524    
   1187.50000000000        29.83907    
   1203.12500000000        24.68769    
   1218.75000000000        13.78094    
   1234.37500000000        12.35973    
   1250.00000000000        31.77573    
   1265.62500000000        3.790810    
   1281.25000000000        20.66054    
   1296.87500000000        36.23289    
   1312.50000000000        9.891753    
   1328.12500000000        13.88628    
   1343.75000000000        21.89602    
   1359.37500000000        26.45809    
   1375.00000000000        4.555938    
   1390.62500000000        7.780784    
   1406.25000000000        8.784733    
   1421.87500000000        20.20820    
   1437.50000000000        12.93320    
   1453.12500000000        9.252479    
   1468.75000000000        13.57083    
   1484.37500000000        26.02908    
   1500.00000000000        18.53287    
   1515.62500000000        12.19577    
   1531.25000000000        16.03466    
   1546.87500000000        45.20030    
   1562.50000000000        4.460724    
   1578.12500000000        18.67513    
   1593.75000000000        5.975071    
   1609.37500000000        16.89699    
   1625.00000000000        15.06518    
   1640.62500000000        10.90826    
   1656.25000000000        1.895772    
   1671.87500000000        34.61159    
   1687.50000000000        15.50977    
   1703.12500000000        10.70795    
   1718.75000000000        12.15662    
   1734.37500000000        10.30809    
   1750.00000000000        27.34907    
   1765.62500000000        11.00528    
   1781.25000000000        11.11614    
   1796.87500000000        4.942538    
   1812.50000000000        7.362908    
   1828.12500000000        18.03884    
   1843.75000000000        5.137900    
   1859.37500000000        21.25616    
   1875.00000000000        4.428282    
   1890.62500000000        9.100409    
   1906.25000000000        6.043145    
   1921.87500000000        24.04388    
   1937.50000000000        23.82703    
   1953.12500000000        11.10037    
   1968.75000000000        10.78686    
   1984.37500000000        8.004399    
