  -2000.00000000000        5.185233    
  -1984.37500000000        4.657086    
  -1968.75000000000        13.42629    
  -1953.12500000000        14.55214    
  -1937.50000000000        14.79887    
  -1921.87500000000        16.97667    
  -1906.25000000000       0.6257850    
  -1890.62500000000        12.69469    
  -1875.00000000000        6.136197    
  -1859.37500000000        3.724504    
  -1843.75000000000        6.314443    
  -1828.12500000000        11.25915    
  -1812.50000000000        11.50265    
  -1796.87500000000        5.546781    
  -1781.25000000000        10.01095    
  -1765.62500000000        9.312391    
  -1750.00000000000        25.49411    
  -1734.37500000000        6.331084    
  -1718.75000000000        7.562004    
  -1703.12500000000        2.773486    
  -1687.50000000000        9.759760    
  -1671.87500000000        4.981816    
  -1656.25000000000        3.215321    
  -1640.62500000000        5.704104    
  -1625.00000000000        4.264152    
  -1609.37500000000        5.184911    
  -1593.75000000000        3.940824    
  -1578.12500000000        13.57493    
  -1562.50000000000        10.90415    
  -1546.87500000000        19.58957    
  -1531.25000000000        8.110703    
  -1515.62500000000        8.942521    
  -1500.00000000000        18.27619    
  -1484.37500000000        22.76636    
  -1468.75000000000        2.778863    
  -1453.12500000000        4.559167    
  -1437.50000000000        5.000938    
  -1421.87500000000        10.45854    
  -1406.25000000000        10.27699    
  -1390.62500000000        1.922745    
  -1375.00000000000        3.322353    
  -1359.37500000000        14.63011    
  -1343.75000000000        9.867983    
  -1328.12500000000        6.941923    
  -1312.50000000000        7.300081    
  -1296.87500000000        18.63512    
  -1281.25000000000        4.421141    
  -1265.62500000000        5.451223    
  -1250.00000000000        29.55718    
  -1234.37500000000        13.98546    
  -1218.75000000000        11.40374    
  -1203.12500000000        19.72798    
  -1187.50000000000        19.98432    
  -1171.87500000000        64.26935    
  -1156.25000000000        69.07521    
  -1140.62500000000        13.93499    
  -1125.00000000000        8.002109    
  -1109.37500000000        9.629209    
  -1093.75000000000        10.87066    
  -1078.12500000000        4.243379    
  -1062.50000000000        2.857566    
  -1046.87500000000        5.061005    
  -1031.25000000000        5.389938    
  -1015.62500000000        3.269702    
  -1000.00000000000       0.5543401    
  -984.375000000000        6.937733    
  -968.750000000000        89.63210    
  -953.125000000000        20.05384    
  -937.500000000000        12.80249    
  -921.875000000000        27.72097    
  -906.250000000000        20.73720    
  -890.625000000000        10.96791    
  -875.000000000000        8.050637    
  -859.375000000000        9.012387    
  -843.750000000000        15.55492    
  -828.125000000000        14.82576    
  -812.500000000000        17.35511    
  -796.875000000000        25.74233    
  -781.250000000000        78.10532    
  -765.625000000000        77.42308    
  -750.000000000000        22.59161    
  -734.375000000000        15.24414    
  -718.750000000000        22.03172    
  -703.125000000000        27.06930    
  -687.500000000000        25.68528    
  -671.875000000000        23.84803    
  -656.250000000000        36.37049    
  -640.625000000000        28.39124    
  -625.000000000000        48.57862    
  -609.375000000000        72.79682    
  -593.750000000000        151.2007    
  -578.125000000000        435.5300    
  -562.500000000000        77.09845    
  -546.875000000000        28.69870    
  -531.250000000000        36.23434    
  -515.625000000000        31.49048    
  -500.000000000000        18.32835    
  -484.375000000000        12.05887    
  -468.750000000000        5.952490    
  -453.125000000000        14.89789    
  -437.500000000000        27.01935    
  -421.875000000000        20.96516    
  -406.250000000000        52.28944    
  -390.625000000000        177.6886    
  -375.000000000000        62.72428    
  -359.375000000000        27.90014    
  -343.750000000000        9.295623    
  -328.125000000000        17.25278    
  -312.500000000000        22.74830    
  -296.875000000000        18.74516    
  -281.250000000000        13.05755    
  -265.625000000000        26.34214    
  -250.000000000000        26.61572    
  -234.375000000000        28.62992    
  -218.750000000000        59.96108    
  -203.125000000000        212.3835    
  -187.500000000000        260.9333    
  -171.875000000000        76.08891    
  -156.250000000000        43.49953    
  -140.625000000000        32.18527    
  -125.000000000000        33.28530    
  -109.375000000000        18.84251    
  -93.7500000000000        6.645352    
  -78.1250000000000        36.14159    
  -62.5000000000000        22.61523    
  -46.8750000000000        22.02977    
  -31.2500000000000        12.46913    
  -15.6250000000000        45.44302    
  0.000000000000000E+000   10139.10    
   15.6250000000000        56.11777    
   31.2500000000000        22.90160    
   46.8750000000000        32.86275    
   62.5000000000000        11.82610    
   78.1250000000000        37.83169    
   93.7500000000000        8.390876    
   109.375000000000        9.096616    
   125.000000000000        33.13225    
   140.625000000000        26.75805    
   156.250000000000        30.20060    
   171.875000000000        53.29932    
   187.500000000000        149.5278    
   203.125000000000        122.0135    
   218.750000000000        44.28960    
   234.375000000000        17.02131    
   250.000000000000        26.51494    
   265.625000000000        10.07071    
   281.250000000000        12.99193    
   296.875000000000        14.55515    
   312.500000000000        26.97027    
   328.125000000000        6.381045    
   343.750000000000        2.349066    
   359.375000000000        25.73354    
   375.000000000000        69.30343    
   390.625000000000        182.0898    
   406.250000000000        44.76247    
   421.875000000000        20.05943    
   437.500000000000        29.22207    
   453.125000000000        18.87241    
   468.750000000000        12.02034    
   484.375000000000        6.199999    
   500.000000000000        16.24939    
   515.625000000000        25.41802    
   531.250000000000        34.53193    
   546.875000000000        26.18314    
   562.500000000000        70.06238    
   578.125000000000        437.3739    
   593.750000000000        161.1882    
   609.375000000000        71.25273    
   625.000000000000        48.93854    
   640.625000000000        34.53369    
   656.250000000000        33.37268    
   671.875000000000        26.62502    
   687.500000000000        26.78771    
   703.125000000000        22.02926    
   718.750000000000        27.02437    
   734.375000000000        20.54322    
   750.000000000000        26.82784    
   765.625000000000        83.17453    
   781.250000000000        92.17410    
   796.875000000000        23.55352    
   812.500000000000        14.20944    
   828.125000000000        13.09768    
   843.750000000000        3.593785    
   859.375000000000        9.957599    
   875.000000000000        6.966450    
   890.625000000000        6.653317    
   906.250000000000        24.48179    
   921.875000000000        29.38765    
   937.500000000000        9.431038    
   953.125000000000        5.954300    
   968.750000000000        47.14922    
   984.375000000000        7.907119    
   1000.00000000000        6.636163    
   1015.62500000000        1.918006    
   1031.25000000000        9.037159    
   1046.87500000000        1.633064    
   1062.50000000000        3.731519    
   1078.12500000000        3.681634    
   1093.75000000000        7.754132    
   1109.37500000000        14.85235    
   1125.00000000000        5.107984    
   1140.62500000000        15.70293    
   1156.25000000000        58.55619    
   1171.87500000000        62.75304    
   1187.50000000000        20.33680    
   1203.12500000000        17.73764    
   1218.75000000000        9.260499    
   1234.37500000000        12.94302    
   1250.00000000000        24.69006    
   1265.62500000000        4.323027    
   1281.25000000000        3.168862    
   1296.87500000000        20.57937    
   1312.50000000000        3.675095    
   1328.12500000000        3.914048    
   1343.75000000000        8.953233    
   1359.37500000000        9.840617    
   1375.00000000000        3.981112    
   1390.62500000000        5.081570    
   1406.25000000000        5.769986    
   1421.87500000000        15.03875    
   1437.50000000000        11.88484    
   1453.12500000000        6.101614    
   1468.75000000000       0.6703071    
   1484.37500000000        14.60783    
   1500.00000000000        18.75619    
   1515.62500000000        6.152591    
   1531.25000000000        3.735001    
   1546.87500000000        22.03562    
   1562.50000000000        6.865739    
   1578.12500000000        16.12385    
   1593.75000000000        5.908402    
   1609.37500000000        7.697377    
   1625.00000000000        5.121981    
   1640.62500000000        2.991771    
   1656.25000000000        1.938046    
   1671.87500000000        18.36560    
   1687.50000000000        5.492499    
   1703.12500000000        2.990520    
   1718.75000000000        9.747657    
   1734.37500000000        16.37732    
   1750.00000000000        21.63982    
   1765.62500000000        10.03735    
   1781.25000000000        8.398289    
   1796.87500000000        5.712484    
   1812.50000000000        5.035015    
   1828.12500000000        11.14423    
   1843.75000000000        4.661917    
   1859.37500000000        7.456629    
   1875.00000000000        17.29493    
   1890.62500000000        12.81930    
   1906.25000000000        12.46786    
   1921.87500000000        21.06083    
   1937.50000000000        15.04585    
   1953.12500000000        13.99518    
   1968.75000000000        4.235937    
   1984.37500000000        2.102704    
