  -2000.00000000000        128.0376    
  -1984.37500000000        58.87503    
  -1968.75000000000        88.71659    
  -1953.12500000000        44.39768    
  -1937.50000000000        81.76045    
  -1921.87500000000        104.6650    
  -1906.25000000000        190.4224    
  -1890.62500000000        81.19675    
  -1875.00000000000        181.7401    
  -1859.37500000000        132.7992    
  -1843.75000000000        104.4639    
  -1828.12500000000        47.10182    
  -1812.50000000000        81.74750    
  -1796.87500000000        58.44304    
  -1781.25000000000        94.86691    
  -1765.62500000000        127.6474    
  -1750.00000000000        195.9512    
  -1734.37500000000        127.0060    
  -1718.75000000000        169.7118    
  -1703.12500000000        96.13370    
  -1687.50000000000        134.3836    
  -1671.87500000000        41.46809    
  -1656.25000000000        75.33009    
  -1640.62500000000        78.55399    
  -1625.00000000000        91.23869    
  -1609.37500000000        162.4697    
  -1593.75000000000        47.37499    
  -1578.12500000000        257.3711    
  -1562.50000000000        288.6509    
  -1546.87500000000        521.0858    
  -1531.25000000000        161.5918    
  -1515.62500000000        121.0509    
  -1500.00000000000        72.19009    
  -1484.37500000000        124.0569    
  -1468.75000000000        73.35401    
  -1453.12500000000        117.6599    
  -1437.50000000000        27.76775    
  -1421.87500000000        215.0782    
  -1406.25000000000        101.8477    
  -1390.62500000000        216.9793    
  -1375.00000000000        125.5563    
  -1359.37500000000        852.8534    
  -1343.75000000000        132.0942    
  -1328.12500000000        46.91155    
  -1312.50000000000        63.23457    
  -1296.87500000000        164.9938    
  -1281.25000000000        219.5552    
  -1265.62500000000        111.4159    
  -1250.00000000000        193.6591    
  -1234.37500000000        52.53310    
  -1218.75000000000        113.3162    
  -1203.12500000000        171.1226    
  -1187.50000000000        181.1240    
  -1171.87500000000        634.9160    
  -1156.25000000000        331.2038    
  -1140.62500000000        231.3457    
  -1125.00000000000        160.6873    
  -1109.37500000000        123.3747    
  -1093.75000000000        235.8528    
  -1078.12500000000        51.03091    
  -1062.50000000000        120.4555    
  -1046.87500000000        83.41885    
  -1031.25000000000        242.4283    
  -1015.62500000000        135.4654    
  -1000.00000000000        86.92601    
  -984.375000000000        83.81742    
  -968.750000000000        1812.275    
  -953.125000000000        255.9694    
  -937.500000000000        76.67568    
  -921.875000000000        354.2440    
  -906.250000000000        292.7406    
  -890.625000000000        50.42838    
  -875.000000000000        74.15217    
  -859.375000000000        110.8576    
  -843.750000000000        64.42297    
  -828.125000000000        196.2761    
  -812.500000000000        312.4648    
  -796.875000000000        263.8872    
  -781.250000000000        1707.469    
  -765.625000000000        1095.449    
  -750.000000000000        587.2388    
  -734.375000000000        454.3985    
  -718.750000000000        271.0680    
  -703.125000000000        401.0343    
  -687.500000000000        431.0459    
  -671.875000000000        436.0572    
  -656.250000000000        259.6559    
  -640.625000000000        360.0257    
  -625.000000000000        668.1398    
  -609.375000000000        695.2327    
  -593.750000000000        1543.249    
  -578.125000000000        5221.481    
  -562.500000000000        917.9404    
  -546.875000000000        766.6683    
  -531.250000000000        493.4422    
  -515.625000000000        429.3399    
  -500.000000000000        459.5830    
  -484.375000000000        356.1632    
  -468.750000000000        333.9540    
  -453.125000000000        552.1647    
  -437.500000000000        691.6411    
  -421.875000000000        989.1223    
  -406.250000000000        1214.328    
  -390.625000000000        8121.660    
  -375.000000000000        1923.836    
  -359.375000000000        846.4971    
  -343.750000000000        675.6871    
  -328.125000000000        645.3880    
  -312.500000000000        421.0419    
  -296.875000000000        764.8963    
  -281.250000000000        612.0938    
  -265.625000000000        952.9998    
  -250.000000000000        1492.479    
  -234.375000000000        1478.602    
  -218.750000000000        2366.696    
  -203.125000000000        6333.129    
  -187.500000000000        9398.805    
  -171.875000000000        3082.152    
  -156.250000000000        1802.873    
  -140.625000000000        943.4856    
  -125.000000000000        936.3702    
  -109.375000000000        1042.683    
  -93.7500000000000        966.8235    
  -78.1250000000000        578.2635    
  -62.5000000000000        508.7856    
  -46.8750000000000        869.6498    
  -31.2500000000000        544.3895    
  -15.6250000000000        1145.170    
  0.000000000000000E+000   603605.6    
   15.6250000000000        1330.561    
   31.2500000000000        689.4686    
   46.8750000000000        1075.127    
   62.5000000000000        717.2709    
   78.1250000000000        849.8715    
   93.7500000000000        1120.097    
   109.375000000000        1308.198    
   125.000000000000        1426.379    
   140.625000000000        1565.325    
   156.250000000000        2591.316    
   171.875000000000        4138.432    
   187.500000000000        12932.21    
   203.125000000000        9164.465    
   218.750000000000        3199.756    
   234.375000000000        2098.214    
   250.000000000000        2033.556    
   265.625000000000        1349.757    
   281.250000000000        835.4768    
   296.875000000000        1010.461    
   312.500000000000        669.5293    
   328.125000000000        726.7381    
   343.750000000000        724.5012    
   359.375000000000        907.8149    
   375.000000000000        1586.810    
   390.625000000000        6684.904    
   406.250000000000        523.2236    
   421.875000000000        663.2870    
   437.500000000000        686.2016    
   453.125000000000        263.9917    
   468.750000000000        235.0211    
   484.375000000000        85.70716    
   500.000000000000        304.4582    
   515.625000000000        321.6060    
   531.250000000000        162.6740    
   546.875000000000        757.2916    
   562.500000000000        352.4722    
   578.125000000000        5431.533    
   593.750000000000        1653.625    
   609.375000000000        899.5179    
   625.000000000000        677.7616    
   640.625000000000        303.4594    
   656.250000000000        371.4533    
   671.875000000000        453.7598    
   687.500000000000        462.5652    
   703.125000000000        289.6470    
   718.750000000000        154.2653    
   734.375000000000        500.4134    
   750.000000000000        599.8124    
   765.625000000000        1404.145    
   781.250000000000        2152.326    
   796.875000000000        546.7390    
   812.500000000000        343.4067    
   828.125000000000        378.0465    
   843.750000000000        178.6874    
   859.375000000000        274.0845    
   875.000000000000        198.2126    
   890.625000000000        145.1680    
   906.250000000000        314.6523    
   921.875000000000        348.1169    
   937.500000000000        133.0892    
   953.125000000000        281.8476    
   968.750000000000        1511.852    
   984.375000000000        158.3808    
   1000.00000000000        122.7838    
   1015.62500000000        126.4632    
   1031.25000000000        333.0420    
   1046.87500000000        217.0347    
   1062.50000000000        111.0628    
   1078.12500000000        131.1042    
   1093.75000000000        163.8034    
   1109.37500000000        273.7125    
   1125.00000000000        185.2125    
   1140.62500000000        125.5269    
   1156.25000000000        485.7248    
   1171.87500000000        559.3502    
   1187.50000000000        219.2324    
   1203.12500000000        238.9239    
   1218.75000000000        92.11094    
   1234.37500000000        144.9803    
   1250.00000000000        186.4769    
   1265.62500000000        101.1210    
   1281.25000000000        227.5748    
   1296.87500000000        226.7885    
   1312.50000000000        52.10967    
   1328.12500000000        113.6364    
   1343.75000000000        216.4471    
   1359.37500000000        572.5142    
   1375.00000000000        49.46067    
   1390.62500000000        138.8274    
   1406.25000000000        135.4188    
   1421.87500000000        176.9945    
   1437.50000000000        130.0710    
   1453.12500000000        22.05612    
   1468.75000000000        160.8968    
   1484.37500000000        29.80009    
   1500.00000000000        102.6911    
   1515.62500000000        126.8520    
   1531.25000000000        169.5586    
   1546.87500000000        388.0360    
   1562.50000000000        102.4774    
   1578.12500000000        156.5304    
   1593.75000000000        98.13400    
   1609.37500000000        89.87575    
   1625.00000000000        82.73492    
   1640.62500000000        32.77136    
   1656.25000000000        56.96617    
   1671.87500000000        52.50401    
   1687.50000000000        101.2042    
   1703.12500000000        28.30811    
   1718.75000000000        45.53532    
   1734.37500000000        233.0248    
   1750.00000000000        249.1748    
   1765.62500000000        192.7305    
   1781.25000000000        42.88470    
   1796.87500000000        40.68890    
   1812.50000000000        132.0862    
   1828.12500000000        149.2164    
   1843.75000000000        61.91605    
   1859.37500000000        191.4276    
   1875.00000000000        53.78015    
   1890.62500000000        62.93941    
   1906.25000000000        68.55464    
   1921.87500000000        95.22066    
   1937.50000000000        195.1948    
   1953.12500000000        158.0796    
   1968.75000000000        39.59797    
   1984.37500000000        118.6702    
