  -4000.00000000000        210.7889    
  -3968.75000000000        385.4312    
  -3937.50000000000        509.9421    
  -3906.25000000000        232.3886    
  -3875.00000000000        368.0078    
  -3843.75000000000        386.8354    
  -3812.50000000000        286.3575    
  -3781.25000000000        416.4441    
  -3750.00000000000        264.8695    
  -3718.75000000000        333.1911    
  -3687.50000000000        298.4359    
  -3656.25000000000        372.8919    
  -3625.00000000000        172.2890    
  -3593.75000000000        244.2517    
  -3562.50000000000        254.3623    
  -3531.25000000000        88.37722    
  -3500.00000000000        301.8812    
  -3468.75000000000        270.3611    
  -3437.50000000000        162.1761    
  -3406.25000000000        454.1371    
  -3375.00000000000        134.3567    
  -3343.75000000000        132.7723    
  -3312.50000000000        266.5161    
  -3281.25000000000        234.2446    
  -3250.00000000000        194.3111    
  -3218.75000000000        228.3910    
  -3187.50000000000        108.0803    
  -3156.25000000000        263.9396    
  -3125.00000000000        156.2040    
  -3093.75000000000        209.0957    
  -3062.50000000000        244.6839    
  -3031.25000000000        180.1096    
  -3000.00000000000        106.9188    
  -2968.75000000000        122.2419    
  -2937.50000000000        212.6159    
  -2906.25000000000        27.19577    
  -2875.00000000000        134.3945    
  -2843.75000000000        70.11799    
  -2812.50000000000        148.2980    
  -2781.25000000000        55.91339    
  -2750.00000000000        67.31320    
  -2718.75000000000        78.71290    
  -2687.50000000000        139.9099    
  -2656.25000000000        63.31519    
  -2625.00000000000        27.66884    
  -2593.75000000000        104.6637    
  -2562.50000000000        63.80918    
  -2531.25000000000        13.86763    
  -2500.00000000000        147.0715    
  -2468.75000000000        7.344217    
  -2437.50000000000        100.7326    
  -2406.25000000000        53.50335    
  -2375.00000000000        19.61439    
  -2343.75000000000        147.9583    
  -2312.50000000000        87.74130    
  -2281.25000000000        36.84707    
  -2250.00000000000        58.43494    
  -2218.75000000000        86.90523    
  -2187.50000000000        110.7388    
  -2156.25000000000        110.8860    
  -2125.00000000000        73.79481    
  -2093.75000000000        95.27903    
  -2062.50000000000        75.15945    
  -2031.25000000000        24.20280    
  -2000.00000000000        48.76981    
  -1968.75000000000        73.47377    
  -1937.50000000000        55.19657    
  -1906.25000000000        30.52403    
  -1875.00000000000        88.21808    
  -1843.75000000000        105.9165    
  -1812.50000000000        279.0912    
  -1781.25000000000        329.4987    
  -1750.00000000000        159.3957    
  -1718.75000000000        114.3973    
  -1687.50000000000        166.1494    
  -1656.25000000000        184.8257    
  -1625.00000000000        110.1311    
  -1593.75000000000        51.69408    
  -1562.50000000000        218.7028    
  -1531.25000000000        125.2982    
  -1500.00000000000        41.19889    
  -1468.75000000000        82.70595    
  -1437.50000000000        53.83024    
  -1406.25000000000        90.20922    
  -1375.00000000000        154.5708    
  -1343.75000000000        109.4357    
  -1312.50000000000        95.00831    
  -1281.25000000000        83.23256    
  -1250.00000000000        241.8691    
  -1218.75000000000        47.74960    
  -1187.50000000000        56.69611    
  -1156.25000000000        158.1375    
  -1125.00000000000        23.40958    
  -1093.75000000000        100.5284    
  -1062.50000000000        173.0490    
  -1031.25000000000        84.49871    
  -1000.00000000000        105.0482    
  -968.750000000000        96.04118    
  -937.500000000000        35.07724    
  -906.250000000000        179.9583    
  -875.000000000000        95.53716    
  -843.750000000000        128.5116    
  -812.500000000000        229.8583    
  -781.250000000000        296.2699    
  -750.000000000000        218.1246    
  -718.750000000000        284.3354    
  -687.500000000000        249.0310    
  -656.250000000000        439.0312    
  -625.000000000000        33.78582    
  -593.750000000000        318.5616    
  -562.500000000000        125.1631    
  -531.250000000000        194.1136    
  -500.000000000000        317.3991    
  -468.750000000000        89.51167    
  -437.500000000000        258.2108    
  -406.250000000000        325.4676    
  -375.000000000000        704.4361    
  -343.750000000000        1149.461    
  -312.500000000000        586.1791    
  -281.250000000000        827.1985    
  -250.000000000000        413.6011    
  -218.750000000000        65.91306    
  -187.500000000000        409.0535    
  -156.250000000000        1454.526    
  -125.000000000000        1422.374    
  -93.7500000000000        508.2835    
  -62.5000000000000        1386.270    
  -31.2500000000000        2520.436    
  0.000000000000000E+000   6461.674    
   31.2500000000000        2458.092    
   62.5000000000000        1449.996    
   93.7500000000000        527.9132    
   125.000000000000        1463.023    
   156.250000000000        1486.292    
   187.500000000000        396.9469    
   218.750000000000        31.09847    
   250.000000000000        418.2386    
   281.250000000000        794.2910    
   312.500000000000        592.5883    
   343.750000000000        1125.742    
   375.000000000000        656.6398    
   406.250000000000        311.4912    
   437.500000000000        227.0445    
   468.750000000000        74.61349    
   500.000000000000        343.9417    
   531.250000000000        224.5367    
   562.500000000000        138.1214    
   593.750000000000        335.6938    
   625.000000000000        60.87371    
   656.250000000000        442.4263    
   687.500000000000        240.8758    
   718.750000000000        295.2879    
   750.000000000000        231.2769    
   781.250000000000        298.4869    
   812.500000000000        240.4779    
   843.750000000000        126.0218    
   875.000000000000        88.40580    
   906.250000000000        173.4893    
   937.500000000000        40.94773    
   968.750000000000        104.9394    
   1000.00000000000        101.2022    
   1031.25000000000        74.96597    
   1062.50000000000        177.0374    
   1093.75000000000        95.63810    
   1125.00000000000        43.27540    
   1156.25000000000        147.6570    
   1187.50000000000        32.16040    
   1218.75000000000        46.49857    
   1250.00000000000        246.1409    
   1281.25000000000        73.98488    
   1312.50000000000        93.73224    
   1343.75000000000        112.7473    
   1375.00000000000        144.4388    
   1406.25000000000        85.38054    
   1437.50000000000        48.22962    
   1468.75000000000        70.42883    
   1500.00000000000        41.49287    
   1531.25000000000        116.2850    
   1562.50000000000        210.4128    
   1593.75000000000        60.90533    
   1625.00000000000        106.3867    
   1656.25000000000        175.2279    
   1687.50000000000        153.5260    
   1718.75000000000        95.52489    
   1750.00000000000        156.5580    
   1781.25000000000        314.9953    
   1812.50000000000        249.0060    
   1843.75000000000        98.68943    
   1875.00000000000        81.99683    
   1906.25000000000        39.54267    
   1937.50000000000        60.28997    
   1968.75000000000        69.63734    
   2000.00000000000        40.58747    
   2031.25000000000        15.49768    
   2062.50000000000        68.87866    
   2093.75000000000        82.41262    
   2125.00000000000        66.66590    
   2156.25000000000        114.9220    
   2187.50000000000        113.0073    
   2218.75000000000        77.71083    
   2250.00000000000        51.17435    
   2281.25000000000        48.13721    
   2312.50000000000        88.08628    
   2343.75000000000        161.5456    
   2375.00000000000        31.09190    
   2406.25000000000        46.10956    
   2437.50000000000        104.1573    
   2468.75000000000        11.21998    
   2500.00000000000        149.9245    
   2531.25000000000        24.38298    
   2562.50000000000        63.71713    
   2593.75000000000        98.04954    
   2625.00000000000        38.45422    
   2656.25000000000        53.58302    
   2687.50000000000        147.3337    
   2718.75000000000        74.13827    
   2750.00000000000        75.37283    
   2781.25000000000        48.31474    
   2812.50000000000        163.8429    
   2843.75000000000        66.23203    
   2875.00000000000        145.3078    
   2906.25000000000        30.28704    
   2937.50000000000        210.5020    
   2968.75000000000        107.0374    
   3000.00000000000        121.4902    
   3031.25000000000        209.3476    
   3062.50000000000        237.6078    
   3093.75000000000        209.8580    
   3125.00000000000        145.5188    
   3156.25000000000        254.4383    
   3187.50000000000        109.1460    
   3218.75000000000        255.7313    
   3250.00000000000        214.5475    
   3281.25000000000        233.4504    
   3312.50000000000        239.8976    
   3343.75000000000        129.0098    
   3375.00000000000        129.8987    
   3406.25000000000        453.8586    
   3437.50000000000        159.0429    
   3468.75000000000        286.7959    
   3500.00000000000        285.6081    
   3531.25000000000        87.47442    
   3562.50000000000        263.8816    
   3593.75000000000        220.2688    
   3625.00000000000        161.7760    
   3656.25000000000        362.5051    
   3687.50000000000        295.0569    
   3718.75000000000        319.5586    
   3750.00000000000        246.6221    
   3781.25000000000        426.0685    
   3812.50000000000        280.5446    
   3843.75000000000        406.1762    
   3875.00000000000        348.0925    
   3906.25000000000        227.6841    
   3937.50000000000        489.0437    
   3968.75000000000        394.7965    
