  -4000.00000000000        196.6259    
  -3968.75000000000        360.4363    
  -3937.50000000000        458.7127    
  -3906.25000000000        215.4926    
  -3875.00000000000        326.4319    
  -3843.75000000000        365.5817    
  -3812.50000000000        263.0712    
  -3781.25000000000        388.8977    
  -3750.00000000000        236.8702    
  -3718.75000000000        300.4109    
  -3687.50000000000        274.5539    
  -3656.25000000000        336.3590    
  -3625.00000000000        155.4733    
  -3593.75000000000        212.6744    
  -3562.50000000000        237.9734    
  -3531.25000000000        83.95631    
  -3500.00000000000        270.9906    
  -3468.75000000000        252.1085    
  -3437.50000000000        147.1155    
  -3406.25000000000        417.6043    
  -3375.00000000000        126.1519    
  -3343.75000000000        120.9975    
  -3312.50000000000        233.3698    
  -3281.25000000000        213.8764    
  -3250.00000000000        184.3080    
  -3218.75000000000        223.5318    
  -3187.50000000000        98.89844    
  -3156.25000000000        240.6640    
  -3125.00000000000        141.8939    
  -3093.75000000000        190.1451    
  -3062.50000000000        219.7398    
  -3031.25000000000        173.3517    
  -3000.00000000000        107.0791    
  -2968.75000000000        107.6115    
  -2937.50000000000        195.4208    
  -2906.25000000000        26.60378    
  -2875.00000000000        129.4781    
  -2843.75000000000        58.86462    
  -2812.50000000000        137.6457    
  -2781.25000000000        47.52524    
  -2750.00000000000        67.96776    
  -2718.75000000000        70.15704    
  -2687.50000000000        132.5040    
  -2656.25000000000        53.42647    
  -2625.00000000000        33.76240    
  -2593.75000000000        94.67863    
  -2562.50000000000        61.55266    
  -2531.25000000000        19.19223    
  -2500.00000000000        137.2968    
  -2468.75000000000        11.74633    
  -2437.50000000000        92.57141    
  -2406.25000000000        52.49570    
  -2375.00000000000        22.49329    
  -2343.75000000000        137.2155    
  -2312.50000000000        85.01189    
  -2281.25000000000        39.51712    
  -2250.00000000000        51.29619    
  -2218.75000000000        71.42159    
  -2187.50000000000        102.4868    
  -2156.25000000000        106.4464    
  -2125.00000000000        64.64257    
  -2093.75000000000        82.03094    
  -2062.50000000000        62.94339    
  -2031.25000000000        19.64631    
  -2000.00000000000        42.59912    
  -1968.75000000000        65.89646    
  -1937.50000000000        49.07721    
  -1906.25000000000        33.99303    
  -1875.00000000000        78.62901    
  -1843.75000000000        93.19878    
  -1812.50000000000        246.1121    
  -1781.25000000000        291.3936    
  -1750.00000000000        144.3919    
  -1718.75000000000        102.8328    
  -1687.50000000000        137.3987    
  -1656.25000000000        163.2146    
  -1625.00000000000        98.65305    
  -1593.75000000000        59.39964    
  -1562.50000000000        199.5111    
  -1531.25000000000        115.9681    
  -1500.00000000000        33.13229    
  -1468.75000000000        72.02358    
  -1437.50000000000        48.05166    
  -1406.25000000000        83.35073    
  -1375.00000000000        128.7990    
  -1343.75000000000        102.3283    
  -1312.50000000000        85.13602    
  -1281.25000000000        70.05766    
  -1250.00000000000        223.2942    
  -1218.75000000000        46.66002    
  -1187.50000000000        37.35844    
  -1156.25000000000        142.6199    
  -1125.00000000000        35.76534    
  -1093.75000000000        87.87608    
  -1062.50000000000        167.2124    
  -1031.25000000000        65.07416    
  -1000.00000000000        92.83653    
  -968.750000000000        87.10911    
  -937.500000000000        34.92697    
  -906.250000000000        160.9248    
  -875.000000000000        88.58558    
  -843.750000000000        121.5911    
  -812.500000000000        213.7104    
  -781.250000000000        266.5389    
  -750.000000000000        205.4084    
  -718.750000000000        268.6553    
  -687.500000000000        232.3723    
  -656.250000000000        396.8230    
  -625.000000000000        39.71804    
  -593.750000000000        296.7917    
  -562.500000000000        115.6415    
  -531.250000000000        190.7444    
  -500.000000000000        299.0920    
  -468.750000000000        70.72303    
  -437.500000000000        230.6710    
  -406.250000000000        290.4708    
  -375.000000000000        631.3120    
  -343.750000000000        1041.272    
  -312.500000000000        548.2562    
  -281.250000000000        750.1185    
  -250.000000000000        383.9352    
  -218.750000000000        30.76914    
  -187.500000000000        349.8634    
  -156.250000000000        1329.544    
  -125.000000000000        1313.898    
  -93.7500000000000        472.9144    
  -62.5000000000000        1299.646    
  -31.2500000000000        2277.165    
  0.000000000000000E+000   5746.434    
   31.2500000000000        2283.882    
   62.5000000000000        1307.120    
   93.7500000000000        476.0814    
   125.000000000000        1326.854    
   156.250000000000        1349.295    
   187.500000000000        351.2336    
   218.750000000000        30.08905    
   250.000000000000        377.2079    
   281.250000000000        741.0982    
   312.500000000000        532.5007    
   343.750000000000        1038.403    
   375.000000000000        636.7207    
   406.250000000000        282.8118    
   437.500000000000        218.6076    
   468.750000000000        73.57452    
   500.000000000000        300.2189    
   531.250000000000        197.3618    
   562.500000000000        118.3698    
   593.750000000000        300.9250    
   625.000000000000        35.39436    
   656.250000000000        409.3979    
   687.500000000000        226.0160    
   718.750000000000        270.1026    
   750.000000000000        208.4373    
   781.250000000000        271.3407    
   812.500000000000        213.4895    
   843.750000000000        119.5747    
   875.000000000000        85.93836    
   906.250000000000        159.1111    
   937.500000000000        33.32217    
   968.750000000000        92.60432    
   1000.00000000000        92.79507    
   1031.25000000000        66.20043    
   1062.50000000000        158.5136    
   1093.75000000000        88.97942    
   1125.00000000000        28.48833    
   1156.25000000000        141.2275    
   1187.50000000000        38.13283    
   1218.75000000000        48.64231    
   1250.00000000000        221.5272    
   1281.25000000000        72.53362    
   1312.50000000000        82.93958    
   1343.75000000000        102.9726    
   1375.00000000000        131.5623    
   1406.25000000000        84.75542    
   1437.50000000000        41.49600    
   1468.75000000000        65.89136    
   1500.00000000000        37.31858    
   1531.25000000000        115.2583    
   1562.50000000000        196.2531    
   1593.75000000000        55.80460    
   1625.00000000000        106.0445    
   1656.25000000000        165.8619    
   1687.50000000000        143.5030    
   1718.75000000000        102.6056    
   1750.00000000000        147.6705    
   1781.25000000000        282.2421    
   1812.50000000000        242.8233    
   1843.75000000000        90.65135    
   1875.00000000000        80.45061    
   1906.25000000000        33.20546    
   1937.50000000000        47.29427    
   1968.75000000000        66.94632    
   2000.00000000000        42.25516    
   2031.25000000000        20.15602    
   2062.50000000000        63.78666    
   2093.75000000000        81.32068    
   2125.00000000000        63.29054    
   2156.25000000000        106.9845    
   2187.50000000000        101.5036    
   2218.75000000000        71.88073    
   2250.00000000000        50.04312    
   2281.25000000000        39.56622    
   2312.50000000000        85.11415    
   2343.75000000000        140.8524    
   2375.00000000000        22.62769    
   2406.25000000000        51.07214    
   2437.50000000000        91.64957    
   2468.75000000000        10.60212    
   2500.00000000000        139.7896    
   2531.25000000000        17.04476    
   2562.50000000000        62.83451    
   2593.75000000000        95.17464    
   2625.00000000000        34.65455    
   2656.25000000000        52.57058    
   2687.50000000000        133.2593    
   2718.75000000000        69.85053    
   2750.00000000000        67.93122    
   2781.25000000000        47.48299    
   2812.50000000000        140.1680    
   2843.75000000000        58.39756    
   2875.00000000000        128.9577    
   2906.25000000000        25.39704    
   2937.50000000000        195.6641    
   2968.75000000000        106.9501    
   3000.00000000000        109.9383    
   3031.25000000000        175.5500    
   3062.50000000000        218.9452    
   3093.75000000000        188.1503    
   3125.00000000000        139.3141    
   3156.25000000000        238.7707    
   3187.50000000000        100.8754    
   3218.75000000000        228.1126    
   3250.00000000000        186.4609    
   3281.25000000000        217.1228    
   3312.50000000000        229.6778    
   3343.75000000000        123.6052    
   3375.00000000000        126.3485    
   3406.25000000000        417.9916    
   3437.50000000000        146.9420    
   3468.75000000000        256.2723    
   3500.00000000000        267.7673    
   3531.25000000000        84.09819    
   3562.50000000000        240.0452    
   3593.75000000000        208.5554    
   3625.00000000000        154.0586    
   3656.25000000000        336.0167    
   3687.50000000000        273.7683    
   3718.75000000000        300.3509    
   3750.00000000000        232.9271    
   3781.25000000000        391.1928    
   3812.50000000000        260.4933    
   3843.75000000000        368.4531    
   3875.00000000000        324.3673    
   3906.25000000000        213.8336    
   3937.50000000000        454.7816    
   3968.75000000000        362.0907    
