  -2000.00000000000        19.63257    
  -1984.37500000000        23.58883    
  -1968.75000000000        15.20857    
  -1953.12500000000        39.87563    
  -1937.50000000000        48.41697    
  -1921.87500000000        47.75399    
  -1906.25000000000        27.61707    
  -1890.62500000000        34.28529    
  -1875.00000000000        36.74308    
  -1859.37500000000        39.87898    
  -1843.75000000000        37.35509    
  -1828.12500000000        53.07431    
  -1812.50000000000        25.54122    
  -1796.87500000000        3.704150    
  -1781.25000000000        38.58097    
  -1765.62500000000        33.60699    
  -1750.00000000000        109.7512    
  -1734.37500000000        12.01898    
  -1718.75000000000        15.47294    
  -1703.12500000000        16.74422    
  -1687.50000000000        25.08520    
  -1671.87500000000        49.96817    
  -1656.25000000000        12.71848    
  -1640.62500000000        30.92769    
  -1625.00000000000        17.29939    
  -1609.37500000000        40.45287    
  -1593.75000000000        22.12598    
  -1578.12500000000        66.30682    
  -1562.50000000000        47.03423    
  -1546.87500000000        117.2494    
  -1531.25000000000        31.13288    
  -1515.62500000000        32.34392    
  -1500.00000000000        78.75464    
  -1484.37500000000        60.49866    
  -1468.75000000000        26.98957    
  -1453.12500000000        19.96359    
  -1437.50000000000        24.38212    
  -1421.87500000000        64.04365    
  -1406.25000000000        30.76377    
  -1390.62500000000        27.58837    
  -1375.00000000000        28.54284    
  -1359.37500000000        128.1423    
  -1343.75000000000        32.30956    
  -1328.12500000000       0.4447284    
  -1312.50000000000        22.77164    
  -1296.87500000000        60.18781    
  -1281.25000000000        55.50552    
  -1265.62500000000        46.46910    
  -1250.00000000000        131.2201    
  -1234.37500000000        62.20064    
  -1218.75000000000        41.34777    
  -1203.12500000000        102.1780    
  -1187.50000000000        115.2972    
  -1171.87500000000        314.9585    
  -1156.25000000000        262.5880    
  -1140.62500000000        79.16210    
  -1125.00000000000        21.96267    
  -1109.37500000000        9.522375    
  -1093.75000000000        78.96627    
  -1078.12500000000        23.37299    
  -1062.50000000000        32.82640    
  -1046.87500000000        16.47353    
  -1031.25000000000        33.73481    
  -1015.62500000000        14.67647    
  -1000.00000000000        11.99068    
  -984.375000000000        46.94630    
  -968.750000000000        392.2036    
  -953.125000000000        123.3001    
  -937.500000000000        33.69133    
  -921.875000000000        125.2121    
  -906.250000000000        69.53964    
  -890.625000000000        34.97709    
  -875.000000000000        37.73516    
  -859.375000000000        72.11898    
  -843.750000000000        6.631942    
  -828.125000000000        64.23193    
  -812.500000000000        92.12267    
  -796.875000000000        53.65044    
  -781.250000000000        296.2228    
  -765.625000000000        119.7014    
  -750.000000000000        39.61110    
  -734.375000000000        14.05532    
  -718.750000000000        51.59846    
  -703.125000000000        33.30630    
  -687.500000000000        53.26435    
  -671.875000000000        55.81731    
  -656.250000000000        119.6674    
  -640.625000000000        54.19385    
  -625.000000000000        150.4499    
  -609.375000000000        249.2538    
  -593.750000000000        453.4341    
  -578.125000000000        1486.397    
  -562.500000000000        263.0956    
  -546.875000000000        56.63389    
  -531.250000000000        136.3050    
  -515.625000000000        31.38145    
  -500.000000000000        31.15330    
  -484.375000000000        32.00344    
  -468.750000000000        30.52555    
  -453.125000000000        67.71514    
  -437.500000000000        32.20431    
  -421.875000000000        46.67009    
  -406.250000000000        113.6353    
  -390.625000000000        762.9551    
  -375.000000000000        54.27407    
  -359.375000000000        97.26682    
  -343.750000000000        68.90250    
  -328.125000000000        123.7854    
  -312.500000000000        59.70913    
  -296.875000000000        124.6296    
  -281.250000000000        61.02739    
  -265.625000000000        153.7590    
  -250.000000000000        201.5852    
  -234.375000000000        207.5189    
  -218.750000000000        358.3265    
  -203.125000000000        1252.807    
  -187.500000000000        1564.146    
  -171.875000000000        501.4531    
  -156.250000000000        262.3578    
  -140.625000000000        194.4270    
  -125.000000000000        173.6157    
  -109.375000000000        140.0051    
  -93.7500000000000        109.7648    
  -78.1250000000000        130.6309    
  -62.5000000000000        97.62962    
  -46.8750000000000        67.57722    
  -31.2500000000000        47.89628    
  -15.6250000000000        142.5901    
  0.000000000000000E+000   34625.52    
   15.6250000000000        211.6827    
   31.2500000000000        118.7279    
   46.8750000000000        159.4176    
   62.5000000000000        30.97458    
   78.1250000000000        112.5050    
   93.7500000000000        100.1787    
   109.375000000000        84.77178    
   125.000000000000        151.6528    
   140.625000000000        103.3335    
   156.250000000000        168.7702    
   171.875000000000        249.5145    
   187.500000000000        739.9540    
   203.125000000000        346.2788    
   218.750000000000        229.5224    
   234.375000000000        152.5887    
   250.000000000000        179.2992    
   265.625000000000        70.60484    
   281.250000000000        74.17698    
   296.875000000000        34.23946    
   312.500000000000        86.04613    
   328.125000000000        69.64288    
   343.750000000000        70.21939    
   359.375000000000        153.7419    
   375.000000000000        416.5132    
   390.625000000000        1106.308    
   406.250000000000        233.6333    
   421.875000000000        106.0380    
   437.500000000000        124.3216    
   453.125000000000        33.28550    
   468.750000000000        42.74574    
   484.375000000000        50.44690    
   500.000000000000        93.95870    
   515.625000000000        85.86143    
   531.250000000000        109.1133    
   546.875000000000        136.4284    
   562.500000000000        245.5126    
   578.125000000000        1558.106    
   593.750000000000        584.1235    
   609.375000000000        248.9734    
   625.000000000000        179.9447    
   640.625000000000        99.97388    
   656.250000000000        100.6090    
   671.875000000000        106.1004    
   687.500000000000        99.43324    
   703.125000000000        50.93806    
   718.750000000000        62.61419    
   734.375000000000        79.54578    
   750.000000000000        123.6653    
   765.625000000000        378.2327    
   781.250000000000        365.9904    
   796.875000000000        107.7575    
   812.500000000000        82.64435    
   828.125000000000        71.36305    
   843.750000000000        3.152120    
   859.375000000000        11.94883    
   875.000000000000        18.16754    
   890.625000000000        53.25847    
   906.250000000000        50.50195    
   921.875000000000        162.6996    
   937.500000000000        69.32961    
   953.125000000000        34.17581    
   968.750000000000        181.2262    
   984.375000000000        16.41520    
   1000.00000000000        17.12837    
   1015.62500000000        14.27262    
   1031.25000000000        22.20245    
   1046.87500000000        12.93161    
   1062.50000000000        14.83394    
   1078.12500000000        36.69480    
   1093.75000000000        59.66856    
   1109.37500000000        15.73325    
   1125.00000000000        38.26534    
   1140.62500000000        70.66918    
   1156.25000000000        264.2009    
   1171.87500000000        203.0283    
   1187.50000000000        119.7371    
   1203.12500000000        73.91712    
   1218.75000000000        38.35477    
   1234.37500000000        11.78580    
   1250.00000000000        83.47063    
   1265.62500000000        31.77949    
   1281.25000000000        15.32669    
   1296.87500000000        48.82946    
   1312.50000000000        34.12128    
   1328.12500000000        23.55195    
   1343.75000000000        20.22655    
   1359.37500000000        23.71899    
   1375.00000000000        18.63900    
   1390.62500000000        31.99884    
   1406.25000000000        49.97838    
   1421.87500000000        59.08735    
   1437.50000000000        13.46648    
   1453.12500000000        20.90598    
   1468.75000000000        9.424159    
   1484.37500000000        53.34504    
   1500.00000000000        58.10092    
   1515.62500000000        31.59879    
   1531.25000000000        9.479087    
   1546.87500000000        36.07196    
   1562.50000000000        13.53574    
   1578.12500000000        69.48631    
   1593.75000000000        12.98012    
   1609.37500000000        49.47276    
   1625.00000000000        6.524630    
   1640.62500000000        22.75304    
   1656.25000000000        21.81766    
   1671.87500000000        38.82634    
   1687.50000000000        21.08702    
   1703.12500000000        26.65267    
   1718.75000000000        54.11784    
   1734.37500000000        18.16442    
   1750.00000000000        117.7766    
   1765.62500000000        19.64540    
   1781.25000000000        46.72515    
   1796.87500000000        23.76239    
   1812.50000000000        31.96737    
   1828.12500000000        32.68092    
   1843.75000000000        10.37765    
   1859.37500000000        59.13010    
   1875.00000000000        61.76768    
   1890.62500000000        43.37336    
   1906.25000000000        54.73018    
   1921.87500000000        47.82411    
   1937.50000000000        27.75200    
   1953.12500000000        23.00109    
   1968.75000000000        38.82042    
   1984.37500000000        8.843087    
