  -4000.00000000000        208.8594    
  -3968.75000000000        373.8291    
  -3937.50000000000        483.3762    
  -3906.25000000000        224.9165    
  -3875.00000000000        347.4881    
  -3843.75000000000        385.9260    
  -3812.50000000000        287.5054    
  -3781.25000000000        405.0664    
  -3750.00000000000        254.5570    
  -3718.75000000000        312.5764    
  -3687.50000000000        290.3610    
  -3656.25000000000        349.3792    
  -3625.00000000000        167.5661    
  -3593.75000000000        232.0453    
  -3562.50000000000        235.0834    
  -3531.25000000000        87.43167    
  -3500.00000000000        282.1163    
  -3468.75000000000        256.6771    
  -3437.50000000000        151.9424    
  -3406.25000000000        438.1065    
  -3375.00000000000        136.7496    
  -3343.75000000000        125.5657    
  -3312.50000000000        241.6402    
  -3281.25000000000        217.3347    
  -3250.00000000000        186.7311    
  -3218.75000000000        233.5668    
  -3187.50000000000        105.8756    
  -3156.25000000000        248.2451    
  -3125.00000000000        148.2218    
  -3093.75000000000        197.1147    
  -3062.50000000000        236.4309    
  -3031.25000000000        180.2782    
  -3000.00000000000        107.6754    
  -2968.75000000000        121.7654    
  -2937.50000000000        208.8756    
  -2906.25000000000        27.90774    
  -2875.00000000000        134.2940    
  -2843.75000000000        59.80203    
  -2812.50000000000        141.8725    
  -2781.25000000000        53.69858    
  -2750.00000000000        73.73300    
  -2718.75000000000        80.06979    
  -2687.50000000000        137.8820    
  -2656.25000000000        63.45390    
  -2625.00000000000        34.56026    
  -2593.75000000000        95.03363    
  -2562.50000000000        64.17433    
  -2531.25000000000        19.71475    
  -2500.00000000000        141.6245    
  -2468.75000000000        15.13936    
  -2437.50000000000        100.7706    
  -2406.25000000000        63.32441    
  -2375.00000000000        21.86316    
  -2343.75000000000        142.9029    
  -2312.50000000000        94.44945    
  -2281.25000000000        40.09884    
  -2250.00000000000        47.54599    
  -2218.75000000000        76.58659    
  -2187.50000000000        109.7666    
  -2156.25000000000        114.8872    
  -2125.00000000000        69.26179    
  -2093.75000000000        86.13588    
  -2062.50000000000        74.50236    
  -2031.25000000000        20.22035    
  -2000.00000000000        46.55648    
  -1968.75000000000        70.80511    
  -1937.50000000000        50.09740    
  -1906.25000000000        31.14653    
  -1875.00000000000        84.70662    
  -1843.75000000000        92.38737    
  -1812.50000000000        258.8220    
  -1781.25000000000        311.4288    
  -1750.00000000000        152.8488    
  -1718.75000000000        110.2826    
  -1687.50000000000        145.6049    
  -1656.25000000000        182.2612    
  -1625.00000000000        110.1950    
  -1593.75000000000        57.76789    
  -1562.50000000000        209.7491    
  -1531.25000000000        129.7416    
  -1500.00000000000        38.85594    
  -1468.75000000000        79.90118    
  -1437.50000000000        44.77132    
  -1406.25000000000        83.81275    
  -1375.00000000000        126.0461    
  -1343.75000000000        114.2848    
  -1312.50000000000        81.03105    
  -1281.25000000000        78.23777    
  -1250.00000000000        232.1987    
  -1218.75000000000        43.28432    
  -1187.50000000000        43.36633    
  -1156.25000000000        150.4458    
  -1125.00000000000        35.54633    
  -1093.75000000000        87.85461    
  -1062.50000000000        171.6794    
  -1031.25000000000        74.28926    
  -1000.00000000000        99.23634    
  -968.750000000000        93.41592    
  -937.500000000000        33.89286    
  -906.250000000000        168.6387    
  -875.000000000000        90.53196    
  -843.750000000000        131.8754    
  -812.500000000000        229.5601    
  -781.250000000000        286.2498    
  -750.000000000000        224.0654    
  -718.750000000000        279.5090    
  -687.500000000000        243.5698    
  -656.250000000000        420.5457    
  -625.000000000000        29.85906    
  -593.750000000000        313.2551    
  -562.500000000000        120.8893    
  -531.250000000000        202.8128    
  -500.000000000000        309.0855    
  -468.750000000000        77.69387    
  -437.500000000000        245.6325    
  -406.250000000000        291.7697    
  -375.000000000000        675.7328    
  -343.750000000000        1089.989    
  -312.500000000000        566.6466    
  -281.250000000000        792.7976    
  -250.000000000000        408.0385    
  -218.750000000000        52.47091    
  -187.500000000000        378.2863    
  -156.250000000000        1377.286    
  -125.000000000000        1363.337    
  -93.7500000000000        492.6955    
  -62.5000000000000        1341.883    
  -31.2500000000000        2409.292    
  0.000000000000000E+000   6079.464    
   31.2500000000000        2369.619    
   62.5000000000000        1380.317    
   93.7500000000000        513.8661    
   125.000000000000        1398.513    
   156.250000000000        1431.441    
   187.500000000000        368.0355    
   218.750000000000        31.36636    
   250.000000000000        387.8817    
   281.250000000000        769.8776    
   312.500000000000        564.5223    
   343.750000000000        1077.439    
   375.000000000000        649.9086    
   406.250000000000        286.1309    
   437.500000000000        224.7787    
   468.750000000000        63.07228    
   500.000000000000        306.6024    
   531.250000000000        215.4316    
   562.500000000000        129.7682    
   593.750000000000        312.6547    
   625.000000000000        37.02916    
   656.250000000000        414.6052    
   687.500000000000        235.5707    
   718.750000000000        290.1969    
   750.000000000000        224.4703    
   781.250000000000        278.1607    
   812.500000000000        229.0843    
   843.750000000000        127.7924    
   875.000000000000        90.08593    
   906.250000000000        172.0086    
   937.500000000000        32.44090    
   968.750000000000        90.78795    
   1000.00000000000        91.48454    
   1031.25000000000        64.66953    
   1062.50000000000        164.5644    
   1093.75000000000        95.17889    
   1125.00000000000        44.22905    
   1156.25000000000        153.2850    
   1187.50000000000        32.73376    
   1218.75000000000        47.12831    
   1250.00000000000        229.7068    
   1281.25000000000        67.98072    
   1312.50000000000        88.78843    
   1343.75000000000        110.9675    
   1375.00000000000        139.0407    
   1406.25000000000        88.65839    
   1437.50000000000        43.93731    
   1468.75000000000        78.57536    
   1500.00000000000        35.02978    
   1531.25000000000        117.3701    
   1562.50000000000        204.9814    
   1593.75000000000        53.13006    
   1625.00000000000        108.3691    
   1656.25000000000        163.5548    
   1687.50000000000        140.4578    
   1718.75000000000        99.94485    
   1750.00000000000        146.2827    
   1781.25000000000        300.8786    
   1812.50000000000        250.0627    
   1843.75000000000        100.3300    
   1875.00000000000        85.94897    
   1906.25000000000        35.43353    
   1937.50000000000        52.09983    
   1968.75000000000        69.10997    
   2000.00000000000        43.94899    
   2031.25000000000        20.52470    
   2062.50000000000        71.19524    
   2093.75000000000        82.46101    
   2125.00000000000        67.85140    
   2156.25000000000        112.5987    
   2187.50000000000        102.9216    
   2218.75000000000        74.20068    
   2250.00000000000        51.02846    
   2281.25000000000        42.51306    
   2312.50000000000        87.10532    
   2343.75000000000        144.1450    
   2375.00000000000        28.14145    
   2406.25000000000        57.01382    
   2437.50000000000        94.46236    
   2468.75000000000        12.34496    
   2500.00000000000        139.1600    
   2531.25000000000        23.15672    
   2562.50000000000        57.51740    
   2593.75000000000        97.99470    
   2625.00000000000        41.91080    
   2656.25000000000        55.65868    
   2687.50000000000        143.4759    
   2718.75000000000        74.08757    
   2750.00000000000        69.84444    
   2781.25000000000        51.16896    
   2812.50000000000        144.9685    
   2843.75000000000        62.09974    
   2875.00000000000        138.3126    
   2906.25000000000        26.24085    
   2937.50000000000        215.4393    
   2968.75000000000        107.4968    
   3000.00000000000        118.3270    
   3031.25000000000        186.3429    
   3062.50000000000        233.1052    
   3093.75000000000        194.9577    
   3125.00000000000        146.5416    
   3156.25000000000        251.3951    
   3187.50000000000        106.2909    
   3218.75000000000        243.4657    
   3250.00000000000        196.8240    
   3281.25000000000        229.7182    
   3312.50000000000        234.5860    
   3343.75000000000        127.4797    
   3375.00000000000        130.5438    
   3406.25000000000        433.8175    
   3437.50000000000        153.9396    
   3468.75000000000        276.5026    
   3500.00000000000        276.9829    
   3531.25000000000        85.99066    
   3562.50000000000        254.2281    
   3593.75000000000        209.7234    
   3625.00000000000        157.7079    
   3656.25000000000        354.5015    
   3687.50000000000        285.7747    
   3718.75000000000        312.9981    
   3750.00000000000        239.5044    
   3781.25000000000        416.8938    
   3812.50000000000        271.9881    
   3843.75000000000        379.4357    
   3875.00000000000        337.2586    
   3906.25000000000        227.3619    
   3937.50000000000        472.3665    
   3968.75000000000        380.0121    
