  -4000.00000000000        242.9275    
  -3968.75000000000        424.9217    
  -3937.50000000000        550.2703    
  -3906.25000000000        258.1362    
  -3875.00000000000        407.2960    
  -3843.75000000000        419.5959    
  -3812.50000000000        319.8528    
  -3781.25000000000        450.8172    
  -3750.00000000000        308.3950    
  -3718.75000000000        355.1904    
  -3687.50000000000        315.4783    
  -3656.25000000000        402.9637    
  -3625.00000000000        185.8375    
  -3593.75000000000        282.3038    
  -3562.50000000000        280.3182    
  -3531.25000000000        100.5025    
  -3500.00000000000        330.2830    
  -3468.75000000000        282.9723    
  -3437.50000000000        168.4322    
  -3406.25000000000        490.6574    
  -3375.00000000000        157.4633    
  -3343.75000000000        156.2283    
  -3312.50000000000        279.2946    
  -3281.25000000000        243.9231    
  -3250.00000000000        214.0978    
  -3218.75000000000        262.7495    
  -3187.50000000000        107.4348    
  -3156.25000000000        291.2693    
  -3125.00000000000        169.3239    
  -3093.75000000000        234.4818    
  -3062.50000000000        269.1850    
  -3031.25000000000        211.6006    
  -3000.00000000000        116.6163    
  -2968.75000000000        134.7587    
  -2937.50000000000        247.6385    
  -2906.25000000000        34.34314    
  -2875.00000000000        134.4810    
  -2843.75000000000        68.55566    
  -2812.50000000000        155.2859    
  -2781.25000000000        74.19363    
  -2750.00000000000        86.97672    
  -2718.75000000000        92.24619    
  -2687.50000000000        140.9185    
  -2656.25000000000        46.15058    
  -2625.00000000000        34.00449    
  -2593.75000000000        120.8959    
  -2562.50000000000        73.88309    
  -2531.25000000000        34.86341    
  -2500.00000000000        151.5238    
  -2468.75000000000        34.61720    
  -2437.50000000000        111.3709    
  -2406.25000000000        70.09142    
  -2375.00000000000        29.58596    
  -2343.75000000000        148.7638    
  -2312.50000000000        115.8577    
  -2281.25000000000        48.43548    
  -2250.00000000000        65.62068    
  -2218.75000000000        84.13818    
  -2187.50000000000        118.0139    
  -2156.25000000000        113.0130    
  -2125.00000000000        91.41996    
  -2093.75000000000        89.06832    
  -2062.50000000000        83.62231    
  -2031.25000000000        26.27884    
  -2000.00000000000        50.49451    
  -1968.75000000000        89.38628    
  -1937.50000000000        71.22701    
  -1906.25000000000        38.13544    
  -1875.00000000000        102.2623    
  -1843.75000000000        119.0638    
  -1812.50000000000        311.9203    
  -1781.25000000000        357.0436    
  -1750.00000000000        167.1035    
  -1718.75000000000        130.6061    
  -1687.50000000000        178.1132    
  -1656.25000000000        210.6370    
  -1625.00000000000        122.3763    
  -1593.75000000000        63.11545    
  -1562.50000000000        242.3543    
  -1531.25000000000        148.1921    
  -1500.00000000000        42.11487    
  -1468.75000000000        81.79156    
  -1437.50000000000        47.65355    
  -1406.25000000000        92.36755    
  -1375.00000000000        154.0846    
  -1343.75000000000        116.1700    
  -1312.50000000000        92.96930    
  -1281.25000000000        99.83654    
  -1250.00000000000        267.2738    
  -1218.75000000000        35.29112    
  -1187.50000000000        41.14856    
  -1156.25000000000        176.6163    
  -1125.00000000000        26.50951    
  -1093.75000000000        98.55289    
  -1062.50000000000        204.1440    
  -1031.25000000000        74.24657    
  -1000.00000000000        113.5938    
  -968.750000000000        97.22623    
  -937.500000000000        30.69736    
  -906.250000000000        187.9478    
  -875.000000000000        99.15257    
  -843.750000000000        161.2334    
  -812.500000000000        262.5672    
  -781.250000000000        316.4320    
  -750.000000000000        242.7010    
  -718.750000000000        317.2237    
  -687.500000000000        278.5510    
  -656.250000000000        483.7340    
  -625.000000000000        41.22448    
  -593.750000000000        357.9247    
  -562.500000000000        121.9328    
  -531.250000000000        205.1474    
  -500.000000000000        360.4512    
  -468.750000000000        90.35352    
  -437.500000000000        304.3756    
  -406.250000000000        341.5164    
  -375.000000000000        780.6026    
  -343.750000000000        1253.536    
  -312.500000000000        650.0292    
  -281.250000000000        913.6297    
  -250.000000000000        470.5997    
  -218.750000000000        55.17313    
  -187.500000000000        418.4726    
  -156.250000000000        1554.048    
  -125.000000000000        1530.820    
  -93.7500000000000        542.5303    
  -62.5000000000000        1501.776    
  -31.2500000000000        2746.531    
  0.000000000000000E+000   6717.009    
   31.2500000000000        2664.509    
   62.5000000000000        1611.839    
   93.7500000000000        590.5106    
   125.000000000000        1607.268    
   156.250000000000        1651.996    
   187.500000000000        413.8479    
   218.750000000000        20.78801    
   250.000000000000        448.3895    
   281.250000000000        852.7498    
   312.500000000000        630.2463    
   343.750000000000        1211.937    
   375.000000000000        721.4184    
   406.250000000000        323.0130    
   437.500000000000        241.9082    
   468.750000000000        78.13285    
   500.000000000000        361.6523    
   531.250000000000        235.1297    
   562.500000000000        160.5975    
   593.750000000000        358.9347    
   625.000000000000        55.72474    
   656.250000000000        488.2650    
   687.500000000000        254.0153    
   718.750000000000        336.2985    
   750.000000000000        250.1519    
   781.250000000000        322.9718    
   812.500000000000        267.3257    
   843.750000000000        144.2097    
   875.000000000000        108.6923    
   906.250000000000        200.9200    
   937.500000000000        40.04547    
   968.750000000000        111.9399    
   1000.00000000000        118.4766    
   1031.25000000000        71.77454    
   1062.50000000000        189.7080    
   1093.75000000000        116.0363    
   1125.00000000000        40.75021    
   1156.25000000000        163.6702    
   1187.50000000000        39.30168    
   1218.75000000000        47.29162    
   1250.00000000000        280.8168    
   1281.25000000000        82.43067    
   1312.50000000000        94.82623    
   1343.75000000000        129.2077    
   1375.00000000000        146.5587    
   1406.25000000000        111.2299    
   1437.50000000000        36.43523    
   1468.75000000000        82.60973    
   1500.00000000000        32.99457    
   1531.25000000000        132.4604    
   1562.50000000000        221.9033    
   1593.75000000000        62.64144    
   1625.00000000000        117.9891    
   1656.25000000000        180.7342    
   1687.50000000000        166.0556    
   1718.75000000000        124.7177    
   1750.00000000000        173.0580    
   1781.25000000000        321.4681    
   1812.50000000000        263.2616    
   1843.75000000000        110.1414    
   1875.00000000000        92.29151    
   1906.25000000000        41.38669    
   1937.50000000000        51.58442    
   1968.75000000000        66.66016    
   2000.00000000000        56.49959    
   2031.25000000000        19.54243    
   2062.50000000000        83.17554    
   2093.75000000000        101.2299    
   2125.00000000000        76.11235    
   2156.25000000000        119.5963    
   2187.50000000000        132.5952    
   2218.75000000000        90.00397    
   2250.00000000000        68.58636    
   2281.25000000000        47.30788    
   2312.50000000000        106.9749    
   2343.75000000000        184.5578    
   2375.00000000000        18.38880    
   2406.25000000000        61.41097    
   2437.50000000000        111.9302    
   2468.75000000000        26.12675    
   2500.00000000000        160.3073    
   2531.25000000000        32.98581    
   2562.50000000000        67.00910    
   2593.75000000000        122.1804    
   2625.00000000000        64.34980    
   2656.25000000000        69.34650    
   2687.50000000000        165.5760    
   2718.75000000000        85.32731    
   2750.00000000000        72.26646    
   2781.25000000000        57.55029    
   2812.50000000000        183.0809    
   2843.75000000000        85.30997    
   2875.00000000000        164.1956    
   2906.25000000000        45.14285    
   2937.50000000000        230.5585    
   2968.75000000000        127.2136    
   3000.00000000000        138.8983    
   3031.25000000000        223.6810    
   3062.50000000000        262.8605    
   3093.75000000000        215.7847    
   3125.00000000000        163.3783    
   3156.25000000000        289.3029    
   3187.50000000000        129.8107    
   3218.75000000000        287.6287    
   3250.00000000000        226.2865    
   3281.25000000000        264.9063    
   3312.50000000000        266.8093    
   3343.75000000000        153.8709    
   3375.00000000000        167.1721    
   3406.25000000000        500.2371    
   3437.50000000000        173.7801    
   3468.75000000000        322.4518    
   3500.00000000000        317.2745    
   3531.25000000000        95.21234    
   3562.50000000000        285.3785    
   3593.75000000000        230.3536    
   3625.00000000000        176.6048    
   3656.25000000000        402.0661    
   3687.50000000000        332.8523    
   3718.75000000000        346.6468    
   3750.00000000000        258.6859    
   3781.25000000000        471.9904    
   3812.50000000000        312.2333    
   3843.75000000000        461.3047    
   3875.00000000000        378.1538    
   3906.25000000000        249.0315    
   3937.50000000000        541.9845    
   3968.75000000000        440.7192    
