  -2000.00000000000        42.74551    
  -1984.37500000000        24.80896    
  -1968.75000000000        25.51317    
  -1953.12500000000        28.26115    
  -1937.50000000000        61.10388    
  -1921.87500000000        71.67336    
  -1906.25000000000        6.232173    
  -1890.62500000000        29.39041    
  -1875.00000000000        45.52891    
  -1859.37500000000        43.38826    
  -1843.75000000000        26.63914    
  -1828.12500000000        59.19325    
  -1812.50000000000        31.67535    
  -1796.87500000000        25.16854    
  -1781.25000000000        23.22161    
  -1765.62500000000        22.44339    
  -1750.00000000000        87.97434    
  -1734.37500000000        42.66403    
  -1718.75000000000        34.79137    
  -1703.12500000000        25.40702    
  -1687.50000000000        41.20915    
  -1671.87500000000        36.95098    
  -1656.25000000000        8.375452    
  -1640.62500000000        17.30759    
  -1625.00000000000        30.85377    
  -1609.37500000000        19.20023    
  -1593.75000000000        24.26586    
  -1578.12500000000        16.23592    
  -1562.50000000000        11.35736    
  -1546.87500000000        138.9316    
  -1531.25000000000        39.66378    
  -1515.62500000000        12.29513    
  -1500.00000000000        52.49334    
  -1484.37500000000        79.78231    
  -1468.75000000000        8.255209    
  -1453.12500000000        29.48161    
  -1437.50000000000        43.61096    
  -1421.87500000000        33.41875    
  -1406.25000000000        25.81508    
  -1390.62500000000        19.39287    
  -1375.00000000000        24.80265    
  -1359.37500000000        43.23356    
  -1343.75000000000        50.21934    
  -1328.12500000000        28.09282    
  -1312.50000000000        35.79317    
  -1296.87500000000        91.87572    
  -1281.25000000000        28.23920    
  -1265.62500000000        16.18141    
  -1250.00000000000        80.07697    
  -1234.37500000000        67.54848    
  -1218.75000000000        23.18987    
  -1203.12500000000        63.25964    
  -1187.50000000000        64.07992    
  -1171.87500000000        158.4397    
  -1156.25000000000        112.7187    
  -1140.62500000000        47.02392    
  -1125.00000000000        36.49319    
  -1109.37500000000        57.93470    
  -1093.75000000000        47.06905    
  -1078.12500000000        17.21512    
  -1062.50000000000        7.821247    
  -1046.87500000000        28.37230    
  -1031.25000000000        19.96877    
  -1015.62500000000        4.587035    
  -1000.00000000000        13.31026    
  -984.375000000000        38.33878    
  -968.750000000000        233.6288    
  -953.125000000000        48.49142    
  -937.500000000000        20.06327    
  -921.875000000000        60.58147    
  -906.250000000000        84.43398    
  -890.625000000000        14.83075    
  -875.000000000000        34.00056    
  -859.375000000000        36.09263    
  -843.750000000000        43.95850    
  -828.125000000000        42.78701    
  -812.500000000000        20.26382    
  -796.875000000000        50.04857    
  -781.250000000000        128.5078    
  -765.625000000000        119.7568    
  -750.000000000000        45.28330    
  -734.375000000000        44.01298    
  -718.750000000000        83.70390    
  -703.125000000000        52.62599    
  -687.500000000000        50.79829    
  -671.875000000000        43.25880    
  -656.250000000000        74.86137    
  -640.625000000000        42.61956    
  -625.000000000000        112.4570    
  -609.375000000000        174.5300    
  -593.750000000000        348.8499    
  -578.125000000000        1092.929    
  -562.500000000000        199.7611    
  -546.875000000000        67.13558    
  -531.250000000000        90.03828    
  -515.625000000000        64.32119    
  -500.000000000000        26.92736    
  -484.375000000000        13.66731    
  -468.750000000000        11.93658    
  -453.125000000000        48.47532    
  -437.500000000000        20.98932    
  -421.875000000000        24.74021    
  -406.250000000000        97.66574    
  -390.625000000000        476.5547    
  -375.000000000000        40.30028    
  -359.375000000000        55.22626    
  -343.750000000000        31.46926    
  -328.125000000000        59.49238    
  -312.500000000000        54.07512    
  -296.875000000000        60.14585    
  -281.250000000000        36.25270    
  -265.625000000000        77.33257    
  -250.000000000000        101.2358    
  -234.375000000000        88.57249    
  -218.750000000000        194.2840    
  -203.125000000000        708.6783    
  -187.500000000000        879.2633    
  -171.875000000000        263.9833    
  -156.250000000000        150.4187    
  -140.625000000000        104.4512    
  -125.000000000000        94.21322    
  -109.375000000000        64.02115    
  -93.7500000000000        30.47366    
  -78.1250000000000        84.36157    
  -62.5000000000000        84.95363    
  -46.8750000000000        39.89251    
  -31.2500000000000        37.07645    
  -15.6250000000000        86.75794    
  0.000000000000000E+000   24490.03    
   15.6250000000000        143.2137    
   31.2500000000000        71.97120    
   46.8750000000000        97.72076    
   62.5000000000000        6.944546    
   78.1250000000000        99.78660    
   93.7500000000000        53.74681    
   109.375000000000        36.50840    
   125.000000000000        81.19383    
   140.625000000000        69.34357    
   156.250000000000        84.27781    
   171.875000000000        120.2269    
   187.500000000000        295.9311    
   203.125000000000        136.6390    
   218.750000000000        106.6009    
   234.375000000000        63.67854    
   250.000000000000        103.8451    
   265.625000000000        71.43865    
   281.250000000000        56.05650    
   296.875000000000        14.30763    
   312.500000000000        88.57645    
   328.125000000000        40.33525    
   343.750000000000        43.37573    
   359.375000000000        107.9841    
   375.000000000000        251.4850    
   390.625000000000        735.2192    
   406.250000000000        161.1219    
   421.875000000000        79.19699    
   437.500000000000        72.83788    
   453.125000000000        48.43960    
   468.750000000000        14.52265    
   484.375000000000        33.90582    
   500.000000000000        46.57644    
   515.625000000000        83.79465    
   531.250000000000        83.21671    
   546.875000000000        99.71237    
   562.500000000000        173.1193    
   578.125000000000        1147.754    
   593.750000000000        453.6826    
   609.375000000000        177.6593    
   625.000000000000        147.1045    
   640.625000000000        97.70509    
   656.250000000000        37.89469    
   671.875000000000        53.33839    
   687.500000000000        70.64288    
   703.125000000000        36.27079    
   718.750000000000        78.60479    
   734.375000000000        71.54721    
   750.000000000000        90.00620    
   765.625000000000        234.9762    
   781.250000000000        277.2968    
   796.875000000000        88.12034    
   812.500000000000        29.33330    
   828.125000000000        27.25747    
   843.750000000000        54.00152    
   859.375000000000        3.796649    
   875.000000000000        31.13748    
   890.625000000000        51.98798    
   906.250000000000        68.75185    
   921.875000000000        76.88089    
   937.500000000000        23.89754    
   953.125000000000        25.42993    
   968.750000000000        164.4279    
   984.375000000000        19.68919    
   1000.00000000000        22.51824    
   1015.62500000000        37.39598    
   1031.25000000000        14.76994    
   1046.87500000000        17.71806    
   1062.50000000000        7.346471    
   1078.12500000000        24.91083    
   1093.75000000000        38.63616    
   1109.37500000000        81.55415    
   1125.00000000000        19.08013    
   1140.62500000000        25.98846    
   1156.25000000000        119.9914    
   1171.87500000000        119.2682    
   1187.50000000000        41.99990    
   1203.12500000000        26.61727    
   1218.75000000000        24.09045    
   1234.37500000000        23.58272    
   1250.00000000000        58.48208    
   1265.62500000000        12.89216    
   1281.25000000000        36.06885    
   1296.87500000000        55.75134    
   1312.50000000000        41.37703    
   1328.12500000000        22.86787    
   1343.75000000000        20.89789    
   1359.37500000000        17.79171    
   1375.00000000000        28.80944    
   1390.62500000000        28.92970    
   1406.25000000000        25.21960    
   1421.87500000000        38.22990    
   1437.50000000000        26.64829    
   1453.12500000000        39.90702    
   1468.75000000000        30.32173    
   1484.37500000000        42.51169    
   1500.00000000000        57.75433    
   1515.62500000000        27.21470    
   1531.25000000000        16.06792    
   1546.87500000000        27.04062    
   1562.50000000000        8.730500    
   1578.12500000000        42.53627    
   1593.75000000000        12.42861    
   1609.37500000000        31.84056    
   1625.00000000000        30.20963    
   1640.62500000000        30.67158    
   1656.25000000000        24.82814    
   1671.87500000000        74.42380    
   1687.50000000000        45.36856    
   1703.12500000000        20.82003    
   1718.75000000000        17.76344    
   1734.37500000000        33.58135    
   1750.00000000000        71.81698    
   1765.62500000000        20.53382    
   1781.25000000000        14.43480    
   1796.87500000000        10.25491    
   1812.50000000000        15.57529    
   1828.12500000000        32.50766    
   1843.75000000000        47.09090    
   1859.37500000000        21.53413    
   1875.00000000000        43.12831    
   1890.62500000000        7.156194    
   1906.25000000000        19.48692    
   1921.87500000000        41.52666    
   1937.50000000000        41.20823    
   1953.12500000000        38.08595    
   1968.75000000000        26.50528    
   1984.37500000000        11.52417    
