  -2000.00000000000        5.703776    
  -1984.37500000000        3.157265    
  -1968.75000000000        6.741665    
  -1953.12500000000        9.528874    
  -1937.50000000000        9.094346    
  -1921.87500000000        14.16273    
  -1906.25000000000        5.302864    
  -1890.62500000000        9.013637    
  -1875.00000000000        3.499462    
  -1859.37500000000        6.761641    
  -1843.75000000000        6.932177    
  -1828.12500000000        12.29360    
  -1812.50000000000        5.104438    
  -1796.87500000000        2.884315    
  -1781.25000000000        10.26314    
  -1765.62500000000        7.031927    
  -1750.00000000000        29.99870    
  -1734.37500000000        7.194204    
  -1718.75000000000        7.983369    
  -1703.12500000000        2.484344    
  -1687.50000000000        3.128354    
  -1671.87500000000        2.328506    
  -1656.25000000000        4.349544    
  -1640.62500000000        3.993473    
  -1625.00000000000        2.644502    
  -1609.37500000000        3.484134    
  -1593.75000000000        6.441195    
  -1578.12500000000        11.93952    
  -1562.50000000000        10.01134    
  -1546.87500000000        26.41767    
  -1531.25000000000        8.268879    
  -1515.62500000000        7.285120    
  -1500.00000000000        18.13499    
  -1484.37500000000        7.175838    
  -1468.75000000000       0.9554263    
  -1453.12500000000        3.981206    
  -1437.50000000000        4.642954    
  -1421.87500000000        8.238377    
  -1406.25000000000        7.829709    
  -1390.62500000000        5.619247    
  -1375.00000000000        3.026280    
  -1359.37500000000        11.50961    
  -1343.75000000000        7.243133    
  -1328.12500000000        5.608377    
  -1312.50000000000        4.768619    
  -1296.87500000000        16.95339    
  -1281.25000000000        6.299688    
  -1265.62500000000        5.112303    
  -1250.00000000000        23.01792    
  -1234.37500000000        10.45772    
  -1218.75000000000        6.994762    
  -1203.12500000000        17.00653    
  -1187.50000000000        20.76877    
  -1171.87500000000        58.42089    
  -1156.25000000000        57.68591    
  -1140.62500000000        14.78268    
  -1125.00000000000        5.915185    
  -1109.37500000000        8.664475    
  -1093.75000000000        5.320273    
  -1078.12500000000        3.360796    
  -1062.50000000000        2.909522    
  -1046.87500000000        2.700962    
  -1031.25000000000        3.848730    
  -1015.62500000000        2.804064    
  -1000.00000000000        1.271388    
  -984.375000000000        7.784716    
  -968.750000000000        60.78239    
  -953.125000000000        16.45378    
  -937.500000000000        10.47604    
  -921.875000000000        26.18994    
  -906.250000000000        17.51921    
  -890.625000000000        5.689302    
  -875.000000000000        6.512892    
  -859.375000000000        7.497856    
  -843.750000000000        6.493914    
  -828.125000000000        11.61873    
  -812.500000000000        13.37717    
  -796.875000000000        21.07247    
  -781.250000000000        76.40497    
  -765.625000000000        69.09880    
  -750.000000000000        21.77355    
  -734.375000000000        16.94472    
  -718.750000000000        21.91577    
  -703.125000000000        20.74275    
  -687.500000000000        20.90976    
  -671.875000000000        21.03646    
  -656.250000000000        27.48690    
  -640.625000000000        23.83533    
  -625.000000000000        42.96231    
  -609.375000000000        65.14572    
  -593.750000000000        138.1922    
  -578.125000000000        392.5271    
  -562.500000000000        66.67055    
  -546.875000000000        21.90527    
  -531.250000000000        32.83028    
  -515.625000000000        19.34995    
  -500.000000000000        17.89115    
  -484.375000000000        7.871074    
  -468.750000000000        10.09449    
  -453.125000000000        15.28142    
  -437.500000000000        23.41634    
  -421.875000000000        17.98296    
  -406.250000000000        43.14954    
  -390.625000000000        145.1842    
  -375.000000000000        56.90017    
  -359.375000000000        22.73629    
  -343.750000000000        4.338142    
  -328.125000000000        7.190196    
  -312.500000000000        20.25178    
  -296.875000000000        15.85266    
  -281.250000000000        10.87485    
  -265.625000000000        17.05294    
  -250.000000000000        24.89288    
  -234.375000000000        18.37750    
  -218.750000000000        43.68634    
  -203.125000000000        159.8542    
  -187.500000000000        186.4452    
  -171.875000000000        57.27607    
  -156.250000000000        29.18146    
  -140.625000000000        26.04937    
  -125.000000000000        24.16313    
  -109.375000000000        11.26649    
  -93.7500000000000        1.682924    
  -78.1250000000000        30.09529    
  -62.5000000000000        13.28567    
  -46.8750000000000        19.56388    
  -31.2500000000000        14.29577    
  -15.6250000000000        45.48595    
  0.000000000000000E+000   9281.471    
   15.6250000000000        45.28958    
   31.2500000000000        16.83921    
   46.8750000000000        23.90882    
   62.5000000000000        11.97490    
   78.1250000000000        30.24041    
   93.7500000000000        2.362270    
   109.375000000000        8.503292    
   125.000000000000        21.55523    
   140.625000000000        23.38614    
   156.250000000000        24.97946    
   171.875000000000        47.26793    
   187.500000000000        154.1887    
   203.125000000000        130.8163    
   218.750000000000        37.76585    
   234.375000000000        13.60165    
   250.000000000000        24.41079    
   265.625000000000        12.49307    
   281.250000000000        11.94151    
   296.875000000000        11.71733    
   312.500000000000        20.16233    
   328.125000000000        6.739896    
   343.750000000000        4.446988    
   359.375000000000        23.87105    
   375.000000000000        62.05819    
   390.625000000000        162.9227    
   406.250000000000        44.43321    
   421.875000000000        18.14842    
   437.500000000000        24.75881    
   453.125000000000        15.30762    
   468.750000000000        8.759488    
   484.375000000000        8.104267    
   500.000000000000        18.10415    
   515.625000000000        19.85831    
   531.250000000000        34.19266    
   546.875000000000        25.94300    
   562.500000000000        65.64564    
   578.125000000000        400.9537    
   593.750000000000        144.2745    
   609.375000000000        64.44955    
   625.000000000000        42.98739    
   640.625000000000        25.56133    
   656.250000000000        29.94599    
   671.875000000000        22.76593    
   687.500000000000        21.68565    
   703.125000000000        18.15073    
   718.750000000000        21.71409    
   734.375000000000        17.67440    
   750.000000000000        22.63116    
   765.625000000000        64.70238    
   781.250000000000        68.74419    
   796.875000000000        19.42410    
   812.500000000000        11.10225    
   828.125000000000        10.53635    
   843.750000000000        3.302059    
   859.375000000000        6.064193    
   875.000000000000        6.479473    
   890.625000000000        7.377946    
   906.250000000000        19.60244    
   921.875000000000        26.02146    
   937.500000000000        10.07035    
   953.125000000000        13.58206    
   968.750000000000        54.44433    
   984.375000000000        10.33831    
   1000.00000000000        1.690232    
   1015.62500000000        2.991232    
   1031.25000000000        3.470131    
   1046.87500000000        2.559287    
   1062.50000000000        3.636004    
   1078.12500000000        4.697493    
   1093.75000000000        8.099621    
   1109.37500000000        9.958628    
   1125.00000000000        4.976956    
   1140.62500000000        13.82480    
   1156.25000000000        54.36880    
   1171.87500000000        55.89429    
   1187.50000000000        20.18664    
   1203.12500000000        17.00561    
   1218.75000000000        6.473402    
   1234.37500000000        10.65160    
   1250.00000000000        23.80036    
   1265.62500000000        5.456965    
   1281.25000000000        2.837467    
   1296.87500000000        12.05062    
   1312.50000000000        4.788464    
   1328.12500000000        4.222295    
   1343.75000000000        6.075011    
   1359.37500000000        7.196384    
   1375.00000000000        1.742126    
   1390.62500000000        5.480672    
   1406.25000000000        7.755097    
   1421.87500000000        11.72328    
   1437.50000000000        4.278922    
   1453.12500000000        4.871725    
   1468.75000000000        3.881791    
   1484.37500000000        8.163210    
   1500.00000000000        15.71214    
   1515.62500000000        6.024364    
   1531.25000000000        6.342841    
   1546.87500000000        23.95940    
   1562.50000000000        9.084194    
   1578.12500000000        12.20021    
   1593.75000000000        7.163380    
   1609.37500000000        5.735166    
   1625.00000000000        1.389760    
   1640.62500000000        5.560321    
   1656.25000000000        3.134335    
   1671.87500000000        7.328105    
   1687.50000000000        3.607976    
   1703.12500000000        2.182070    
   1718.75000000000        6.802854    
   1734.37500000000        8.158673    
   1750.00000000000        24.15543    
   1765.62500000000        2.935030    
   1781.25000000000        7.794039    
   1796.87500000000        2.653478    
   1812.50000000000        5.340810    
   1828.12500000000        10.79256    
   1843.75000000000        3.897873    
   1859.37500000000        4.579711    
   1875.00000000000        7.612111    
   1890.62500000000        11.26735    
   1906.25000000000        5.989503    
   1921.87500000000        15.11914    
   1937.50000000000        12.53640    
   1953.12500000000        9.721806    
   1968.75000000000        6.619625    
   1984.37500000000        1.519955    
