  -2000.00000000000        9.582105    
  -1984.37500000000        3.352131    
  -1968.75000000000        9.042855    
  -1953.12500000000        20.04334    
  -1937.50000000000        20.72473    
  -1921.87500000000        21.00930    
  -1906.25000000000        2.356273    
  -1890.62500000000        6.208949    
  -1875.00000000000        10.45245    
  -1859.37500000000        5.510936    
  -1843.75000000000        5.895380    
  -1828.12500000000        16.27642    
  -1812.50000000000        7.668904    
  -1796.87500000000        9.730729    
  -1781.25000000000        12.74885    
  -1765.62500000000        4.502195    
  -1750.00000000000        22.00081    
  -1734.37500000000        11.10132    
  -1718.75000000000        4.084313    
  -1703.12500000000        7.130560    
  -1687.50000000000        3.876329    
  -1671.87500000000        1.951921    
  -1656.25000000000        8.291521    
  -1640.62500000000        3.095016    
  -1625.00000000000        4.313031    
  -1609.37500000000        3.690261    
  -1593.75000000000        5.097181    
  -1578.12500000000        13.67788    
  -1562.50000000000        2.472813    
  -1546.87500000000        54.74914    
  -1531.25000000000        11.09356    
  -1515.62500000000        9.732663    
  -1500.00000000000        22.82801    
  -1484.37500000000        11.13932    
  -1468.75000000000        8.041170    
  -1453.12500000000        5.566818    
  -1437.50000000000        10.05369    
  -1421.87500000000        15.85446    
  -1406.25000000000        6.980810    
  -1390.62500000000        10.00495    
  -1375.00000000000        13.40320    
  -1359.37500000000        40.75652    
  -1343.75000000000        14.58839    
  -1328.12500000000        3.926648    
  -1312.50000000000        3.182623    
  -1296.87500000000        15.44169    
  -1281.25000000000        15.94541    
  -1265.62500000000        6.749476    
  -1250.00000000000        34.23552    
  -1234.37500000000        16.55550    
  -1218.75000000000        10.02095    
  -1203.12500000000        24.35603    
  -1187.50000000000        22.85147    
  -1171.87500000000        76.71166    
  -1156.25000000000        97.85461    
  -1140.62500000000        22.13518    
  -1125.00000000000        11.02150    
  -1109.37500000000        27.28852    
  -1093.75000000000        8.755571    
  -1078.12500000000        3.779066    
  -1062.50000000000        3.417628    
  -1046.87500000000        4.891054    
  -1031.25000000000        4.782235    
  -1015.62500000000        9.603939    
  -1000.00000000000        12.26599    
  -984.375000000000        8.185462    
  -968.750000000000        97.12237    
  -953.125000000000        18.23713    
  -937.500000000000        8.734867    
  -921.875000000000        28.41298    
  -906.250000000000        21.45975    
  -890.625000000000        20.93744    
  -875.000000000000        9.668479    
  -859.375000000000        12.19793    
  -843.750000000000        14.11879    
  -828.125000000000        15.74270    
  -812.500000000000        23.55828    
  -796.875000000000        31.71532    
  -781.250000000000        139.5327    
  -765.625000000000        109.5946    
  -750.000000000000        40.95914    
  -734.375000000000        27.80741    
  -718.750000000000        34.34328    
  -703.125000000000        30.90812    
  -687.500000000000        28.58307    
  -671.875000000000        29.83645    
  -656.250000000000        36.52497    
  -640.625000000000        29.82923    
  -625.000000000000        57.62593    
  -609.375000000000        86.68999    
  -593.750000000000        185.0536    
  -578.125000000000        495.4917    
  -562.500000000000        76.96436    
  -546.875000000000        23.64067    
  -531.250000000000        37.44937    
  -515.625000000000        35.51054    
  -500.000000000000        21.38996    
  -484.375000000000        11.28930    
  -468.750000000000        13.01990    
  -453.125000000000        19.57251    
  -437.500000000000        34.36774    
  -421.875000000000        24.90636    
  -406.250000000000        55.11194    
  -390.625000000000        139.9566    
  -375.000000000000        56.62108    
  -359.375000000000        14.16027    
  -343.750000000000        4.429209    
  -328.125000000000        10.59082    
  -312.500000000000        21.40040    
  -296.875000000000        24.58465    
  -281.250000000000        11.34046    
  -265.625000000000        34.54369    
  -250.000000000000        38.74886    
  -234.375000000000        32.36579    
  -218.750000000000        51.44086    
  -203.125000000000        227.1657    
  -187.500000000000        261.1535    
  -171.875000000000        72.51733    
  -156.250000000000        40.63651    
  -140.625000000000        27.21611    
  -125.000000000000        32.26557    
  -109.375000000000        16.49169    
  -93.7500000000000        5.061902    
  -78.1250000000000        37.42972    
  -62.5000000000000        19.30424    
  -46.8750000000000        20.15273    
  -31.2500000000000        15.94621    
  -15.6250000000000        43.57982    
  0.000000000000000E+000   11951.01    
   15.6250000000000        46.39661    
   31.2500000000000        22.06755    
   46.8750000000000        29.31846    
   62.5000000000000        7.922991    
   78.1250000000000        34.53699    
   93.7500000000000        11.87618    
   109.375000000000        6.708574    
   125.000000000000        18.65263    
   140.625000000000        17.58222    
   156.250000000000        9.673267    
   171.875000000000        23.64755    
   187.500000000000        88.33659    
   203.125000000000        115.8835    
   218.750000000000        22.34174    
   234.375000000000        6.424324    
   250.000000000000        40.00006    
   265.625000000000        7.257314    
   281.250000000000        10.75560    
   296.875000000000        16.95994    
   312.500000000000        27.66653    
   328.125000000000        7.911881    
   343.750000000000        12.77419    
   359.375000000000        25.29964    
   375.000000000000        95.74435    
   390.625000000000        221.8982    
   406.250000000000        63.32692    
   421.875000000000        28.21158    
   437.500000000000        32.32104    
   453.125000000000        19.87364    
   468.750000000000        9.939075    
   484.375000000000        6.234994    
   500.000000000000        27.36176    
   515.625000000000        20.35019    
   531.250000000000        42.20345    
   546.875000000000        34.08891    
   562.500000000000        75.32180    
   578.125000000000        505.9350    
   593.750000000000        194.9928    
   609.375000000000        90.98892    
   625.000000000000        57.40288    
   640.625000000000        29.88863    
   656.250000000000        35.76289    
   671.875000000000        26.59283    
   687.500000000000        26.05446    
   703.125000000000        26.86866    
   718.750000000000        33.28606    
   734.375000000000        30.67965    
   750.000000000000        33.98658    
   765.625000000000        71.27581    
   781.250000000000        91.26993    
   796.875000000000        18.46147    
   812.500000000000        13.42571    
   828.125000000000        11.83858    
   843.750000000000        10.82219    
   859.375000000000        14.31189    
   875.000000000000        9.167265    
   890.625000000000        9.401338    
   906.250000000000        41.57994    
   921.875000000000        28.02322    
   937.500000000000        18.73151    
   953.125000000000        28.12127    
   968.750000000000        134.7820    
   984.375000000000        14.02031    
   1000.00000000000        3.494469    
   1015.62500000000        2.491084    
   1031.25000000000        8.122361    
   1046.87500000000        6.830176    
   1062.50000000000        7.584946    
   1078.12500000000        2.051317    
   1093.75000000000        17.45135    
   1109.37500000000        17.86152    
   1125.00000000000        6.133861    
   1140.62500000000        16.81287    
   1156.25000000000        64.48212    
   1171.87500000000        52.22309    
   1187.50000000000        14.42647    
   1203.12500000000        15.69708    
   1218.75000000000        7.007292    
   1234.37500000000        20.27091    
   1250.00000000000        24.93925    
   1265.62500000000        6.996241    
   1281.25000000000        21.15824    
   1296.87500000000        26.38815    
   1312.50000000000        18.60215    
   1328.12500000000        9.296786    
   1343.75000000000        13.42465    
   1359.37500000000        20.36950    
   1375.00000000000        8.013138    
   1390.62500000000        6.283611    
   1406.25000000000        7.533886    
   1421.87500000000        7.907888    
   1437.50000000000        12.23309    
   1453.12500000000        11.45547    
   1468.75000000000        12.46583    
   1484.37500000000        16.18919    
   1500.00000000000        21.86388    
   1515.62500000000        6.861186    
   1531.25000000000        2.120942    
   1546.87500000000        27.54022    
   1562.50000000000        26.86463    
   1578.12500000000        21.88885    
   1593.75000000000        10.74153    
   1609.37500000000        17.87513    
   1625.00000000000        6.172547    
   1640.62500000000        14.63145    
   1656.25000000000        12.25735    
   1671.87500000000        4.546652    
   1687.50000000000        7.463575    
   1703.12500000000        7.220322    
   1718.75000000000        16.35754    
   1734.37500000000        16.08611    
   1750.00000000000        41.19408    
   1765.62500000000        8.549030    
   1781.25000000000        5.749647    
   1796.87500000000        9.684817    
   1812.50000000000        6.891531    
   1828.12500000000        7.895522    
   1843.75000000000        2.844672    
   1859.37500000000        12.04163    
   1875.00000000000        19.06401    
   1890.62500000000        14.18225    
   1906.25000000000        7.392168    
   1921.87500000000        18.69446    
   1937.50000000000        18.17764    
   1953.12500000000        6.214527    
   1968.75000000000        11.28016    
   1984.37500000000        6.810636    
