  -2000.00000000000        9.813199    
  -1984.37500000000        8.679006    
  -1968.75000000000        11.37974    
  -1953.12500000000        21.98088    
  -1937.50000000000        14.07920    
  -1921.87500000000        35.36660    
  -1906.25000000000        10.97332    
  -1890.62500000000        22.92508    
  -1875.00000000000        8.122383    
  -1859.37500000000        7.510831    
  -1843.75000000000        1.884967    
  -1828.12500000000        20.88452    
  -1812.50000000000        26.31853    
  -1796.87500000000        2.658180    
  -1781.25000000000        14.31493    
  -1765.62500000000        15.78674    
  -1750.00000000000        60.07072    
  -1734.37500000000        11.77303    
  -1718.75000000000        16.77414    
  -1703.12500000000        4.342007    
  -1687.50000000000        6.947481    
  -1671.87500000000        53.32074    
  -1656.25000000000        15.34418    
  -1640.62500000000        14.49771    
  -1625.00000000000        19.59918    
  -1609.37500000000        7.085560    
  -1593.75000000000        3.259610    
  -1578.12500000000        18.40324    
  -1562.50000000000        24.90222    
  -1546.87500000000        64.44541    
  -1531.25000000000        7.464048    
  -1515.62500000000        6.864064    
  -1500.00000000000        31.93876    
  -1484.37500000000        34.12617    
  -1468.75000000000        23.78222    
  -1453.12500000000        6.933201    
  -1437.50000000000        12.38191    
  -1421.87500000000        23.94445    
  -1406.25000000000        10.75080    
  -1390.62500000000        9.177582    
  -1375.00000000000        9.433102    
  -1359.37500000000        48.73247    
  -1343.75000000000        21.61044    
  -1328.12500000000        10.49736    
  -1312.50000000000        8.619545    
  -1296.87500000000        28.43141    
  -1281.25000000000        29.26337    
  -1265.62500000000        9.509195    
  -1250.00000000000        42.51564    
  -1234.37500000000        17.67625    
  -1218.75000000000        13.24146    
  -1203.12500000000        36.52655    
  -1187.50000000000        34.49501    
  -1171.87500000000        107.9987    
  -1156.25000000000        97.82425    
  -1140.62500000000        19.14859    
  -1125.00000000000        10.30723    
  -1109.37500000000        18.38393    
  -1093.75000000000        15.29099    
  -1078.12500000000        7.467107    
  -1062.50000000000        4.486647    
  -1046.87500000000        14.71925    
  -1031.25000000000        19.14594    
  -1015.62500000000        7.300215    
  -1000.00000000000        4.579573    
  -984.375000000000        13.05110    
  -968.750000000000        129.2681    
  -953.125000000000        42.83749    
  -937.500000000000        30.02067    
  -921.875000000000        68.10610    
  -906.250000000000        27.46423    
  -890.625000000000        57.02632    
  -875.000000000000        25.75043    
  -859.375000000000        21.88680    
  -843.750000000000        30.40545    
  -828.125000000000        24.28709    
  -812.500000000000        36.73930    
  -796.875000000000        57.39743    
  -781.250000000000        151.7236    
  -765.625000000000        152.7322    
  -750.000000000000        40.07834    
  -734.375000000000        27.20903    
  -718.750000000000        36.12911    
  -703.125000000000        51.17680    
  -687.500000000000        45.90792    
  -671.875000000000        42.96817    
  -656.250000000000        58.41886    
  -640.625000000000        49.06641    
  -625.000000000000        89.10090    
  -609.375000000000        144.1160    
  -593.750000000000        272.9207    
  -578.125000000000        838.5967    
  -562.500000000000        155.6626    
  -546.875000000000        48.73935    
  -531.250000000000        72.09476    
  -515.625000000000        71.68369    
  -500.000000000000        30.09999    
  -484.375000000000        13.59619    
  -468.750000000000        19.67730    
  -453.125000000000        27.60203    
  -437.500000000000        40.86735    
  -421.875000000000        25.26371    
  -406.250000000000        65.32930    
  -390.625000000000        275.1421    
  -375.000000000000        73.24766    
  -359.375000000000        45.30275    
  -343.750000000000        27.58578    
  -328.125000000000        26.57527    
  -312.500000000000        37.36476    
  -296.875000000000        54.14402    
  -281.250000000000        19.89723    
  -265.625000000000        45.11246    
  -250.000000000000        79.36954    
  -234.375000000000        88.39371    
  -218.750000000000        134.1315    
  -203.125000000000        519.4830    
  -187.500000000000        632.0121    
  -171.875000000000        193.1360    
  -156.250000000000        112.3615    
  -140.625000000000        60.76316    
  -125.000000000000        62.97155    
  -109.375000000000        48.76423    
  -93.7500000000000        34.03714    
  -78.1250000000000        64.72109    
  -62.5000000000000        40.50631    
  -46.8750000000000        28.48936    
  -31.2500000000000        17.99306    
  -15.6250000000000        68.27524    
  0.000000000000000E+000   18740.60    
   15.6250000000000        85.61119    
   31.2500000000000        48.43251    
   46.8750000000000        76.89289    
   62.5000000000000        12.82019    
   78.1250000000000        59.21183    
   93.7500000000000        45.90718    
   109.375000000000        30.91548    
   125.000000000000        56.52277    
   140.625000000000        45.45517    
   156.250000000000        57.33939    
   171.875000000000        82.43378    
   187.500000000000        231.3802    
   203.125000000000        85.93802    
   218.750000000000        83.95310    
   234.375000000000        39.90461    
   250.000000000000        75.83498    
   265.625000000000        13.01442    
   281.250000000000        29.73276    
   296.875000000000        14.77716    
   312.500000000000        52.73797    
   328.125000000000        10.53432    
   343.750000000000        23.00199    
   359.375000000000        58.94973    
   375.000000000000        153.2467    
   390.625000000000        436.8074    
   406.250000000000        110.6207    
   421.875000000000        58.47820    
   437.500000000000        67.82171    
   453.125000000000        29.35832    
   468.750000000000        6.715258    
   484.375000000000        21.88373    
   500.000000000000        47.62507    
   515.625000000000        62.08962    
   531.250000000000        67.28938    
   546.875000000000        70.98122    
   562.500000000000        140.0370    
   578.125000000000        889.4585    
   593.750000000000        330.4362    
   609.375000000000        147.1332    
   625.000000000000        103.2271    
   640.625000000000        79.65990    
   656.250000000000        46.00019    
   671.875000000000        50.21233    
   687.500000000000        42.33459    
   703.125000000000        28.13541    
   718.750000000000        58.90019    
   734.375000000000        56.98227    
   750.000000000000        64.32511    
   765.625000000000        175.1571    
   781.250000000000        202.8967    
   796.875000000000        41.02284    
   812.500000000000        23.26073    
   828.125000000000        17.86932    
   843.750000000000        13.52247    
   859.375000000000        6.195920    
   875.000000000000        14.87264    
   890.625000000000        10.76427    
   906.250000000000        55.10112    
   921.875000000000        47.48615    
   937.500000000000        22.53635    
   953.125000000000        26.33265    
   968.750000000000        67.65545    
   984.375000000000        12.56879    
   1000.00000000000        7.016616    
   1015.62500000000        15.39649    
   1031.25000000000        14.57025    
   1046.87500000000        27.42230    
   1062.50000000000        11.61907    
   1078.12500000000        11.64187    
   1093.75000000000        10.97383    
   1109.37500000000        29.29733    
   1125.00000000000        4.116398    
   1140.62500000000        19.97966    
   1156.25000000000        58.41693    
   1171.87500000000        67.09976    
   1187.50000000000        14.05299    
   1203.12500000000        16.14977    
   1218.75000000000        15.46473    
   1234.37500000000        16.65920    
   1250.00000000000        45.35510    
   1265.62500000000        8.060698    
   1281.25000000000        11.15148    
   1296.87500000000        12.86127    
   1312.50000000000        11.81812    
   1328.12500000000        10.96951    
   1343.75000000000        18.85408    
   1359.37500000000        59.19334    
   1375.00000000000        12.40534    
   1390.62500000000        16.52124    
   1406.25000000000        7.200127    
   1421.87500000000        17.88252    
   1437.50000000000        8.457541    
   1453.12500000000        10.71072    
   1468.75000000000        4.538702    
   1484.37500000000        14.11817    
   1500.00000000000        33.99383    
   1515.62500000000        20.08522    
   1531.25000000000        19.83755    
   1546.87500000000        64.96533    
   1562.50000000000        25.85273    
   1578.12500000000        29.37415    
   1593.75000000000        16.92451    
   1609.37500000000        18.62758    
   1625.00000000000        8.957950    
   1640.62500000000        15.73216    
   1656.25000000000        23.08241    
   1671.87500000000        19.68793    
   1687.50000000000        20.96473    
   1703.12500000000        14.83713    
   1718.75000000000        25.07700    
   1734.37500000000        40.15904    
   1750.00000000000        49.35279    
   1765.62500000000        8.823784    
   1781.25000000000        19.04526    
   1796.87500000000        5.987104    
   1812.50000000000        9.846809    
   1828.12500000000        13.13376    
   1843.75000000000        1.750061    
   1859.37500000000        1.758222    
   1875.00000000000        16.70260    
   1890.62500000000        20.49024    
   1906.25000000000        7.289037    
   1921.87500000000        40.74169    
   1937.50000000000        32.02001    
   1953.12500000000        21.28463    
   1968.75000000000        17.43074    
   1984.37500000000        19.80514    
