  -4000.00000000000        217.1274    
  -3968.75000000000        398.3336    
  -3937.50000000000        511.8505    
  -3906.25000000000        240.0937    
  -3875.00000000000        368.6825    
  -3843.75000000000        387.5461    
  -3812.50000000000        289.6337    
  -3781.25000000000        409.4440    
  -3750.00000000000        266.2171    
  -3718.75000000000        330.0250    
  -3687.50000000000        302.2895    
  -3656.25000000000        375.6420    
  -3625.00000000000        174.5160    
  -3593.75000000000        240.6853    
  -3562.50000000000        258.1747    
  -3531.25000000000        91.59374    
  -3500.00000000000        301.5752    
  -3468.75000000000        268.0712    
  -3437.50000000000        167.5344    
  -3406.25000000000        468.0410    
  -3375.00000000000        135.6602    
  -3343.75000000000        133.7652    
  -3312.50000000000        261.5294    
  -3281.25000000000        235.7429    
  -3250.00000000000        189.7854    
  -3218.75000000000        242.4056    
  -3187.50000000000        107.2964    
  -3156.25000000000        270.8212    
  -3125.00000000000        161.9340    
  -3093.75000000000        216.1565    
  -3062.50000000000        242.6175    
  -3031.25000000000        183.4388    
  -3000.00000000000        111.9001    
  -2968.75000000000        115.2231    
  -2937.50000000000        214.9553    
  -2906.25000000000        24.32735    
  -2875.00000000000        134.6362    
  -2843.75000000000        58.51522    
  -2812.50000000000        148.4076    
  -2781.25000000000        61.59997    
  -2750.00000000000        76.91750    
  -2718.75000000000        82.17950    
  -2687.50000000000        139.2812    
  -2656.25000000000        56.23587    
  -2625.00000000000        41.09563    
  -2593.75000000000        108.1413    
  -2562.50000000000        77.99519    
  -2531.25000000000        23.43706    
  -2500.00000000000        148.7169    
  -2468.75000000000        18.00263    
  -2437.50000000000        101.5057    
  -2406.25000000000        60.37071    
  -2375.00000000000        17.84578    
  -2343.75000000000        150.7710    
  -2312.50000000000        98.84587    
  -2281.25000000000        42.78540    
  -2250.00000000000        49.07012    
  -2218.75000000000        78.59979    
  -2187.50000000000        112.1997    
  -2156.25000000000        115.5085    
  -2125.00000000000        61.01087    
  -2093.75000000000        94.78056    
  -2062.50000000000        61.42665    
  -2031.25000000000        23.27722    
  -2000.00000000000        51.96255    
  -1968.75000000000        72.59055    
  -1937.50000000000        64.86107    
  -1906.25000000000        34.74327    
  -1875.00000000000        76.72660    
  -1843.75000000000        110.2570    
  -1812.50000000000        277.4026    
  -1781.25000000000        330.7420    
  -1750.00000000000        165.4695    
  -1718.75000000000        112.8168    
  -1687.50000000000        168.7546    
  -1656.25000000000        190.1676    
  -1625.00000000000        113.3952    
  -1593.75000000000        58.59386    
  -1562.50000000000        223.3935    
  -1531.25000000000        121.1813    
  -1500.00000000000        36.69637    
  -1468.75000000000        85.43673    
  -1437.50000000000        48.10797    
  -1406.25000000000        75.31326    
  -1375.00000000000        140.3363    
  -1343.75000000000        101.7401    
  -1312.50000000000        90.81976    
  -1281.25000000000        83.05106    
  -1250.00000000000        244.1789    
  -1218.75000000000        48.23216    
  -1187.50000000000        45.22085    
  -1156.25000000000        157.0206    
  -1125.00000000000        33.06152    
  -1093.75000000000        100.6271    
  -1062.50000000000        188.4906    
  -1031.25000000000        66.37445    
  -1000.00000000000        101.7800    
  -968.750000000000        92.32684    
  -937.500000000000        39.10368    
  -906.250000000000        165.6766    
  -875.000000000000        85.23851    
  -843.750000000000        137.3798    
  -812.500000000000        230.5348    
  -781.250000000000        311.7228    
  -750.000000000000        224.5109    
  -718.750000000000        285.8937    
  -687.500000000000        256.0314    
  -656.250000000000        457.0477    
  -625.000000000000        34.65567    
  -593.750000000000        346.0886    
  -562.500000000000        118.7471    
  -531.250000000000        206.9006    
  -500.000000000000        333.9305    
  -468.750000000000        82.43812    
  -437.500000000000        270.5000    
  -406.250000000000        302.3995    
  -375.000000000000        726.4205    
  -343.750000000000        1166.074    
  -312.500000000000        598.9009    
  -281.250000000000        849.6788    
  -250.000000000000        439.2894    
  -218.750000000000        53.16202    
  -187.500000000000        384.9106    
  -156.250000000000        1451.142    
  -125.000000000000        1434.036    
  -93.7500000000000        518.6128    
  -62.5000000000000        1405.602    
  -31.2500000000000        2557.954    
  0.000000000000000E+000   6544.082    
   31.2500000000000        2490.099    
   62.5000000000000        1472.838    
   93.7500000000000        539.4087    
   125.000000000000        1487.621    
   156.250000000000        1520.310    
   187.500000000000        399.0580    
   218.750000000000        14.57953    
   250.000000000000        405.4795    
   281.250000000000        788.9927    
   312.500000000000        596.8997    
   343.750000000000        1130.859    
   375.000000000000        686.0912    
   406.250000000000        293.4997    
   437.500000000000        232.1002    
   468.750000000000        83.72063    
   500.000000000000        337.0341    
   531.250000000000        222.0068    
   562.500000000000        132.1090    
   593.750000000000        344.3147    
   625.000000000000        43.73335    
   656.250000000000        443.8831    
   687.500000000000        252.0533    
   718.750000000000        302.8657    
   750.000000000000        234.0677    
   781.250000000000        307.8415    
   812.500000000000        237.8644    
   843.750000000000        136.0623    
   875.000000000000        91.59124    
   906.250000000000        179.2731    
   937.500000000000        38.35233    
   968.750000000000        102.2002    
   1000.00000000000        99.15909    
   1031.25000000000        73.64386    
   1062.50000000000        188.2357    
   1093.75000000000        93.90141    
   1125.00000000000        38.16627    
   1156.25000000000        147.6845    
   1187.50000000000        42.13536    
   1218.75000000000        50.81449    
   1250.00000000000        251.1238    
   1281.25000000000        79.24399    
   1312.50000000000        94.68629    
   1343.75000000000        121.2039    
   1375.00000000000        150.7292    
   1406.25000000000        90.87833    
   1437.50000000000        43.12387    
   1468.75000000000        75.18385    
   1500.00000000000        47.16364    
   1531.25000000000        124.4332    
   1562.50000000000        207.7022    
   1593.75000000000        57.48059    
   1625.00000000000        106.4844    
   1656.25000000000        173.8889    
   1687.50000000000        160.9331    
   1718.75000000000        102.0036    
   1750.00000000000        153.7463    
   1781.25000000000        320.3691    
   1812.50000000000        254.0832    
   1843.75000000000        106.3786    
   1875.00000000000        89.02222    
   1906.25000000000        36.23072    
   1937.50000000000        52.91362    
   1968.75000000000        75.47992    
   2000.00000000000        44.18700    
   2031.25000000000        30.03875    
   2062.50000000000        71.62274    
   2093.75000000000        85.35979    
   2125.00000000000        70.13334    
   2156.25000000000        108.6255    
   2187.50000000000        116.3783    
   2218.75000000000        70.61876    
   2250.00000000000        65.59093    
   2281.25000000000        51.10675    
   2312.50000000000        92.37276    
   2343.75000000000        164.4999    
   2375.00000000000        28.25848    
   2406.25000000000        51.46818    
   2437.50000000000        107.2267    
   2468.75000000000        15.03073    
   2500.00000000000        154.1510    
   2531.25000000000        21.00873    
   2562.50000000000        70.49567    
   2593.75000000000        104.4970    
   2625.00000000000        41.94715    
   2656.25000000000        59.74719    
   2687.50000000000        150.3882    
   2718.75000000000        75.47153    
   2750.00000000000        75.30449    
   2781.25000000000        51.44059    
   2812.50000000000        155.2513    
   2843.75000000000        66.43361    
   2875.00000000000        150.1331    
   2906.25000000000        31.96964    
   2937.50000000000        212.2603    
   2968.75000000000        117.8649    
   3000.00000000000        120.7704    
   3031.25000000000        196.9103    
   3062.50000000000        237.2283    
   3093.75000000000        210.9440    
   3125.00000000000        148.6977    
   3156.25000000000        259.1559    
   3187.50000000000        108.5551    
   3218.75000000000        262.3492    
   3250.00000000000        213.3859    
   3281.25000000000        250.5695    
   3312.50000000000        252.4955    
   3343.75000000000        140.9561    
   3375.00000000000        143.2965    
   3406.25000000000        461.7346    
   3437.50000000000        159.9409    
   3468.75000000000        296.3462    
   3500.00000000000        291.3251    
   3531.25000000000        88.51302    
   3562.50000000000        259.4592    
   3593.75000000000        221.4808    
   3625.00000000000        163.0400    
   3656.25000000000        369.5115    
   3687.50000000000        307.7079    
   3718.75000000000        331.4772    
   3750.00000000000        253.3257    
   3781.25000000000        439.8219    
   3812.50000000000        280.8820    
   3843.75000000000        421.4354    
   3875.00000000000        347.2283    
   3906.25000000000        233.3579    
   3937.50000000000        484.7992    
   3968.75000000000        398.5863    
