  -2000.00000000000        12.13325    
  -1984.37500000000        5.084406    
  -1968.75000000000        9.052033    
  -1953.12500000000        13.47657    
  -1937.50000000000        11.62750    
  -1921.87500000000        21.44484    
  -1906.25000000000        11.08117    
  -1890.62500000000        17.40526    
  -1875.00000000000        12.10323    
  -1859.37500000000        8.821014    
  -1843.75000000000        6.162138    
  -1828.12500000000        4.973332    
  -1812.50000000000        9.310403    
  -1796.87500000000        4.583984    
  -1781.25000000000        11.63147    
  -1765.62500000000        8.983868    
  -1750.00000000000        34.54203    
  -1734.37500000000        24.83519    
  -1718.75000000000        14.18759    
  -1703.12500000000        4.910973    
  -1687.50000000000        11.50219    
  -1671.87500000000        19.59001    
  -1656.25000000000        2.983714    
  -1640.62500000000        8.214026    
  -1625.00000000000        7.574191    
  -1609.37500000000        8.315972    
  -1593.75000000000        8.995831    
  -1578.12500000000        9.170362    
  -1562.50000000000        16.74344    
  -1546.87500000000        47.82257    
  -1531.25000000000        7.297604    
  -1515.62500000000        15.34239    
  -1500.00000000000        20.10566    
  -1484.37500000000        31.94327    
  -1468.75000000000        8.734365    
  -1453.12500000000        11.99060    
  -1437.50000000000        4.959888    
  -1421.87500000000        11.18979    
  -1406.25000000000        6.733931    
  -1390.62500000000        13.86254    
  -1375.00000000000        9.444463    
  -1359.37500000000        38.01974    
  -1343.75000000000        7.446223    
  -1328.12500000000        7.961705    
  -1312.50000000000        4.605300    
  -1296.87500000000        23.38629    
  -1281.25000000000        6.717956    
  -1265.62500000000        5.896221    
  -1250.00000000000        31.71915    
  -1234.37500000000        14.74863    
  -1218.75000000000        9.091984    
  -1203.12500000000        21.97137    
  -1187.50000000000        23.24439    
  -1171.87500000000        66.29681    
  -1156.25000000000        72.87730    
  -1140.62500000000        20.27174    
  -1125.00000000000        5.360049    
  -1109.37500000000        9.503839    
  -1093.75000000000        11.15044    
  -1078.12500000000        5.612241    
  -1062.50000000000        4.825202    
  -1046.87500000000        13.54583    
  -1031.25000000000        7.881351    
  -1015.62500000000        9.591413    
  -1000.00000000000        4.618605    
  -984.375000000000        7.443645    
  -968.750000000000        67.58186    
  -953.125000000000        10.37738    
  -937.500000000000        10.68249    
  -921.875000000000        25.23235    
  -906.250000000000        22.84813    
  -890.625000000000        5.957652    
  -875.000000000000        4.368622    
  -859.375000000000        8.644635    
  -843.750000000000        20.61083    
  -828.125000000000        18.95263    
  -812.500000000000        12.18210    
  -796.875000000000        20.34440    
  -781.250000000000        58.92934    
  -765.625000000000        71.47980    
  -750.000000000000        18.31120    
  -734.375000000000        20.40693    
  -718.750000000000        26.09671    
  -703.125000000000        38.62222    
  -687.500000000000        26.50902    
  -671.875000000000        28.19511    
  -656.250000000000        45.75388    
  -640.625000000000        25.83516    
  -625.000000000000        46.16451    
  -609.375000000000        76.11376    
  -593.750000000000        164.6650    
  -578.125000000000        474.4832    
  -562.500000000000        82.78025    
  -546.875000000000        28.06650    
  -531.250000000000        38.40924    
  -515.625000000000        29.35527    
  -500.000000000000        29.28568    
  -484.375000000000        8.405999    
  -468.750000000000        12.84138    
  -453.125000000000        21.54428    
  -437.500000000000        23.69394    
  -421.875000000000        25.37816    
  -406.250000000000        44.04881    
  -390.625000000000        169.9489    
  -375.000000000000        57.11811    
  -359.375000000000        29.32356    
  -343.750000000000        8.453327    
  -328.125000000000        19.33514    
  -312.500000000000        10.50221    
  -296.875000000000        27.08002    
  -281.250000000000        7.698238    
  -265.625000000000        23.40832    
  -250.000000000000        33.01216    
  -234.375000000000        20.05030    
  -218.750000000000        49.20929    
  -203.125000000000        200.9823    
  -187.500000000000        231.0844    
  -171.875000000000        66.25465    
  -156.250000000000        38.69414    
  -140.625000000000        26.13098    
  -125.000000000000        32.15268    
  -109.375000000000        19.25925    
  -93.7500000000000        6.580752    
  -78.1250000000000        35.06431    
  -62.5000000000000        14.27660    
  -46.8750000000000        25.76915    
  -31.2500000000000        14.79437    
  -15.6250000000000        48.62388    
  0.000000000000000E+000   10691.86    
   15.6250000000000        55.82002    
   31.2500000000000        14.52628    
   46.8750000000000        31.14499    
   62.5000000000000        8.407697    
   78.1250000000000        40.22064    
   93.7500000000000        4.946470    
   109.375000000000        8.971369    
   125.000000000000        22.20487    
   140.625000000000        18.81990    
   156.250000000000        24.00634    
   171.875000000000        37.36600    
   187.500000000000        121.9347    
   203.125000000000        110.8607    
   218.750000000000        35.07310    
   234.375000000000        10.34085    
   250.000000000000        32.81365    
   265.625000000000        16.71122    
   281.250000000000        16.16117    
   296.875000000000        8.137163    
   312.500000000000        21.31844    
   328.125000000000        9.245594    
   343.750000000000        11.46755    
   359.375000000000        31.35172    
   375.000000000000        72.38599    
   390.625000000000        208.0198    
   406.250000000000        55.86298    
   421.875000000000        24.14129    
   437.500000000000        28.68098    
   453.125000000000        14.28724    
   468.750000000000        6.740191    
   484.375000000000        11.25015    
   500.000000000000        27.22239    
   515.625000000000        19.04037    
   531.250000000000        34.00578    
   546.875000000000        31.69475    
   562.500000000000        81.92311    
   578.125000000000        490.4596    
   593.750000000000        183.2114    
   609.375000000000        81.12292    
   625.000000000000        58.74299    
   640.625000000000        32.69769    
   656.250000000000        43.40737    
   671.875000000000        35.70658    
   687.500000000000        23.14353    
   703.125000000000        22.65789    
   718.750000000000        20.00478    
   734.375000000000        31.04946    
   750.000000000000        33.79507    
   765.625000000000        90.25349    
   781.250000000000        94.06702    
   796.875000000000        23.75721    
   812.500000000000        17.20232    
   828.125000000000        13.45948    
   843.750000000000        6.890451    
   859.375000000000        8.778893    
   875.000000000000        7.167699    
   890.625000000000        7.808854    
   906.250000000000        37.32801    
   921.875000000000        31.93874    
   937.500000000000        14.23232    
   953.125000000000        18.54016    
   968.750000000000        55.09898    
   984.375000000000        10.07340    
   1000.00000000000        4.640397    
   1015.62500000000        7.693191    
   1031.25000000000        13.24363    
   1046.87500000000        8.752039    
   1062.50000000000        1.169124    
   1078.12500000000        7.399813    
   1093.75000000000        14.32749    
   1109.37500000000        7.012291    
   1125.00000000000        4.085927    
   1140.62500000000        13.59017    
   1156.25000000000        48.19324    
   1171.87500000000        60.20719    
   1187.50000000000        25.40650    
   1203.12500000000        18.25848    
   1218.75000000000        17.25743    
   1234.37500000000        21.91475    
   1250.00000000000        30.00851    
   1265.62500000000        12.32580    
   1281.25000000000        10.50612    
   1296.87500000000        8.344450    
   1312.50000000000        13.27505    
   1328.12500000000        9.040763    
   1343.75000000000        11.63943    
   1359.37500000000        41.99264    
   1375.00000000000        5.971355    
   1390.62500000000        12.24891    
   1406.25000000000        10.31156    
   1421.87500000000        9.207195    
   1437.50000000000        7.881936    
   1453.12500000000        2.555047    
   1468.75000000000        1.475443    
   1484.37500000000        4.534324    
   1500.00000000000        24.08287    
   1515.62500000000        11.09751    
   1531.25000000000        11.48959    
   1546.87500000000        19.27149    
   1562.50000000000        18.72132    
   1578.12500000000        12.71171    
   1593.75000000000        10.98328    
   1609.37500000000        16.33802    
   1625.00000000000        6.705808    
   1640.62500000000        7.263732    
   1656.25000000000        10.43604    
   1671.87500000000        14.73359    
   1687.50000000000        5.633483    
   1703.12500000000        4.643747    
   1718.75000000000        8.242009    
   1734.37500000000        14.76661    
   1750.00000000000        47.20966    
   1765.62500000000        6.715738    
   1781.25000000000        8.535645    
   1796.87500000000        3.014623    
   1812.50000000000        10.43249    
   1828.12500000000        12.00435    
   1843.75000000000        5.624529    
   1859.37500000000        13.43909    
   1875.00000000000        10.57308    
   1890.62500000000        14.31967    
   1906.25000000000        2.161150    
   1921.87500000000        28.20324    
   1937.50000000000        31.23795    
   1953.12500000000        13.14477    
   1968.75000000000        13.20504    
   1984.37500000000        4.804873    
