  -4000.00000000000        195.9903    
  -3968.75000000000        360.0764    
  -3937.50000000000        459.7025    
  -3906.25000000000        216.3495    
  -3875.00000000000        326.6188    
  -3843.75000000000        365.6388    
  -3812.50000000000        262.8158    
  -3781.25000000000        388.6111    
  -3750.00000000000        238.8748    
  -3718.75000000000        301.5734    
  -3687.50000000000        276.9688    
  -3656.25000000000        336.5952    
  -3625.00000000000        156.7126    
  -3593.75000000000        212.5790    
  -3562.50000000000        237.8646    
  -3531.25000000000        84.38082    
  -3500.00000000000        270.9591    
  -3468.75000000000        253.0932    
  -3437.50000000000        147.5988    
  -3406.25000000000        418.7460    
  -3375.00000000000        125.9248    
  -3343.75000000000        122.3940    
  -3312.50000000000        233.1532    
  -3281.25000000000        212.4798    
  -3250.00000000000        183.7725    
  -3218.75000000000        224.6340    
  -3187.50000000000        101.2798    
  -3156.25000000000        240.6951    
  -3125.00000000000        141.1347    
  -3093.75000000000        190.7305    
  -3062.50000000000        220.7513    
  -3031.25000000000        173.3267    
  -3000.00000000000        107.7566    
  -2968.75000000000        107.0136    
  -2937.50000000000        195.7928    
  -2906.25000000000        26.23734    
  -2875.00000000000        127.9591    
  -2843.75000000000        59.77610    
  -2812.50000000000        138.1187    
  -2781.25000000000        48.92763    
  -2750.00000000000        68.83009    
  -2718.75000000000        70.45264    
  -2687.50000000000        133.0426    
  -2656.25000000000        53.04258    
  -2625.00000000000        34.47441    
  -2593.75000000000        94.88667    
  -2562.50000000000        61.80685    
  -2531.25000000000        18.19175    
  -2500.00000000000        139.0704    
  -2468.75000000000        13.94285    
  -2437.50000000000        92.00533    
  -2406.25000000000        53.62779    
  -2375.00000000000        23.94008    
  -2343.75000000000        140.1787    
  -2312.50000000000        86.36517    
  -2281.25000000000        40.18724    
  -2250.00000000000        47.87555    
  -2218.75000000000        68.67728    
  -2187.50000000000        100.7356    
  -2156.25000000000        107.1378    
  -2125.00000000000        62.48685    
  -2093.75000000000        87.63728    
  -2062.50000000000        63.18005    
  -2031.25000000000        17.32535    
  -2000.00000000000        46.38141    
  -1968.75000000000        67.61719    
  -1937.50000000000        50.08200    
  -1906.25000000000        28.83840    
  -1875.00000000000        79.54918    
  -1843.75000000000        92.29825    
  -1812.50000000000        246.1116    
  -1781.25000000000        291.7962    
  -1750.00000000000        144.2708    
  -1718.75000000000        100.5925    
  -1687.50000000000        144.3313    
  -1656.25000000000        165.5775    
  -1625.00000000000        99.83159    
  -1593.75000000000        54.92436    
  -1562.50000000000        202.9300    
  -1531.25000000000        115.1474    
  -1500.00000000000        35.37160    
  -1468.75000000000        72.96542    
  -1437.50000000000        43.76394    
  -1406.25000000000        80.67371    
  -1375.00000000000        130.7678    
  -1343.75000000000        102.5816    
  -1312.50000000000        82.85923    
  -1281.25000000000        71.13181    
  -1250.00000000000        221.0577    
  -1218.75000000000        41.94989    
  -1187.50000000000        40.61378    
  -1156.25000000000        144.0782    
  -1125.00000000000        33.24484    
  -1093.75000000000        89.37430    
  -1062.50000000000        173.3591    
  -1031.25000000000        72.18440    
  -1000.00000000000        84.09991    
  -968.750000000000        86.14410    
  -937.500000000000        40.33091    
  -906.250000000000        164.2247    
  -875.000000000000        85.28667    
  -843.750000000000        122.1733    
  -812.500000000000        215.7644    
  -781.250000000000        274.2177    
  -750.000000000000        205.7968    
  -718.750000000000        267.3125    
  -687.500000000000        226.6648    
  -656.250000000000        409.8373    
  -625.000000000000        37.71449    
  -593.750000000000        299.3292    
  -562.500000000000        119.9386    
  -531.250000000000        193.1305    
  -500.000000000000        298.1679    
  -468.750000000000        71.25794    
  -437.500000000000        235.0752    
  -406.250000000000        280.7175    
  -375.000000000000        651.3299    
  -343.750000000000        1044.447    
  -312.500000000000        550.2147    
  -281.250000000000        746.5551    
  -250.000000000000        369.4845    
  -218.750000000000        46.87356    
  -187.500000000000        353.5988    
  -156.250000000000        1323.578    
  -125.000000000000        1322.871    
  -93.7500000000000        475.0422    
  -62.5000000000000        1299.106    
  -31.2500000000000        2287.971    
  0.000000000000000E+000   5939.613    
   31.2500000000000        2276.203    
   62.5000000000000        1311.258    
   93.7500000000000        470.3090    
   125.000000000000        1334.343    
   156.250000000000        1366.616    
   187.500000000000        361.5855    
   218.750000000000        36.60388    
   250.000000000000        385.8575    
   281.250000000000        736.7188    
   312.500000000000        539.7440    
   343.750000000000        1029.191    
   375.000000000000        627.5901    
   406.250000000000        278.1387    
   437.500000000000        215.9041    
   468.750000000000        67.03581    
   500.000000000000        297.2976    
   531.250000000000        199.6461    
   562.500000000000        118.6085    
   593.750000000000        299.0310    
   625.000000000000        39.62880    
   656.250000000000        409.4684    
   687.500000000000        227.9317    
   718.750000000000        273.4213    
   750.000000000000        212.5729    
   781.250000000000        278.1336    
   812.500000000000        217.9422    
   843.750000000000        119.4886    
   875.000000000000        89.05318    
   906.250000000000        163.7338    
   937.500000000000        38.15616    
   968.750000000000        89.75660    
   1000.00000000000        87.56381    
   1031.25000000000        74.32825    
   1062.50000000000        163.6027    
   1093.75000000000        93.22839    
   1125.00000000000        30.42429    
   1156.25000000000        140.1093    
   1187.50000000000        34.40061    
   1218.75000000000        42.99753    
   1250.00000000000        223.7439    
   1281.25000000000        67.88845    
   1312.50000000000        85.19965    
   1343.75000000000        104.2553    
   1375.00000000000        133.5008    
   1406.25000000000        84.29897    
   1437.50000000000        43.19711    
   1468.75000000000        70.96550    
   1500.00000000000        36.48613    
   1531.25000000000        113.9939    
   1562.50000000000        200.7524    
   1593.75000000000        53.76985    
   1625.00000000000        100.7093    
   1656.25000000000        158.3559    
   1687.50000000000        140.7259    
   1718.75000000000        100.9624    
   1750.00000000000        147.2900    
   1781.25000000000        286.8378    
   1812.50000000000        240.6512    
   1843.75000000000        87.95090    
   1875.00000000000        79.78289    
   1906.25000000000        34.64013    
   1937.50000000000        44.53159    
   1968.75000000000        63.27502    
   2000.00000000000        40.34369    
   2031.25000000000        14.89977    
   2062.50000000000        63.42531    
   2093.75000000000        82.91796    
   2125.00000000000        62.86920    
   2156.25000000000        106.7780    
   2187.50000000000        103.0019    
   2218.75000000000        71.23450    
   2250.00000000000        53.85341    
   2281.25000000000        38.02525    
   2312.50000000000        84.93055    
   2343.75000000000        142.9358    
   2375.00000000000        22.78312    
   2406.25000000000        50.60086    
   2437.50000000000        93.63099    
   2468.75000000000        11.51103    
   2500.00000000000        138.6141    
   2531.25000000000        17.99598    
   2562.50000000000        63.15760    
   2593.75000000000        96.31095    
   2625.00000000000        34.74778    
   2656.25000000000        52.98706    
   2687.50000000000        133.4056    
   2718.75000000000        71.42847    
   2750.00000000000        69.65562    
   2781.25000000000        46.47276    
   2812.50000000000        141.1607    
   2843.75000000000        58.17850    
   2875.00000000000        130.4580    
   2906.25000000000        25.76286    
   2937.50000000000        196.3806    
   2968.75000000000        105.1742    
   3000.00000000000        110.4856    
   3031.25000000000        177.8612    
   3062.50000000000        219.0550    
   3093.75000000000        191.8372    
   3125.00000000000        138.6806    
   3156.25000000000        239.4878    
   3187.50000000000        102.3441    
   3218.75000000000        226.9783    
   3250.00000000000        186.4598    
   3281.25000000000        216.4265    
   3312.50000000000        229.3370    
   3343.75000000000        121.8101    
   3375.00000000000        126.8813    
   3406.25000000000        420.1672    
   3437.50000000000        147.0572    
   3468.75000000000        256.1647    
   3500.00000000000        267.5160    
   3531.25000000000        83.58510    
   3562.50000000000        240.9446    
   3593.75000000000        207.6751    
   3625.00000000000        153.2613    
   3656.25000000000        336.8900    
   3687.50000000000        274.9014    
   3718.75000000000        303.3824    
   3750.00000000000        234.3645    
   3781.25000000000        393.1404    
   3812.50000000000        261.6455    
   3843.75000000000        369.8479    
   3875.00000000000        325.3094    
   3906.25000000000        214.8367    
   3937.50000000000        456.0547    
   3968.75000000000        363.6728    
