  -4000.00000000000        197.0863    
  -3968.75000000000        362.5034    
  -3937.50000000000        461.2316    
  -3906.25000000000        215.1987    
  -3875.00000000000        326.6118    
  -3843.75000000000        367.5282    
  -3812.50000000000        264.5946    
  -3781.25000000000        388.6495    
  -3750.00000000000        237.0373    
  -3718.75000000000        301.4919    
  -3687.50000000000        277.3409    
  -3656.25000000000        338.8721    
  -3625.00000000000        159.4185    
  -3593.75000000000        214.4619    
  -3562.50000000000        238.3132    
  -3531.25000000000        82.53870    
  -3500.00000000000        271.5800    
  -3468.75000000000        252.1884    
  -3437.50000000000        145.8531    
  -3406.25000000000        420.4836    
  -3375.00000000000        126.9243    
  -3343.75000000000        121.2148    
  -3312.50000000000        234.4066    
  -3281.25000000000        214.2064    
  -3250.00000000000        182.9990    
  -3218.75000000000        225.5959    
  -3187.50000000000        100.1984    
  -3156.25000000000        241.3770    
  -3125.00000000000        140.7930    
  -3093.75000000000        190.0339    
  -3062.50000000000        220.2457    
  -3031.25000000000        173.9107    
  -3000.00000000000        107.7850    
  -2968.75000000000        107.3688    
  -2937.50000000000        195.4415    
  -2906.25000000000        26.87496    
  -2875.00000000000        128.5471    
  -2843.75000000000        59.63483    
  -2812.50000000000        138.1103    
  -2781.25000000000        46.87848    
  -2750.00000000000        69.87619    
  -2718.75000000000        69.75237    
  -2687.50000000000        132.0894    
  -2656.25000000000        52.54599    
  -2625.00000000000        33.32172    
  -2593.75000000000        94.83128    
  -2562.50000000000        62.29832    
  -2531.25000000000        17.31739    
  -2500.00000000000        137.1309    
  -2468.75000000000        16.84677    
  -2437.50000000000        90.86761    
  -2406.25000000000        53.64692    
  -2375.00000000000        23.84246    
  -2343.75000000000        138.3925    
  -2312.50000000000        82.10241    
  -2281.25000000000        38.11396    
  -2250.00000000000        47.97998    
  -2218.75000000000        69.86761    
  -2187.50000000000        100.5294    
  -2156.25000000000        106.9731    
  -2125.00000000000        62.79538    
  -2093.75000000000        81.87685    
  -2062.50000000000        64.71632    
  -2031.25000000000        15.89574    
  -2000.00000000000        46.70197    
  -1968.75000000000        71.50279    
  -1937.50000000000        53.07233    
  -1906.25000000000        28.07424    
  -1875.00000000000        79.28268    
  -1843.75000000000        94.16476    
  -1812.50000000000        244.9634    
  -1781.25000000000        295.6510    
  -1750.00000000000        144.6405    
  -1718.75000000000        100.1567    
  -1687.50000000000        147.4293    
  -1656.25000000000        163.3677    
  -1625.00000000000        106.8160    
  -1593.75000000000        55.24614    
  -1562.50000000000        204.6560    
  -1531.25000000000        116.1381    
  -1500.00000000000        32.16137    
  -1468.75000000000        74.10447    
  -1437.50000000000        44.48361    
  -1406.25000000000        82.58347    
  -1375.00000000000        126.1625    
  -1343.75000000000        103.6499    
  -1312.50000000000        84.75807    
  -1281.25000000000        72.35577    
  -1250.00000000000        220.2982    
  -1218.75000000000        39.30957    
  -1187.50000000000        38.22874    
  -1156.25000000000        145.7831    
  -1125.00000000000        33.42987    
  -1093.75000000000        85.25757    
  -1062.50000000000        157.2135    
  -1031.25000000000        66.49825    
  -1000.00000000000        94.04517    
  -968.750000000000        85.64156    
  -937.500000000000        37.81879    
  -906.250000000000        161.1999    
  -875.000000000000        89.61856    
  -843.750000000000        115.4324    
  -812.500000000000        220.3114    
  -781.250000000000        272.8790    
  -750.000000000000        210.3084    
  -718.750000000000        271.4199    
  -687.500000000000        226.7133    
  -656.250000000000        407.3594    
  -625.000000000000        35.28528    
  -593.750000000000        295.7001    
  -562.500000000000        122.2652    
  -531.250000000000        190.3181    
  -500.000000000000        299.9976    
  -468.750000000000        71.19450    
  -437.500000000000        231.7345    
  -406.250000000000        280.0676    
  -375.000000000000        638.8227    
  -343.750000000000        1051.376    
  -312.500000000000        547.8990    
  -281.250000000000        752.4996    
  -250.000000000000        380.9631    
  -218.750000000000        35.11099    
  -187.500000000000        360.1758    
  -156.250000000000        1346.046    
  -125.000000000000        1329.613    
  -93.7500000000000        474.5207    
  -62.5000000000000        1301.421    
  -31.2500000000000        2305.938    
  0.000000000000000E+000   5940.477    
   31.2500000000000        2254.793    
   62.5000000000000        1315.028    
   93.7500000000000        480.5804    
   125.000000000000        1332.558    
   156.250000000000        1352.090    
   187.500000000000        358.9707    
   218.750000000000        33.52454    
   250.000000000000        377.0920    
   281.250000000000        743.7896    
   312.500000000000        539.8630    
   343.750000000000        1042.093    
   375.000000000000        628.0862    
   406.250000000000        278.6950    
   437.500000000000        217.2319    
   468.750000000000        65.40599    
   500.000000000000        300.1426    
   531.250000000000        205.2613    
   562.500000000000        120.1650    
   593.750000000000        303.4765    
   625.000000000000        35.75809    
   656.250000000000        404.0667    
   687.500000000000        226.8286    
   718.750000000000        268.8802    
   750.000000000000        201.8962    
   781.250000000000        271.2003    
   812.500000000000        212.4377    
   843.750000000000        119.5457    
   875.000000000000        93.33484    
   906.250000000000        166.7676    
   937.500000000000        35.23239    
   968.750000000000        91.57384    
   1000.00000000000        94.99950    
   1031.25000000000        60.46456    
   1062.50000000000        157.1175    
   1093.75000000000        90.67596    
   1125.00000000000        33.24226    
   1156.25000000000        145.7438    
   1187.50000000000        37.48205    
   1218.75000000000        43.72504    
   1250.00000000000        223.0089    
   1281.25000000000        67.04302    
   1312.50000000000        81.44593    
   1343.75000000000        105.7222    
   1375.00000000000        130.7996    
   1406.25000000000        87.07632    
   1437.50000000000        43.63065    
   1468.75000000000        68.33160    
   1500.00000000000        31.98852    
   1531.25000000000        112.9731    
   1562.50000000000        202.1361    
   1593.75000000000        54.83928    
   1625.00000000000        100.9071    
   1656.25000000000        160.5477    
   1687.50000000000        139.6123    
   1718.75000000000        102.7830    
   1750.00000000000        144.8949    
   1781.25000000000        286.4655    
   1812.50000000000        242.9121    
   1843.75000000000        89.87599    
   1875.00000000000        82.12799    
   1906.25000000000        30.23612    
   1937.50000000000        53.33107    
   1968.75000000000        65.49950    
   2000.00000000000        44.42963    
   2031.25000000000        14.95026    
   2062.50000000000        66.27570    
   2093.75000000000        80.07107    
   2125.00000000000        63.49894    
   2156.25000000000        107.2649    
   2187.50000000000        101.1410    
   2218.75000000000        71.00861    
   2250.00000000000        53.15273    
   2281.25000000000        39.31262    
   2312.50000000000        83.54549    
   2343.75000000000        140.5511    
   2375.00000000000        21.25027    
   2406.25000000000        53.64837    
   2437.50000000000        95.29199    
   2468.75000000000        12.34114    
   2500.00000000000        138.8965    
   2531.25000000000        18.39875    
   2562.50000000000        64.33825    
   2593.75000000000        97.12373    
   2625.00000000000        35.52446    
   2656.25000000000        54.24984    
   2687.50000000000        133.7328    
   2718.75000000000        69.80688    
   2750.00000000000        68.77116    
   2781.25000000000        45.33292    
   2812.50000000000        140.2976    
   2843.75000000000        60.00442    
   2875.00000000000        131.6313    
   2906.25000000000        25.32581    
   2937.50000000000        196.5589    
   2968.75000000000        105.9979    
   3000.00000000000        110.8556    
   3031.25000000000        175.5746    
   3062.50000000000        220.4079    
   3093.75000000000        192.0726    
   3125.00000000000        136.9363    
   3156.25000000000        240.1118    
   3187.50000000000        101.7340    
   3218.75000000000        230.1175    
   3250.00000000000        186.3762    
   3281.25000000000        216.4222    
   3312.50000000000        231.9505    
   3343.75000000000        120.7234    
   3375.00000000000        126.6947    
   3406.25000000000        420.4950    
   3437.50000000000        145.9030    
   3468.75000000000        256.3694    
   3500.00000000000        268.3605    
   3531.25000000000        83.22755    
   3562.50000000000        241.2670    
   3593.75000000000        209.1674    
   3625.00000000000        152.8119    
   3656.25000000000        338.3305    
   3687.50000000000        275.4265    
   3718.75000000000        301.2482    
   3750.00000000000        232.8730    
   3781.25000000000        394.0172    
   3812.50000000000        262.0857    
   3843.75000000000        370.5128    
   3875.00000000000        325.9643    
   3906.25000000000        216.0074    
   3937.50000000000        458.2288    
   3968.75000000000        362.6746    
