  -4000.00000000000        195.7272    
  -3968.75000000000        360.9827    
  -3937.50000000000        458.8512    
  -3906.25000000000        214.7970    
  -3875.00000000000        325.3370    
  -3843.75000000000        365.6047    
  -3812.50000000000        263.0836    
  -3781.25000000000        388.5665    
  -3750.00000000000        235.0941    
  -3718.75000000000        300.9659    
  -3687.50000000000        274.9993    
  -3656.25000000000        336.2478    
  -3625.00000000000        155.1289    
  -3593.75000000000        212.3852    
  -3562.50000000000        237.7595    
  -3531.25000000000        84.06535    
  -3500.00000000000        268.8130    
  -3468.75000000000        252.8128    
  -3437.50000000000        145.6590    
  -3406.25000000000        418.4154    
  -3375.00000000000        126.7756    
  -3343.75000000000        121.5509    
  -3312.50000000000        232.9558    
  -3281.25000000000        214.1357    
  -3250.00000000000        183.0032    
  -3218.75000000000        225.7713    
  -3187.50000000000        99.48776    
  -3156.25000000000        239.1866    
  -3125.00000000000        140.5145    
  -3093.75000000000        190.1991    
  -3062.50000000000        219.0609    
  -3031.25000000000        173.7985    
  -3000.00000000000        107.2774    
  -2968.75000000000        106.5256    
  -2937.50000000000        196.1455    
  -2906.25000000000        26.72049    
  -2875.00000000000        128.5327    
  -2843.75000000000        59.29578    
  -2812.50000000000        137.8171    
  -2781.25000000000        46.95729    
  -2750.00000000000        68.50447    
  -2718.75000000000        70.71883    
  -2687.50000000000        132.3209    
  -2656.25000000000        53.75156    
  -2625.00000000000        33.28778    
  -2593.75000000000        94.53804    
  -2562.50000000000        60.33987    
  -2531.25000000000        19.36982    
  -2500.00000000000        137.4178    
  -2468.75000000000        11.40378    
  -2437.50000000000        91.93826    
  -2406.25000000000        53.23352    
  -2375.00000000000        21.53763    
  -2343.75000000000        136.9056    
  -2312.50000000000        84.24226    
  -2281.25000000000        37.93499    
  -2250.00000000000        51.12730    
  -2218.75000000000        69.68780    
  -2187.50000000000        103.0259    
  -2156.25000000000        104.8916    
  -2125.00000000000        64.19746    
  -2093.75000000000        84.39322    
  -2062.50000000000        63.59613    
  -2031.25000000000        17.94178    
  -2000.00000000000        43.58965    
  -1968.75000000000        66.19267    
  -1937.50000000000        48.57296    
  -1906.25000000000        31.07345    
  -1875.00000000000        79.25136    
  -1843.75000000000        90.71467    
  -1812.50000000000        243.3980    
  -1781.25000000000        292.3209    
  -1750.00000000000        146.6977    
  -1718.75000000000        103.4866    
  -1687.50000000000        140.7884    
  -1656.25000000000        161.9994    
  -1625.00000000000        98.77920    
  -1593.75000000000        53.95483    
  -1562.50000000000        202.0452    
  -1531.25000000000        116.5497    
  -1500.00000000000        33.93142    
  -1468.75000000000        71.43912    
  -1437.50000000000        47.07873    
  -1406.25000000000        84.24324    
  -1375.00000000000        128.4997    
  -1343.75000000000        110.5108    
  -1312.50000000000        82.37638    
  -1281.25000000000        71.37630    
  -1250.00000000000        219.5638    
  -1218.75000000000        40.10323    
  -1187.50000000000        40.25969    
  -1156.25000000000        145.6115    
  -1125.00000000000        32.67991    
  -1093.75000000000        84.28716    
  -1062.50000000000        160.5891    
  -1031.25000000000        67.36466    
  -1000.00000000000        94.49707    
  -968.750000000000        86.10939    
  -937.500000000000        34.88635    
  -906.250000000000        162.5641    
  -875.000000000000        81.72054    
  -843.750000000000        129.9516    
  -812.500000000000        217.2924    
  -781.250000000000        268.3776    
  -750.000000000000        208.6541    
  -718.750000000000        265.4451    
  -687.500000000000        233.5233    
  -656.250000000000        401.9874    
  -625.000000000000        37.67806    
  -593.750000000000        294.1143    
  -562.500000000000        120.2148    
  -531.250000000000        189.8811    
  -500.000000000000        298.0670    
  -468.750000000000        69.27406    
  -437.500000000000        232.1111    
  -406.250000000000        293.0034    
  -375.000000000000        643.6440    
  -343.750000000000        1046.395    
  -312.500000000000        537.6040    
  -281.250000000000        736.1782    
  -250.000000000000        373.1152    
  -218.750000000000        43.09739    
  -187.500000000000        359.0460    
  -156.250000000000        1325.414    
  -125.000000000000        1319.921    
  -93.7500000000000        471.8253    
  -62.5000000000000        1307.565    
  -31.2500000000000        2280.661    
  0.000000000000000E+000   5969.133    
   31.2500000000000        2280.545    
   62.5000000000000        1303.131    
   93.7500000000000        465.7847    
   125.000000000000        1329.082    
   156.250000000000        1352.984    
   187.500000000000        355.9508    
   218.750000000000        36.79562    
   250.000000000000        389.1012    
   281.250000000000        732.7239    
   312.500000000000        548.2579    
   343.750000000000        1031.974    
   375.000000000000        625.7587    
   406.250000000000        276.4289    
   437.500000000000        216.0642    
   468.750000000000        73.87697    
   500.000000000000        292.5591    
   531.250000000000        194.9889    
   562.500000000000        114.5795    
   593.750000000000        300.9534    
   625.000000000000        40.66270    
   656.250000000000        422.4865    
   687.500000000000        231.9886    
   718.750000000000        268.8781    
   750.000000000000        203.0142    
   781.250000000000        273.9298    
   812.500000000000        222.3044    
   843.750000000000        123.9453    
   875.000000000000        94.19000    
   906.250000000000        163.1472    
   937.500000000000        34.81038    
   968.750000000000        90.97375    
   1000.00000000000        93.88127    
   1031.25000000000        69.72079    
   1062.50000000000        158.4383    
   1093.75000000000        88.48975    
   1125.00000000000        31.93317    
   1156.25000000000        141.5694    
   1187.50000000000        41.70837    
   1218.75000000000        41.33814    
   1250.00000000000        220.5608    
   1281.25000000000        68.30116    
   1312.50000000000        80.84785    
   1343.75000000000        104.5414    
   1375.00000000000        130.5577    
   1406.25000000000        86.47942    
   1437.50000000000        42.10777    
   1468.75000000000        67.01221    
   1500.00000000000        27.92846    
   1531.25000000000        112.0901    
   1562.50000000000        195.6812    
   1593.75000000000        53.24586    
   1625.00000000000        103.4343    
   1656.25000000000        160.1827    
   1687.50000000000        145.5307    
   1718.75000000000        102.1867    
   1750.00000000000        143.3311    
   1781.25000000000        287.2563    
   1812.50000000000        240.8445    
   1843.75000000000        90.93590    
   1875.00000000000        78.13262    
   1906.25000000000        32.85763    
   1937.50000000000        49.78290    
   1968.75000000000        67.43723    
   2000.00000000000        40.96075    
   2031.25000000000        19.74306    
   2062.50000000000        63.00208    
   2093.75000000000        81.64555    
   2125.00000000000        64.35323    
   2156.25000000000        105.5593    
   2187.50000000000        101.9343    
   2218.75000000000        73.16177    
   2250.00000000000        51.27906    
   2281.25000000000        40.65253    
   2312.50000000000        84.58601    
   2343.75000000000        138.3618    
   2375.00000000000        21.78092    
   2406.25000000000        50.14469    
   2437.50000000000        93.75963    
   2468.75000000000        12.17306    
   2500.00000000000        138.4412    
   2531.25000000000        17.51927    
   2562.50000000000        64.09879    
   2593.75000000000        94.54016    
   2625.00000000000        35.20133    
   2656.25000000000        52.10430    
   2687.50000000000        132.2549    
   2718.75000000000        69.66010    
   2750.00000000000        67.46341    
   2781.25000000000        48.32096    
   2812.50000000000        139.2312    
   2843.75000000000        59.00944    
   2875.00000000000        129.8653    
   2906.25000000000        27.07172    
   2937.50000000000        195.8080    
   2968.75000000000        105.4600    
   3000.00000000000        109.8681    
   3031.25000000000        174.5930    
   3062.50000000000        218.8896    
   3093.75000000000        188.7433    
   3125.00000000000        139.0058    
   3156.25000000000        238.8878    
   3187.50000000000        102.2144    
   3218.75000000000        227.5791    
   3250.00000000000        186.7420    
   3281.25000000000        215.7863    
   3312.50000000000        230.4986    
   3343.75000000000        122.1786    
   3375.00000000000        126.8385    
   3406.25000000000        417.1732    
   3437.50000000000        145.9614    
   3468.75000000000        255.9958    
   3500.00000000000        267.4078    
   3531.25000000000        83.17154    
   3562.50000000000        240.3589    
   3593.75000000000        208.5086    
   3625.00000000000        153.4453    
   3656.25000000000        337.2678    
   3687.50000000000        273.6487    
   3718.75000000000        301.2802    
   3750.00000000000        233.6301    
   3781.25000000000        390.9068    
   3812.50000000000        259.7648    
   3843.75000000000        369.6304    
   3875.00000000000        324.6544    
   3906.25000000000        214.4818    
   3937.50000000000        456.1485    
   3968.75000000000        363.0206    
