  -2000.00000000000        4.788422    
  -1984.37500000000        8.368688    
  -1968.75000000000        14.81683    
  -1953.12500000000        17.21710    
  -1937.50000000000        11.59487    
  -1921.87500000000        8.884960    
  -1906.25000000000        15.01286    
  -1890.62500000000        12.37059    
  -1875.00000000000        40.26085    
  -1859.37500000000        5.889868    
  -1843.75000000000        1.048990    
  -1828.12500000000        18.87049    
  -1812.50000000000        12.25782    
  -1796.87500000000        9.684012    
  -1781.25000000000        7.221295    
  -1765.62500000000        5.199171    
  -1750.00000000000        45.57365    
  -1734.37500000000        13.06863    
  -1718.75000000000        12.95209    
  -1703.12500000000        4.564092    
  -1687.50000000000        9.733100    
  -1671.87500000000        28.34967    
  -1656.25000000000        12.47007    
  -1640.62500000000        10.23092    
  -1625.00000000000        1.855524    
  -1609.37500000000        8.454932    
  -1593.75000000000        16.48155    
  -1578.12500000000        16.36546    
  -1562.50000000000        2.442699    
  -1546.87500000000        44.56653    
  -1531.25000000000        4.767225    
  -1515.62500000000        10.04393    
  -1500.00000000000        21.18485    
  -1484.37500000000        5.342036    
  -1468.75000000000        10.91089    
  -1453.12500000000        3.101655    
  -1437.50000000000        5.490822    
  -1421.87500000000        6.300034    
  -1406.25000000000        10.21283    
  -1390.62500000000        5.826939    
  -1375.00000000000        11.39876    
  -1359.37500000000        41.75168    
  -1343.75000000000        19.39104    
  -1328.12500000000        10.05897    
  -1312.50000000000        14.37895    
  -1296.87500000000        15.23851    
  -1281.25000000000        16.06181    
  -1265.62500000000        7.361564    
  -1250.00000000000        33.16447    
  -1234.37500000000        17.06149    
  -1218.75000000000        4.431855    
  -1203.12500000000        20.56466    
  -1187.50000000000        35.07967    
  -1171.87500000000        75.38476    
  -1156.25000000000        80.43283    
  -1140.62500000000        18.93324    
  -1125.00000000000        9.132435    
  -1109.37500000000        1.428976    
  -1093.75000000000        16.73768    
  -1078.12500000000        12.69615    
  -1062.50000000000        4.651448    
  -1046.87500000000        2.486896    
  -1031.25000000000        9.578850    
  -1015.62500000000        11.52415    
  -1000.00000000000        7.047149    
  -984.375000000000        11.81168    
  -968.750000000000        54.69283    
  -953.125000000000        12.58032    
  -937.500000000000        8.119822    
  -921.875000000000        35.39556    
  -906.250000000000        15.39369    
  -890.625000000000        21.97514    
  -875.000000000000        10.37660    
  -859.375000000000        10.36659    
  -843.750000000000        11.56359    
  -828.125000000000        20.01980    
  -812.500000000000        8.814363    
  -796.875000000000        23.01981    
  -781.250000000000        49.30977    
  -765.625000000000        63.88053    
  -750.000000000000        14.57426    
  -734.375000000000        16.63386    
  -718.750000000000        27.24689    
  -703.125000000000        22.98370    
  -687.500000000000        23.80786    
  -671.875000000000        27.15443    
  -656.250000000000        32.06269    
  -640.625000000000        37.91154    
  -625.000000000000        55.97459    
  -609.375000000000        82.36685    
  -593.750000000000        174.6973    
  -578.125000000000        505.0433    
  -562.500000000000        88.88104    
  -546.875000000000        27.27699    
  -531.250000000000        36.02039    
  -515.625000000000        28.33105    
  -500.000000000000        27.62211    
  -484.375000000000        10.47823    
  -468.750000000000        12.08927    
  -453.125000000000        15.09832    
  -437.500000000000        21.63299    
  -421.875000000000        16.99202    
  -406.250000000000        42.83550    
  -390.625000000000        172.4748    
  -375.000000000000        52.71758    
  -359.375000000000        26.19437    
  -343.750000000000        8.825999    
  -328.125000000000        10.18552    
  -312.500000000000        31.16685    
  -296.875000000000        26.95912    
  -281.250000000000        8.149130    
  -265.625000000000        41.88918    
  -250.000000000000        39.10589    
  -234.375000000000        29.73330    
  -218.750000000000        53.74287    
  -203.125000000000        217.6500    
  -187.500000000000        236.2687    
  -171.875000000000        72.27615    
  -156.250000000000        36.68038    
  -140.625000000000        24.66749    
  -125.000000000000        25.92489    
  -109.375000000000        19.48662    
  -93.7500000000000        5.885566    
  -78.1250000000000        27.64943    
  -62.5000000000000        18.06046    
  -46.8750000000000        16.42860    
  -31.2500000000000        10.53339    
  -15.6250000000000        50.19526    
  0.000000000000000E+000   10842.69    
   15.6250000000000        60.39371    
   31.2500000000000        22.68280    
   46.8750000000000        39.05969    
   62.5000000000000        6.876972    
   78.1250000000000        34.41838    
   93.7500000000000        3.823281    
   109.375000000000        13.35795    
   125.000000000000        19.23803    
   140.625000000000        20.02331    
   156.250000000000        19.28828    
   171.875000000000        36.82447    
   187.500000000000        119.1059    
   203.125000000000        112.0874    
   218.750000000000        31.93006    
   234.375000000000        11.70537    
   250.000000000000        38.61604    
   265.625000000000        16.26580    
   281.250000000000        18.24013    
   296.875000000000        16.38420    
   312.500000000000        22.38637    
   328.125000000000        8.658863    
   343.750000000000        11.69082    
   359.375000000000        35.62168    
   375.000000000000        92.55153    
   390.625000000000        249.9192    
   406.250000000000        58.09589    
   421.875000000000        22.51581    
   437.500000000000        36.03202    
   453.125000000000        18.04528    
   468.750000000000        5.028464    
   484.375000000000        11.47965    
   500.000000000000        24.73996    
   515.625000000000        29.79406    
   531.250000000000        40.72070    
   546.875000000000        34.74741    
   562.500000000000        91.77563    
   578.125000000000        523.1154    
   593.750000000000        188.9404    
   609.375000000000        82.36649    
   625.000000000000        55.56179    
   640.625000000000        42.29194    
   656.250000000000        32.00758    
   671.875000000000        27.62513    
   687.500000000000        27.63700    
   703.125000000000        25.26479    
   718.750000000000        36.10175    
   734.375000000000        29.36412    
   750.000000000000        43.39061    
   765.625000000000        102.8281    
   781.250000000000        124.0583    
   796.875000000000        33.66224    
   812.500000000000        22.63004    
   828.125000000000        20.59545    
   843.750000000000        15.02746    
   859.375000000000        12.24727    
   875.000000000000        8.372414    
   890.625000000000        9.496902    
   906.250000000000        40.89103    
   921.875000000000        32.58093    
   937.500000000000        13.35744    
   953.125000000000        27.58897    
   968.750000000000        40.98523    
   984.375000000000        11.80177    
   1000.00000000000        6.357010    
   1015.62500000000        4.399997    
   1031.25000000000        9.285288    
   1046.87500000000        4.991948    
   1062.50000000000        9.379790    
   1078.12500000000        5.866325    
   1093.75000000000        15.41580    
   1109.37500000000        12.50399    
   1125.00000000000        8.801034    
   1140.62500000000        18.64480    
   1156.25000000000        60.30819    
   1171.87500000000        75.19469    
   1187.50000000000        28.65655    
   1203.12500000000        12.32769    
   1218.75000000000        11.56326    
   1234.37500000000        16.60199    
   1250.00000000000        28.15884    
   1265.62500000000        8.474973    
   1281.25000000000        14.65998    
   1296.87500000000        20.36857    
   1312.50000000000        9.400705    
   1328.12500000000        8.929671    
   1343.75000000000        15.72341    
   1359.37500000000        15.30958    
   1375.00000000000        3.262878    
   1390.62500000000        11.67284    
   1406.25000000000        13.06515    
   1421.87500000000        13.61872    
   1437.50000000000        8.022936    
   1453.12500000000        3.418317    
   1468.75000000000        14.40488    
   1484.37500000000        18.37881    
   1500.00000000000        26.09624    
   1515.62500000000        2.029229    
   1531.25000000000        9.367827    
   1546.87500000000        54.85844    
   1562.50000000000        9.637199    
   1578.12500000000        13.70089    
   1593.75000000000        5.947380    
   1609.37500000000        10.13340    
   1625.00000000000        7.979001    
   1640.62500000000        5.679384    
   1656.25000000000        2.383903    
   1671.87500000000        20.90323    
   1687.50000000000        5.110788    
   1703.12500000000        1.171490    
   1718.75000000000        10.66552    
   1734.37500000000        16.80501    
   1750.00000000000        53.85756    
   1765.62500000000        8.656843    
   1781.25000000000        8.946568    
   1796.87500000000        11.48215    
   1812.50000000000        7.063819    
   1828.12500000000        4.587276    
   1843.75000000000        7.544381    
   1859.37500000000        4.252108    
   1875.00000000000        29.83576    
   1890.62500000000        13.12449    
   1906.25000000000        4.610247    
   1921.87500000000        16.04737    
   1937.50000000000        21.57128    
   1953.12500000000        8.368133    
   1968.75000000000        8.064995    
   1984.37500000000        14.82401    
