  -4000.00000000000        203.8440    
  -3968.75000000000        376.5972    
  -3937.50000000000        483.3421    
  -3906.25000000000        219.9185    
  -3875.00000000000        341.4980    
  -3843.75000000000        376.8650    
  -3812.50000000000        274.1126    
  -3781.25000000000        399.9915    
  -3750.00000000000        252.6632    
  -3718.75000000000        311.6005    
  -3687.50000000000        279.8942    
  -3656.25000000000        352.1580    
  -3625.00000000000        163.8303    
  -3593.75000000000        223.3165    
  -3562.50000000000        242.3023    
  -3531.25000000000        96.52596    
  -3500.00000000000        280.6054    
  -3468.75000000000        257.5191    
  -3437.50000000000        156.1655    
  -3406.25000000000        440.3876    
  -3375.00000000000        131.2838    
  -3343.75000000000        124.5228    
  -3312.50000000000        247.5206    
  -3281.25000000000        223.1137    
  -3250.00000000000        187.0041    
  -3218.75000000000        228.4450    
  -3187.50000000000        102.5433    
  -3156.25000000000        251.8992    
  -3125.00000000000        145.0307    
  -3093.75000000000        194.4151    
  -3062.50000000000        229.0877    
  -3031.25000000000        181.7902    
  -3000.00000000000        114.9874    
  -2968.75000000000        114.4046    
  -2937.50000000000        200.2284    
  -2906.25000000000        25.03431    
  -2875.00000000000        126.1148    
  -2843.75000000000        63.18209    
  -2812.50000000000        137.0705    
  -2781.25000000000        52.50354    
  -2750.00000000000        73.64917    
  -2718.75000000000        82.15879    
  -2687.50000000000        136.7004    
  -2656.25000000000        54.29083    
  -2625.00000000000        40.30296    
  -2593.75000000000        99.68176    
  -2562.50000000000        62.18623    
  -2531.25000000000        29.03838    
  -2500.00000000000        140.5960    
  -2468.75000000000        17.00587    
  -2437.50000000000        96.58463    
  -2406.25000000000        56.34987    
  -2375.00000000000        25.88520    
  -2343.75000000000        139.1723    
  -2312.50000000000        91.91202    
  -2281.25000000000        39.98599    
  -2250.00000000000        56.42466    
  -2218.75000000000        74.63704    
  -2187.50000000000        113.9188    
  -2156.25000000000        108.8277    
  -2125.00000000000        69.48995    
  -2093.75000000000        89.58644    
  -2062.50000000000        63.12403    
  -2031.25000000000        21.01615    
  -2000.00000000000        51.89963    
  -1968.75000000000        76.16579    
  -1937.50000000000        51.98048    
  -1906.25000000000        28.18928    
  -1875.00000000000        82.86576    
  -1843.75000000000        100.1538    
  -1812.50000000000        261.0808    
  -1781.25000000000        307.1629    
  -1750.00000000000        153.1101    
  -1718.75000000000        108.0969    
  -1687.50000000000        148.4374    
  -1656.25000000000        167.3755    
  -1625.00000000000        106.7234    
  -1593.75000000000        65.74877    
  -1562.50000000000        210.5862    
  -1531.25000000000        122.7370    
  -1500.00000000000        41.93034    
  -1468.75000000000        79.60734    
  -1437.50000000000        48.39644    
  -1406.25000000000        83.69803    
  -1375.00000000000        129.6444    
  -1343.75000000000        109.6153    
  -1312.50000000000        90.77025    
  -1281.25000000000        75.27659    
  -1250.00000000000        228.3926    
  -1218.75000000000        51.72765    
  -1187.50000000000        41.37661    
  -1156.25000000000        151.7214    
  -1125.00000000000        30.46140    
  -1093.75000000000        91.15682    
  -1062.50000000000        168.4065    
  -1031.25000000000        68.46005    
  -1000.00000000000        95.03908    
  -968.750000000000        91.89507    
  -937.500000000000        40.22762    
  -906.250000000000        170.4807    
  -875.000000000000        93.34810    
  -843.750000000000        132.3204    
  -812.500000000000        225.0950    
  -781.250000000000        279.5490    
  -750.000000000000        219.3527    
  -718.750000000000        274.6017    
  -687.500000000000        240.9997    
  -656.250000000000        421.1573    
  -625.000000000000        41.92429    
  -593.750000000000        299.2763    
  -562.500000000000        119.3471    
  -531.250000000000        196.2028    
  -500.000000000000        318.3945    
  -468.750000000000        76.45945    
  -437.500000000000        252.1965    
  -406.250000000000        287.0494    
  -375.000000000000        681.1931    
  -343.750000000000        1106.292    
  -312.500000000000        570.6943    
  -281.250000000000        798.1688    
  -250.000000000000        407.8007    
  -218.750000000000        36.56843    
  -187.500000000000        378.4468    
  -156.250000000000        1384.397    
  -125.000000000000        1371.361    
  -93.7500000000000        488.4032    
  -62.5000000000000        1345.277    
  -31.2500000000000        2408.697    
  0.000000000000000E+000   6092.634    
   31.2500000000000        2365.170    
   62.5000000000000        1372.400    
   93.7500000000000        506.4241    
   125.000000000000        1404.781    
   156.250000000000        1429.592    
   187.500000000000        371.9948    
   218.750000000000        18.99113    
   250.000000000000        359.2569    
   281.250000000000        773.1550    
   312.500000000000        570.1134    
   343.750000000000        1085.032    
   375.000000000000        656.2358    
   406.250000000000        285.4509    
   437.500000000000        226.3707    
   468.750000000000        73.52523    
   500.000000000000        306.5433    
   531.250000000000        201.9671    
   562.500000000000        146.9522    
   593.750000000000        317.7019    
   625.000000000000        38.49647    
   656.250000000000        428.1032    
   687.500000000000        240.4482    
   718.750000000000        282.3980    
   750.000000000000        216.7036    
   781.250000000000        289.7050    
   812.500000000000        218.8650    
   843.750000000000        126.7764    
   875.000000000000        86.36387    
   906.250000000000        168.3962    
   937.500000000000        28.05265    
   968.750000000000        98.56569    
   1000.00000000000        102.2336    
   1031.25000000000        72.67729    
   1062.50000000000        174.1041    
   1093.75000000000        96.49966    
   1125.00000000000        39.60999    
   1156.25000000000        147.5360    
   1187.50000000000        33.73223    
   1218.75000000000        40.01899    
   1250.00000000000        235.5321    
   1281.25000000000        70.57468    
   1312.50000000000        87.48967    
   1343.75000000000        116.3271    
   1375.00000000000        137.8493    
   1406.25000000000        88.95921    
   1437.50000000000        43.94666    
   1468.75000000000        81.35540    
   1500.00000000000        42.10455    
   1531.25000000000        118.2293    
   1562.50000000000        207.6237    
   1593.75000000000        51.51807    
   1625.00000000000        107.3106    
   1656.25000000000        162.6102    
   1687.50000000000        137.4598    
   1718.75000000000        101.5385    
   1750.00000000000        150.2153    
   1781.25000000000        297.3165    
   1812.50000000000        250.3098    
   1843.75000000000        96.17182    
   1875.00000000000        81.94928    
   1906.25000000000        38.72932    
   1937.50000000000        59.58155    
   1968.75000000000        68.96373    
   2000.00000000000        37.83411    
   2031.25000000000        14.17864    
   2062.50000000000        62.73639    
   2093.75000000000        80.56085    
   2125.00000000000        61.19827    
   2156.25000000000        112.6822    
   2187.50000000000        107.5718    
   2218.75000000000        78.74896    
   2250.00000000000        50.51989    
   2281.25000000000        42.20208    
   2312.50000000000        91.75597    
   2343.75000000000        145.6852    
   2375.00000000000        20.17571    
   2406.25000000000        52.81074    
   2437.50000000000        96.28768    
   2468.75000000000        13.46056    
   2500.00000000000        148.9496    
   2531.25000000000        19.36643    
   2562.50000000000        62.86747    
   2593.75000000000        100.5275    
   2625.00000000000        35.59215    
   2656.25000000000        51.55346    
   2687.50000000000        140.5115    
   2718.75000000000        72.62407    
   2750.00000000000        74.66438    
   2781.25000000000        47.23215    
   2812.50000000000        146.6986    
   2843.75000000000        64.70364    
   2875.00000000000        143.6158    
   2906.25000000000        23.68615    
   2937.50000000000        207.3324    
   2968.75000000000        111.6852    
   3000.00000000000        121.9973    
   3031.25000000000        184.3067    
   3062.50000000000        227.5386    
   3093.75000000000        191.5989    
   3125.00000000000        142.9032    
   3156.25000000000        248.3607    
   3187.50000000000        108.7851    
   3218.75000000000        246.0413    
   3250.00000000000        196.3104    
   3281.25000000000        236.1989    
   3312.50000000000        235.7137    
   3343.75000000000        135.1386    
   3375.00000000000        139.1408    
   3406.25000000000        438.7950    
   3437.50000000000        151.0952    
   3468.75000000000        280.8136    
   3500.00000000000        269.4661    
   3531.25000000000        87.58417    
   3562.50000000000        258.5724    
   3593.75000000000        214.5364    
   3625.00000000000        159.7549    
   3656.25000000000        356.6706    
   3687.50000000000        287.6466    
   3718.75000000000        306.0546    
   3750.00000000000        249.0617    
   3781.25000000000        420.1123    
   3812.50000000000        267.0693    
   3843.75000000000        396.9636    
   3875.00000000000        337.3218    
   3906.25000000000        222.0995    
   3937.50000000000        474.7610    
   3968.75000000000        379.5629    
