  -2000.00000000000        30.14787    
  -1984.37500000000        37.09941    
  -1968.75000000000        30.55877    
  -1953.12500000000        67.65204    
  -1937.50000000000        57.81472    
  -1921.87500000000        29.06472    
  -1906.25000000000        39.25343    
  -1890.62500000000        43.09033    
  -1875.00000000000        10.60573    
  -1859.37500000000        33.11723    
  -1843.75000000000        31.19683    
  -1828.12500000000        14.80776    
  -1812.50000000000        26.23843    
  -1796.87500000000        28.55280    
  -1781.25000000000        29.14926    
  -1765.62500000000        7.790603    
  -1750.00000000000        31.79583    
  -1734.37500000000        38.91027    
  -1718.75000000000        20.91257    
  -1703.12500000000        31.76381    
  -1687.50000000000        30.98489    
  -1671.87500000000        50.55209    
  -1656.25000000000        11.04853    
  -1640.62500000000        26.88128    
  -1625.00000000000        30.42627    
  -1609.37500000000        52.27894    
  -1593.75000000000        9.761194    
  -1578.12500000000        29.10847    
  -1562.50000000000        72.29590    
  -1546.87500000000        140.4193    
  -1531.25000000000        35.34371    
  -1515.62500000000        25.20447    
  -1500.00000000000        56.27159    
  -1484.37500000000        93.65664    
  -1468.75000000000        21.36722    
  -1453.12500000000        29.73697    
  -1437.50000000000        49.54787    
  -1421.87500000000        11.66270    
  -1406.25000000000        30.02725    
  -1390.62500000000        12.52047    
  -1375.00000000000        26.56693    
  -1359.37500000000        147.0219    
  -1343.75000000000        30.01783    
  -1328.12500000000        12.57487    
  -1312.50000000000        21.11075    
  -1296.87500000000        94.79280    
  -1281.25000000000        49.25207    
  -1265.62500000000        43.49515    
  -1250.00000000000        76.08032    
  -1234.37500000000        60.51778    
  -1218.75000000000        7.655961    
  -1203.12500000000        47.05447    
  -1187.50000000000        58.06744    
  -1171.87500000000        147.9601    
  -1156.25000000000        138.9768    
  -1140.62500000000        33.89304    
  -1125.00000000000        10.20464    
  -1109.37500000000        41.28588    
  -1093.75000000000        90.80803    
  -1078.12500000000        33.49215    
  -1062.50000000000        36.36200    
  -1046.87500000000        44.39111    
  -1031.25000000000        5.888698    
  -1015.62500000000        32.81528    
  -1000.00000000000        17.56560    
  -984.375000000000        34.89295    
  -968.750000000000        310.7690    
  -953.125000000000        25.81827    
  -937.500000000000        38.77229    
  -921.875000000000        96.76889    
  -906.250000000000        50.94577    
  -890.625000000000        10.37812    
  -875.000000000000        21.75754    
  -859.375000000000        30.19321    
  -843.750000000000        59.69948    
  -828.125000000000        43.27676    
  -812.500000000000        33.05529    
  -796.875000000000        38.97185    
  -781.250000000000        125.0703    
  -765.625000000000        89.19552    
  -750.000000000000        35.77087    
  -734.375000000000        40.24678    
  -718.750000000000        73.22395    
  -703.125000000000        92.66497    
  -687.500000000000        41.28705    
  -671.875000000000        58.91238    
  -656.250000000000        101.1884    
  -640.625000000000        47.66287    
  -625.000000000000        97.70094    
  -609.375000000000        179.0685    
  -593.750000000000        371.2786    
  -578.125000000000        1166.570    
  -562.500000000000        212.2822    
  -546.875000000000        60.35413    
  -531.250000000000        95.67441    
  -515.625000000000        95.31615    
  -500.000000000000        56.62788    
  -484.375000000000        16.93359    
  -468.750000000000        27.87437    
  -453.125000000000        61.61459    
  -437.500000000000        55.28900    
  -421.875000000000        39.91183    
  -406.250000000000        93.13911    
  -390.625000000000        528.1077    
  -375.000000000000        55.22578    
  -359.375000000000        86.51674    
  -343.750000000000        55.22227    
  -328.125000000000        70.75244    
  -312.500000000000        23.69987    
  -296.875000000000        82.34552    
  -281.250000000000        57.53265    
  -265.625000000000        84.42017    
  -250.000000000000        124.9933    
  -234.375000000000        128.8965    
  -218.750000000000        221.3644    
  -203.125000000000        820.1133    
  -187.500000000000        975.1766    
  -171.875000000000        292.3323    
  -156.250000000000        175.8963    
  -140.625000000000        102.1671    
  -125.000000000000        106.3758    
  -109.375000000000        83.02727    
  -93.7500000000000        70.04302    
  -78.1250000000000        74.02495    
  -62.5000000000000        75.84402    
  -46.8750000000000        45.05943    
  -31.2500000000000        6.531827    
  -15.6250000000000        110.4631    
  0.000000000000000E+000   26318.93    
   15.6250000000000        190.6431    
   31.2500000000000        92.68008    
   46.8750000000000        99.76892    
   62.5000000000000        15.44680    
   78.1250000000000        82.22865    
   93.7500000000000        60.67213    
   109.375000000000        51.87050    
   125.000000000000        78.14672    
   140.625000000000        73.13118    
   156.250000000000        66.69723    
   171.875000000000        140.3891    
   187.500000000000        346.0683    
   203.125000000000        124.3700    
   218.750000000000        120.4170    
   234.375000000000        68.93440    
   250.000000000000        144.0613    
   265.625000000000        55.37699    
   281.250000000000        41.86369    
   296.875000000000        23.06475    
   312.500000000000        58.87124    
   328.125000000000        33.92559    
   343.750000000000        30.56935    
   359.375000000000        116.2816    
   375.000000000000        249.4125    
   390.625000000000        661.6370    
   406.250000000000        142.1354    
   421.875000000000        65.90551    
   437.500000000000        87.64043    
   453.125000000000        26.51800    
   468.750000000000        17.46534    
   484.375000000000        19.01479    
   500.000000000000        83.77140    
   515.625000000000        68.45189    
   531.250000000000        73.70211    
   546.875000000000        91.91992    
   562.500000000000        195.8592    
   578.125000000000        1177.376    
   593.750000000000        459.1267    
   609.375000000000        206.4043    
   625.000000000000        118.3574    
   640.625000000000        111.3279    
   656.250000000000        90.29734    
   671.875000000000        73.73960    
   687.500000000000        82.33057    
   703.125000000000        120.2507    
   718.750000000000        69.20764    
   734.375000000000        73.16934    
   750.000000000000        107.9478    
   765.625000000000        262.1955    
   781.250000000000        286.2527    
   796.875000000000        103.1058    
   812.500000000000        51.07792    
   828.125000000000        43.23851    
   843.750000000000        31.74457    
   859.375000000000        15.61064    
   875.000000000000        37.87164    
   890.625000000000        45.78716    
   906.250000000000        12.36886    
   921.875000000000        96.72063    
   937.500000000000        34.99907    
   953.125000000000        26.45600    
   968.750000000000        66.57851    
   984.375000000000        19.28113    
   1000.00000000000        3.250501    
   1015.62500000000        33.76425    
   1031.25000000000        21.06005    
   1046.87500000000        22.08619    
   1062.50000000000        32.84187    
   1078.12500000000        14.67176    
   1093.75000000000        40.66893    
   1109.37500000000        38.60477    
   1125.00000000000        7.246195    
   1140.62500000000        25.10858    
   1156.25000000000        54.61734    
   1171.87500000000        93.68846    
   1187.50000000000        37.10572    
   1203.12500000000        36.70279    
   1218.75000000000        14.32319    
   1234.37500000000        9.937550    
   1250.00000000000        43.38590    
   1265.62500000000        32.77360    
   1281.25000000000        107.7945    
   1296.87500000000        108.5779    
   1312.50000000000        37.88845    
   1328.12500000000        35.19072    
   1343.75000000000        80.54455    
   1359.37500000000        99.49133    
   1375.00000000000        25.62102    
   1390.62500000000        32.09362    
   1406.25000000000        30.98856    
   1421.87500000000        47.26687    
   1437.50000000000        6.696848    
   1453.12500000000        10.06845    
   1468.75000000000        30.42538    
   1484.37500000000        127.1345    
   1500.00000000000        45.31552    
   1515.62500000000        22.68063    
   1531.25000000000        32.39449    
   1546.87500000000        92.21039    
   1562.50000000000        59.37535    
   1578.12500000000        61.56524    
   1593.75000000000        22.77806    
   1609.37500000000        43.10893    
   1625.00000000000        28.52997    
   1640.62500000000        31.66534    
   1656.25000000000        35.07662    
   1671.87500000000        83.66751    
   1687.50000000000        29.44772    
   1703.12500000000        13.56056    
   1718.75000000000        39.94612    
   1734.37500000000        33.17258    
   1750.00000000000        15.22432    
   1765.62500000000        43.20588    
   1781.25000000000        1.284806    
   1796.87500000000        25.40738    
   1812.50000000000        68.64439    
   1828.12500000000        17.90241    
   1843.75000000000        19.74293    
   1859.37500000000        16.52683    
   1875.00000000000        26.22485    
   1890.62500000000        44.58130    
   1906.25000000000        15.78911    
   1921.87500000000        41.76987    
   1937.50000000000        51.12482    
   1953.12500000000        39.87325    
   1968.75000000000        19.75759    
   1984.37500000000        17.09143    
