  -2000.00000000000        84.84987    
  -1984.37500000000        114.5810    
  -1968.75000000000        37.40078    
  -1953.12500000000        68.86835    
  -1937.50000000000        386.3512    
  -1921.87500000000        70.44158    
  -1906.25000000000        86.23959    
  -1890.62500000000        119.9279    
  -1875.00000000000        103.8321    
  -1859.37500000000        55.90149    
  -1843.75000000000        94.24908    
  -1828.12500000000        62.04573    
  -1812.50000000000        252.0732    
  -1796.87500000000        15.84500    
  -1781.25000000000        37.18863    
  -1765.62500000000        42.54319    
  -1750.00000000000        161.0750    
  -1734.37500000000        214.9954    
  -1718.75000000000        8.957155    
  -1703.12500000000        53.74022    
  -1687.50000000000        7.543925    
  -1671.87500000000        246.6141    
  -1656.25000000000        38.89779    
  -1640.62500000000        101.5008    
  -1625.00000000000        179.7143    
  -1609.37500000000        148.6608    
  -1593.75000000000        69.68102    
  -1578.12500000000        69.54672    
  -1562.50000000000        118.6612    
  -1546.87500000000        488.0040    
  -1531.25000000000        122.4092    
  -1515.62500000000        89.30923    
  -1500.00000000000        254.0443    
  -1484.37500000000        475.4681    
  -1468.75000000000        222.9031    
  -1453.12500000000        38.02895    
  -1437.50000000000        56.37323    
  -1421.87500000000        69.47824    
  -1406.25000000000        75.28744    
  -1390.62500000000        30.75590    
  -1375.00000000000        50.29693    
  -1359.37500000000        57.77588    
  -1343.75000000000        132.4155    
  -1328.12500000000        32.42346    
  -1312.50000000000        92.11277    
  -1296.87500000000        134.3926    
  -1281.25000000000        302.3416    
  -1265.62500000000        125.5824    
  -1250.00000000000        136.8498    
  -1234.37500000000        134.7072    
  -1218.75000000000        59.70409    
  -1203.12500000000        124.6651    
  -1187.50000000000        179.7356    
  -1171.87500000000        448.3388    
  -1156.25000000000        389.5205    
  -1140.62500000000        229.9930    
  -1125.00000000000        81.20213    
  -1109.37500000000        4.974508    
  -1093.75000000000        217.6206    
  -1078.12500000000        35.03795    
  -1062.50000000000        22.56997    
  -1046.87500000000        56.94816    
  -1031.25000000000        10.82983    
  -1015.62500000000        57.76746    
  -1000.00000000000        37.62585    
  -984.375000000000        73.84537    
  -968.750000000000        298.4088    
  -953.125000000000        59.93325    
  -937.500000000000        85.10979    
  -921.875000000000        93.99459    
  -906.250000000000        122.6078    
  -890.625000000000        32.00294    
  -875.000000000000        59.86239    
  -859.375000000000        41.15168    
  -843.750000000000        30.87777    
  -828.125000000000        118.9019    
  -812.500000000000        15.33609    
  -796.875000000000        83.07800    
  -781.250000000000        120.3936    
  -765.625000000000        97.45318    
  -750.000000000000        4.756695    
  -734.375000000000        3.771443    
  -718.750000000000        53.77272    
  -703.125000000000        82.50682    
  -687.500000000000        62.31282    
  -671.875000000000        45.73838    
  -656.250000000000        76.76503    
  -640.625000000000        89.41647    
  -625.000000000000        192.6794    
  -609.375000000000        306.0343    
  -593.750000000000        543.1592    
  -578.125000000000        1813.832    
  -562.500000000000        319.1137    
  -546.875000000000        71.63362    
  -531.250000000000        155.8820    
  -515.625000000000        86.09682    
  -500.000000000000        57.99824    
  -484.375000000000        56.27510    
  -468.750000000000        52.78135    
  -453.125000000000        80.57916    
  -437.500000000000        14.54619    
  -421.875000000000        82.35520    
  -406.250000000000        118.6789    
  -390.625000000000        816.3826    
  -375.000000000000        46.16820    
  -359.375000000000        105.1902    
  -343.750000000000        120.4690    
  -328.125000000000        92.41052    
  -312.500000000000        170.7505    
  -296.875000000000        190.0379    
  -281.250000000000        106.5080    
  -265.625000000000        215.5009    
  -250.000000000000        255.8811    
  -234.375000000000        299.0984    
  -218.750000000000        479.6735    
  -203.125000000000        1652.577    
  -187.500000000000        2112.112    
  -171.875000000000        698.6860    
  -156.250000000000        368.1018    
  -140.625000000000        298.9298    
  -125.000000000000        265.5771    
  -109.375000000000        200.4560    
  -93.7500000000000        166.0186    
  -78.1250000000000        167.5487    
  -62.5000000000000        149.9267    
  -46.8750000000000        126.9059    
  -31.2500000000000        69.99353    
  -15.6250000000000        169.7293    
  0.000000000000000E+000   40724.92    
   15.6250000000000        230.7471    
   31.2500000000000        154.4626    
   46.8750000000000        232.5833    
   62.5000000000000        59.52908    
   78.1250000000000        166.1912    
   93.7500000000000        147.5832    
   109.375000000000        160.2339    
   125.000000000000        189.2435    
   140.625000000000        159.7933    
   156.250000000000        270.0281    
   171.875000000000        396.9902    
   187.500000000000        1186.082    
   203.125000000000        655.5724    
   218.750000000000        356.4544    
   234.375000000000        216.6687    
   250.000000000000        251.2668    
   265.625000000000        130.9415    
   281.250000000000        111.1139    
   296.875000000000        89.20840    
   312.500000000000        122.4401    
   328.125000000000        39.65068    
   343.750000000000        117.5606    
   359.375000000000        156.8286    
   375.000000000000        373.0358    
   390.625000000000        1146.339    
   406.250000000000        242.8041    
   421.875000000000        157.7810    
   437.500000000000        193.0032    
   453.125000000000        94.11639    
   468.750000000000        24.95263    
   484.375000000000        72.98411    
   500.000000000000        101.5362    
   515.625000000000        137.2654    
   531.250000000000        173.8273    
   546.875000000000        210.1397    
   562.500000000000        391.9980    
   578.125000000000        2180.499    
   593.750000000000        864.3593    
   609.375000000000        385.4936    
   625.000000000000        222.2122    
   640.625000000000        212.2961    
   656.250000000000        181.3446    
   671.875000000000        155.7065    
   687.500000000000        150.3792    
   703.125000000000        156.4894    
   718.750000000000        144.3197    
   734.375000000000        204.2627    
   750.000000000000        209.8634    
   765.625000000000        544.7692    
   781.250000000000        775.4445    
   796.875000000000        211.5287    
   812.500000000000        108.8980    
   828.125000000000        80.63885    
   843.750000000000        108.9282    
   859.375000000000        42.41955    
   875.000000000000        62.38974    
   890.625000000000        88.13968    
   906.250000000000        74.04723    
   921.875000000000        176.3598    
   937.500000000000        61.17262    
   953.125000000000        44.12637    
   968.750000000000        363.6505    
   984.375000000000        68.89223    
   1000.00000000000        16.31895    
   1015.62500000000        20.68830    
   1031.25000000000        49.56805    
   1046.87500000000        90.76902    
   1062.50000000000        32.22165    
   1078.12500000000        61.73015    
   1093.75000000000        120.7408    
   1109.37500000000        140.4284    
   1125.00000000000        13.42114    
   1140.62500000000        71.53030    
   1156.25000000000        415.9764    
   1171.87500000000        374.4186    
   1187.50000000000        130.3044    
   1203.12500000000        82.79895    
   1218.75000000000        42.31678    
   1234.37500000000        36.90688    
   1250.00000000000        131.0093    
   1265.62500000000        46.34556    
   1281.25000000000        269.2682    
   1296.87500000000        70.62729    
   1312.50000000000        58.09329    
   1328.12500000000        65.86314    
   1343.75000000000        15.68161    
   1359.37500000000        179.9512    
   1375.00000000000        112.1485    
   1390.62500000000        68.18811    
   1406.25000000000        39.73948    
   1421.87500000000        136.2081    
   1437.50000000000        40.93932    
   1453.12500000000        107.1577    
   1468.75000000000        105.3006    
   1484.37500000000        93.08981    
   1500.00000000000        122.6550    
   1515.62500000000        109.9632    
   1531.25000000000        20.04033    
   1546.87500000000        326.8933    
   1562.50000000000        86.98696    
   1578.12500000000        76.09269    
   1593.75000000000        26.26318    
   1609.37500000000        25.22634    
   1625.00000000000        81.14785    
   1640.62500000000        4.709959    
   1656.25000000000        54.56314    
   1671.87500000000        20.59225    
   1687.50000000000        70.39451    
   1703.12500000000        24.54784    
   1718.75000000000        147.1010    
   1734.37500000000        257.8033    
   1750.00000000000        136.3809    
   1765.62500000000        52.18286    
   1781.25000000000        43.24828    
   1796.87500000000        34.53667    
   1812.50000000000        66.62386    
   1828.12500000000        88.29385    
   1843.75000000000        70.23525    
   1859.37500000000        150.4825    
   1875.00000000000        251.9948    
   1890.62500000000        71.83311    
   1906.25000000000        86.82137    
   1921.87500000000        79.45432    
   1937.50000000000        237.7872    
   1953.12500000000        124.0529    
   1968.75000000000        110.0010    
   1984.37500000000        88.90680    
