  -2000.00000000000        6.186193    
  -1984.37500000000        2.698472    
  -1968.75000000000        6.591321    
  -1953.12500000000        8.812674    
  -1937.50000000000        10.76474    
  -1921.87500000000        12.93344    
  -1906.25000000000        4.222901    
  -1890.62500000000        9.679902    
  -1875.00000000000        5.293021    
  -1859.37500000000        2.003160    
  -1843.75000000000        3.550895    
  -1828.12500000000        9.675564    
  -1812.50000000000        3.847934    
  -1796.87500000000        3.466966    
  -1781.25000000000        8.179066    
  -1765.62500000000        4.022518    
  -1750.00000000000        23.24519    
  -1734.37500000000        5.265750    
  -1718.75000000000        6.295507    
  -1703.12500000000        1.840218    
  -1687.50000000000        4.531779    
  -1671.87500000000        3.443286    
  -1656.25000000000        3.642723    
  -1640.62500000000        5.799271    
  -1625.00000000000       0.5920110    
  -1609.37500000000        5.113373    
  -1593.75000000000        6.461867    
  -1578.12500000000        9.123058    
  -1562.50000000000        10.42474    
  -1546.87500000000        30.94867    
  -1531.25000000000        6.778606    
  -1515.62500000000        6.005818    
  -1500.00000000000        15.21392    
  -1484.37500000000        6.842916    
  -1468.75000000000        2.249505    
  -1453.12500000000        3.618109    
  -1437.50000000000        3.482026    
  -1421.87500000000        7.578964    
  -1406.25000000000        6.543330    
  -1390.62500000000        5.111345    
  -1375.00000000000       0.4219888    
  -1359.37500000000        26.42016    
  -1343.75000000000        9.116187    
  -1328.12500000000        6.517671    
  -1312.50000000000        5.038884    
  -1296.87500000000        12.62616    
  -1281.25000000000        4.460340    
  -1265.62500000000        5.749227    
  -1250.00000000000        22.28443    
  -1234.37500000000        9.369254    
  -1218.75000000000        4.023610    
  -1203.12500000000        15.25095    
  -1187.50000000000        17.43304    
  -1171.87500000000        49.13119    
  -1156.25000000000        45.36676    
  -1140.62500000000        10.85320    
  -1125.00000000000        4.055763    
  -1109.37500000000        9.002200    
  -1093.75000000000        2.171724    
  -1078.12500000000        2.980218    
  -1062.50000000000        2.294171    
  -1046.87500000000        2.503516    
  -1031.25000000000        5.255762    
  -1015.62500000000        3.990081    
  -1000.00000000000        1.486214    
  -984.375000000000        7.219153    
  -968.750000000000        53.42605    
  -953.125000000000        14.85015    
  -937.500000000000        9.604631    
  -921.875000000000        23.77482    
  -906.250000000000        17.14710    
  -890.625000000000        7.750212    
  -875.000000000000        6.565106    
  -859.375000000000        7.290530    
  -843.750000000000        6.885526    
  -828.125000000000        9.385289    
  -812.500000000000        11.95011    
  -796.875000000000        21.29062    
  -781.250000000000        72.86344    
  -765.625000000000        65.96434    
  -750.000000000000        21.98660    
  -734.375000000000        16.92574    
  -718.750000000000        22.59574    
  -703.125000000000        19.86562    
  -687.500000000000        18.54532    
  -671.875000000000        21.32753    
  -656.250000000000        27.03410    
  -640.625000000000        24.34680    
  -625.000000000000        41.01477    
  -609.375000000000        61.65876    
  -593.750000000000        133.5297    
  -578.125000000000        373.1607    
  -562.500000000000        62.79888    
  -546.875000000000        21.30160    
  -531.250000000000        31.05710    
  -515.625000000000        19.93566    
  -500.000000000000        16.20482    
  -484.375000000000        6.769748    
  -468.750000000000        7.929170    
  -453.125000000000        12.88400    
  -437.500000000000        22.26911    
  -421.875000000000        15.42015    
  -406.250000000000        40.08201    
  -390.625000000000        159.7832    
  -375.000000000000        52.28396    
  -359.375000000000        24.50701    
  -343.750000000000        4.904026    
  -328.125000000000        8.519175    
  -312.500000000000        18.44846    
  -296.875000000000        16.29803    
  -281.250000000000        11.63515    
  -265.625000000000        17.68251    
  -250.000000000000        23.28126    
  -234.375000000000        18.42315    
  -218.750000000000        42.36487    
  -203.125000000000        158.1468    
  -187.500000000000        182.7719    
  -171.875000000000        55.51440    
  -156.250000000000        29.73975    
  -140.625000000000        24.81695    
  -125.000000000000        22.27841    
  -109.375000000000        10.75351    
  -93.7500000000000        2.444149    
  -78.1250000000000        28.59597    
  -62.5000000000000        12.01263    
  -46.8750000000000        19.04444    
  -31.2500000000000        12.31754    
  -15.6250000000000        41.79958    
  0.000000000000000E+000   8811.528    
   15.6250000000000        42.64928    
   31.2500000000000        15.27234    
   46.8750000000000        22.19186    
   62.5000000000000        9.234767    
   78.1250000000000        28.41549    
   93.7500000000000        2.615523    
   109.375000000000        7.116583    
   125.000000000000        20.00794    
   140.625000000000        20.97540    
   156.250000000000        22.59691    
   171.875000000000        42.75501    
   187.500000000000        136.8864    
   203.125000000000        119.5446    
   218.750000000000        34.72041    
   234.375000000000        12.73281    
   250.000000000000        24.00031    
   265.625000000000        12.90363    
   281.250000000000        11.09583    
   296.875000000000        12.06586    
   312.500000000000        17.24496    
   328.125000000000        5.883471    
   343.750000000000        4.842425    
   359.375000000000        25.07834    
   375.000000000000        60.61576    
   390.625000000000        166.0512    
   406.250000000000        42.92970    
   421.875000000000        17.25602    
   437.500000000000        24.03450    
   453.125000000000        13.61624    
   468.750000000000        8.714720    
   484.375000000000        7.305324    
   500.000000000000        17.01553    
   515.625000000000        20.69884    
   531.250000000000        31.45411    
   546.875000000000        23.12477    
   562.500000000000        64.89885    
   578.125000000000        385.9793    
   593.750000000000        138.6812    
   609.375000000000        63.42760    
   625.000000000000        41.61870    
   640.625000000000        26.95010    
   656.250000000000        28.34005    
   671.875000000000        22.70555    
   687.500000000000        21.09176    
   703.125000000000        19.75069    
   718.750000000000        22.83454    
   734.375000000000        19.18887    
   750.000000000000        24.45808    
   765.625000000000        70.62897    
   781.250000000000        79.74201    
   796.875000000000        21.47272    
   812.500000000000        12.63614    
   828.125000000000        11.05264    
   843.750000000000        6.379740    
   859.375000000000        5.917588    
   875.000000000000        5.949790    
   890.625000000000        8.399574    
   906.250000000000        17.66061    
   921.875000000000        24.46335    
   937.500000000000        9.437816    
   953.125000000000        13.13487    
   968.750000000000        47.49986    
   984.375000000000        7.536914    
   1000.00000000000        1.426273    
   1015.62500000000        3.506978    
   1031.25000000000        3.625931    
   1046.87500000000        2.454334    
   1062.50000000000        3.338023    
   1078.12500000000        3.873327    
   1093.75000000000       0.4006020    
   1109.37500000000        9.705359    
   1125.00000000000        4.046023    
   1140.62500000000        10.89202    
   1156.25000000000        46.82481    
   1171.87500000000        49.32579    
   1187.50000000000        18.01285    
   1203.12500000000        14.92310    
   1218.75000000000        6.559582    
   1234.37500000000        8.914884    
   1250.00000000000        22.66365    
   1265.62500000000        5.723163    
   1281.25000000000        4.368483    
   1296.87500000000        11.72049    
   1312.50000000000        4.752178    
   1328.12500000000        5.428830    
   1343.75000000000        6.518395    
   1359.37500000000        15.19790    
   1375.00000000000        1.359680    
   1390.62500000000        6.024492    
   1406.25000000000        6.423433    
   1421.87500000000        8.482889    
   1437.50000000000        3.647051    
   1453.12500000000        4.654821    
   1468.75000000000        2.627265    
   1484.37500000000        7.811079    
   1500.00000000000        15.44230    
   1515.62500000000        7.402617    
   1531.25000000000        7.200443    
   1546.87500000000        30.40646    
   1562.50000000000        8.153447    
   1578.12500000000        10.30724    
   1593.75000000000        6.091692    
   1609.37500000000        3.397191    
   1625.00000000000        1.446144    
   1640.62500000000        5.864165    
   1656.25000000000        3.287160    
   1671.87500000000        5.327043    
   1687.50000000000        2.955456    
   1703.12500000000        1.713703    
   1718.75000000000        6.712664    
   1734.37500000000        3.745634    
   1750.00000000000        20.31273    
   1765.62500000000        3.762063    
   1781.25000000000        8.820827    
   1796.87500000000        3.409774    
   1812.50000000000        4.169534    
   1828.12500000000        9.452235    
   1843.75000000000        4.650670    
   1859.37500000000        2.636652    
   1875.00000000000        5.329778    
   1890.62500000000        8.606385    
   1906.25000000000        4.812240    
   1921.87500000000        13.41264    
   1937.50000000000        8.183843    
   1953.12500000000        8.097592    
   1968.75000000000        6.807499    
   1984.37500000000        2.459479    
