  -4000.00000000000        195.4382    
  -3968.75000000000        360.3557    
  -3937.50000000000        455.5884    
  -3906.25000000000        214.1193    
  -3875.00000000000        324.3002    
  -3843.75000000000        366.0107    
  -3812.50000000000        261.1530    
  -3781.25000000000        388.4651    
  -3750.00000000000        234.2153    
  -3718.75000000000        299.0534    
  -3687.50000000000        274.1339    
  -3656.25000000000        334.9123    
  -3625.00000000000        154.3080    
  -3593.75000000000        209.7329    
  -3562.50000000000        237.7097    
  -3531.25000000000        83.19923    
  -3500.00000000000        268.1384    
  -3468.75000000000        252.6592    
  -3437.50000000000        145.8578    
  -3406.25000000000        416.4811    
  -3375.00000000000        125.9821    
  -3343.75000000000        121.3716    
  -3312.50000000000        230.8717    
  -3281.25000000000        214.2188    
  -3250.00000000000        184.1055    
  -3218.75000000000        225.5664    
  -3187.50000000000        100.4711    
  -3156.25000000000        238.2179    
  -3125.00000000000        139.7905    
  -3093.75000000000        188.9221    
  -3062.50000000000        218.6193    
  -3031.25000000000        173.8390    
  -3000.00000000000        108.1549    
  -2968.75000000000        106.5644    
  -2937.50000000000        194.7739    
  -2906.25000000000        26.22052    
  -2875.00000000000        128.6458    
  -2843.75000000000        59.44345    
  -2812.50000000000        138.2077    
  -2781.25000000000        47.13908    
  -2750.00000000000        68.29383    
  -2718.75000000000        69.90403    
  -2687.50000000000        132.3486    
  -2656.25000000000        52.99071    
  -2625.00000000000        33.62296    
  -2593.75000000000        94.61945    
  -2562.50000000000        61.66928    
  -2531.25000000000        18.07569    
  -2500.00000000000        137.5139    
  -2468.75000000000        12.20383    
  -2437.50000000000        92.41822    
  -2406.25000000000        51.30465    
  -2375.00000000000        22.07722    
  -2343.75000000000        138.7973    
  -2312.50000000000        84.49130    
  -2281.25000000000        39.67875    
  -2250.00000000000        50.37457    
  -2218.75000000000        71.10829    
  -2187.50000000000        102.5100    
  -2156.25000000000        105.2403    
  -2125.00000000000        63.71710    
  -2093.75000000000        82.35978    
  -2062.50000000000        64.33988    
  -2031.25000000000        18.56415    
  -2000.00000000000        42.37440    
  -1968.75000000000        66.35562    
  -1937.50000000000        49.07555    
  -1906.25000000000        31.82724    
  -1875.00000000000        78.62560    
  -1843.75000000000        91.83699    
  -1812.50000000000        242.8365    
  -1781.25000000000        288.5626    
  -1750.00000000000        145.0504    
  -1718.75000000000        101.5188    
  -1687.50000000000        140.5961    
  -1656.25000000000        162.8743    
  -1625.00000000000        100.2815    
  -1593.75000000000        53.16569    
  -1562.50000000000        198.6082    
  -1531.25000000000        115.2717    
  -1500.00000000000        35.28279    
  -1468.75000000000        72.02048    
  -1437.50000000000        43.18489    
  -1406.25000000000        82.05532    
  -1375.00000000000        129.5257    
  -1343.75000000000        105.0540    
  -1312.50000000000        83.37473    
  -1281.25000000000        70.59077    
  -1250.00000000000        221.5647    
  -1218.75000000000        42.35871    
  -1187.50000000000        38.56102    
  -1156.25000000000        141.8517    
  -1125.00000000000        32.53432    
  -1093.75000000000        87.92728    
  -1062.50000000000        161.8458    
  -1031.25000000000        67.62206    
  -1000.00000000000        91.24340    
  -968.750000000000        89.08758    
  -937.500000000000        34.71799    
  -906.250000000000        161.3352    
  -875.000000000000        85.75445    
  -843.750000000000        121.7917    
  -812.500000000000        214.4672    
  -781.250000000000        271.7108    
  -750.000000000000        208.0526    
  -718.750000000000        266.8165    
  -687.500000000000        227.8018    
  -656.250000000000        405.7285    
  -625.000000000000        35.07126    
  -593.750000000000        298.3398    
  -562.500000000000        117.6938    
  -531.250000000000        194.3578    
  -500.000000000000        299.4514    
  -468.750000000000        72.36595    
  -437.500000000000        223.9079    
  -406.250000000000        279.9742    
  -375.000000000000        632.2447    
  -343.750000000000        1034.510    
  -312.500000000000        538.4719    
  -281.250000000000        740.2861    
  -250.000000000000        377.4420    
  -218.750000000000        34.75693    
  -187.500000000000        355.8485    
  -156.250000000000        1339.787    
  -125.000000000000        1317.145    
  -93.7500000000000        472.2646    
  -62.5000000000000        1296.767    
  -31.2500000000000        2275.375    
  0.000000000000000E+000   5896.870    
   31.2500000000000        2274.162    
   62.5000000000000        1297.867    
   93.7500000000000        472.6152    
   125.000000000000        1317.497    
   156.250000000000        1341.266    
   187.500000000000        355.9132    
   218.750000000000        34.19185    
   250.000000000000        377.2021    
   281.250000000000        739.6276    
   312.500000000000        538.4264    
   343.750000000000        1034.144    
   375.000000000000        631.8148    
   406.250000000000        279.7894    
   437.500000000000        223.4348    
   468.750000000000        72.31338    
   500.000000000000        299.4167    
   531.250000000000        194.5144    
   562.500000000000        117.9048    
   593.750000000000        298.3770    
   625.000000000000        35.14162    
   656.250000000000        405.7993    
   687.500000000000        227.7828    
   718.750000000000        266.9622    
   750.000000000000        208.1019    
   781.250000000000        271.6670    
   812.500000000000        214.4904    
   843.750000000000        121.7480    
   875.000000000000        85.68326    
   906.250000000000        161.3544    
   937.500000000000        34.66817    
   968.750000000000        89.15962    
   1000.00000000000        91.35483    
   1031.25000000000        67.66399    
   1062.50000000000        161.7142    
   1093.75000000000        87.97425    
   1125.00000000000        32.63375    
   1156.25000000000        141.8425    
   1187.50000000000        38.52251    
   1218.75000000000        42.37525    
   1250.00000000000        221.7157    
   1281.25000000000        70.46926    
   1312.50000000000        83.34787    
   1343.75000000000        105.0875    
   1375.00000000000        129.5787    
   1406.25000000000        82.12493    
   1437.50000000000        43.08998    
   1468.75000000000        71.95805    
   1500.00000000000        35.27273    
   1531.25000000000        115.1601    
   1562.50000000000        198.5448    
   1593.75000000000        53.16963    
   1625.00000000000        100.2287    
   1656.25000000000        162.6618    
   1687.50000000000        140.5415    
   1718.75000000000        101.4080    
   1750.00000000000        145.0059    
   1781.25000000000        288.3241    
   1812.50000000000        242.5323    
   1843.75000000000        91.75227    
   1875.00000000000        78.63022    
   1906.25000000000        31.81004    
   1937.50000000000        49.07095    
   1968.75000000000        66.32622    
   2000.00000000000        42.30664    
   2031.25000000000        18.56565    
   2062.50000000000        64.35268    
   2093.75000000000        82.34232    
   2125.00000000000        63.66735    
   2156.25000000000        105.2652    
   2187.50000000000        102.5068    
   2218.75000000000        71.15113    
   2250.00000000000        50.37875    
   2281.25000000000        39.73155    
   2312.50000000000        84.45493    
   2343.75000000000        138.9105    
   2375.00000000000        22.12112    
   2406.25000000000        51.25003    
   2437.50000000000        92.42061    
   2468.75000000000        12.16882    
   2500.00000000000        137.5501    
   2531.25000000000        18.04117    
   2562.50000000000        61.70462    
   2593.75000000000        94.60563    
   2625.00000000000        33.71801    
   2656.25000000000        52.94662    
   2687.50000000000        132.4493    
   2718.75000000000        69.88664    
   2750.00000000000        68.30547    
   2781.25000000000        47.10476    
   2812.50000000000        138.3033    
   2843.75000000000        59.43462    
   2875.00000000000        128.7575    
   2906.25000000000        26.18046    
   2937.50000000000        194.8071    
   2968.75000000000        106.4556    
   3000.00000000000        108.3043    
   3031.25000000000        173.9974    
   3062.50000000000        218.5818    
   3093.75000000000        188.9149    
   3125.00000000000        139.6387    
   3156.25000000000        238.1729    
   3187.50000000000        100.5318    
   3218.75000000000        225.7934    
   3250.00000000000        184.2721    
   3281.25000000000        214.4351    
   3312.50000000000        230.6855    
   3343.75000000000        121.4176    
   3375.00000000000        126.0152    
   3406.25000000000        416.4980    
   3437.50000000000        145.8254    
   3468.75000000000        252.9608    
   3500.00000000000        267.9525    
   3531.25000000000        83.16000    
   3562.50000000000        237.8354    
   3593.75000000000        209.4371    
   3625.00000000000        154.1077    
   3656.25000000000        334.8936    
   3687.50000000000        274.0618    
   3718.75000000000        299.0258    
   3750.00000000000        234.0760    
   3781.25000000000        388.6949    
   3812.50000000000        261.0140    
   3843.75000000000        366.2255    
   3875.00000000000        324.1234    
   3906.25000000000        214.0733    
   3937.50000000000        455.3596    
   3968.75000000000        360.4554    
