  -4000.00000000000        265.8135    
  -3968.75000000000        463.6208    
  -3937.50000000000        628.5721    
  -3906.25000000000        277.7696    
  -3875.00000000000        469.6837    
  -3843.75000000000        470.3853    
  -3812.50000000000        392.6309    
  -3781.25000000000        504.3200    
  -3750.00000000000        336.9027    
  -3718.75000000000        424.7031    
  -3687.50000000000        366.9371    
  -3656.25000000000        422.5089    
  -3625.00000000000        249.8683    
  -3593.75000000000        297.1417    
  -3562.50000000000        327.7202    
  -3531.25000000000        114.1230    
  -3500.00000000000        405.4837    
  -3468.75000000000        323.4036    
  -3437.50000000000        191.7270    
  -3406.25000000000        571.0892    
  -3375.00000000000        186.2301    
  -3343.75000000000        162.0603    
  -3312.50000000000        328.6552    
  -3281.25000000000        271.4778    
  -3250.00000000000        237.7673    
  -3218.75000000000        276.5139    
  -3187.50000000000        134.5570    
  -3156.25000000000        334.4475    
  -3125.00000000000        179.9507    
  -3093.75000000000        249.5332    
  -3062.50000000000        302.3428    
  -3031.25000000000        231.0790    
  -3000.00000000000        131.0686    
  -2968.75000000000        144.4787    
  -2937.50000000000        246.0524    
  -2906.25000000000        44.16046    
  -2875.00000000000        156.9225    
  -2843.75000000000        74.45732    
  -2812.50000000000        198.8568    
  -2781.25000000000        74.06968    
  -2750.00000000000        85.96851    
  -2718.75000000000        99.25623    
  -2687.50000000000        189.2991    
  -2656.25000000000        50.24582    
  -2625.00000000000        69.96040    
  -2593.75000000000        122.2876    
  -2562.50000000000        80.21666    
  -2531.25000000000        32.11869    
  -2500.00000000000        183.8345    
  -2468.75000000000        30.39570    
  -2437.50000000000        131.5922    
  -2406.25000000000        56.26671    
  -2375.00000000000        19.56484    
  -2343.75000000000        185.6148    
  -2312.50000000000        140.7597    
  -2281.25000000000        58.48865    
  -2250.00000000000        76.27589    
  -2218.75000000000        94.80771    
  -2187.50000000000        132.8649    
  -2156.25000000000        127.0662    
  -2125.00000000000        97.84579    
  -2093.75000000000        106.0090    
  -2062.50000000000        87.52326    
  -2031.25000000000        29.50977    
  -2000.00000000000        93.36617    
  -1968.75000000000        101.1499    
  -1937.50000000000        67.78905    
  -1906.25000000000        42.02106    
  -1875.00000000000        128.9729    
  -1843.75000000000        118.7203    
  -1812.50000000000        368.5712    
  -1781.25000000000        431.8112    
  -1750.00000000000        225.3920    
  -1718.75000000000        143.8267    
  -1687.50000000000        205.9597    
  -1656.25000000000        249.4607    
  -1625.00000000000        144.3651    
  -1593.75000000000        88.54398    
  -1562.50000000000        270.6846    
  -1531.25000000000        171.9403    
  -1500.00000000000        25.32847    
  -1468.75000000000        98.32505    
  -1437.50000000000        49.68350    
  -1406.25000000000        115.5461    
  -1375.00000000000        124.4518    
  -1343.75000000000        153.9671    
  -1312.50000000000        102.4116    
  -1281.25000000000        115.3924    
  -1250.00000000000        293.0734    
  -1218.75000000000        56.09900    
  -1187.50000000000        60.28619    
  -1156.25000000000        173.8956    
  -1125.00000000000        15.21838    
  -1093.75000000000        89.64581    
  -1062.50000000000        237.6495    
  -1031.25000000000        101.6184    
  -1000.00000000000        127.8859    
  -968.750000000000        138.4361    
  -937.500000000000        59.77935    
  -906.250000000000        221.8864    
  -875.000000000000        99.85008    
  -843.750000000000        149.4958    
  -812.500000000000        301.8170    
  -781.250000000000        357.6293    
  -750.000000000000        252.6377    
  -718.750000000000        334.1759    
  -687.500000000000        341.5607    
  -656.250000000000        531.0032    
  -625.000000000000        9.879805    
  -593.750000000000        368.3117    
  -562.500000000000        132.9795    
  -531.250000000000        286.1922    
  -500.000000000000        391.2443    
  -468.750000000000        104.3651    
  -437.500000000000        326.1264    
  -406.250000000000        376.9373    
  -375.000000000000        944.5253    
  -343.750000000000        1462.547    
  -312.500000000000        754.0277    
  -281.250000000000        1056.234    
  -250.000000000000        565.9418    
  -218.750000000000        108.4341    
  -187.500000000000        440.2603    
  -156.250000000000        1736.155    
  -125.000000000000        1710.374    
  -93.7500000000000        625.1366    
  -62.5000000000000        1687.190    
  -31.2500000000000        3123.010    
  0.000000000000000E+000   7710.226    
   31.2500000000000        3004.705    
   62.5000000000000        1832.649    
   93.7500000000000        717.9193    
   125.000000000000        1855.897    
   156.250000000000        1875.640    
   187.500000000000        452.2474    
   218.750000000000        50.24537    
   250.000000000000        472.6405    
   281.250000000000        925.4617    
   312.500000000000        732.1168    
   343.750000000000        1400.843    
   375.000000000000        837.1539    
   406.250000000000        347.7297    
   437.500000000000        251.1996    
   468.750000000000        99.67408    
   500.000000000000        423.9586    
   531.250000000000        331.0576    
   562.500000000000        223.5409    
   593.750000000000        416.7828    
   625.000000000000        34.66626    
   656.250000000000        542.0392    
   687.500000000000        311.3040    
   718.750000000000        352.9646    
   750.000000000000        289.6079    
   781.250000000000        386.2424    
   812.500000000000        290.1472    
   843.750000000000        125.4653    
   875.000000000000        108.3068    
   906.250000000000        186.0217    
   937.500000000000        78.30848    
   968.750000000000        133.2225    
   1000.00000000000        182.9063    
   1031.25000000000        89.38656    
   1062.50000000000        185.7562    
   1093.75000000000        133.7761    
   1125.00000000000        66.99879    
   1156.25000000000        201.0175    
   1187.50000000000        51.38030    
   1218.75000000000        64.43496    
   1250.00000000000        316.9052    
   1281.25000000000        77.92445    
   1312.50000000000        91.48976    
   1343.75000000000        139.5490    
   1375.00000000000        166.5424    
   1406.25000000000        116.7887    
   1437.50000000000        33.88889    
   1468.75000000000        81.60034    
   1500.00000000000        71.69665    
   1531.25000000000        146.7070    
   1562.50000000000        242.1965    
   1593.75000000000        111.0581    
   1625.00000000000        126.8347    
   1656.25000000000        197.3736    
   1687.50000000000        173.7473    
   1718.75000000000        143.7925    
   1750.00000000000        182.3187    
   1781.25000000000        341.8162    
   1812.50000000000        279.0089    
   1843.75000000000        123.1341    
   1875.00000000000        120.6484    
   1906.25000000000        62.69496    
   1937.50000000000        78.40054    
   1968.75000000000        83.67163    
   2000.00000000000        70.24821    
   2031.25000000000        8.927939    
   2062.50000000000        91.75599    
   2093.75000000000        111.6547    
   2125.00000000000        85.29462    
   2156.25000000000        138.8900    
   2187.50000000000        143.2969    
   2218.75000000000        88.68154    
   2250.00000000000        66.01525    
   2281.25000000000        40.80839    
   2312.50000000000        91.36826    
   2343.75000000000        191.2983    
   2375.00000000000        28.18576    
   2406.25000000000        46.06563    
   2437.50000000000        118.5247    
   2468.75000000000        25.96650    
   2500.00000000000        175.2290    
   2531.25000000000        33.90584    
   2562.50000000000        89.62701    
   2593.75000000000        123.1164    
   2625.00000000000        78.89104    
   2656.25000000000        73.71780    
   2687.50000000000        177.8969    
   2718.75000000000        112.4051    
   2750.00000000000        88.84747    
   2781.25000000000        66.45948    
   2812.50000000000        195.9375    
   2843.75000000000        82.65984    
   2875.00000000000        181.5014    
   2906.25000000000        17.46728    
   2937.50000000000        269.8272    
   2968.75000000000        159.9848    
   3000.00000000000        166.5386    
   3031.25000000000        244.6611    
   3062.50000000000        282.6331    
   3093.75000000000        246.0677    
   3125.00000000000        171.1296    
   3156.25000000000        325.3559    
   3187.50000000000        112.4723    
   3218.75000000000        301.7080    
   3250.00000000000        268.4290    
   3281.25000000000        302.8852    
   3312.50000000000        293.6743    
   3343.75000000000        154.6638    
   3375.00000000000        146.1139    
   3406.25000000000        577.7688    
   3437.50000000000        217.2533    
   3468.75000000000        384.1327    
   3500.00000000000        348.5908    
   3531.25000000000        116.1629    
   3562.50000000000        319.9875    
   3593.75000000000        254.4971    
   3625.00000000000        223.5234    
   3656.25000000000        460.0230    
   3687.50000000000        351.3728    
   3718.75000000000        402.2326    
   3750.00000000000        293.1220    
   3781.25000000000        569.8686    
   3812.50000000000        329.5916    
   3843.75000000000        523.8005    
   3875.00000000000        418.5259    
   3906.25000000000        306.8665    
   3937.50000000000        605.8241    
   3968.75000000000        505.0222    
