  -2000.00000000000        19.68657    
  -1984.37500000000        17.17047    
  -1968.75000000000        16.77814    
  -1953.12500000000        21.27699    
  -1937.50000000000        13.14948    
  -1921.87500000000        47.21131    
  -1906.25000000000        14.94789    
  -1890.62500000000        25.06087    
  -1875.00000000000        34.76132    
  -1859.37500000000        24.70149    
  -1843.75000000000        13.55109    
  -1828.12500000000        25.66383    
  -1812.50000000000        9.162101    
  -1796.87500000000        20.65943    
  -1781.25000000000        18.11629    
  -1765.62500000000        13.70862    
  -1750.00000000000        104.7310    
  -1734.37500000000        37.28147    
  -1718.75000000000        13.45869    
  -1703.12500000000        5.514768    
  -1687.50000000000        24.29406    
  -1671.87500000000        26.42221    
  -1656.25000000000        3.203644    
  -1640.62500000000        23.17148    
  -1625.00000000000        14.08334    
  -1609.37500000000        5.306102    
  -1593.75000000000        16.40346    
  -1578.12500000000        31.88026    
  -1562.50000000000        18.32111    
  -1546.87500000000        109.4761    
  -1531.25000000000        32.48853    
  -1515.62500000000        18.15496    
  -1500.00000000000        49.90942    
  -1484.37500000000        33.93827    
  -1468.75000000000        11.99868    
  -1453.12500000000        3.927347    
  -1437.50000000000        15.03573    
  -1421.87500000000        28.18577    
  -1406.25000000000        31.66416    
  -1390.62500000000        20.45148    
  -1375.00000000000        12.07316    
  -1359.37500000000        52.24059    
  -1343.75000000000        31.07798    
  -1328.12500000000        17.91766    
  -1312.50000000000        13.20105    
  -1296.87500000000        54.08429    
  -1281.25000000000        45.76982    
  -1265.62500000000        22.35197    
  -1250.00000000000        57.27425    
  -1234.37500000000        21.67000    
  -1218.75000000000        8.221143    
  -1203.12500000000        40.37504    
  -1187.50000000000        54.83968    
  -1171.87500000000        156.2675    
  -1156.25000000000        140.9866    
  -1140.62500000000        29.04270    
  -1125.00000000000        22.94997    
  -1109.37500000000        19.82738    
  -1093.75000000000        29.29709    
  -1078.12500000000        9.722695    
  -1062.50000000000        5.048533    
  -1046.87500000000        6.581782    
  -1031.25000000000        19.49837    
  -1015.62500000000        5.130598    
  -1000.00000000000        11.79043    
  -984.375000000000        23.72528    
  -968.750000000000        214.0279    
  -953.125000000000        50.90296    
  -937.500000000000        21.47086    
  -921.875000000000        62.90147    
  -906.250000000000        37.96555    
  -890.625000000000        26.70824    
  -875.000000000000        9.640903    
  -859.375000000000        24.90993    
  -843.750000000000        18.33558    
  -828.125000000000        33.23551    
  -812.500000000000        25.07092    
  -796.875000000000        43.40211    
  -781.250000000000        136.1090    
  -765.625000000000        112.2253    
  -750.000000000000        40.26440    
  -734.375000000000        36.99691    
  -718.750000000000        54.26190    
  -703.125000000000        47.11305    
  -687.500000000000        44.11985    
  -671.875000000000        50.77108    
  -656.250000000000        58.87287    
  -640.625000000000        54.75120    
  -625.000000000000        113.0745    
  -609.375000000000        156.0913    
  -593.750000000000        315.0026    
  -578.125000000000        961.9023    
  -562.500000000000        165.4985    
  -546.875000000000        46.21087    
  -531.250000000000        76.47890    
  -515.625000000000        64.52752    
  -500.000000000000        39.36958    
  -484.375000000000        14.46741    
  -468.750000000000        23.36806    
  -453.125000000000        22.95950    
  -437.500000000000        46.61396    
  -421.875000000000        28.31714    
  -406.250000000000        90.40401    
  -390.625000000000        365.0864    
  -375.000000000000        82.59303    
  -359.375000000000        57.24855    
  -343.750000000000        34.97253    
  -328.125000000000        36.31298    
  -312.500000000000        53.74332    
  -296.875000000000        69.98431    
  -281.250000000000        38.11508    
  -265.625000000000        76.81848    
  -250.000000000000        106.5997    
  -234.375000000000        104.6457    
  -218.750000000000        174.8806    
  -203.125000000000        661.7828    
  -187.500000000000        852.2684    
  -171.875000000000        254.4631    
  -156.250000000000        140.5134    
  -140.625000000000        98.35868    
  -125.000000000000        92.32736    
  -109.375000000000        81.74490    
  -93.7500000000000        45.91940    
  -78.1250000000000        82.61272    
  -62.5000000000000        49.59042    
  -46.8750000000000        37.90304    
  -31.2500000000000        19.27081    
  -15.6250000000000        108.2889    
  0.000000000000000E+000   22461.41    
   15.6250000000000        121.0788    
   31.2500000000000        62.49775    
   46.8750000000000        85.31010    
   62.5000000000000        15.11662    
   78.1250000000000        72.02138    
   93.7500000000000        56.76194    
   109.375000000000        43.64812    
   125.000000000000        66.21436    
   140.625000000000        34.37066    
   156.250000000000        77.55800    
   171.875000000000        111.1681    
   187.500000000000        340.1858    
   203.125000000000        105.3238    
   218.750000000000        108.7747    
   234.375000000000        71.65446    
   250.000000000000        101.0839    
   265.625000000000        26.71518    
   281.250000000000        46.18550    
   296.875000000000        21.98659    
   312.500000000000        54.81587    
   328.125000000000        14.98674    
   343.750000000000        34.91948    
   359.375000000000        80.68175    
   375.000000000000        211.2741    
   390.625000000000        531.5690    
   406.250000000000        130.1812    
   421.875000000000        59.25675    
   437.500000000000        79.04447    
   453.125000000000        42.42721    
   468.750000000000        21.94067    
   484.375000000000        23.20305    
   500.000000000000        46.36460    
   515.625000000000        40.17012    
   531.250000000000        72.19978    
   546.875000000000        67.20882    
   562.500000000000        147.2389    
   578.125000000000        1010.999    
   593.750000000000        373.2195    
   609.375000000000        155.8161    
   625.000000000000        106.6047    
   640.625000000000        69.30243    
   656.250000000000        78.90055    
   671.875000000000        67.37379    
   687.500000000000        69.01151    
   703.125000000000        43.75729    
   718.750000000000        68.84951    
   734.375000000000        66.73629    
   750.000000000000        85.85091    
   765.625000000000        225.2800    
   781.250000000000        266.9494    
   796.875000000000        69.57166    
   812.500000000000        39.69804    
   828.125000000000        23.62483    
   843.750000000000        18.13398    
   859.375000000000        19.23401    
   875.000000000000        18.62005    
   890.625000000000        14.48973    
   906.250000000000        70.23717    
   921.875000000000        63.61256    
   937.500000000000        17.68578    
   953.125000000000        19.03914    
   968.750000000000        38.61536    
   984.375000000000        20.07459    
   1000.00000000000        10.21924    
   1015.62500000000        12.58447    
   1031.25000000000        12.25375    
   1046.87500000000        14.96189    
   1062.50000000000        16.56432    
   1078.12500000000        24.57886    
   1093.75000000000        22.16347    
   1109.37500000000        37.97685    
   1125.00000000000        19.36007    
   1140.62500000000        25.41638    
   1156.25000000000        124.4868    
   1171.87500000000        108.5485    
   1187.50000000000        49.96215    
   1203.12500000000        31.85209    
   1218.75000000000        18.20805    
   1234.37500000000        30.71981    
   1250.00000000000        58.49240    
   1265.62500000000        10.30952    
   1281.25000000000        18.26480    
   1296.87500000000        51.19891    
   1312.50000000000        23.27127    
   1328.12500000000        7.188694    
   1343.75000000000        18.55201    
   1359.37500000000        27.69074    
   1375.00000000000        12.84734    
   1390.62500000000        9.123221    
   1406.25000000000        27.24582    
   1421.87500000000        10.88111    
   1437.50000000000        10.78420    
   1453.12500000000        1.137733    
   1468.75000000000        37.37601    
   1484.37500000000        51.64616    
   1500.00000000000        32.38000    
   1515.62500000000        16.66146    
   1531.25000000000        16.69683    
   1546.87500000000        20.30606    
   1562.50000000000        19.62587    
   1578.12500000000        21.68489    
   1593.75000000000        21.99977    
   1609.37500000000        25.59590    
   1625.00000000000        19.27227    
   1640.62500000000        6.376805    
   1656.25000000000        13.16834    
   1671.87500000000        24.21589    
   1687.50000000000        21.38870    
   1703.12500000000        12.27779    
   1718.75000000000        23.10026    
   1734.37500000000        30.67115    
   1750.00000000000        89.67744    
   1765.62500000000        8.830577    
   1781.25000000000        23.57940    
   1796.87500000000        8.805987    
   1812.50000000000        1.734898    
   1828.12500000000        25.47743    
   1843.75000000000        18.29967    
   1859.37500000000        24.55843    
   1875.00000000000        16.79995    
   1890.62500000000        16.34081    
   1906.25000000000        22.99611    
   1921.87500000000        38.44781    
   1937.50000000000        23.67518    
   1953.12500000000        36.65870    
   1968.75000000000        20.96184    
   1984.37500000000        11.37343    
