  -2000.00000000000        29.27249    
  -1984.37500000000        18.81541    
  -1968.75000000000        24.15471    
  -1953.12500000000        65.30791    
  -1937.50000000000        42.85670    
  -1921.87500000000        39.21761    
  -1906.25000000000        29.83983    
  -1890.62500000000        19.77791    
  -1875.00000000000        33.45689    
  -1859.37500000000        37.52375    
  -1843.75000000000        41.35263    
  -1828.12500000000        18.26624    
  -1812.50000000000        37.84176    
  -1796.87500000000        39.13587    
  -1781.25000000000        35.48738    
  -1765.62500000000        38.34419    
  -1750.00000000000        51.06962    
  -1734.37500000000        68.48203    
  -1718.75000000000        17.65730    
  -1703.12500000000        14.69358    
  -1687.50000000000        10.36679    
  -1671.87500000000        70.62736    
  -1656.25000000000        14.62381    
  -1640.62500000000        23.57190    
  -1625.00000000000        30.02271    
  -1609.37500000000        41.18789    
  -1593.75000000000        19.08395    
  -1578.12500000000        17.15493    
  -1562.50000000000        44.75201    
  -1546.87500000000        198.6506    
  -1531.25000000000        26.74340    
  -1515.62500000000        15.61764    
  -1500.00000000000        50.90480    
  -1484.37500000000        104.4606    
  -1468.75000000000        15.73650    
  -1453.12500000000        26.62278    
  -1437.50000000000        48.11248    
  -1421.87500000000        12.76224    
  -1406.25000000000        38.66323    
  -1390.62500000000        16.93674    
  -1375.00000000000        6.949851    
  -1359.37500000000        100.9981    
  -1343.75000000000        19.21423    
  -1328.12500000000        9.395823    
  -1312.50000000000        16.81132    
  -1296.87500000000        62.65865    
  -1281.25000000000        53.88932    
  -1265.62500000000        38.53369    
  -1250.00000000000        64.30367    
  -1234.37500000000        50.66994    
  -1218.75000000000        18.05531    
  -1203.12500000000        55.29942    
  -1187.50000000000        57.21991    
  -1171.87500000000        167.6974    
  -1156.25000000000        161.9161    
  -1140.62500000000        15.87613    
  -1125.00000000000        8.040164    
  -1109.37500000000        40.85517    
  -1093.75000000000        130.4346    
  -1078.12500000000        26.39113    
  -1062.50000000000        43.56523    
  -1046.87500000000        40.43900    
  -1031.25000000000        13.85066    
  -1015.62500000000        16.57417    
  -1000.00000000000        16.31149    
  -984.375000000000        28.75243    
  -968.750000000000        272.4875    
  -953.125000000000        33.84695    
  -937.500000000000        36.12327    
  -921.875000000000        99.94993    
  -906.250000000000        81.97925    
  -890.625000000000        13.77167    
  -875.000000000000        18.81192    
  -859.375000000000        39.63645    
  -843.750000000000        55.71826    
  -828.125000000000        28.34209    
  -812.500000000000        42.70972    
  -796.875000000000        47.44371    
  -781.250000000000        158.7026    
  -765.625000000000        135.3467    
  -750.000000000000        57.18197    
  -734.375000000000        38.54127    
  -718.750000000000        48.92540    
  -703.125000000000        75.39749    
  -687.500000000000        40.21573    
  -671.875000000000        61.08290    
  -656.250000000000        90.37958    
  -640.625000000000        41.52724    
  -625.000000000000        104.7918    
  -609.375000000000        180.9238    
  -593.750000000000        357.6879    
  -578.125000000000        1137.185    
  -562.500000000000        209.0702    
  -546.875000000000        61.26359    
  -531.250000000000        89.10743    
  -515.625000000000        95.98914    
  -500.000000000000        37.98909    
  -484.375000000000        14.14607    
  -468.750000000000        11.48741    
  -453.125000000000        68.23389    
  -437.500000000000        45.95309    
  -421.875000000000        46.58088    
  -406.250000000000        107.8647    
  -390.625000000000        504.1891    
  -375.000000000000        76.99458    
  -359.375000000000        79.32404    
  -343.750000000000        37.10299    
  -328.125000000000        69.18962    
  -312.500000000000        25.03569    
  -296.875000000000        71.12335    
  -281.250000000000        52.95520    
  -265.625000000000        88.78860    
  -250.000000000000        119.3021    
  -234.375000000000        145.8404    
  -218.750000000000        235.8787    
  -203.125000000000        872.6242    
  -187.500000000000        1059.452    
  -171.875000000000        327.1072    
  -156.250000000000        199.6155    
  -140.625000000000        115.6867    
  -125.000000000000        126.6854    
  -109.375000000000        93.28261    
  -93.7500000000000        79.73375    
  -78.1250000000000        86.02979    
  -62.5000000000000        84.83967    
  -46.8750000000000        48.64566    
  -31.2500000000000        27.03195    
  -15.6250000000000        113.7011    
  0.000000000000000E+000   26146.28    
   15.6250000000000        167.6754    
   31.2500000000000        99.11067    
   46.8750000000000        112.4931    
   62.5000000000000        19.39109    
   78.1250000000000        84.54710    
   93.7500000000000        57.46504    
   109.375000000000        68.98992    
   125.000000000000        91.07191    
   140.625000000000        84.44588    
   156.250000000000        114.9768    
   171.875000000000        166.7695    
   187.500000000000        458.1752    
   203.125000000000        179.0141    
   218.750000000000        158.3082    
   234.375000000000        81.79828    
   250.000000000000        132.7600    
   265.625000000000        64.62326    
   281.250000000000        53.56187    
   296.875000000000        19.38462    
   312.500000000000        59.76455    
   328.125000000000        27.18077    
   343.750000000000        25.76369    
   359.375000000000        101.0220    
   375.000000000000        221.4464    
   390.625000000000        583.5619    
   406.250000000000        121.0681    
   421.875000000000        53.11809    
   437.500000000000        81.93369    
   453.125000000000        21.05433    
   468.750000000000        20.95589    
   484.375000000000        21.79477    
   500.000000000000        62.21958    
   515.625000000000        68.51071    
   531.250000000000        72.35340    
   546.875000000000        84.13576    
   562.500000000000        197.3812    
   578.125000000000        1162.014    
   593.750000000000        480.9606    
   609.375000000000        213.0664    
   625.000000000000        120.5406    
   640.625000000000        112.3644    
   656.250000000000        90.88087    
   671.875000000000        87.92084    
   687.500000000000        89.65636    
   703.125000000000        107.4414    
   718.750000000000        87.14826    
   734.375000000000        81.32510    
   750.000000000000        117.4051    
   765.625000000000        256.3687    
   781.250000000000        291.6062    
   796.875000000000        90.60818    
   812.500000000000        49.68242    
   828.125000000000        42.42394    
   843.750000000000        6.239377    
   859.375000000000        13.00569    
   875.000000000000        28.55935    
   890.625000000000        44.07832    
   906.250000000000        21.76539    
   921.875000000000        106.2486    
   937.500000000000        37.28875    
   953.125000000000        20.62154    
   968.750000000000        6.685130    
   984.375000000000        26.49552    
   1000.00000000000        9.993488    
   1015.62500000000        31.92649    
   1031.25000000000        5.006562    
   1046.87500000000        2.275522    
   1062.50000000000        38.49657    
   1078.12500000000        22.43655    
   1093.75000000000        83.60329    
   1109.37500000000        46.11480    
   1125.00000000000        16.74633    
   1140.62500000000        41.40108    
   1156.25000000000        135.1648    
   1171.87500000000        113.1691    
   1187.50000000000        51.94656    
   1203.12500000000        42.59039    
   1218.75000000000        18.99524    
   1234.37500000000        9.694943    
   1250.00000000000        49.54621    
   1265.62500000000        24.35651    
   1281.25000000000        102.6085    
   1296.87500000000        94.07910    
   1312.50000000000        31.60744    
   1328.12500000000        31.87317    
   1343.75000000000        72.36639    
   1359.37500000000        50.80906    
   1375.00000000000        28.94156    
   1390.62500000000        31.88041    
   1406.25000000000        30.10703    
   1421.87500000000        56.57995    
   1437.50000000000        13.50040    
   1453.12500000000        11.95854    
   1468.75000000000        32.41601    
   1484.37500000000        128.8599    
   1500.00000000000        40.49936    
   1515.62500000000        35.49504    
   1531.25000000000        48.69721    
   1546.87500000000        127.7095    
   1562.50000000000        61.29669    
   1578.12500000000        54.92062    
   1593.75000000000        9.769142    
   1609.37500000000        44.51821    
   1625.00000000000        27.87313    
   1640.62500000000        35.14324    
   1656.25000000000        46.34268    
   1671.87500000000        60.60928    
   1687.50000000000        29.07151    
   1703.12500000000        8.539369    
   1718.75000000000        48.37238    
   1734.37500000000        59.57736    
   1750.00000000000        34.49269    
   1765.62500000000        35.15667    
   1781.25000000000        10.53264    
   1796.87500000000        10.62402    
   1812.50000000000        64.45947    
   1828.12500000000        19.73822    
   1843.75000000000        21.54382    
   1859.37500000000        24.76287    
   1875.00000000000        26.68535    
   1890.62500000000        37.93798    
   1906.25000000000        8.676461    
   1921.87500000000        47.47501    
   1937.50000000000        56.95916    
   1953.12500000000        40.63969    
   1968.75000000000        32.73977    
   1984.37500000000        18.04999    
