  -4000.00000000000        200.9673    
  -3968.75000000000        361.6244    
  -3937.50000000000        470.6891    
  -3906.25000000000        218.6349    
  -3875.00000000000        334.4524    
  -3843.75000000000        369.0150    
  -3812.50000000000        265.9666    
  -3781.25000000000        389.2594    
  -3750.00000000000        242.6256    
  -3718.75000000000        306.3964    
  -3687.50000000000        281.7120    
  -3656.25000000000        340.0960    
  -3625.00000000000        161.6923    
  -3593.75000000000        216.9168    
  -3562.50000000000        239.9622    
  -3531.25000000000        90.35586    
  -3500.00000000000        272.5491    
  -3468.75000000000        252.5848    
  -3437.50000000000        148.8597    
  -3406.25000000000        425.5569    
  -3375.00000000000        128.6590    
  -3343.75000000000        121.4962    
  -3312.50000000000        233.6128    
  -3281.25000000000        215.5290    
  -3250.00000000000        187.8279    
  -3218.75000000000        225.5678    
  -3187.50000000000        102.9440    
  -3156.25000000000        242.8343    
  -3125.00000000000        144.7006    
  -3093.75000000000        193.2322    
  -3062.50000000000        222.6864    
  -3031.25000000000        175.2290    
  -3000.00000000000        112.1949    
  -2968.75000000000        111.7531    
  -2937.50000000000        197.1152    
  -2906.25000000000        32.10053    
  -2875.00000000000        126.2421    
  -2843.75000000000        60.56821    
  -2812.50000000000        139.1199    
  -2781.25000000000        46.37146    
  -2750.00000000000        68.50995    
  -2718.75000000000        70.67170    
  -2687.50000000000        133.4971    
  -2656.25000000000        57.15499    
  -2625.00000000000        35.11350    
  -2593.75000000000        99.83311    
  -2562.50000000000        62.71141    
  -2531.25000000000        21.12797    
  -2500.00000000000        138.4756    
  -2468.75000000000        15.46442    
  -2437.50000000000        90.99299    
  -2406.25000000000        54.94973    
  -2375.00000000000        20.17449    
  -2343.75000000000        134.8134    
  -2312.50000000000        89.23792    
  -2281.25000000000        39.93523    
  -2250.00000000000        54.84485    
  -2218.75000000000        69.26956    
  -2187.50000000000        104.1358    
  -2156.25000000000        109.4251    
  -2125.00000000000        64.63492    
  -2093.75000000000        86.84592    
  -2062.50000000000        67.41138    
  -2031.25000000000        18.65727    
  -2000.00000000000        42.83203    
  -1968.75000000000        70.64404    
  -1937.50000000000        46.44425    
  -1906.25000000000        32.30026    
  -1875.00000000000        75.22243    
  -1843.75000000000        91.56116    
  -1812.50000000000        255.8304    
  -1781.25000000000        297.9726    
  -1750.00000000000        150.2011    
  -1718.75000000000        103.3464    
  -1687.50000000000        144.8316    
  -1656.25000000000        167.9501    
  -1625.00000000000        107.0141    
  -1593.75000000000        56.20160    
  -1562.50000000000        205.4542    
  -1531.25000000000        117.9330    
  -1500.00000000000        39.90721    
  -1468.75000000000        72.62617    
  -1437.50000000000        42.89265    
  -1406.25000000000        83.22671    
  -1375.00000000000        128.4328    
  -1343.75000000000        110.7509    
  -1312.50000000000        87.21151    
  -1281.25000000000        74.64436    
  -1250.00000000000        220.9215    
  -1218.75000000000        44.26486    
  -1187.50000000000        41.73438    
  -1156.25000000000        145.0445    
  -1125.00000000000        31.20350    
  -1093.75000000000        92.16514    
  -1062.50000000000        167.8044    
  -1031.25000000000        72.91493    
  -1000.00000000000        85.08829    
  -968.750000000000        84.56987    
  -937.500000000000        36.54134    
  -906.250000000000        163.6150    
  -875.000000000000        91.59116    
  -843.750000000000        126.1592    
  -812.500000000000        219.2624    
  -781.250000000000        276.0391    
  -750.000000000000        218.6717    
  -718.750000000000        271.8507    
  -687.500000000000        231.3301    
  -656.250000000000        415.2678    
  -625.000000000000        30.10201    
  -593.750000000000        310.4554    
  -562.500000000000        111.5994    
  -531.250000000000        196.0441    
  -500.000000000000        313.4124    
  -468.750000000000        74.66473    
  -437.500000000000        230.0824    
  -406.250000000000        293.2629    
  -375.000000000000        652.4284    
  -343.750000000000        1061.660    
  -312.500000000000        553.3354    
  -281.250000000000        758.6994    
  -250.000000000000        386.4168    
  -218.750000000000        57.02505    
  -187.500000000000        349.5978    
  -156.250000000000        1366.178    
  -125.000000000000        1338.300    
  -93.7500000000000        476.2020    
  -62.5000000000000        1308.159    
  -31.2500000000000        2334.622    
  0.000000000000000E+000   6307.288    
   31.2500000000000        2328.561    
   62.5000000000000        1338.735    
   93.7500000000000        494.5135    
   125.000000000000        1349.535    
   156.250000000000        1374.849    
   187.500000000000        360.3262    
   218.750000000000        43.19349    
   250.000000000000        401.7940    
   281.250000000000        759.7896    
   312.500000000000        548.5241    
   343.750000000000        1046.261    
   375.000000000000        636.1649    
   406.250000000000        273.9581    
   437.500000000000        223.8441    
   468.750000000000        66.63846    
   500.000000000000        320.2939    
   531.250000000000        202.1483    
   562.500000000000        128.2495    
   593.750000000000        305.1354    
   625.000000000000        34.44625    
   656.250000000000        416.0261    
   687.500000000000        233.7675    
   718.750000000000        263.1741    
   750.000000000000        213.9807    
   781.250000000000        278.0221    
   812.500000000000        227.3306    
   843.750000000000        124.9422    
   875.000000000000        92.05681    
   906.250000000000        167.3052    
   937.500000000000        35.23093    
   968.750000000000        86.14088    
   1000.00000000000        93.35442    
   1031.25000000000        77.71168    
   1062.50000000000        166.4922    
   1093.75000000000        94.41055    
   1125.00000000000        37.36195    
   1156.25000000000        146.2883    
   1187.50000000000        35.61629    
   1218.75000000000        47.41093    
   1250.00000000000        228.8235    
   1281.25000000000        65.96112    
   1312.50000000000        81.71498    
   1343.75000000000        108.4674    
   1375.00000000000        133.7187    
   1406.25000000000        85.22401    
   1437.50000000000        41.95624    
   1468.75000000000        73.28795    
   1500.00000000000        35.32896    
   1531.25000000000        115.1652    
   1562.50000000000        203.1219    
   1593.75000000000        52.59281    
   1625.00000000000        104.9063    
   1656.25000000000        160.6061    
   1687.50000000000        145.9940    
   1718.75000000000        98.26257    
   1750.00000000000        145.8560    
   1781.25000000000        288.4106    
   1812.50000000000        242.8045    
   1843.75000000000        95.73529    
   1875.00000000000        79.39064    
   1906.25000000000        27.95854    
   1937.50000000000        50.94221    
   1968.75000000000        67.37988    
   2000.00000000000        41.92561    
   2031.25000000000        20.71752    
   2062.50000000000        68.17916    
   2093.75000000000        86.36526    
   2125.00000000000        65.47086    
   2156.25000000000        109.6063    
   2187.50000000000        102.0996    
   2218.75000000000        73.24176    
   2250.00000000000        47.31525    
   2281.25000000000        45.04546    
   2312.50000000000        84.56025    
   2343.75000000000        144.1821    
   2375.00000000000        22.79451    
   2406.25000000000        49.04424    
   2437.50000000000        93.06883    
   2468.75000000000        14.84813    
   2500.00000000000        140.1203    
   2531.25000000000        24.63660    
   2562.50000000000        65.63882    
   2593.75000000000        95.52221    
   2625.00000000000        39.42147    
   2656.25000000000        54.73914    
   2687.50000000000        136.9818    
   2718.75000000000        69.93182    
   2750.00000000000        72.59906    
   2781.25000000000        44.68161    
   2812.50000000000        139.4282    
   2843.75000000000        62.48801    
   2875.00000000000        130.3642    
   2906.25000000000        30.03238    
   2937.50000000000        198.4288    
   2968.75000000000        108.5951    
   3000.00000000000        114.3662    
   3031.25000000000        179.6693    
   3062.50000000000        220.5912    
   3093.75000000000        187.4571    
   3125.00000000000        139.9896    
   3156.25000000000        244.1743    
   3187.50000000000        105.7834    
   3218.75000000000        233.8788    
   3250.00000000000        191.5026    
   3281.25000000000        217.6527    
   3312.50000000000        231.0954    
   3343.75000000000        126.0047    
   3375.00000000000        135.0128    
   3406.25000000000        427.0912    
   3437.50000000000        146.0794    
   3468.75000000000        262.1008    
   3500.00000000000        272.7458    
   3531.25000000000        85.09570    
   3562.50000000000        247.2361    
   3593.75000000000        210.4345    
   3625.00000000000        154.1825    
   3656.25000000000        346.5243    
   3687.50000000000        276.3945    
   3718.75000000000        303.0240    
   3750.00000000000        237.3037    
   3781.25000000000        402.1187    
   3812.50000000000        262.1418    
   3843.75000000000        377.6372    
   3875.00000000000        330.4492    
   3906.25000000000        224.9843    
   3937.50000000000        460.5854    
   3968.75000000000        366.4820    
