  -2000.00000000000        24.84376    
  -1984.37500000000        20.09925    
  -1968.75000000000        24.31320    
  -1953.12500000000        19.40694    
  -1937.50000000000        37.26090    
  -1921.87500000000        45.76553    
  -1906.25000000000        14.91903    
  -1890.62500000000        26.44696    
  -1875.00000000000        12.51630    
  -1859.37500000000        28.20144    
  -1843.75000000000        21.47244    
  -1828.12500000000        47.67555    
  -1812.50000000000        11.43729    
  -1796.87500000000        5.870036    
  -1781.25000000000        31.72377    
  -1765.62500000000        3.443698    
  -1750.00000000000        83.93292    
  -1734.37500000000        10.08274    
  -1718.75000000000        14.32278    
  -1703.12500000000        7.900475    
  -1687.50000000000        12.14903    
  -1671.87500000000        40.54002    
  -1656.25000000000        19.69439    
  -1640.62500000000        20.86511    
  -1625.00000000000        25.41193    
  -1609.37500000000        15.76356    
  -1593.75000000000        12.15744    
  -1578.12500000000        22.14351    
  -1562.50000000000        22.03045    
  -1546.87500000000        79.68928    
  -1531.25000000000        24.68036    
  -1515.62500000000        17.56305    
  -1500.00000000000        46.06814    
  -1484.37500000000        50.43303    
  -1468.75000000000        2.740501    
  -1453.12500000000        12.38548    
  -1437.50000000000        14.96497    
  -1421.87500000000        46.41470    
  -1406.25000000000        30.36593    
  -1390.62500000000        19.88857    
  -1375.00000000000        9.716806    
  -1359.37500000000        51.33694    
  -1343.75000000000        23.35594    
  -1328.12500000000        24.72744    
  -1312.50000000000        25.74620    
  -1296.87500000000        56.93071    
  -1281.25000000000        25.41271    
  -1265.62500000000        2.954556    
  -1250.00000000000        58.89622    
  -1234.37500000000        35.76263    
  -1218.75000000000        29.47222    
  -1203.12500000000        51.84801    
  -1187.50000000000        50.69833    
  -1171.87500000000        160.0565    
  -1156.25000000000        137.8503    
  -1140.62500000000        45.79078    
  -1125.00000000000        12.60611    
  -1109.37500000000        13.80875    
  -1093.75000000000        66.14437    
  -1078.12500000000        8.040714    
  -1062.50000000000        7.553185    
  -1046.87500000000        5.175499    
  -1031.25000000000        15.39251    
  -1015.62500000000        13.37186    
  -1000.00000000000        6.323607    
  -984.375000000000        23.97039    
  -968.750000000000        240.9894    
  -953.125000000000        50.92311    
  -937.500000000000        33.14629    
  -921.875000000000        74.04930    
  -906.250000000000        65.33184    
  -890.625000000000        38.54332    
  -875.000000000000        18.15062    
  -859.375000000000        25.57324    
  -843.750000000000        38.74265    
  -828.125000000000        41.72082    
  -812.500000000000        38.61828    
  -796.875000000000        51.25618    
  -781.250000000000        170.5331    
  -765.625000000000        138.1497    
  -750.000000000000        42.43145    
  -734.375000000000        30.80742    
  -718.750000000000        49.32216    
  -703.125000000000        55.01942    
  -687.500000000000        47.59402    
  -671.875000000000        56.00615    
  -656.250000000000        68.72222    
  -640.625000000000        62.40269    
  -625.000000000000        114.3022    
  -609.375000000000        172.3928    
  -593.750000000000        342.3045    
  -578.125000000000        1029.945    
  -562.500000000000        170.5504    
  -546.875000000000        51.09598    
  -531.250000000000        82.30626    
  -515.625000000000        79.22102    
  -500.000000000000        27.48386    
  -484.375000000000        7.902878    
  -468.750000000000        35.37924    
  -453.125000000000        35.22134    
  -437.500000000000        47.56767    
  -421.875000000000        28.40644    
  -406.250000000000        79.03412    
  -390.625000000000        435.9683    
  -375.000000000000        59.15110    
  -359.375000000000        53.10131    
  -343.750000000000        28.83192    
  -328.125000000000        47.48595    
  -312.500000000000        66.38098    
  -296.875000000000        77.88995    
  -281.250000000000        37.95645    
  -265.625000000000        101.3115    
  -250.000000000000        98.58922    
  -234.375000000000        104.0279    
  -218.750000000000        186.1291    
  -203.125000000000        688.7904    
  -187.500000000000        841.4181    
  -171.875000000000        266.6161    
  -156.250000000000        142.7159    
  -140.625000000000        98.15660    
  -125.000000000000        98.27288    
  -109.375000000000        73.66666    
  -93.7500000000000        48.31373    
  -78.1250000000000        83.65527    
  -62.5000000000000        54.07375    
  -46.8750000000000        45.89939    
  -31.2500000000000        21.71540    
  -15.6250000000000        121.3577    
  0.000000000000000E+000   23859.83    
   15.6250000000000        135.5361    
   31.2500000000000        69.00766    
   46.8750000000000        104.2147    
   62.5000000000000        29.81670    
   78.1250000000000        71.69847    
   93.7500000000000        52.60023    
   109.375000000000        51.92046    
   125.000000000000        67.11713    
   140.625000000000        58.24604    
   156.250000000000        90.00232    
   171.875000000000        122.6777    
   187.500000000000        370.3558    
   203.125000000000        130.1034    
   218.750000000000        109.6544    
   234.375000000000        53.33151    
   250.000000000000        99.66423    
   265.625000000000        37.76291    
   281.250000000000        43.78547    
   296.875000000000        21.85255    
   312.500000000000        65.45822    
   328.125000000000        30.54490    
   343.750000000000        35.59319    
   359.375000000000        87.46488    
   375.000000000000        239.2905    
   390.625000000000        627.4035    
   406.250000000000        141.7785    
   421.875000000000        75.39759    
   437.500000000000        91.14426    
   453.125000000000        55.91389    
   468.750000000000        11.64130    
   484.375000000000        34.50446    
   500.000000000000        68.32507    
   515.625000000000        45.21989    
   531.250000000000        80.39388    
   546.875000000000        85.53780    
   562.500000000000        166.4107    
   578.125000000000        1082.427    
   593.750000000000        405.3688    
   609.375000000000        173.2067    
   625.000000000000        118.8114    
   640.625000000000        86.76640    
   656.250000000000        76.00690    
   671.875000000000        67.31555    
   687.500000000000        73.64509    
   703.125000000000        58.55473    
   718.750000000000        53.67429    
   734.375000000000        67.47669    
   750.000000000000        72.73109    
   765.625000000000        217.5831    
   781.250000000000        229.1633    
   796.875000000000        55.92812    
   812.500000000000        22.76578    
   828.125000000000        19.33628    
   843.750000000000        40.89431    
   859.375000000000        5.559619    
   875.000000000000        21.64666    
   890.625000000000        18.68437    
   906.250000000000        65.28703    
   921.875000000000        60.72209    
   937.500000000000        22.08790    
   953.125000000000        27.86690    
   968.750000000000        65.85083    
   984.375000000000        31.80027    
   1000.00000000000        3.179626    
   1015.62500000000        6.154001    
   1031.25000000000        2.731388    
   1046.87500000000        3.396264    
   1062.50000000000        20.78753    
   1078.12500000000        5.732348    
   1093.75000000000        53.56772    
   1109.37500000000        34.74096    
   1125.00000000000        21.81589    
   1140.62500000000        30.37292    
   1156.25000000000        116.8774    
   1171.87500000000        121.4476    
   1187.50000000000        35.33300    
   1203.12500000000        31.73176    
   1218.75000000000        7.324663    
   1234.37500000000        22.08217    
   1250.00000000000        55.91967    
   1265.62500000000        18.07049    
   1281.25000000000        11.78913    
   1296.87500000000        70.68578    
   1312.50000000000        27.46309    
   1328.12500000000        18.71325    
   1343.75000000000        42.40945    
   1359.37500000000        23.55888    
   1375.00000000000        10.23018    
   1390.62500000000        24.32037    
   1406.25000000000        14.96271    
   1421.87500000000        17.46522    
   1437.50000000000        17.20451    
   1453.12500000000        29.68605    
   1468.75000000000        27.59918    
   1484.37500000000        14.01300    
   1500.00000000000        34.25467    
   1515.62500000000        19.64321    
   1531.25000000000        7.430989    
   1546.87500000000        42.60004    
   1562.50000000000        44.05195    
   1578.12500000000        43.62522    
   1593.75000000000        20.70666    
   1609.37500000000        29.37628    
   1625.00000000000        17.51846    
   1640.62500000000        19.76461    
   1656.25000000000        22.04117    
   1671.87500000000        38.57570    
   1687.50000000000        25.84709    
   1703.12500000000        12.82655    
   1718.75000000000        29.18694    
   1734.37500000000        42.64659    
   1750.00000000000        106.6009    
   1765.62500000000        19.15091    
   1781.25000000000        21.66107    
   1796.87500000000        4.988491    
   1812.50000000000        24.09810    
   1828.12500000000        29.62773    
   1843.75000000000        28.71636    
   1859.37500000000        17.09594    
   1875.00000000000        17.06469    
   1890.62500000000        38.81306    
   1906.25000000000        6.131304    
   1921.87500000000        64.48856    
   1937.50000000000        51.45567    
   1953.12500000000        26.40313    
   1968.75000000000        16.76875    
   1984.37500000000        2.352630    
