  -4000.00000000000        209.2251    
  -3968.75000000000        373.3649    
  -3937.50000000000        485.5316    
  -3906.25000000000        222.7976    
  -3875.00000000000        344.9583    
  -3843.75000000000        376.8890    
  -3812.50000000000        274.7777    
  -3781.25000000000        403.8596    
  -3750.00000000000        251.0197    
  -3718.75000000000        310.7947    
  -3687.50000000000        287.0050    
  -3656.25000000000        355.0613    
  -3625.00000000000        170.0176    
  -3593.75000000000        233.2844    
  -3562.50000000000        248.8079    
  -3531.25000000000        89.53398    
  -3500.00000000000        289.2331    
  -3468.75000000000        251.8541    
  -3437.50000000000        157.7535    
  -3406.25000000000        437.6694    
  -3375.00000000000        137.0884    
  -3343.75000000000        123.1809    
  -3312.50000000000        249.7827    
  -3281.25000000000        217.6516    
  -3250.00000000000        186.2486    
  -3218.75000000000        232.5587    
  -3187.50000000000        99.54841    
  -3156.25000000000        251.9870    
  -3125.00000000000        153.1579    
  -3093.75000000000        195.0246    
  -3062.50000000000        228.7714    
  -3031.25000000000        181.2835    
  -3000.00000000000        106.0890    
  -2968.75000000000        119.2401    
  -2937.50000000000        201.8163    
  -2906.25000000000        27.15097    
  -2875.00000000000        130.3340    
  -2843.75000000000        57.98562    
  -2812.50000000000        146.3768    
  -2781.25000000000        49.24513    
  -2750.00000000000        69.00669    
  -2718.75000000000        68.59419    
  -2687.50000000000        131.8657    
  -2656.25000000000        62.53278    
  -2625.00000000000        33.29268    
  -2593.75000000000        102.7642    
  -2562.50000000000        64.85242    
  -2531.25000000000        20.46354    
  -2500.00000000000        149.3799    
  -2468.75000000000        6.946448    
  -2437.50000000000        99.63413    
  -2406.25000000000        56.71067    
  -2375.00000000000        18.64143    
  -2343.75000000000        154.0592    
  -2312.50000000000        98.00671    
  -2281.25000000000        44.47066    
  -2250.00000000000        45.00322    
  -2218.75000000000        67.33841    
  -2187.50000000000        109.1051    
  -2156.25000000000        114.8285    
  -2125.00000000000        73.58579    
  -2093.75000000000        90.82415    
  -2062.50000000000        59.75741    
  -2031.25000000000        24.20268    
  -2000.00000000000        46.74536    
  -1968.75000000000        67.32779    
  -1937.50000000000        52.51306    
  -1906.25000000000        28.76446    
  -1875.00000000000        84.91453    
  -1843.75000000000        100.6116    
  -1812.50000000000        263.8350    
  -1781.25000000000        307.8086    
  -1750.00000000000        156.3485    
  -1718.75000000000        115.2794    
  -1687.50000000000        157.7001    
  -1656.25000000000        170.4897    
  -1625.00000000000        105.2539    
  -1593.75000000000        57.07432    
  -1562.50000000000        211.9214    
  -1531.25000000000        129.5843    
  -1500.00000000000        37.03606    
  -1468.75000000000        73.95630    
  -1437.50000000000        36.88853    
  -1406.25000000000        89.53222    
  -1375.00000000000        137.0815    
  -1343.75000000000        103.4742    
  -1312.50000000000        85.82185    
  -1281.25000000000        72.34901    
  -1250.00000000000        223.2497    
  -1218.75000000000        53.26119    
  -1187.50000000000        48.70396    
  -1156.25000000000        154.2518    
  -1125.00000000000        29.75159    
  -1093.75000000000        92.61559    
  -1062.50000000000        176.3022    
  -1031.25000000000        79.70714    
  -1000.00000000000        91.88809    
  -968.750000000000        97.60854    
  -937.500000000000        35.17863    
  -906.250000000000        168.9370    
  -875.000000000000        86.34589    
  -843.750000000000        123.7494    
  -812.500000000000        227.7704    
  -781.250000000000        291.6476    
  -750.000000000000        215.7770    
  -718.750000000000        277.6893    
  -687.500000000000        246.0905    
  -656.250000000000        440.4133    
  -625.000000000000        45.85479    
  -593.750000000000        333.7310    
  -562.500000000000        126.0284    
  -531.250000000000        198.6305    
  -500.000000000000        320.4885    
  -468.750000000000        69.57081    
  -437.500000000000        252.3390    
  -406.250000000000        280.7769    
  -375.000000000000        679.5951    
  -343.750000000000        1096.465    
  -312.500000000000        564.8228    
  -281.250000000000        789.9341    
  -250.000000000000        395.0080    
  -218.750000000000        50.39737    
  -187.500000000000        363.4867    
  -156.250000000000        1401.767    
  -125.000000000000        1368.603    
  -93.7500000000000        499.1113    
  -62.5000000000000        1346.980    
  -31.2500000000000        2406.534    
  0.000000000000000E+000   6106.714    
   31.2500000000000        2381.140    
   62.5000000000000        1383.622    
   93.7500000000000        518.1169    
   125.000000000000        1398.882    
   156.250000000000        1429.555    
   187.500000000000        372.6880    
   218.750000000000        17.47746    
   250.000000000000        378.7239    
   281.250000000000        761.2840    
   312.500000000000        551.3985    
   343.750000000000        1072.550    
   375.000000000000        654.7850    
   406.250000000000        284.0010    
   437.500000000000        219.5102    
   468.750000000000        77.14868    
   500.000000000000        313.8567    
   531.250000000000        208.8300    
   562.500000000000        121.5912    
   593.750000000000        309.9672    
   625.000000000000        39.53439    
   656.250000000000        424.9344    
   687.500000000000        235.8443    
   718.750000000000        276.6403    
   750.000000000000        222.2063    
   781.250000000000        287.5696    
   812.500000000000        211.1251    
   843.750000000000        123.8668    
   875.000000000000        90.30914    
   906.250000000000        163.6407    
   937.500000000000        38.76357    
   968.750000000000        98.70940    
   1000.00000000000        100.2425    
   1031.25000000000        72.51981    
   1062.50000000000        164.0341    
   1093.75000000000        92.25907    
   1125.00000000000        44.68800    
   1156.25000000000        145.0035    
   1187.50000000000        45.60338    
   1218.75000000000        50.23145    
   1250.00000000000        231.8681    
   1281.25000000000        72.58412    
   1312.50000000000        81.98225    
   1343.75000000000        109.8035    
   1375.00000000000        133.5882    
   1406.25000000000        91.68181    
   1437.50000000000        47.41814    
   1468.75000000000        72.88258    
   1500.00000000000        35.89936    
   1531.25000000000        116.3419    
   1562.50000000000        203.6846    
   1593.75000000000        51.56776    
   1625.00000000000        99.23396    
   1656.25000000000        165.9810    
   1687.50000000000        144.2677    
   1718.75000000000        102.0368    
   1750.00000000000        155.1759    
   1781.25000000000        294.9856    
   1812.50000000000        246.9271    
   1843.75000000000        98.03059    
   1875.00000000000        82.07146    
   1906.25000000000        36.81860    
   1937.50000000000        55.83448    
   1968.75000000000        66.51832    
   2000.00000000000        39.58681    
   2031.25000000000        14.99559    
   2062.50000000000        62.43576    
   2093.75000000000        83.07135    
   2125.00000000000        64.35297    
   2156.25000000000        111.8654    
   2187.50000000000        107.0298    
   2218.75000000000        70.32146    
   2250.00000000000        59.95015    
   2281.25000000000        45.22365    
   2312.50000000000        84.56023    
   2343.75000000000        147.1319    
   2375.00000000000        25.14787    
   2406.25000000000        50.57051    
   2437.50000000000        95.61234    
   2468.75000000000        17.60497    
   2500.00000000000        146.5600    
   2531.25000000000        23.64229    
   2562.50000000000        71.34091    
   2593.75000000000        93.77331    
   2625.00000000000        38.35166    
   2656.25000000000        53.84586    
   2687.50000000000        141.0634    
   2718.75000000000        73.51865    
   2750.00000000000        68.51745    
   2781.25000000000        52.79033    
   2812.50000000000        150.4364    
   2843.75000000000        56.82810    
   2875.00000000000        143.1511    
   2906.25000000000        23.29560    
   2937.50000000000        211.2914    
   2968.75000000000        110.0602    
   3000.00000000000        115.8303    
   3031.25000000000        183.9022    
   3062.50000000000        229.8634    
   3093.75000000000        195.2922    
   3125.00000000000        143.2960    
   3156.25000000000        249.7182    
   3187.50000000000        108.3811    
   3218.75000000000        246.7141    
   3250.00000000000        204.2248    
   3281.25000000000        234.0977    
   3312.50000000000        234.4521    
   3343.75000000000        131.0586    
   3375.00000000000        141.7777    
   3406.25000000000        435.1891    
   3437.50000000000        156.2037    
   3468.75000000000        278.5215    
   3500.00000000000        274.5211    
   3531.25000000000        87.59649    
   3562.50000000000        253.9954    
   3593.75000000000        213.2023    
   3625.00000000000        154.6996    
   3656.25000000000        348.5519    
   3687.50000000000        288.4653    
   3718.75000000000        321.5966    
   3750.00000000000        243.7471    
   3781.25000000000        413.1135    
   3812.50000000000        269.1305    
   3843.75000000000        394.1842    
   3875.00000000000        334.7059    
   3906.25000000000        227.5420    
   3937.50000000000        470.0199    
   3968.75000000000        382.4527    
