  -2000.00000000000        12.10172    
  -1984.37500000000        17.57618    
  -1968.75000000000        24.21017    
  -1953.12500000000        19.19289    
  -1937.50000000000        41.95376    
  -1921.87500000000        20.75110    
  -1906.25000000000        13.52495    
  -1890.62500000000        28.09019    
  -1875.00000000000        46.75673    
  -1859.37500000000        18.16829    
  -1843.75000000000        7.660666    
  -1828.12500000000        25.40938    
  -1812.50000000000        8.755660    
  -1796.87500000000        2.899624    
  -1781.25000000000        16.43334    
  -1765.62500000000        12.42139    
  -1750.00000000000        15.64811    
  -1734.37500000000        8.495511    
  -1718.75000000000        8.413997    
  -1703.12500000000        5.167406    
  -1687.50000000000        6.221108    
  -1671.87500000000        7.951435    
  -1656.25000000000        2.090018    
  -1640.62500000000        22.81413    
  -1625.00000000000        7.732441    
  -1609.37500000000        24.18344    
  -1593.75000000000        10.79849    
  -1578.12500000000        17.81670    
  -1562.50000000000        22.45265    
  -1546.87500000000        44.79193    
  -1531.25000000000        2.014117    
  -1515.62500000000        15.68542    
  -1500.00000000000        33.02534    
  -1484.37500000000        10.42111    
  -1468.75000000000        13.18304    
  -1453.12500000000        12.50719    
  -1437.50000000000        16.47902    
  -1421.87500000000        31.45411    
  -1406.25000000000        14.56217    
  -1390.62500000000        6.383720    
  -1375.00000000000        15.34379    
  -1359.37500000000        40.18652    
  -1343.75000000000        42.61177    
  -1328.12500000000        24.94554    
  -1312.50000000000        25.39032    
  -1296.87500000000        45.21549    
  -1281.25000000000        11.24127    
  -1265.62500000000        17.85831    
  -1250.00000000000        59.92689    
  -1234.37500000000        58.62160    
  -1218.75000000000        10.63555    
  -1203.12500000000        44.89327    
  -1187.50000000000        37.66911    
  -1171.87500000000        139.4415    
  -1156.25000000000        138.6741    
  -1140.62500000000        29.78711    
  -1125.00000000000        23.35215    
  -1109.37500000000        18.94189    
  -1093.75000000000        22.63566    
  -1078.12500000000        30.89037    
  -1062.50000000000        12.83397    
  -1046.87500000000        20.51581    
  -1031.25000000000        4.669290    
  -1015.62500000000        25.42218    
  -1000.00000000000        1.277184    
  -984.375000000000        37.32545    
  -968.750000000000        249.6512    
  -953.125000000000        47.54822    
  -937.500000000000        20.79715    
  -921.875000000000        38.92858    
  -906.250000000000        69.77341    
  -890.625000000000        44.88090    
  -875.000000000000        31.29205    
  -859.375000000000        21.45670    
  -843.750000000000        25.80736    
  -828.125000000000        33.74456    
  -812.500000000000        34.71338    
  -796.875000000000        39.47710    
  -781.250000000000        120.9018    
  -765.625000000000        98.87714    
  -750.000000000000        38.58610    
  -734.375000000000        16.42761    
  -718.750000000000        43.98597    
  -703.125000000000        22.08766    
  -687.500000000000        28.37706    
  -671.875000000000        35.59997    
  -656.250000000000        32.14931    
  -640.625000000000        42.96836    
  -625.000000000000        89.49445    
  -609.375000000000        132.8040    
  -593.750000000000        263.5248    
  -578.125000000000        794.1443    
  -562.500000000000        116.3272    
  -546.875000000000        35.53177    
  -531.250000000000        57.99479    
  -515.625000000000        44.90078    
  -500.000000000000        23.97444    
  -484.375000000000        16.35397    
  -468.750000000000        27.32546    
  -453.125000000000        34.90543    
  -437.500000000000        38.48051    
  -421.875000000000        25.35064    
  -406.250000000000        89.61665    
  -390.625000000000        237.2989    
  -375.000000000000        103.1048    
  -359.375000000000        40.17090    
  -343.750000000000        7.490098    
  -328.125000000000        23.07962    
  -312.500000000000        53.49669    
  -296.875000000000        52.87523    
  -281.250000000000        27.77848    
  -265.625000000000        61.99674    
  -250.000000000000        73.15965    
  -234.375000000000        68.87166    
  -218.750000000000        124.7322    
  -203.125000000000        471.7458    
  -187.500000000000        564.0406    
  -171.875000000000        191.4324    
  -156.250000000000        98.92981    
  -140.625000000000        78.51846    
  -125.000000000000        57.12392    
  -109.375000000000        55.96285    
  -93.7500000000000        28.42563    
  -78.1250000000000        59.71843    
  -62.5000000000000        62.81865    
  -46.8750000000000        29.08884    
  -31.2500000000000        21.96527    
  -15.6250000000000        86.43858    
  0.000000000000000E+000   17581.42    
   15.6250000000000        97.17152    
   31.2500000000000        53.35438    
   46.8750000000000        74.23109    
   62.5000000000000        10.69600    
   78.1250000000000        64.32375    
   93.7500000000000        33.53957    
   109.375000000000        20.20235    
   125.000000000000        37.43114    
   140.625000000000        45.69051    
   156.250000000000        54.99215    
   171.875000000000        77.11577    
   187.500000000000        246.8640    
   203.125000000000        120.4316    
   218.750000000000        70.39483    
   234.375000000000        45.82071    
   250.000000000000        65.97630    
   265.625000000000        29.64026    
   281.250000000000        33.17900    
   296.875000000000        4.240851    
   312.500000000000        36.74894    
   328.125000000000        28.23786    
   343.750000000000        26.82880    
   359.375000000000        60.35658    
   375.000000000000        168.7064    
   390.625000000000        427.1757    
   406.250000000000        94.53098    
   421.875000000000        43.17149    
   437.500000000000        64.69590    
   453.125000000000        23.03775    
   468.750000000000        47.44118    
   484.375000000000        15.83265    
   500.000000000000        61.18305    
   515.625000000000        62.44430    
   531.250000000000        61.72889    
   546.875000000000        52.44759    
   562.500000000000        138.0750    
   578.125000000000        761.7275    
   593.750000000000        302.8767    
   609.375000000000        118.8236    
   625.000000000000        83.89049    
   640.625000000000        45.88019    
   656.250000000000        64.01180    
   671.875000000000        48.38316    
   687.500000000000        57.89516    
   703.125000000000        63.92139    
   718.750000000000        39.66660    
   734.375000000000        42.40619    
   750.000000000000        50.80511    
   765.625000000000        160.4963    
   781.250000000000        175.1546    
   796.875000000000        42.55020    
   812.500000000000        40.03699    
   828.125000000000        27.43846    
   843.750000000000        18.50156    
   859.375000000000        17.62358    
   875.000000000000        10.83109    
   890.625000000000        21.57922    
   906.250000000000        25.68666    
   921.875000000000        45.98647    
   937.500000000000        28.77191    
   953.125000000000        36.08477    
   968.750000000000        96.51456    
   984.375000000000        26.46882    
   1000.00000000000        2.915346    
   1015.62500000000        14.36561    
   1031.25000000000        21.12681    
   1046.87500000000        12.12001    
   1062.50000000000        16.36182    
   1078.12500000000        22.65152    
   1093.75000000000        15.38091    
   1109.37500000000        26.09107    
   1125.00000000000        25.99695    
   1140.62500000000        22.67764    
   1156.25000000000        133.2436    
   1171.87500000000        116.2339    
   1187.50000000000        51.19489    
   1203.12500000000        43.85896    
   1218.75000000000        19.58550    
   1234.37500000000        18.26521    
   1250.00000000000        35.08385    
   1265.62500000000        5.630921    
   1281.25000000000        5.041185    
   1296.87500000000        48.01529    
   1312.50000000000        20.69298    
   1328.12500000000        24.57841    
   1343.75000000000        18.22801    
   1359.37500000000        30.02809    
   1375.00000000000        20.49430    
   1390.62500000000        24.28749    
   1406.25000000000        18.83472    
   1421.87500000000        24.80065    
   1437.50000000000        20.63398    
   1453.12500000000        12.74662    
   1468.75000000000        17.95863    
   1484.37500000000        39.60601    
   1500.00000000000        41.66395    
   1515.62500000000        23.89999    
   1531.25000000000        16.90333    
   1546.87500000000        74.65232    
   1562.50000000000        12.26039    
   1578.12500000000        20.08609    
   1593.75000000000        14.18131    
   1609.37500000000        9.909255    
   1625.00000000000        10.87140    
   1640.62500000000        12.79052    
   1656.25000000000        12.10951    
   1671.87500000000        38.21169    
   1687.50000000000        11.17150    
   1703.12500000000        18.52777    
   1718.75000000000        24.65123    
   1734.37500000000        8.711186    
   1750.00000000000        27.06795    
   1765.62500000000        11.15488    
   1781.25000000000        15.04950    
   1796.87500000000        15.90469    
   1812.50000000000       0.6084945    
   1828.12500000000        31.48555    
   1843.75000000000        16.15392    
   1859.37500000000        14.72476    
   1875.00000000000        37.81036    
   1890.62500000000        23.91366    
   1906.25000000000        20.63604    
   1921.87500000000        23.04780    
   1937.50000000000        27.69510    
   1953.12500000000        33.34720    
   1968.75000000000        15.29905    
   1984.37500000000        8.253876    
