  -4000.00000000000        198.5021    
  -3968.75000000000        372.1287    
  -3937.50000000000        477.0291    
  -3906.25000000000        225.8942    
  -3875.00000000000        341.3778    
  -3843.75000000000        377.7754    
  -3812.50000000000        275.9633    
  -3781.25000000000        402.7113    
  -3750.00000000000        247.0885    
  -3718.75000000000        311.1175    
  -3687.50000000000        288.0181    
  -3656.25000000000        347.8310    
  -3625.00000000000        165.5406    
  -3593.75000000000        223.9832    
  -3562.50000000000        246.9313    
  -3531.25000000000        87.92384    
  -3500.00000000000        279.8326    
  -3468.75000000000        255.3275    
  -3437.50000000000        153.2790    
  -3406.25000000000        429.8578    
  -3375.00000000000        131.0025    
  -3343.75000000000        126.5780    
  -3312.50000000000        241.7370    
  -3281.25000000000        217.9905    
  -3250.00000000000        185.8222    
  -3218.75000000000        228.4299    
  -3187.50000000000        105.1604    
  -3156.25000000000        248.0153    
  -3125.00000000000        151.9563    
  -3093.75000000000        196.6944    
  -3062.50000000000        235.4790    
  -3031.25000000000        179.0125    
  -3000.00000000000        107.1282    
  -2968.75000000000        115.2967    
  -2937.50000000000        202.3709    
  -2906.25000000000        23.02957    
  -2875.00000000000        130.3487    
  -2843.75000000000        61.43913    
  -2812.50000000000        146.5014    
  -2781.25000000000        50.09938    
  -2750.00000000000        73.24812    
  -2718.75000000000        79.35736    
  -2687.50000000000        138.0740    
  -2656.25000000000        58.91985    
  -2625.00000000000        36.04937    
  -2593.75000000000        94.75502    
  -2562.50000000000        63.47532    
  -2531.25000000000        18.37516    
  -2500.00000000000        141.0038    
  -2468.75000000000        13.26692    
  -2437.50000000000        96.75617    
  -2406.25000000000        53.84095    
  -2375.00000000000        25.48665    
  -2343.75000000000        136.6695    
  -2312.50000000000        90.07108    
  -2281.25000000000        34.88638    
  -2250.00000000000        42.02354    
  -2218.75000000000        74.99789    
  -2187.50000000000        109.6085    
  -2156.25000000000        105.1305    
  -2125.00000000000        69.85873    
  -2093.75000000000        88.37217    
  -2062.50000000000        62.85020    
  -2031.25000000000        20.29231    
  -2000.00000000000        50.44223    
  -1968.75000000000        67.84403    
  -1937.50000000000        57.96207    
  -1906.25000000000        32.22559    
  -1875.00000000000        83.13905    
  -1843.75000000000        97.76677    
  -1812.50000000000        261.7250    
  -1781.25000000000        299.7823    
  -1750.00000000000        152.4225    
  -1718.75000000000        104.6139    
  -1687.50000000000        145.8349    
  -1656.25000000000        172.3675    
  -1625.00000000000        103.8687    
  -1593.75000000000        55.78911    
  -1562.50000000000        210.2662    
  -1531.25000000000        122.3581    
  -1500.00000000000        37.50037    
  -1468.75000000000        78.04151    
  -1437.50000000000        42.76748    
  -1406.25000000000        84.34610    
  -1375.00000000000        129.1963    
  -1343.75000000000        110.7508    
  -1312.50000000000        87.85614    
  -1281.25000000000        77.87488    
  -1250.00000000000        228.1278    
  -1218.75000000000        35.24646    
  -1187.50000000000        42.22100    
  -1156.25000000000        152.1773    
  -1125.00000000000        34.03189    
  -1093.75000000000        93.27087    
  -1062.50000000000        173.6029    
  -1031.25000000000        68.90253    
  -1000.00000000000        89.93739    
  -968.750000000000        86.34802    
  -937.500000000000        39.55335    
  -906.250000000000        170.0627    
  -875.000000000000        91.16810    
  -843.750000000000        134.4878    
  -812.500000000000        209.6738    
  -781.250000000000        282.4769    
  -750.000000000000        219.6124    
  -718.750000000000        273.0988    
  -687.500000000000        239.2160    
  -656.250000000000        421.9381    
  -625.000000000000        28.79630    
  -593.750000000000        303.0303    
  -562.500000000000        113.8671    
  -531.250000000000        200.1759    
  -500.000000000000        317.0313    
  -468.750000000000        83.96206    
  -437.500000000000        244.8451    
  -406.250000000000        301.2814    
  -375.000000000000        670.6306    
  -343.750000000000        1087.931    
  -312.500000000000        562.7231    
  -281.250000000000        792.8411    
  -250.000000000000        405.5799    
  -218.750000000000        56.80381    
  -187.500000000000        366.8557    
  -156.250000000000        1361.668    
  -125.000000000000        1368.490    
  -93.7500000000000        482.9704    
  -62.5000000000000        1330.899    
  -31.2500000000000        2394.548    
  0.000000000000000E+000   6247.836    
   31.2500000000000        2366.673    
   62.5000000000000        1371.341    
   93.7500000000000        508.1497    
   125.000000000000        1396.127    
   156.250000000000        1418.728    
   187.500000000000        360.8120    
   218.750000000000        27.46032    
   250.000000000000        391.7498    
   281.250000000000        768.8925    
   312.500000000000        556.1306    
   343.750000000000        1074.292    
   375.000000000000        651.9025    
   406.250000000000        292.9859    
   437.500000000000        233.3151    
   468.750000000000        76.44112    
   500.000000000000        315.5804    
   531.250000000000        209.9019    
   562.500000000000        136.1517    
   593.750000000000        313.1258    
   625.000000000000        41.53793    
   656.250000000000        431.1045    
   687.500000000000        230.7916    
   718.750000000000        279.1605    
   750.000000000000        214.5607    
   781.250000000000        283.9837    
   812.500000000000        223.3212    
   843.750000000000        129.2803    
   875.000000000000        89.94530    
   906.250000000000        165.5488    
   937.500000000000        39.79645    
   968.750000000000        92.30754    
   1000.00000000000        90.00565    
   1031.25000000000        64.97665    
   1062.50000000000        163.7172    
   1093.75000000000        94.43623    
   1125.00000000000        34.70333    
   1156.25000000000        151.5653    
   1187.50000000000        39.15773    
   1218.75000000000        41.68182    
   1250.00000000000        231.0160    
   1281.25000000000        69.31092    
   1312.50000000000        86.10449    
   1343.75000000000        109.2290    
   1375.00000000000        138.7257    
   1406.25000000000        86.52557    
   1437.50000000000        44.33924    
   1468.75000000000        74.01658    
   1500.00000000000        34.85415    
   1531.25000000000        116.7806    
   1562.50000000000        201.5462    
   1593.75000000000        53.65980    
   1625.00000000000        98.63791    
   1656.25000000000        166.3730    
   1687.50000000000        145.4397    
   1718.75000000000        101.7564    
   1750.00000000000        147.3937    
   1781.25000000000        291.7860    
   1812.50000000000        250.8414    
   1843.75000000000        91.36529    
   1875.00000000000        84.59128    
   1906.25000000000        32.43871    
   1937.50000000000        47.75982    
   1968.75000000000        79.01102    
   2000.00000000000        36.32938    
   2031.25000000000        23.23729    
   2062.50000000000        65.07149    
   2093.75000000000        83.27298    
   2125.00000000000        63.26625    
   2156.25000000000        112.8512    
   2187.50000000000        108.8249    
   2218.75000000000        71.17072    
   2250.00000000000        54.43520    
   2281.25000000000        41.80030    
   2312.50000000000        84.28938    
   2343.75000000000        148.5054    
   2375.00000000000        26.44741    
   2406.25000000000        47.03866    
   2437.50000000000        94.76485    
   2468.75000000000        15.46743    
   2500.00000000000        143.2360    
   2531.25000000000        16.49755    
   2562.50000000000        63.32872    
   2593.75000000000        94.82516    
   2625.00000000000        38.53185    
   2656.25000000000        56.37243    
   2687.50000000000        141.9867    
   2718.75000000000        74.47473    
   2750.00000000000        68.89189    
   2781.25000000000        45.86670    
   2812.50000000000        149.0000    
   2843.75000000000        61.28242    
   2875.00000000000        133.6794    
   2906.25000000000        28.48141    
   2937.50000000000        197.8625    
   2968.75000000000        110.9495    
   3000.00000000000        116.6059    
   3031.25000000000        185.2778    
   3062.50000000000        224.5245    
   3093.75000000000        195.2034    
   3125.00000000000        140.1016    
   3156.25000000000        253.1626    
   3187.50000000000        107.9514    
   3218.75000000000        242.2950    
   3250.00000000000        197.7679    
   3281.25000000000        231.0580    
   3312.50000000000        233.3392    
   3343.75000000000        129.2067    
   3375.00000000000        130.0557    
   3406.25000000000        436.0961    
   3437.50000000000        153.2161    
   3468.75000000000        267.0546    
   3500.00000000000        274.9572    
   3531.25000000000        82.03677    
   3562.50000000000        250.7518    
   3593.75000000000        210.4171    
   3625.00000000000        158.9991    
   3656.25000000000        350.1744    
   3687.50000000000        285.9711    
   3718.75000000000        313.6267    
   3750.00000000000        242.2825    
   3781.25000000000        412.6050    
   3812.50000000000        271.0102    
   3843.75000000000        392.7137    
   3875.00000000000        336.3617    
   3906.25000000000        221.1044    
   3937.50000000000        469.2989    
   3968.75000000000        387.1043    
