  -2000.00000000000        7.188179    
  -1984.37500000000        9.624696    
  -1968.75000000000        4.830396    
  -1953.12500000000        12.09114    
  -1937.50000000000        13.29844    
  -1921.87500000000        10.43085    
  -1906.25000000000        2.245365    
  -1890.62500000000        13.50390    
  -1875.00000000000        7.906834    
  -1859.37500000000        18.06431    
  -1843.75000000000        6.554286    
  -1828.12500000000        11.51526    
  -1812.50000000000        2.295962    
  -1796.87500000000        6.789411    
  -1781.25000000000        1.703948    
  -1765.62500000000        3.328717    
  -1750.00000000000        19.57237    
  -1734.37500000000        15.02487    
  -1718.75000000000        10.98617    
  -1703.12500000000        2.135804    
  -1687.50000000000        16.91127    
  -1671.87500000000        13.03217    
  -1656.25000000000        9.603154    
  -1640.62500000000        12.17319    
  -1625.00000000000        8.659927    
  -1609.37500000000        3.947591    
  -1593.75000000000       0.4898729    
  -1578.12500000000        9.676750    
  -1562.50000000000        12.37765    
  -1546.87500000000        32.65163    
  -1531.25000000000        6.833022    
  -1515.62500000000        13.46097    
  -1500.00000000000        20.00896    
  -1484.37500000000        16.70953    
  -1468.75000000000        15.51936    
  -1453.12500000000        10.54927    
  -1437.50000000000        19.26052    
  -1421.87500000000        6.911148    
  -1406.25000000000        5.646015    
  -1390.62500000000        5.969574    
  -1375.00000000000        7.811406    
  -1359.37500000000        23.83298    
  -1343.75000000000        14.70795    
  -1328.12500000000        13.94698    
  -1312.50000000000        3.848285    
  -1296.87500000000        22.76662    
  -1281.25000000000        7.082688    
  -1265.62500000000        25.65604    
  -1250.00000000000        24.73866    
  -1234.37500000000        16.40694    
  -1218.75000000000        6.046741    
  -1203.12500000000        17.48782    
  -1187.50000000000        23.26294    
  -1171.87500000000        55.93610    
  -1156.25000000000        63.76888    
  -1140.62500000000        17.01178    
  -1125.00000000000        11.31740    
  -1109.37500000000        19.48499    
  -1093.75000000000        26.22720    
  -1078.12500000000        1.708735    
  -1062.50000000000       0.6606120    
  -1046.87500000000        16.70686    
  -1031.25000000000        10.17401    
  -1015.62500000000        6.475413    
  -1000.00000000000        2.391752    
  -984.375000000000        16.21353    
  -968.750000000000        53.09343    
  -953.125000000000        24.80892    
  -937.500000000000        17.03958    
  -921.875000000000        31.97558    
  -906.250000000000        22.05037    
  -890.625000000000        11.33337    
  -875.000000000000        5.185438    
  -859.375000000000        12.59070    
  -843.750000000000        23.89346    
  -828.125000000000        7.949152    
  -812.500000000000        14.34804    
  -796.875000000000        16.37476    
  -781.250000000000        63.97399    
  -765.625000000000        52.90446    
  -750.000000000000        23.96339    
  -734.375000000000        17.02140    
  -718.750000000000        25.93182    
  -703.125000000000        39.08096    
  -687.500000000000        21.53915    
  -671.875000000000        16.86613    
  -656.250000000000        24.02552    
  -640.625000000000        41.09631    
  -625.000000000000        59.93740    
  -609.375000000000        81.71620    
  -593.750000000000        156.0424    
  -578.125000000000        474.7807    
  -562.500000000000        85.18933    
  -546.875000000000        30.18744    
  -531.250000000000        42.54180    
  -515.625000000000        46.66933    
  -500.000000000000        19.47661    
  -484.375000000000        12.92215    
  -468.750000000000        12.05832    
  -453.125000000000        23.05554    
  -437.500000000000        23.42680    
  -421.875000000000        13.86829    
  -406.250000000000        48.06319    
  -390.625000000000        167.1236    
  -375.000000000000        62.71501    
  -359.375000000000        25.83563    
  -343.750000000000        12.82772    
  -328.125000000000        8.687020    
  -312.500000000000        44.19698    
  -296.875000000000        28.52063    
  -281.250000000000        13.00271    
  -265.625000000000        36.38952    
  -250.000000000000        37.03776    
  -234.375000000000        28.66941    
  -218.750000000000        56.61327    
  -203.125000000000        214.7175    
  -187.500000000000        219.6713    
  -171.875000000000        70.93734    
  -156.250000000000        37.06376    
  -140.625000000000        31.19381    
  -125.000000000000        27.66351    
  -109.375000000000        16.82496    
  -93.7500000000000        8.343508    
  -78.1250000000000        29.22589    
  -62.5000000000000        12.81629    
  -46.8750000000000        21.76837    
  -31.2500000000000        2.547630    
  -15.6250000000000        41.66655    
  0.000000000000000E+000   10432.88    
   15.6250000000000        37.52407    
   31.2500000000000        22.28777    
   46.8750000000000        29.89746    
   62.5000000000000        16.19088    
   78.1250000000000        16.66898    
   93.7500000000000        14.11639    
   109.375000000000        8.689054    
   125.000000000000        10.07314    
   140.625000000000        25.41868    
   156.250000000000        28.45159    
   171.875000000000        42.96948    
   187.500000000000        113.9958    
   203.125000000000        111.8559    
   218.750000000000        36.29651    
   234.375000000000        11.21139    
   250.000000000000        33.84940    
   265.625000000000        20.87677    
   281.250000000000        14.94906    
   296.875000000000        14.33592    
   312.500000000000        31.43632    
   328.125000000000        6.897987    
   343.750000000000        13.85016    
   359.375000000000        22.25315    
   375.000000000000        83.38017    
   390.625000000000        241.1564    
   406.250000000000        56.48628    
   421.875000000000        27.11783    
   437.500000000000        32.33292    
   453.125000000000        14.13853    
   468.750000000000        23.39526    
   484.375000000000        3.597019    
   500.000000000000        27.19705    
   515.625000000000        41.72682    
   531.250000000000        38.36837    
   546.875000000000        35.44133    
   562.500000000000        80.35398    
   578.125000000000        482.0490    
   593.750000000000        175.0469    
   609.375000000000        79.62991    
   625.000000000000        50.42189    
   640.625000000000        32.47240    
   656.250000000000        32.04087    
   671.875000000000        33.47622    
   687.500000000000        30.83642    
   703.125000000000        24.66461    
   718.750000000000        22.33118    
   734.375000000000        25.46844    
   750.000000000000        32.37542    
   765.625000000000        99.09344    
   781.250000000000        114.2591    
   796.875000000000        28.70159    
   812.500000000000        19.74131    
   828.125000000000        15.32604    
   843.750000000000        8.517381    
   859.375000000000        3.384341    
   875.000000000000        9.810546    
   890.625000000000        4.632163    
   906.250000000000        37.65954    
   921.875000000000        27.79574    
   937.500000000000        16.32301    
   953.125000000000        28.44682    
   968.750000000000        46.37070    
   984.375000000000        13.29644    
   1000.00000000000        1.185434    
   1015.62500000000        5.231145    
   1031.25000000000        13.89719    
   1046.87500000000        4.664945    
   1062.50000000000        5.959824    
   1078.12500000000        4.577674    
   1093.75000000000        23.61575    
   1109.37500000000        10.11003    
   1125.00000000000        4.487150    
   1140.62500000000        5.026677    
   1156.25000000000        58.65958    
   1171.87500000000        71.00648    
   1187.50000000000        19.80705    
   1203.12500000000        22.17507    
   1218.75000000000        15.13695    
   1234.37500000000        30.72509    
   1250.00000000000        21.61150    
   1265.62500000000        12.25437    
   1281.25000000000        18.32759    
   1296.87500000000        23.39952    
   1312.50000000000        5.313637    
   1328.12500000000        4.147348    
   1343.75000000000        10.19641    
   1359.37500000000        17.62331    
   1375.00000000000        9.238261    
   1390.62500000000        16.98656    
   1406.25000000000        3.191115    
   1421.87500000000        4.582283    
   1437.50000000000        7.953824    
   1453.12500000000        12.98667    
   1468.75000000000        10.99852    
   1484.37500000000        26.07902    
   1500.00000000000        33.62838    
   1515.62500000000        5.898779    
   1531.25000000000        19.15371    
   1546.87500000000        36.61148    
   1562.50000000000        13.09913    
   1578.12500000000        11.28144    
   1593.75000000000        6.207558    
   1609.37500000000        4.451294    
   1625.00000000000        2.853119    
   1640.62500000000        5.540241    
   1656.25000000000        5.997144    
   1671.87500000000        1.520090    
   1687.50000000000        17.28461    
   1703.12500000000        10.18112    
   1718.75000000000        13.82483    
   1734.37500000000        12.58682    
   1750.00000000000        8.392293    
   1765.62500000000        11.19826    
   1781.25000000000        13.72164    
   1796.87500000000        11.64457    
   1812.50000000000        9.210280    
   1828.12500000000        7.765399    
   1843.75000000000        9.786098    
   1859.37500000000        5.506053    
   1875.00000000000        9.823013    
   1890.62500000000        9.773450    
   1906.25000000000        6.399064    
   1921.87500000000        21.13431    
   1937.50000000000        23.84425    
   1953.12500000000        4.122743    
   1968.75000000000        4.187274    
   1984.37500000000        3.077022    
