  -4000.00000000000        261.1525    
  -3968.75000000000        465.9550    
  -3937.50000000000        613.5112    
  -3906.25000000000        289.7479    
  -3875.00000000000        431.6311    
  -3843.75000000000        463.1789    
  -3812.50000000000        344.8645    
  -3781.25000000000        484.5918    
  -3750.00000000000        331.3559    
  -3718.75000000000        398.0616    
  -3687.50000000000        361.9911    
  -3656.25000000000        447.5329    
  -3625.00000000000        214.8129    
  -3593.75000000000        325.0213    
  -3562.50000000000        309.9256    
  -3531.25000000000        110.2987    
  -3500.00000000000        349.4475    
  -3468.75000000000        307.4232    
  -3437.50000000000        215.4836    
  -3406.25000000000        539.6400    
  -3375.00000000000        169.7855    
  -3343.75000000000        134.8217    
  -3312.50000000000        295.7299    
  -3281.25000000000        285.9300    
  -3250.00000000000        224.5022    
  -3218.75000000000        283.4934    
  -3187.50000000000        120.6567    
  -3156.25000000000        314.0132    
  -3125.00000000000        210.1262    
  -3093.75000000000        261.8151    
  -3062.50000000000        291.7645    
  -3031.25000000000        224.2886    
  -3000.00000000000        95.66858    
  -2968.75000000000        159.1915    
  -2937.50000000000        250.1076    
  -2906.25000000000        35.75305    
  -2875.00000000000        167.4590    
  -2843.75000000000        70.60062    
  -2812.50000000000        182.6832    
  -2781.25000000000        72.60001    
  -2750.00000000000        89.75214    
  -2718.75000000000        114.5422    
  -2687.50000000000        149.8995    
  -2656.25000000000        77.69970    
  -2625.00000000000        55.17803    
  -2593.75000000000        131.6540    
  -2562.50000000000        88.67304    
  -2531.25000000000        14.80447    
  -2500.00000000000        172.3999    
  -2468.75000000000        17.88485    
  -2437.50000000000        118.1627    
  -2406.25000000000        66.06626    
  -2375.00000000000        31.95894    
  -2343.75000000000        156.0364    
  -2312.50000000000        125.6212    
  -2281.25000000000        24.62613    
  -2250.00000000000        70.40399    
  -2218.75000000000        105.6461    
  -2187.50000000000        137.7007    
  -2156.25000000000        142.3380    
  -2125.00000000000        91.98242    
  -2093.75000000000        104.4638    
  -2062.50000000000        109.5672    
  -2031.25000000000        23.01093    
  -2000.00000000000        51.05676    
  -1968.75000000000        98.28119    
  -1937.50000000000        70.73930    
  -1906.25000000000        46.59431    
  -1875.00000000000        85.16996    
  -1843.75000000000        137.5117    
  -1812.50000000000        314.6396    
  -1781.25000000000        386.4497    
  -1750.00000000000        199.1044    
  -1718.75000000000        160.2521    
  -1687.50000000000        203.5764    
  -1656.25000000000        215.1729    
  -1625.00000000000        141.9809    
  -1593.75000000000        46.28189    
  -1562.50000000000        288.5842    
  -1531.25000000000        148.7504    
  -1500.00000000000        53.97462    
  -1468.75000000000        93.34186    
  -1437.50000000000        97.59133    
  -1406.25000000000        100.9416    
  -1375.00000000000        165.0860    
  -1343.75000000000        135.2404    
  -1312.50000000000        126.5116    
  -1281.25000000000        115.5792    
  -1250.00000000000        281.7036    
  -1218.75000000000        41.68328    
  -1187.50000000000        32.19838    
  -1156.25000000000        171.8299    
  -1125.00000000000        19.85262    
  -1093.75000000000        140.4436    
  -1062.50000000000        228.3146    
  -1031.25000000000        89.43451    
  -1000.00000000000        93.29485    
  -968.750000000000        112.0643    
  -937.500000000000        36.44290    
  -906.250000000000        217.9615    
  -875.000000000000        126.6374    
  -843.750000000000        164.0637    
  -812.500000000000        285.8981    
  -781.250000000000        336.4134    
  -750.000000000000        286.2989    
  -718.750000000000        327.4514    
  -687.500000000000        310.4020    
  -656.250000000000        525.0065    
  -625.000000000000        51.69281    
  -593.750000000000        415.2700    
  -562.500000000000        115.9218    
  -531.250000000000        206.1765    
  -500.000000000000        377.2781    
  -468.750000000000        126.2892    
  -437.500000000000        326.9624    
  -406.250000000000        383.1845    
  -375.000000000000        873.2075    
  -343.750000000000        1365.039    
  -312.500000000000        710.8494    
  -281.250000000000        1030.983    
  -250.000000000000        491.7338    
  -218.750000000000        89.04380    
  -187.500000000000        475.9265    
  -156.250000000000        1628.656    
  -125.000000000000        1637.619    
  -93.7500000000000        583.9405    
  -62.5000000000000        1608.750    
  -31.2500000000000        3049.969    
  0.000000000000000E+000   7800.187    
   31.2500000000000        2913.826    
   62.5000000000000        1757.123    
   93.7500000000000        692.0986    
   125.000000000000        1776.818    
   156.250000000000        1795.341    
   187.500000000000        452.4355    
   218.750000000000        38.44663    
   250.000000000000        490.7797    
   281.250000000000        977.6975    
   312.500000000000        657.4092    
   343.750000000000        1314.347    
   375.000000000000        762.0981    
   406.250000000000        315.9811    
   437.500000000000        233.7547    
   468.750000000000        90.10738    
   500.000000000000        396.2425    
   531.250000000000        220.0499    
   562.500000000000        169.8890    
   593.750000000000        384.6190    
   625.000000000000        64.07256    
   656.250000000000        529.7897    
   687.500000000000        293.1946    
   718.750000000000        411.7497    
   750.000000000000        272.8068    
   781.250000000000        346.9524    
   812.500000000000        232.2738    
   843.750000000000        152.8372    
   875.000000000000        108.0873    
   906.250000000000        190.7866    
   937.500000000000        81.05997    
   968.750000000000        113.1365    
   1000.00000000000        137.8975    
   1031.25000000000        83.97800    
   1062.50000000000        167.4744    
   1093.75000000000        124.4628    
   1125.00000000000        45.96703    
   1156.25000000000        181.0415    
   1187.50000000000        22.87570    
   1218.75000000000        49.81986    
   1250.00000000000        302.1803    
   1281.25000000000        68.42056    
   1312.50000000000        84.23814    
   1343.75000000000        142.6819    
   1375.00000000000        201.5284    
   1406.25000000000        109.7274    
   1437.50000000000        47.91616    
   1468.75000000000        90.29601    
   1500.00000000000        48.26766    
   1531.25000000000        156.3108    
   1562.50000000000        254.6349    
   1593.75000000000        91.79599    
   1625.00000000000        140.6018    
   1656.25000000000        193.9488    
   1687.50000000000        186.4586    
   1718.75000000000        115.5710    
   1750.00000000000        210.9260    
   1781.25000000000        369.4994    
   1812.50000000000        312.1222    
   1843.75000000000        96.58016    
   1875.00000000000        105.4445    
   1906.25000000000        30.95650    
   1937.50000000000        48.97919    
   1968.75000000000        75.01792    
   2000.00000000000        43.25133    
   2031.25000000000        32.56783    
   2062.50000000000        68.63024    
   2093.75000000000        96.58016    
   2125.00000000000        92.02779    
   2156.25000000000        132.2148    
   2187.50000000000        141.5462    
   2218.75000000000        84.38468    
   2250.00000000000        76.37370    
   2281.25000000000        78.93924    
   2312.50000000000        97.66009    
   2343.75000000000        195.8473    
   2375.00000000000        34.50218    
   2406.25000000000        50.59271    
   2437.50000000000        109.6334    
   2468.75000000000        24.57325    
   2500.00000000000        187.8230    
   2531.25000000000        19.23302    
   2562.50000000000        69.75474    
   2593.75000000000        135.1000    
   2625.00000000000        73.43367    
   2656.25000000000        87.10628    
   2687.50000000000        185.9426    
   2718.75000000000        78.29688    
   2750.00000000000        84.08868    
   2781.25000000000        60.71062    
   2812.50000000000        187.5150    
   2843.75000000000        91.10862    
   2875.00000000000        176.3568    
   2906.25000000000        26.39990    
   2937.50000000000        232.3836    
   2968.75000000000        131.9027    
   3000.00000000000        157.5370    
   3031.25000000000        248.0461    
   3062.50000000000        287.3783    
   3093.75000000000        229.6741    
   3125.00000000000        183.8739    
   3156.25000000000        286.6813    
   3187.50000000000        149.7962    
   3218.75000000000        318.0524    
   3250.00000000000        251.2117    
   3281.25000000000        298.3138    
   3312.50000000000        301.0117    
   3343.75000000000        158.3052    
   3375.00000000000        169.8358    
   3406.25000000000        551.0867    
   3437.50000000000        175.5340    
   3468.75000000000        355.5468    
   3500.00000000000        333.1222    
   3531.25000000000        105.1534    
   3562.50000000000        351.2582    
   3593.75000000000        256.7314    
   3625.00000000000        165.9327    
   3656.25000000000        428.5143    
   3687.50000000000        334.5173    
   3718.75000000000        414.7288    
   3750.00000000000        260.1154    
   3781.25000000000        523.7634    
   3812.50000000000        318.3276    
   3843.75000000000        483.6923    
   3875.00000000000        416.8296    
   3906.25000000000        276.8190    
   3937.50000000000        555.2742    
   3968.75000000000        470.0096    
