  -2000.00000000000        6.293447    
  -1984.37500000000        3.036582    
  -1968.75000000000        6.416019    
  -1953.12500000000        8.279036    
  -1937.50000000000        6.814500    
  -1921.87500000000        12.69509    
  -1906.25000000000        5.413566    
  -1890.62500000000        8.078861    
  -1875.00000000000        6.684668    
  -1859.37500000000        2.633325    
  -1843.75000000000        4.035498    
  -1828.12500000000        9.412222    
  -1812.50000000000        3.439332    
  -1796.87500000000        3.819959    
  -1781.25000000000        8.200107    
  -1765.62500000000        5.225507    
  -1750.00000000000        27.10628    
  -1734.37500000000        8.181821    
  -1718.75000000000        8.992750    
  -1703.12500000000        3.132713    
  -1687.50000000000        3.398297    
  -1671.87500000000        5.928585    
  -1656.25000000000        5.671909    
  -1640.62500000000        5.673647    
  -1625.00000000000       0.9342618    
  -1609.37500000000        5.169692    
  -1593.75000000000        6.128624    
  -1578.12500000000        11.74636    
  -1562.50000000000        7.864592    
  -1546.87500000000        23.18417    
  -1531.25000000000        4.899541    
  -1515.62500000000        6.267277    
  -1500.00000000000        16.09065    
  -1484.37500000000        7.349327    
  -1468.75000000000        1.585251    
  -1453.12500000000        3.994875    
  -1437.50000000000        2.822671    
  -1421.87500000000        7.170327    
  -1406.25000000000        5.122278    
  -1390.62500000000        4.789252    
  -1375.00000000000        1.121909    
  -1359.37500000000        21.92462    
  -1343.75000000000        7.130474    
  -1328.12500000000        6.957785    
  -1312.50000000000        4.533862    
  -1296.87500000000        13.96193    
  -1281.25000000000        6.375852    
  -1265.62500000000        5.899256    
  -1250.00000000000        23.68003    
  -1234.37500000000        9.776994    
  -1218.75000000000        6.536126    
  -1203.12500000000        15.22213    
  -1187.50000000000        18.41800    
  -1171.87500000000        52.39281    
  -1156.25000000000        48.84614    
  -1140.62500000000        12.03256    
  -1125.00000000000        4.217181    
  -1109.37500000000        8.179426    
  -1093.75000000000        1.998158    
  -1078.12500000000        3.278440    
  -1062.50000000000        3.653787    
  -1046.87500000000        1.631689    
  -1031.25000000000        3.112811    
  -1015.62500000000        4.283236    
  -1000.00000000000       0.7023454    
  -984.375000000000        8.116984    
  -968.750000000000        57.01200    
  -953.125000000000        15.13500    
  -937.500000000000        10.28309    
  -921.875000000000        25.54020    
  -906.250000000000        17.54612    
  -890.625000000000        7.897772    
  -875.000000000000        6.080093    
  -859.375000000000        6.481581    
  -843.750000000000        5.300260    
  -828.125000000000        10.85433    
  -812.500000000000        11.11424    
  -796.875000000000        18.98018    
  -781.250000000000        66.02289    
  -765.625000000000        62.57596    
  -750.000000000000        20.69810    
  -734.375000000000        17.08148    
  -718.750000000000        22.52557    
  -703.125000000000        21.43182    
  -687.500000000000        19.66832    
  -671.875000000000        22.39993    
  -656.250000000000        28.73821    
  -640.625000000000        25.57836    
  -625.000000000000        43.10875    
  -609.375000000000        65.20235    
  -593.750000000000        140.3283    
  -578.125000000000        396.0202    
  -562.500000000000        66.41273    
  -546.875000000000        23.96106    
  -531.250000000000        32.56857    
  -515.625000000000        20.60189    
  -500.000000000000        17.00791    
  -484.375000000000        7.108517    
  -468.750000000000        8.918406    
  -453.125000000000        13.99110    
  -437.500000000000        21.75925    
  -421.875000000000        16.49090    
  -406.250000000000        40.16916    
  -390.625000000000        155.7151    
  -375.000000000000        54.95351    
  -359.375000000000        24.30732    
  -343.750000000000        4.486060    
  -328.125000000000        8.115841    
  -312.500000000000        18.92729    
  -296.875000000000        15.09414    
  -281.250000000000        11.18017    
  -265.625000000000        16.76543    
  -250.000000000000        24.64792    
  -234.375000000000        17.21389    
  -218.750000000000        41.67165    
  -203.125000000000        150.0972    
  -187.500000000000        173.3648    
  -171.875000000000        53.28362    
  -156.250000000000        27.95075    
  -140.625000000000        24.34413    
  -125.000000000000        21.92432    
  -109.375000000000        10.41734    
  -93.7500000000000        1.688136    
  -78.1250000000000        28.41308    
  -62.5000000000000        11.52140    
  -46.8750000000000        19.71609    
  -31.2500000000000        13.95226    
  -15.6250000000000        44.10695    
  0.000000000000000E+000   9008.928    
   15.6250000000000        43.81181    
   31.2500000000000        15.20916    
   46.8750000000000        22.08764    
   62.5000000000000        9.819824    
   78.1250000000000        29.81110    
   93.7500000000000        1.677300    
   109.375000000000        7.327798    
   125.000000000000        21.07787    
   140.625000000000        22.03957    
   156.250000000000        23.95946    
   171.875000000000        45.68867    
   187.500000000000        150.3310    
   203.125000000000        129.7969    
   218.750000000000        37.55276    
   234.375000000000        14.44751    
   250.000000000000        23.25327    
   265.625000000000        13.88445    
   281.250000000000        11.51149    
   296.875000000000        12.68856    
   312.500000000000        17.91183    
   328.125000000000        6.815228    
   343.750000000000        4.746758    
   359.375000000000        25.06927    
   375.000000000000        59.43776    
   390.625000000000        162.4618    
   406.250000000000        42.26748    
   421.875000000000        18.02480    
   437.500000000000        24.43710    
   453.125000000000        13.40408    
   468.750000000000        8.288065    
   484.375000000000        8.140265    
   500.000000000000        17.35242    
   515.625000000000        20.08692    
   531.250000000000        32.10028    
   546.875000000000        24.07924    
   562.500000000000        64.70324    
   578.125000000000        388.5238    
   593.750000000000        139.0960    
   609.375000000000        63.47253    
   625.000000000000        42.36390    
   640.625000000000        25.06260    
   656.250000000000        28.17839    
   671.875000000000        22.09414    
   687.500000000000        21.26455    
   703.125000000000        20.62783    
   718.750000000000        22.91204    
   734.375000000000        18.65455    
   750.000000000000        23.17804    
   765.625000000000        67.88342    
   781.250000000000        73.82600    
   796.875000000000        21.28936    
   812.500000000000        11.10576    
   828.125000000000        9.865373    
   843.750000000000        5.365689    
   859.375000000000        5.311088    
   875.000000000000        5.533160    
   890.625000000000        7.263394    
   906.250000000000        17.40260    
   921.875000000000        24.97279    
   937.500000000000        9.969515    
   953.125000000000        13.44729    
   968.750000000000        47.70943    
   984.375000000000        8.616887    
   1000.00000000000        1.198502    
   1015.62500000000        3.723064    
   1031.25000000000        4.913460    
   1046.87500000000        2.304498    
   1062.50000000000        2.924874    
   1078.12500000000        4.453895    
   1093.75000000000        1.775051    
   1109.37500000000        10.44611    
   1125.00000000000        5.871002    
   1140.62500000000        13.92945    
   1156.25000000000        51.90954    
   1171.87500000000        54.47214    
   1187.50000000000        19.41601    
   1203.12500000000        16.95392    
   1218.75000000000        6.050835    
   1234.37500000000        8.858489    
   1250.00000000000        23.23190    
   1265.62500000000        6.130611    
   1281.25000000000        4.194034    
   1296.87500000000        12.37768    
   1312.50000000000        4.158647    
   1328.12500000000        4.827939    
   1343.75000000000        6.943636    
   1359.37500000000        19.95712    
   1375.00000000000        1.715523    
   1390.62500000000        6.269032    
   1406.25000000000        6.744988    
   1421.87500000000        8.087581    
   1437.50000000000        2.832153    
   1453.12500000000        3.013175    
   1468.75000000000        1.710791    
   1484.37500000000        5.668932    
   1500.00000000000        16.82766    
   1515.62500000000        5.971266    
   1531.25000000000        6.100338    
   1546.87500000000        27.31924    
   1562.50000000000        8.827435    
   1578.12500000000        11.56523    
   1593.75000000000        5.312841    
   1609.37500000000        5.857115    
   1625.00000000000        1.467755    
   1640.62500000000        5.367231    
   1656.25000000000        3.477310    
   1671.87500000000        7.841877    
   1687.50000000000        4.754019    
   1703.12500000000        2.087799    
   1718.75000000000        6.139064    
   1734.37500000000        4.921118    
   1750.00000000000        21.63313    
   1765.62500000000        3.213383    
   1781.25000000000        7.669778    
   1796.87500000000        4.328641    
   1812.50000000000        3.545415    
   1828.12500000000        9.994988    
   1843.75000000000        3.508478    
   1859.37500000000        1.275739    
   1875.00000000000        5.288749    
   1890.62500000000        9.393005    
   1906.25000000000        4.493315    
   1921.87500000000        14.36010    
   1937.50000000000        11.38702    
   1953.12500000000        9.307636    
   1968.75000000000        6.552775    
   1984.37500000000        2.038580    
