  -2000.00000000000        4.221867    
  -1984.37500000000        3.264575    
  -1968.75000000000        5.903990    
  -1953.12500000000        8.112749    
  -1937.50000000000        7.648099    
  -1921.87500000000        12.21562    
  -1906.25000000000        4.824776    
  -1890.62500000000        8.132504    
  -1875.00000000000        6.050929    
  -1859.37500000000        2.467111    
  -1843.75000000000        4.535448    
  -1828.12500000000        9.850316    
  -1812.50000000000        3.716918    
  -1796.87500000000        4.915724    
  -1781.25000000000        8.025610    
  -1765.62500000000        3.345572    
  -1750.00000000000        22.54841    
  -1734.37500000000        5.660592    
  -1718.75000000000        7.656936    
  -1703.12500000000        2.363950    
  -1687.50000000000        3.189015    
  -1671.87500000000        8.945096    
  -1656.25000000000        4.896698    
  -1640.62500000000        5.532860    
  -1625.00000000000       0.2585191    
  -1609.37500000000        3.991174    
  -1593.75000000000        5.700634    
  -1578.12500000000        10.93333    
  -1562.50000000000        7.870735    
  -1546.87500000000        27.67724    
  -1531.25000000000        6.619488    
  -1515.62500000000        7.886405    
  -1500.00000000000        17.36584    
  -1484.37500000000        7.006028    
  -1468.75000000000        3.017328    
  -1453.12500000000        4.153755    
  -1437.50000000000        3.015563    
  -1421.87500000000        8.457678    
  -1406.25000000000        6.045082    
  -1390.62500000000        6.226459    
  -1375.00000000000        2.232332    
  -1359.37500000000        16.72920    
  -1343.75000000000        6.185176    
  -1328.12500000000        6.165330    
  -1312.50000000000        4.530200    
  -1296.87500000000        12.23533    
  -1281.25000000000        4.212160    
  -1265.62500000000        5.617104    
  -1250.00000000000        22.92676    
  -1234.37500000000        9.271541    
  -1218.75000000000        6.729567    
  -1203.12500000000        16.65447    
  -1187.50000000000        20.16384    
  -1171.87500000000        57.23696    
  -1156.25000000000        55.72412    
  -1140.62500000000        13.80254    
  -1125.00000000000        6.373004    
  -1109.37500000000        10.69387    
  -1093.75000000000        1.430171    
  -1078.12500000000        4.396701    
  -1062.50000000000        3.115122    
  -1046.87500000000        2.437106    
  -1031.25000000000        4.639869    
  -1015.62500000000        4.151543    
  -1000.00000000000        1.565851    
  -984.375000000000        7.361054    
  -968.750000000000        38.86391    
  -953.125000000000        13.97495    
  -937.500000000000        9.147844    
  -921.875000000000        24.14192    
  -906.250000000000        17.21008    
  -890.625000000000        8.097862    
  -875.000000000000        5.350235    
  -859.375000000000        6.638039    
  -843.750000000000        5.708035    
  -828.125000000000        10.55334    
  -812.500000000000        11.66036    
  -796.875000000000        21.16921    
  -781.250000000000        77.21310    
  -765.625000000000        68.49291    
  -750.000000000000        23.18045    
  -734.375000000000        18.72888    
  -718.750000000000        22.68570    
  -703.125000000000        20.24008    
  -687.500000000000        21.20544    
  -671.875000000000        22.86196    
  -656.250000000000        28.45216    
  -640.625000000000        26.29478    
  -625.000000000000        41.64663    
  -609.375000000000        63.55224    
  -593.750000000000        137.0276    
  -578.125000000000        388.7907    
  -562.500000000000        65.70020    
  -546.875000000000        22.29554    
  -531.250000000000        31.56128    
  -515.625000000000        20.15711    
  -500.000000000000        15.76662    
  -484.375000000000        6.977574    
  -468.750000000000        9.217118    
  -453.125000000000        12.94021    
  -437.500000000000        23.10161    
  -421.875000000000        16.77477    
  -406.250000000000        40.19941    
  -390.625000000000        148.1740    
  -375.000000000000        53.58965    
  -359.375000000000        23.07434    
  -343.750000000000        3.644457    
  -328.125000000000        7.459505    
  -312.500000000000        18.02576    
  -296.875000000000        14.92473    
  -281.250000000000        11.24190    
  -265.625000000000        16.98138    
  -250.000000000000        24.32822    
  -234.375000000000        16.96222    
  -218.750000000000        40.87625    
  -203.125000000000        149.7989    
  -187.500000000000        174.2420    
  -171.875000000000        53.83862    
  -156.250000000000        27.86094    
  -140.625000000000        24.18297    
  -125.000000000000        22.39250    
  -109.375000000000        9.900626    
  -93.7500000000000        1.605356    
  -78.1250000000000        29.68082    
  -62.5000000000000        11.46305    
  -46.8750000000000        19.50582    
  -31.2500000000000        13.25555    
  -15.6250000000000        43.76844    
  0.000000000000000E+000   8784.742    
   15.6250000000000        43.30416    
   31.2500000000000        15.36883    
   46.8750000000000        22.16045    
   62.5000000000000        10.29562    
   78.1250000000000        29.48396    
   93.7500000000000        1.992744    
   109.375000000000        7.881100    
   125.000000000000        21.12844    
   140.625000000000        22.12624    
   156.250000000000        24.48636    
   171.875000000000        45.91656    
   187.500000000000        149.6313    
   203.125000000000        127.9169    
   218.750000000000        37.64401    
   234.375000000000        14.25831    
   250.000000000000        24.66672    
   265.625000000000        13.53579    
   281.250000000000        11.43988    
   296.875000000000        12.85417    
   312.500000000000        18.48554    
   328.125000000000        6.863453    
   343.750000000000        4.863007    
   359.375000000000        24.71347    
   375.000000000000        60.32629    
   390.625000000000        158.5264    
   406.250000000000        43.34157    
   421.875000000000        18.51676    
   437.500000000000        24.42258    
   453.125000000000        14.11462    
   468.750000000000        9.481920    
   484.375000000000        7.688626    
   500.000000000000        17.93343    
   515.625000000000        21.33039    
   531.250000000000        32.44015    
   546.875000000000        25.13943    
   562.500000000000        66.30172    
   578.125000000000        398.5853    
   593.750000000000        142.2649    
   609.375000000000        64.15606    
   625.000000000000        42.75313    
   640.625000000000        26.00922    
   656.250000000000        28.32439    
   671.875000000000        22.63158    
   687.500000000000        21.39980    
   703.125000000000        20.89720    
   718.750000000000        22.15388    
   734.375000000000        19.02661    
   750.000000000000        23.01032    
   765.625000000000        69.08881    
   781.250000000000        76.82948    
   796.875000000000        21.66994    
   812.500000000000        12.29094    
   828.125000000000        9.395320    
   843.750000000000        6.353779    
   859.375000000000        6.300447    
   875.000000000000        6.127771    
   890.625000000000        7.892148    
   906.250000000000        17.90346    
   921.875000000000        25.25080    
   937.500000000000        9.987197    
   953.125000000000        14.38046    
   968.750000000000        57.03939    
   984.375000000000        8.564507    
   1000.00000000000        1.671321    
   1015.62500000000        3.365214    
   1031.25000000000        3.347240    
   1046.87500000000        2.157277    
   1062.50000000000        3.161211    
   1078.12500000000        4.533895    
   1093.75000000000        2.309684    
   1109.37500000000        9.933721    
   1125.00000000000        4.864035    
   1140.62500000000        11.26088    
   1156.25000000000        48.78276    
   1171.87500000000        49.80452    
   1187.50000000000        17.85637    
   1203.12500000000        14.79854    
   1218.75000000000        5.605851    
   1234.37500000000        8.629268    
   1250.00000000000        22.64168    
   1265.62500000000        5.279662    
   1281.25000000000        2.973137    
   1296.87500000000        12.37063    
   1312.50000000000        4.701476    
   1328.12500000000        5.528764    
   1343.75000000000        6.310102    
   1359.37500000000        10.72429    
   1375.00000000000        1.419382    
   1390.62500000000        5.396905    
   1406.25000000000        5.869301    
   1421.87500000000        8.377366    
   1437.50000000000        3.618253    
   1453.12500000000        3.693554    
   1468.75000000000        2.707253    
   1484.37500000000        8.729864    
   1500.00000000000        14.98385    
   1515.62500000000        5.939167    
   1531.25000000000        4.356980    
   1546.87500000000        23.63095    
   1562.50000000000        8.425777    
   1578.12500000000        12.23402    
   1593.75000000000        5.310976    
   1609.37500000000        6.060838    
   1625.00000000000       0.4644340    
   1640.62500000000        6.027149    
   1656.25000000000        4.610328    
   1671.87500000000        8.120445    
   1687.50000000000        2.548827    
   1703.12500000000        1.661394    
   1718.75000000000        6.565371    
   1734.37500000000        5.344087    
   1750.00000000000        18.72701    
   1765.62500000000        3.457051    
   1781.25000000000        7.365248    
   1796.87500000000        3.878801    
   1812.50000000000        3.308434    
   1828.12500000000        9.015145    
   1843.75000000000        3.738204    
   1859.37500000000        1.676570    
   1875.00000000000        6.948101    
   1890.62500000000        8.572223    
   1906.25000000000        5.337110    
   1921.87500000000        13.39443    
   1937.50000000000        9.508451    
   1953.12500000000        9.123626    
   1968.75000000000        6.452700    
   1984.37500000000        3.549259    
