  -4000.00000000000        276.6821    
  -3968.75000000000        455.8777    
  -3937.50000000000        622.4608    
  -3906.25000000000        298.1188    
  -3875.00000000000        454.9003    
  -3843.75000000000        489.6338    
  -3812.50000000000        364.8623    
  -3781.25000000000        502.7587    
  -3750.00000000000        315.8605    
  -3718.75000000000        385.4719    
  -3687.50000000000        353.5166    
  -3656.25000000000        460.1614    
  -3625.00000000000        249.3036    
  -3593.75000000000        285.6701    
  -3562.50000000000        307.0426    
  -3531.25000000000        107.5277    
  -3500.00000000000        368.3497    
  -3468.75000000000        331.6959    
  -3437.50000000000        168.2471    
  -3406.25000000000        545.9484    
  -3375.00000000000        168.4100    
  -3343.75000000000        165.1566    
  -3312.50000000000        332.0507    
  -3281.25000000000        271.1687    
  -3250.00000000000        228.0760    
  -3218.75000000000        272.7517    
  -3187.50000000000        116.9717    
  -3156.25000000000        320.3297    
  -3125.00000000000        221.6091    
  -3093.75000000000        241.6943    
  -3062.50000000000        304.1220    
  -3031.25000000000        224.7127    
  -3000.00000000000        140.0071    
  -2968.75000000000        144.6234    
  -2937.50000000000        274.1187    
  -2906.25000000000        20.45737    
  -2875.00000000000        169.5210    
  -2843.75000000000        80.25304    
  -2812.50000000000        177.8843    
  -2781.25000000000        48.00831    
  -2750.00000000000        98.18667    
  -2718.75000000000        80.78755    
  -2687.50000000000        171.1990    
  -2656.25000000000        69.44898    
  -2625.00000000000        20.23447    
  -2593.75000000000        134.5029    
  -2562.50000000000        82.61794    
  -2531.25000000000        33.85454    
  -2500.00000000000        183.9929    
  -2468.75000000000        23.99490    
  -2437.50000000000        118.3802    
  -2406.25000000000        88.99778    
  -2375.00000000000        39.31103    
  -2343.75000000000        165.5357    
  -2312.50000000000        117.6263    
  -2281.25000000000        44.37579    
  -2250.00000000000        89.38040    
  -2218.75000000000        100.2407    
  -2187.50000000000        146.3599    
  -2156.25000000000        142.2299    
  -2125.00000000000        87.83411    
  -2093.75000000000        109.1185    
  -2062.50000000000        68.52419    
  -2031.25000000000        18.57448    
  -2000.00000000000        84.11398    
  -1968.75000000000        94.83608    
  -1937.50000000000        81.79651    
  -1906.25000000000        53.15951    
  -1875.00000000000        98.01524    
  -1843.75000000000        125.1808    
  -1812.50000000000        344.3558    
  -1781.25000000000        399.0359    
  -1750.00000000000        192.3082    
  -1718.75000000000        138.1707    
  -1687.50000000000        182.4105    
  -1656.25000000000        240.2173    
  -1625.00000000000        131.7482    
  -1593.75000000000        59.68106    
  -1562.50000000000        243.6164    
  -1531.25000000000        186.6801    
  -1500.00000000000        43.51023    
  -1468.75000000000        112.3483    
  -1437.50000000000        50.61032    
  -1406.25000000000        94.17820    
  -1375.00000000000        161.6763    
  -1343.75000000000        145.1280    
  -1312.50000000000        116.2470    
  -1281.25000000000        128.6155    
  -1250.00000000000        268.7402    
  -1218.75000000000        60.89117    
  -1187.50000000000        84.12625    
  -1156.25000000000        197.1283    
  -1125.00000000000        49.02070    
  -1093.75000000000        97.24076    
  -1062.50000000000        239.0507    
  -1031.25000000000        79.77258    
  -1000.00000000000        104.9332    
  -968.750000000000        108.9411    
  -937.500000000000        54.42495    
  -906.250000000000        222.8887    
  -875.000000000000        127.6626    
  -843.750000000000        172.0671    
  -812.500000000000        296.4029    
  -781.250000000000        346.9241    
  -750.000000000000        292.6175    
  -718.750000000000        361.2601    
  -687.500000000000        321.7022    
  -656.250000000000        548.6640    
  -625.000000000000        62.64721    
  -593.750000000000        410.9749    
  -562.500000000000        154.6067    
  -531.250000000000        284.8158    
  -500.000000000000        400.1339    
  -468.750000000000        125.3240    
  -437.500000000000        335.2444    
  -406.250000000000        417.4859    
  -375.000000000000        864.4466    
  -343.750000000000        1397.058    
  -312.500000000000        732.1136    
  -281.250000000000        1002.951    
  -250.000000000000        509.5059    
  -218.750000000000        130.9479    
  -187.500000000000        518.9709    
  -156.250000000000        1729.713    
  -125.000000000000        1717.447    
  -93.7500000000000        651.2715    
  -62.5000000000000        1653.599    
  -31.2500000000000        3088.236    
  0.000000000000000E+000   8328.620    
   31.2500000000000        2912.684    
   62.5000000000000        1770.450    
   93.7500000000000        741.4476    
   125.000000000000        1825.081    
   156.250000000000        1837.014    
   187.500000000000        524.0114    
   218.750000000000        33.12622    
   250.000000000000        513.7122    
   281.250000000000        915.5507    
   312.500000000000        717.7833    
   343.750000000000        1361.296    
   375.000000000000        820.6959    
   406.250000000000        382.8757    
   437.500000000000        277.2135    
   468.750000000000        112.3277    
   500.000000000000        374.5150    
   531.250000000000        255.2423    
   562.500000000000        185.2947    
   593.750000000000        374.3603    
   625.000000000000        37.52861    
   656.250000000000        532.4980    
   687.500000000000        328.9650    
   718.750000000000        427.4333    
   750.000000000000        285.2341    
   781.250000000000        353.0848    
   812.500000000000        267.7697    
   843.750000000000        137.0746    
   875.000000000000        124.8504    
   906.250000000000        218.7202    
   937.500000000000        40.83092    
   968.750000000000        101.9821    
   1000.00000000000        122.1075    
   1031.25000000000        77.93373    
   1062.50000000000        205.2229    
   1093.75000000000        119.6729    
   1125.00000000000        44.73695    
   1156.25000000000        182.3091    
   1187.50000000000        54.67046    
   1218.75000000000        51.65962    
   1250.00000000000        305.4268    
   1281.25000000000        96.67988    
   1312.50000000000        99.50011    
   1343.75000000000        141.4124    
   1375.00000000000        175.0786    
   1406.25000000000        120.9000    
   1437.50000000000        38.43155    
   1468.75000000000        102.0806    
   1500.00000000000        49.38620    
   1531.25000000000        152.4691    
   1562.50000000000        263.7637    
   1593.75000000000        79.04130    
   1625.00000000000        135.0369    
   1656.25000000000        182.9181    
   1687.50000000000        200.8484    
   1718.75000000000        137.3947    
   1750.00000000000        202.3741    
   1781.25000000000        369.3510    
   1812.50000000000        267.6628    
   1843.75000000000        102.2072    
   1875.00000000000        117.1622    
   1906.25000000000        57.89065    
   1937.50000000000        62.45614    
   1968.75000000000        85.51366    
   2000.00000000000        45.18323    
   2031.25000000000        36.49033    
   2062.50000000000        109.2468    
   2093.75000000000        128.4529    
   2125.00000000000        76.77504    
   2156.25000000000        137.6198    
   2187.50000000000        138.5233    
   2218.75000000000        105.6218    
   2250.00000000000        71.90240    
   2281.25000000000        63.45393    
   2312.50000000000        114.0128    
   2343.75000000000        195.8286    
   2375.00000000000        44.12355    
   2406.25000000000        49.63188    
   2437.50000000000        114.5428    
   2468.75000000000        5.629066    
   2500.00000000000        187.1216    
   2531.25000000000        21.52569    
   2562.50000000000        102.2542    
   2593.75000000000        126.9156    
   2625.00000000000        86.89595    
   2656.25000000000        69.52372    
   2687.50000000000        204.0121    
   2718.75000000000        91.33361    
   2750.00000000000        76.03690    
   2781.25000000000        63.48223    
   2812.50000000000        207.7491    
   2843.75000000000        101.4168    
   2875.00000000000        179.4468    
   2906.25000000000        26.84577    
   2937.50000000000        270.8750    
   2968.75000000000        125.0991    
   3000.00000000000        128.6320    
   3031.25000000000        246.4564    
   3062.50000000000        272.2989    
   3093.75000000000        255.9462    
   3125.00000000000        190.5202    
   3156.25000000000        303.4208    
   3187.50000000000        108.8967    
   3218.75000000000        343.0301    
   3250.00000000000        257.3206    
   3281.25000000000        306.7956    
   3312.50000000000        306.4247    
   3343.75000000000        166.2574    
   3375.00000000000        166.4260    
   3406.25000000000        536.0650    
   3437.50000000000        197.7976    
   3468.75000000000        347.9184    
   3500.00000000000        335.2977    
   3531.25000000000        95.62800    
   3562.50000000000        331.9607    
   3593.75000000000        273.2494    
   3625.00000000000        164.0434    
   3656.25000000000        467.5277    
   3687.50000000000        333.6884    
   3718.75000000000        389.1604    
   3750.00000000000        277.0748    
   3781.25000000000        510.2652    
   3812.50000000000        319.0159    
   3843.75000000000        503.3668    
   3875.00000000000        418.8530    
   3906.25000000000        274.9290    
   3937.50000000000        589.7485    
   3968.75000000000        497.5630    
