  -2000.00000000000        5.595202    
  -1984.37500000000        12.34181    
  -1968.75000000000        15.31619    
  -1953.12500000000        21.19365    
  -1937.50000000000        39.43310    
  -1921.87500000000        14.98312    
  -1906.25000000000        8.103109    
  -1890.62500000000        19.80257    
  -1875.00000000000        34.45764    
  -1859.37500000000        11.66839    
  -1843.75000000000        9.693913    
  -1828.12500000000        22.19175    
  -1812.50000000000        23.44270    
  -1796.87500000000        8.813446    
  -1781.25000000000        11.07748    
  -1765.62500000000        2.790129    
  -1750.00000000000        68.43128    
  -1734.37500000000        22.66100    
  -1718.75000000000        8.125477    
  -1703.12500000000        23.88276    
  -1687.50000000000        18.41213    
  -1671.87500000000        34.63635    
  -1656.25000000000        22.70661    
  -1640.62500000000        22.66286    
  -1625.00000000000        31.32730    
  -1609.37500000000        12.52860    
  -1593.75000000000        20.01786    
  -1578.12500000000        14.29158    
  -1562.50000000000        37.47455    
  -1546.87500000000        66.30218    
  -1531.25000000000        17.09769    
  -1515.62500000000        13.09742    
  -1500.00000000000        23.57478    
  -1484.37500000000        50.73196    
  -1468.75000000000        23.63549    
  -1453.12500000000        13.42383    
  -1437.50000000000        16.00314    
  -1421.87500000000        32.80181    
  -1406.25000000000        25.60890    
  -1390.62500000000        11.28387    
  -1375.00000000000        20.18014    
  -1359.37500000000        54.96086    
  -1343.75000000000        22.51352    
  -1328.12500000000        22.83114    
  -1312.50000000000        12.13218    
  -1296.87500000000        15.78236    
  -1281.25000000000        53.06438    
  -1265.62500000000        23.94240    
  -1250.00000000000        59.59243    
  -1234.37500000000        23.34531    
  -1218.75000000000        14.89033    
  -1203.12500000000        49.24850    
  -1187.50000000000        38.27004    
  -1171.87500000000        145.0018    
  -1156.25000000000        129.5273    
  -1140.62500000000        19.33671    
  -1125.00000000000        10.30155    
  -1109.37500000000        2.436434    
  -1093.75000000000        38.28878    
  -1078.12500000000        8.172192    
  -1062.50000000000        6.615942    
  -1046.87500000000        14.41301    
  -1031.25000000000        41.24894    
  -1015.62500000000        6.937162    
  -1000.00000000000        13.68333    
  -984.375000000000        19.16759    
  -968.750000000000        177.1053    
  -953.125000000000        57.40041    
  -937.500000000000        36.20375    
  -921.875000000000        79.50237    
  -906.250000000000        27.17227    
  -890.625000000000        24.94554    
  -875.000000000000        20.56989    
  -859.375000000000        28.10571    
  -843.750000000000        37.18492    
  -828.125000000000        27.31961    
  -812.500000000000        35.48383    
  -796.875000000000        30.12164    
  -781.250000000000        82.56577    
  -765.625000000000        86.97191    
  -750.000000000000        33.73906    
  -734.375000000000        30.88259    
  -718.750000000000        66.23792    
  -703.125000000000        8.920593    
  -687.500000000000        36.85006    
  -671.875000000000        54.44296    
  -656.250000000000        66.91898    
  -640.625000000000        53.54930    
  -625.000000000000        103.6264    
  -609.375000000000        154.6359    
  -593.750000000000        317.9660    
  -578.125000000000        964.0156    
  -562.500000000000        180.0640    
  -546.875000000000        58.35587    
  -531.250000000000        89.75089    
  -515.625000000000        74.62535    
  -500.000000000000        18.49028    
  -484.375000000000        8.575735    
  -468.750000000000        28.57581    
  -453.125000000000        37.13982    
  -437.500000000000        41.47667    
  -421.875000000000        32.67592    
  -406.250000000000        77.84324    
  -390.625000000000        347.0577    
  -375.000000000000        73.20018    
  -359.375000000000        52.58297    
  -343.750000000000        29.81215    
  -328.125000000000        44.61041    
  -312.500000000000        40.51615    
  -296.875000000000        59.60947    
  -281.250000000000        40.48589    
  -265.625000000000        67.11523    
  -250.000000000000        97.25780    
  -234.375000000000        100.0948    
  -218.750000000000        176.9625    
  -203.125000000000        608.1914    
  -187.500000000000        732.6747    
  -171.875000000000        245.2229    
  -156.250000000000        126.9723    
  -140.625000000000        89.15682    
  -125.000000000000        84.00581    
  -109.375000000000        64.16489    
  -93.7500000000000        46.69403    
  -78.1250000000000        77.94465    
  -62.5000000000000        36.42255    
  -46.8750000000000        34.45281    
  -31.2500000000000        19.24329    
  -15.6250000000000        115.1632    
  0.000000000000000E+000   21315.61    
   15.6250000000000        131.2412    
   31.2500000000000        51.01717    
   46.8750000000000        80.66868    
   62.5000000000000        14.81842    
   78.1250000000000        74.79970    
   93.7500000000000        43.39407    
   109.375000000000        31.81102    
   125.000000000000        58.36955    
   140.625000000000        53.94748    
   156.250000000000        67.04452    
   171.875000000000        101.6388    
   187.500000000000        268.0912    
   203.125000000000        151.2233    
   218.750000000000        93.93139    
   234.375000000000        50.07581    
   250.000000000000        87.75850    
   265.625000000000        37.17149    
   281.250000000000        39.05599    
   296.875000000000        26.37598    
   312.500000000000        58.76686    
   328.125000000000        15.88109    
   343.750000000000        32.22862    
   359.375000000000        76.80379    
   375.000000000000        215.9300    
   390.625000000000        535.0413    
   406.250000000000        129.3692    
   421.875000000000        57.51366    
   437.500000000000        71.54553    
   453.125000000000        14.04472    
   468.750000000000        20.33215    
   484.375000000000        27.76208    
   500.000000000000        55.67400    
   515.625000000000        68.56293    
   531.250000000000        80.14688    
   546.875000000000        66.58688    
   562.500000000000        156.3799    
   578.125000000000        1010.042    
   593.750000000000        371.4890    
   609.375000000000        168.9884    
   625.000000000000        120.2744    
   640.625000000000        85.46115    
   656.250000000000        56.92939    
   671.875000000000        68.90023    
   687.500000000000        69.92197    
   703.125000000000        91.32410    
   718.750000000000        41.07217    
   734.375000000000        61.26541    
   750.000000000000        71.26192    
   765.625000000000        239.3652    
   781.250000000000        260.1633    
   796.875000000000        57.93198    
   812.500000000000        37.03879    
   828.125000000000        31.66422    
   843.750000000000        10.69122    
   859.375000000000        8.236577    
   875.000000000000        19.19236    
   890.625000000000        30.15419    
   906.250000000000        49.63449    
   921.875000000000        66.21849    
   937.500000000000        28.18897    
   953.125000000000        36.65014    
   968.750000000000        15.73147    
   984.375000000000        24.17704    
   1000.00000000000        7.161858    
   1015.62500000000        20.94128    
   1031.25000000000        17.66413    
   1046.87500000000        25.02947    
   1062.50000000000        15.47488    
   1078.12500000000        13.57942    
   1093.75000000000        29.79194    
   1109.37500000000        30.39260    
   1125.00000000000        14.29962    
   1140.62500000000        35.39062    
   1156.25000000000        108.8517    
   1171.87500000000        125.7276    
   1187.50000000000        52.83502    
   1203.12500000000        42.94130    
   1218.75000000000        18.28058    
   1234.37500000000        19.06431    
   1250.00000000000        58.13420    
   1265.62500000000        16.73630    
   1281.25000000000        16.56734    
   1296.87500000000        24.12263    
   1312.50000000000        7.483192    
   1328.12500000000        19.86987    
   1343.75000000000        9.750092    
   1359.37500000000        40.72120    
   1375.00000000000        13.49894    
   1390.62500000000        17.74774    
   1406.25000000000        15.98616    
   1421.87500000000        12.99488    
   1437.50000000000        6.993930    
   1453.12500000000        10.97077    
   1468.75000000000        17.16556    
   1484.37500000000        35.18087    
   1500.00000000000        40.02063    
   1515.62500000000        25.05897    
   1531.25000000000        15.09879    
   1546.87500000000        69.69447    
   1562.50000000000        34.06119    
   1578.12500000000        38.45084    
   1593.75000000000        18.07520    
   1609.37500000000        12.74517    
   1625.00000000000        19.67226    
   1640.62500000000        9.004959    
   1656.25000000000        17.97696    
   1671.87500000000        59.92186    
   1687.50000000000        6.333697    
   1703.12500000000        25.66105    
   1718.75000000000        17.49722    
   1734.37500000000        8.124613    
   1750.00000000000        22.06053    
   1765.62500000000        12.53727    
   1781.25000000000        17.55814    
   1796.87500000000        15.14856    
   1812.50000000000        11.23532    
   1828.12500000000        31.23117    
   1843.75000000000        19.04258    
   1859.37500000000        7.914031    
   1875.00000000000        19.90437    
   1890.62500000000        22.17448    
   1906.25000000000        16.24265    
   1921.87500000000        36.98592    
   1937.50000000000        15.24020    
   1953.12500000000        19.57376    
   1968.75000000000        12.21113    
   1984.37500000000        15.46871    
