  -2000.00000000000        18.41284    
  -1984.37500000000        25.34678    
  -1968.75000000000        11.67952    
  -1953.12500000000        31.14182    
  -1937.50000000000        20.19686    
  -1921.87500000000        35.76342    
  -1906.25000000000        4.858016    
  -1890.62500000000        43.07283    
  -1875.00000000000        9.725718    
  -1859.37500000000        41.75019    
  -1843.75000000000        16.06939    
  -1828.12500000000        11.78260    
  -1812.50000000000        52.72708    
  -1796.87500000000        3.340552    
  -1781.25000000000        21.06018    
  -1765.62500000000        45.02648    
  -1750.00000000000        58.46951    
  -1734.37500000000        43.76886    
  -1718.75000000000        10.02185    
  -1703.12500000000        18.79584    
  -1687.50000000000        22.26692    
  -1671.87500000000        65.84775    
  -1656.25000000000        15.84998    
  -1640.62500000000        16.22585    
  -1625.00000000000        27.06155    
  -1609.37500000000        39.44195    
  -1593.75000000000        21.51944    
  -1578.12500000000        19.13144    
  -1562.50000000000        39.50745    
  -1546.87500000000        118.0092    
  -1531.25000000000        24.47341    
  -1515.62500000000        23.61599    
  -1500.00000000000        61.96037    
  -1484.37500000000        122.0127    
  -1468.75000000000        19.08323    
  -1453.12500000000        59.37265    
  -1437.50000000000        66.36261    
  -1421.87500000000        14.60735    
  -1406.25000000000        5.903296    
  -1390.62500000000        18.27305    
  -1375.00000000000        11.05381    
  -1359.37500000000        112.3454    
  -1343.75000000000        32.14375    
  -1328.12500000000        14.74278    
  -1312.50000000000        14.91094    
  -1296.87500000000        28.40429    
  -1281.25000000000        84.35492    
  -1265.62500000000        21.40180    
  -1250.00000000000        49.02972    
  -1234.37500000000        76.67840    
  -1218.75000000000        10.16650    
  -1203.12500000000        50.30792    
  -1187.50000000000        66.27863    
  -1171.87500000000        172.1186    
  -1156.25000000000        230.4647    
  -1140.62500000000        36.50504    
  -1125.00000000000        41.85458    
  -1109.37500000000        56.46986    
  -1093.75000000000        101.6235    
  -1078.12500000000        29.05797    
  -1062.50000000000        11.36757    
  -1046.87500000000        7.559019    
  -1031.25000000000        28.62306    
  -1015.62500000000        13.89017    
  -1000.00000000000        27.81933    
  -984.375000000000        27.39728    
  -968.750000000000        171.8263    
  -953.125000000000        82.93626    
  -937.500000000000        42.03736    
  -921.875000000000        71.16543    
  -906.250000000000        107.6630    
  -890.625000000000        12.61562    
  -875.000000000000        17.95653    
  -859.375000000000        32.82239    
  -843.750000000000        29.10338    
  -828.125000000000        32.74899    
  -812.500000000000        42.15541    
  -796.875000000000        51.38630    
  -781.250000000000        135.3190    
  -765.625000000000        150.9969    
  -750.000000000000        18.67369    
  -734.375000000000        37.46352    
  -718.750000000000        69.64380    
  -703.125000000000        74.33599    
  -687.500000000000        44.45895    
  -671.875000000000        51.86484    
  -656.250000000000        81.30077    
  -640.625000000000        40.84931    
  -625.000000000000        125.6399    
  -609.375000000000        162.8539    
  -593.750000000000        341.7328    
  -578.125000000000        1018.707    
  -562.500000000000        189.6485    
  -546.875000000000        57.58422    
  -531.250000000000        101.5556    
  -515.625000000000        91.93073    
  -500.000000000000        33.42103    
  -484.375000000000        9.485500    
  -468.750000000000        35.42266    
  -453.125000000000        24.74193    
  -437.500000000000        51.95536    
  -421.875000000000        47.55886    
  -406.250000000000        108.0004    
  -390.625000000000        333.4817    
  -375.000000000000        109.0018    
  -359.375000000000        65.76150    
  -343.750000000000        35.70062    
  -328.125000000000        56.63393    
  -312.500000000000        28.43678    
  -296.875000000000        76.99746    
  -281.250000000000        38.91173    
  -265.625000000000        81.60802    
  -250.000000000000        93.58170    
  -234.375000000000        115.4841    
  -218.750000000000        221.0580    
  -203.125000000000        791.0809    
  -187.500000000000        1005.176    
  -171.875000000000        311.8925    
  -156.250000000000        188.6695    
  -140.625000000000        116.4641    
  -125.000000000000        82.35201    
  -109.375000000000        77.10923    
  -93.7500000000000        55.29022    
  -78.1250000000000        92.29040    
  -62.5000000000000        90.77310    
  -46.8750000000000        49.69492    
  -31.2500000000000        12.07957    
  -15.6250000000000        107.6512    
  0.000000000000000E+000   24098.57    
   15.6250000000000        129.3223    
   31.2500000000000        69.20566    
   46.8750000000000        103.1553    
   62.5000000000000        8.498428    
   78.1250000000000        94.43739    
   93.7500000000000        49.64388    
   109.375000000000        43.35101    
   125.000000000000        69.60679    
   140.625000000000        58.38238    
   156.250000000000        111.6409    
   171.875000000000        176.5324    
   187.500000000000        446.5406    
   203.125000000000        244.0692    
   218.750000000000        157.6076    
   234.375000000000        76.51621    
   250.000000000000        91.26045    
   265.625000000000        58.23189    
   281.250000000000        55.05347    
   296.875000000000        36.72570    
   312.500000000000        46.41108    
   328.125000000000        12.75237    
   343.750000000000        38.97801    
   359.375000000000        79.77273    
   375.000000000000        204.8811    
   390.625000000000        521.9735    
   406.250000000000        113.9303    
   421.875000000000        50.15224    
   437.500000000000        92.30689    
   453.125000000000        47.13232    
   468.750000000000        46.54288    
   484.375000000000        22.59522    
   500.000000000000        60.12244    
   515.625000000000        49.37826    
   531.250000000000        74.32071    
   546.875000000000        62.37885    
   562.500000000000        162.4151    
   578.125000000000        1077.782    
   593.750000000000        422.9448    
   609.375000000000        167.7870    
   625.000000000000        122.7969    
   640.625000000000        103.7270    
   656.250000000000        72.86996    
   671.875000000000        72.05856    
   687.500000000000        64.29112    
   703.125000000000        20.64350    
   718.750000000000        84.62504    
   734.375000000000        89.90150    
   750.000000000000        98.98562    
   765.625000000000        272.8941    
   781.250000000000        318.4631    
   796.875000000000        64.42640    
   812.500000000000        56.95024    
   828.125000000000        53.16008    
   843.750000000000        45.60268    
   859.375000000000        11.61023    
   875.000000000000        30.82985    
   890.625000000000        56.08186    
   906.250000000000        49.86237    
   921.875000000000        79.46558    
   937.500000000000        17.03893    
   953.125000000000        13.59037    
   968.750000000000        59.14800    
   984.375000000000        16.28926    
   1000.00000000000        7.146976    
   1015.62500000000        24.56790    
   1031.25000000000        23.98737    
   1046.87500000000        21.36273    
   1062.50000000000        15.25853    
   1078.12500000000        28.46258    
   1093.75000000000        36.01174    
   1109.37500000000        50.47565    
   1125.00000000000        17.76690    
   1140.62500000000        45.97131    
   1156.25000000000        131.1483    
   1171.87500000000        126.7995    
   1187.50000000000        52.11065    
   1203.12500000000        40.71149    
   1218.75000000000        12.67405    
   1234.37500000000        30.02576    
   1250.00000000000        59.95092    
   1265.62500000000        25.07090    
   1281.25000000000        26.03668    
   1296.87500000000        65.90482    
   1312.50000000000        38.18257    
   1328.12500000000        14.03342    
   1343.75000000000        22.34394    
   1359.37500000000        19.87221    
   1375.00000000000        19.40853    
   1390.62500000000        12.17246    
   1406.25000000000        10.12146    
   1421.87500000000        19.39015    
   1437.50000000000        20.15255    
   1453.12500000000        27.02653    
   1468.75000000000        52.88183    
   1484.37500000000        43.92902    
   1500.00000000000        45.55241    
   1515.62500000000        45.00462    
   1531.25000000000        27.46822    
   1546.87500000000        62.52694    
   1562.50000000000        11.23166    
   1578.12500000000        26.53910    
   1593.75000000000        4.519965    
   1609.37500000000        15.83793    
   1625.00000000000        46.02467    
   1640.62500000000        15.12798    
   1656.25000000000        16.93330    
   1671.87500000000        74.35878    
   1687.50000000000        34.93400    
   1703.12500000000        21.45648    
   1718.75000000000        27.31212    
   1734.37500000000        40.59758    
   1750.00000000000        21.27744    
   1765.62500000000        10.82201    
   1781.25000000000        33.87997    
   1796.87500000000        14.89888    
   1812.50000000000        15.49565    
   1828.12500000000        43.32352    
   1843.75000000000        27.25454    
   1859.37500000000        4.896863    
   1875.00000000000        57.04545    
   1890.62500000000        26.70274    
   1906.25000000000        19.50121    
   1921.87500000000        47.27071    
   1937.50000000000        39.77718    
   1953.12500000000        22.79001    
   1968.75000000000        5.074194    
   1984.37500000000        29.08738    
