  -2000.00000000000        569.2796    
  -1984.37500000000        393.3853    
  -1968.75000000000        458.1642    
  -1953.12500000000        588.0760    
  -1937.50000000000        1631.776    
  -1921.87500000000        941.7995    
  -1906.25000000000        271.4576    
  -1890.62500000000        490.2170    
  -1875.00000000000        317.3528    
  -1859.37500000000        832.0005    
  -1843.75000000000        581.9651    
  -1828.12500000000        953.7569    
  -1812.50000000000        434.0403    
  -1796.87500000000        261.6045    
  -1781.25000000000        487.8702    
  -1765.62500000000        104.2139    
  -1750.00000000000        1480.020    
  -1734.37500000000        732.6298    
  -1718.75000000000        361.8776    
  -1703.12500000000        145.7341    
  -1687.50000000000        553.0117    
  -1671.87500000000        1021.052    
  -1656.25000000000        305.2283    
  -1640.62500000000        992.5439    
  -1625.00000000000        484.2541    
  -1609.37500000000        539.6601    
  -1593.75000000000        502.9429    
  -1578.12500000000        249.7732    
  -1562.50000000000        812.2601    
  -1546.87500000000        2537.743    
  -1531.25000000000        1198.913    
  -1515.62500000000        1023.365    
  -1500.00000000000        2133.114    
  -1484.37500000000        548.9478    
  -1468.75000000000        290.5912    
  -1453.12500000000        22.98695    
  -1437.50000000000        316.7065    
  -1421.87500000000        878.5144    
  -1406.25000000000        481.5958    
  -1390.62500000000        188.8799    
  -1375.00000000000        311.0957    
  -1359.37500000000        3207.394    
  -1343.75000000000        1586.026    
  -1328.12500000000        804.5330    
  -1312.50000000000        292.1469    
  -1296.87500000000        1938.809    
  -1281.25000000000        1155.364    
  -1265.62500000000        430.7876    
  -1250.00000000000        1889.389    
  -1234.37500000000        1292.634    
  -1218.75000000000        682.6701    
  -1203.12500000000        1424.013    
  -1187.50000000000        1937.461    
  -1171.87500000000        4885.196    
  -1156.25000000000        5468.696    
  -1140.62500000000        2138.245    
  -1125.00000000000        966.3409    
  -1109.37500000000        741.0837    
  -1093.75000000000        1088.358    
  -1078.12500000000        127.6092    
  -1062.50000000000        555.1223    
  -1046.87500000000        621.6579    
  -1031.25000000000        966.3354    
  -1015.62500000000        823.8353    
  -1000.00000000000        474.4724    
  -984.375000000000        602.0790    
  -968.750000000000        12565.62    
  -953.125000000000        1564.650    
  -937.500000000000        1153.548    
  -921.875000000000        2152.317    
  -906.250000000000        1110.834    
  -890.625000000000        623.1379    
  -875.000000000000        458.2207    
  -859.375000000000        1168.821    
  -843.750000000000        653.7792    
  -828.125000000000        1628.562    
  -812.500000000000        869.2971    
  -796.875000000000        1099.225    
  -781.250000000000        4630.896    
  -765.625000000000        2441.614    
  -750.000000000000        717.5494    
  -734.375000000000        1697.702    
  -718.750000000000        1142.265    
  -703.125000000000        849.1257    
  -687.500000000000        1787.959    
  -671.875000000000        1853.505    
  -656.250000000000        1894.277    
  -640.625000000000        830.6785    
  -625.000000000000        4167.787    
  -609.375000000000        4880.734    
  -593.750000000000        8447.255    
  -578.125000000000        31061.64    
  -562.500000000000        5343.511    
  -546.875000000000        3423.287    
  -531.250000000000        1658.424    
  -515.625000000000        1722.455    
  -500.000000000000        1505.965    
  -484.375000000000        482.8080    
  -468.750000000000        1067.481    
  -453.125000000000        621.0328    
  -437.500000000000        1335.740    
  -421.875000000000        1867.142    
  -406.250000000000        2003.040    
  -390.625000000000        19709.93    
  -375.000000000000        817.6738    
  -359.375000000000        2814.348    
  -343.750000000000        1512.946    
  -328.125000000000        882.3073    
  -312.500000000000        2004.441    
  -296.875000000000        3352.240    
  -281.250000000000        1481.270    
  -265.625000000000        3109.456    
  -250.000000000000        5539.414    
  -234.375000000000        3724.804    
  -218.750000000000        7342.780    
  -203.125000000000        18869.29    
  -187.500000000000        28249.62    
  -171.875000000000        8122.979    
  -156.250000000000        5397.315    
  -140.625000000000        2722.299    
  -125.000000000000        3001.874    
  -109.375000000000        2038.248    
  -93.7500000000000        2715.390    
  -78.1250000000000        451.2730    
  -62.5000000000000        2320.885    
  -46.8750000000000        1568.173    
  -31.2500000000000        1321.616    
  -15.6250000000000        2298.722    
  0.000000000000000E+000   973449.1    
   15.6250000000000        945.3062    
   31.2500000000000        511.5180    
   46.8750000000000        1616.255    
   62.5000000000000        831.9439    
   78.1250000000000        1113.419    
   93.7500000000000        1888.707    
   109.375000000000        1910.317    
   125.000000000000        2671.658    
   140.625000000000        2307.167    
   156.250000000000        2526.434    
   171.875000000000        6519.537    
   187.500000000000        13998.10    
   203.125000000000        7923.303    
   218.750000000000        5477.070    
   234.375000000000        1906.101    
   250.000000000000        5323.464    
   265.625000000000        1793.925    
   281.250000000000        2028.870    
   296.875000000000        1465.329    
   312.500000000000        982.2644    
   328.125000000000        1302.774    
   343.750000000000        1941.206    
   359.375000000000        1699.971    
   375.000000000000        5288.738    
   390.625000000000        14189.27    
   406.250000000000        3251.318    
   421.875000000000        2833.356    
   437.500000000000        3447.622    
   453.125000000000        743.7424    
   468.750000000000        349.3240    
   484.375000000000        453.4436    
   500.000000000000        2076.043    
   515.625000000000        1979.542    
   531.250000000000        2441.924    
   546.875000000000        4691.162    
   562.500000000000        3882.308    
   578.125000000000        36221.38    
   593.750000000000        14149.54    
   609.375000000000        5667.091    
   625.000000000000        4296.664    
   640.625000000000        3458.495    
   656.250000000000        2887.678    
   671.875000000000        2539.290    
   687.500000000000        2704.485    
   703.125000000000        2015.602    
   718.750000000000        2126.586    
   734.375000000000        2841.986    
   750.000000000000        3129.948    
   765.625000000000        7473.912    
   781.250000000000        10182.99    
   796.875000000000        1957.283    
   812.500000000000        926.4348    
   828.125000000000        1374.322    
   843.750000000000        382.3648    
   859.375000000000        355.5658    
   875.000000000000        359.6571    
   890.625000000000        422.8281    
   906.250000000000        1534.543    
   921.875000000000        2852.013    
   937.500000000000        1107.119    
   953.125000000000        1201.278    
   968.750000000000        7882.919    
   984.375000000000        385.1125    
   1000.00000000000        453.2646    
   1015.62500000000        517.4802    
   1031.25000000000        652.2972    
   1046.87500000000        311.9557    
   1062.50000000000        753.8693    
   1078.12500000000        507.6803    
   1093.75000000000        968.5762    
   1109.37500000000        1380.408    
   1125.00000000000        1024.331    
   1140.62500000000        2015.210    
   1156.25000000000        7159.087    
   1171.87500000000        5585.155    
   1187.50000000000        1533.216    
   1203.12500000000        1484.527    
   1218.75000000000        872.3919    
   1234.37500000000        585.6428    
   1250.00000000000        1591.563    
   1265.62500000000        637.8157    
   1281.25000000000        569.5605    
   1296.87500000000        1656.489    
   1312.50000000000        786.1837    
   1328.12500000000        166.9369    
   1343.75000000000        661.0298    
   1359.37500000000        1783.560    
   1375.00000000000        750.2455    
   1390.62500000000        384.6836    
   1406.25000000000        118.3386    
   1421.87500000000        620.0528    
   1437.50000000000        277.8923    
   1453.12500000000        1032.112    
   1468.75000000000        643.4954    
   1484.37500000000        1376.172    
   1500.00000000000        943.4775    
   1515.62500000000        141.9711    
   1531.25000000000        439.9409    
   1546.87500000000        1343.544    
   1562.50000000000        1899.027    
   1578.12500000000        1662.396    
   1593.75000000000        485.9262    
   1609.37500000000        780.9717    
   1625.00000000000        263.4752    
   1640.62500000000        170.3187    
   1656.25000000000        456.3656    
   1671.87500000000        650.3358    
   1687.50000000000        726.3085    
   1703.12500000000        349.1848    
   1718.75000000000        983.4430    
   1734.37500000000        545.0864    
   1750.00000000000        916.8368    
   1765.62500000000        123.8971    
   1781.25000000000        833.9431    
   1796.87500000000        543.8589    
   1812.50000000000        660.3202    
   1828.12500000000        617.6822    
   1843.75000000000        701.9510    
   1859.37500000000        635.4739    
   1875.00000000000        779.3583    
   1890.62500000000        311.9703    
   1906.25000000000        766.5052    
   1921.87500000000        821.5300    
   1937.50000000000        1006.571    
   1953.12500000000        368.3299    
   1968.75000000000        106.1762    
   1984.37500000000        357.0121    
