  -4000.00000000000        241.3280    
  -3968.75000000000        434.1716    
  -3937.50000000000        571.7240    
  -3906.25000000000        259.6238    
  -3875.00000000000        411.0450    
  -3843.75000000000        461.4283    
  -3812.50000000000        323.7807    
  -3781.25000000000        467.1710    
  -3750.00000000000        298.0182    
  -3718.75000000000        352.8308    
  -3687.50000000000        332.0241    
  -3656.25000000000        391.7154    
  -3625.00000000000        201.2293    
  -3593.75000000000        272.9771    
  -3562.50000000000        289.8857    
  -3531.25000000000        107.4445    
  -3500.00000000000        344.3595    
  -3468.75000000000        318.3915    
  -3437.50000000000        191.8037    
  -3406.25000000000        517.7897    
  -3375.00000000000        162.0721    
  -3343.75000000000        150.5367    
  -3312.50000000000        292.1371    
  -3281.25000000000        251.9954    
  -3250.00000000000        226.9046    
  -3218.75000000000        280.8130    
  -3187.50000000000        125.2944    
  -3156.25000000000        296.6674    
  -3125.00000000000        183.8371    
  -3093.75000000000        233.5396    
  -3062.50000000000        274.4303    
  -3031.25000000000        210.9802    
  -3000.00000000000        129.1366    
  -2968.75000000000        142.7354    
  -2937.50000000000        240.1574    
  -2906.25000000000        45.06293    
  -2875.00000000000        138.4078    
  -2843.75000000000        83.57037    
  -2812.50000000000        154.5653    
  -2781.25000000000        58.88920    
  -2750.00000000000        54.14084    
  -2718.75000000000        71.35251    
  -2687.50000000000        151.1410    
  -2656.25000000000        47.92397    
  -2625.00000000000        60.89433    
  -2593.75000000000        120.6890    
  -2562.50000000000        46.73463    
  -2531.25000000000        17.60198    
  -2500.00000000000        163.7536    
  -2468.75000000000        17.74219    
  -2437.50000000000        104.9833    
  -2406.25000000000        50.57636    
  -2375.00000000000        20.99120    
  -2343.75000000000        166.2472    
  -2312.50000000000        105.4585    
  -2281.25000000000        37.23143    
  -2250.00000000000        78.51910    
  -2218.75000000000        92.96408    
  -2187.50000000000        115.3163    
  -2156.25000000000        140.3527    
  -2125.00000000000        82.94428    
  -2093.75000000000        100.3861    
  -2062.50000000000        95.46838    
  -2031.25000000000        26.04590    
  -2000.00000000000        50.40154    
  -1968.75000000000        90.53923    
  -1937.50000000000        81.47933    
  -1906.25000000000        30.28283    
  -1875.00000000000        80.41369    
  -1843.75000000000        117.1731    
  -1812.50000000000        332.8785    
  -1781.25000000000        365.2268    
  -1750.00000000000        187.3972    
  -1718.75000000000        156.0515    
  -1687.50000000000        150.8999    
  -1656.25000000000        223.2243    
  -1625.00000000000        129.2199    
  -1593.75000000000        101.3929    
  -1562.50000000000        240.3156    
  -1531.25000000000        151.3670    
  -1500.00000000000        45.03314    
  -1468.75000000000        91.51162    
  -1437.50000000000        34.84451    
  -1406.25000000000        95.14013    
  -1375.00000000000        176.5393    
  -1343.75000000000        134.2360    
  -1312.50000000000        77.33122    
  -1281.25000000000        72.73025    
  -1250.00000000000        286.9376    
  -1218.75000000000        50.80027    
  -1187.50000000000        69.31424    
  -1156.25000000000        167.0185    
  -1125.00000000000        31.60037    
  -1093.75000000000        109.6583    
  -1062.50000000000        186.6478    
  -1031.25000000000        65.16739    
  -1000.00000000000        116.1980    
  -968.750000000000        103.8467    
  -937.500000000000        46.75941    
  -906.250000000000        185.1556    
  -875.000000000000        105.7724    
  -843.750000000000        166.3808    
  -812.500000000000        265.4313    
  -781.250000000000        338.2206    
  -750.000000000000        215.0210    
  -718.750000000000        281.8547    
  -687.500000000000        273.2789    
  -656.250000000000        511.4089    
  -625.000000000000        42.59370    
  -593.750000000000        360.6825    
  -562.500000000000        109.4851    
  -531.250000000000        244.9919    
  -500.000000000000        377.9110    
  -468.750000000000        106.4910    
  -437.500000000000        305.4603    
  -406.250000000000        377.8570    
  -375.000000000000        808.4893    
  -343.750000000000        1286.599    
  -312.500000000000        658.8074    
  -281.250000000000        942.3807    
  -250.000000000000        508.5603    
  -218.750000000000        44.63329    
  -187.500000000000        431.0641    
  -156.250000000000        1578.277    
  -125.000000000000        1554.047    
  -93.7500000000000        548.4218    
  -62.5000000000000        1531.960    
  -31.2500000000000        2825.229    
  0.000000000000000E+000   7298.333    
   31.2500000000000        2731.055    
   62.5000000000000        1654.296    
   93.7500000000000        614.8681    
   125.000000000000        1651.297    
   156.250000000000        1686.362    
   187.500000000000        445.3836    
   218.750000000000        4.718113    
   250.000000000000        416.9734    
   281.250000000000        890.2138    
   312.500000000000        640.2602    
   343.750000000000        1255.584    
   375.000000000000        753.7225    
   406.250000000000        324.4056    
   437.500000000000        227.0914    
   468.750000000000        64.14194    
   500.000000000000        385.1969    
   531.250000000000        267.1076    
   562.500000000000        159.6826    
   593.750000000000        360.6205    
   625.000000000000        66.69762    
   656.250000000000        493.6870    
   687.500000000000        290.6168    
   718.750000000000        329.4387    
   750.000000000000        247.9165    
   781.250000000000        348.0340    
   812.500000000000        259.8635    
   843.750000000000        146.7220    
   875.000000000000        120.9221    
   906.250000000000        187.5801    
   937.500000000000        48.50106    
   968.750000000000        93.27304    
   1000.00000000000        105.2177    
   1031.25000000000        76.50895    
   1062.50000000000        175.0608    
   1093.75000000000        108.3954    
   1125.00000000000        50.59626    
   1156.25000000000        148.7893    
   1187.50000000000        32.83243    
   1218.75000000000        56.99968    
   1250.00000000000        283.3085    
   1281.25000000000        74.98039    
   1312.50000000000        113.9771    
   1343.75000000000        132.4296    
   1375.00000000000        164.5426    
   1406.25000000000        104.5534    
   1437.50000000000        47.17754    
   1468.75000000000        82.32352    
   1500.00000000000        46.59053    
   1531.25000000000        124.1963    
   1562.50000000000        246.8977    
   1593.75000000000        73.98490    
   1625.00000000000        110.3782    
   1656.25000000000        182.8379    
   1687.50000000000        156.6934    
   1718.75000000000        116.7277    
   1750.00000000000        183.8948    
   1781.25000000000        340.6379    
   1812.50000000000        282.9911    
   1843.75000000000        106.0131    
   1875.00000000000        105.0065    
   1906.25000000000        39.64175    
   1937.50000000000        71.60764    
   1968.75000000000        77.08865    
   2000.00000000000        57.12080    
   2031.25000000000        7.557168    
   2062.50000000000        69.04684    
   2093.75000000000        97.25639    
   2125.00000000000        86.41170    
   2156.25000000000        111.3492    
   2187.50000000000        146.8994    
   2218.75000000000        91.93338    
   2250.00000000000        69.07687    
   2281.25000000000        50.32321    
   2312.50000000000        103.4316    
   2343.75000000000        185.8527    
   2375.00000000000        33.68641    
   2406.25000000000        63.44590    
   2437.50000000000        112.0199    
   2468.75000000000        17.06190    
   2500.00000000000        169.5353    
   2531.25000000000        21.74898    
   2562.50000000000        74.40018    
   2593.75000000000        109.4644    
   2625.00000000000        67.02391    
   2656.25000000000        78.20074    
   2687.50000000000        173.9632    
   2718.75000000000        76.71605    
   2750.00000000000        80.47619    
   2781.25000000000        51.60568    
   2812.50000000000        190.3176    
   2843.75000000000        91.56747    
   2875.00000000000        183.4148    
   2906.25000000000        36.17039    
   2937.50000000000        243.3754    
   2968.75000000000        128.1604    
   3000.00000000000        135.8371    
   3031.25000000000        212.8856    
   3062.50000000000        257.8100    
   3093.75000000000        226.3855    
   3125.00000000000        156.7977    
   3156.25000000000        290.5556    
   3187.50000000000        122.1957    
   3218.75000000000        290.5996    
   3250.00000000000        234.7379    
   3281.25000000000        285.2138    
   3312.50000000000        265.5016    
   3343.75000000000        159.3727    
   3375.00000000000        167.7818    
   3406.25000000000        506.7084    
   3437.50000000000        168.1994    
   3468.75000000000        344.5545    
   3500.00000000000        330.0605    
   3531.25000000000        72.64217    
   3562.50000000000        327.7278    
   3593.75000000000        224.3670    
   3625.00000000000        171.3758    
   3656.25000000000        409.4235    
   3687.50000000000        337.9160    
   3718.75000000000        356.7879    
   3750.00000000000        290.0854    
   3781.25000000000        476.8829    
   3812.50000000000        322.6946    
   3843.75000000000        447.5012    
   3875.00000000000        383.8056    
   3906.25000000000        252.0586    
   3937.50000000000        550.0912    
   3968.75000000000        465.5848    
