  -2000.00000000000        4.061631    
  -1984.37500000000        6.430184    
  -1968.75000000000        5.743046    
  -1953.12500000000        7.780420    
  -1937.50000000000        3.779378    
  -1921.87500000000        13.73923    
  -1906.25000000000        6.705420    
  -1890.62500000000        5.769730    
  -1875.00000000000        8.307088    
  -1859.37500000000        9.552193    
  -1843.75000000000        7.771297    
  -1828.12500000000        11.53321    
  -1812.50000000000        9.345071    
  -1796.87500000000        4.606105    
  -1781.25000000000        6.538923    
  -1765.62500000000        2.912988    
  -1750.00000000000        24.41537    
  -1734.37500000000        5.368569    
  -1718.75000000000        7.049524    
  -1703.12500000000        2.131122    
  -1687.50000000000        4.309949    
  -1671.87500000000        17.51223    
  -1656.25000000000        4.799780    
  -1640.62500000000        6.667653    
  -1625.00000000000        1.435353    
  -1609.37500000000        2.637163    
  -1593.75000000000        6.333529    
  -1578.12500000000        12.17999    
  -1562.50000000000        8.604320    
  -1546.87500000000        21.47068    
  -1531.25000000000        7.604970    
  -1515.62500000000        6.781002    
  -1500.00000000000        15.53135    
  -1484.37500000000        7.177711    
  -1468.75000000000        6.333177    
  -1453.12500000000        2.613376    
  -1437.50000000000        2.923158    
  -1421.87500000000        12.89148    
  -1406.25000000000        7.424258    
  -1390.62500000000        7.363190    
  -1375.00000000000        2.166599    
  -1359.37500000000        25.94141    
  -1343.75000000000        7.628543    
  -1328.12500000000        8.365385    
  -1312.50000000000        4.715517    
  -1296.87500000000        14.29428    
  -1281.25000000000        5.726209    
  -1265.62500000000        6.844538    
  -1250.00000000000        26.34089    
  -1234.37500000000        7.791754    
  -1218.75000000000        7.423244    
  -1203.12500000000        17.82972    
  -1187.50000000000        20.31360    
  -1171.87500000000        55.88559    
  -1156.25000000000        55.87613    
  -1140.62500000000        12.00010    
  -1125.00000000000        6.883560    
  -1109.37500000000        11.13421    
  -1093.75000000000        7.778922    
  -1078.12500000000        3.312449    
  -1062.50000000000        2.537970    
  -1046.87500000000        1.510210    
  -1031.25000000000        4.955396    
  -1015.62500000000        5.275751    
  -1000.00000000000        2.821490    
  -984.375000000000        10.73484    
  -968.750000000000        57.18811    
  -953.125000000000        16.63322    
  -937.500000000000        11.31641    
  -921.875000000000        28.93786    
  -906.250000000000        17.98018    
  -890.625000000000        9.685533    
  -875.000000000000        6.236602    
  -859.375000000000        8.281649    
  -843.750000000000        5.692980    
  -828.125000000000        9.352402    
  -812.500000000000        11.67128    
  -796.875000000000        20.97630    
  -781.250000000000        74.84234    
  -765.625000000000        64.87669    
  -750.000000000000        23.71511    
  -734.375000000000        16.96572    
  -718.750000000000        24.14315    
  -703.125000000000        23.95936    
  -687.500000000000        20.71469    
  -671.875000000000        23.78724    
  -656.250000000000        25.49536    
  -640.625000000000        28.17929    
  -625.000000000000        46.65370    
  -609.375000000000        69.25143    
  -593.750000000000        148.4076    
  -578.125000000000        426.8398    
  -562.500000000000        71.72170    
  -546.875000000000        23.85015    
  -531.250000000000        34.23669    
  -515.625000000000        20.60899    
  -500.000000000000        20.07305    
  -484.375000000000        8.783415    
  -468.750000000000        10.01781    
  -453.125000000000        14.03837    
  -437.500000000000        23.79314    
  -421.875000000000        17.20725    
  -406.250000000000        43.47387    
  -390.625000000000        143.3309    
  -375.000000000000        55.84966    
  -359.375000000000        22.69850    
  -343.750000000000        2.700552    
  -328.125000000000        6.964323    
  -312.500000000000        21.76611    
  -296.875000000000        16.45638    
  -281.250000000000        11.90179    
  -265.625000000000        19.59825    
  -250.000000000000        27.97739    
  -234.375000000000        17.91074    
  -218.750000000000        44.09747    
  -203.125000000000        166.0412    
  -187.500000000000        190.7659    
  -171.875000000000        58.15708    
  -156.250000000000        30.57250    
  -140.625000000000        24.81918    
  -125.000000000000        21.97564    
  -109.375000000000        11.36069    
  -93.7500000000000        1.311144    
  -78.1250000000000        29.22332    
  -62.5000000000000        17.43233    
  -46.8750000000000        20.17170    
  -31.2500000000000        13.73216    
  -15.6250000000000        45.07670    
  0.000000000000000E+000   9397.226    
   15.6250000000000        45.53918    
   31.2500000000000        17.12581    
   46.8750000000000        24.53772    
   62.5000000000000        8.653303    
   78.1250000000000        30.88967    
   93.7500000000000        1.886427    
   109.375000000000        6.955126    
   125.000000000000        19.23923    
   140.625000000000        24.78010    
   156.250000000000        24.84696    
   171.875000000000        46.52177    
   187.500000000000        155.0452    
   203.125000000000        131.3139    
   218.750000000000        37.22563    
   234.375000000000        13.43180    
   250.000000000000        26.19738    
   265.625000000000        15.77383    
   281.250000000000        11.58651    
   296.875000000000        11.47326    
   312.500000000000        19.46446    
   328.125000000000        5.128099    
   343.750000000000        4.882754    
   359.375000000000        25.68117    
   375.000000000000        65.97099    
   390.625000000000        165.7265    
   406.250000000000        45.53179    
   421.875000000000        19.37302    
   437.500000000000        25.11224    
   453.125000000000        12.34310    
   468.750000000000        10.85366    
   484.375000000000        7.620270    
   500.000000000000        20.23027    
   515.625000000000        19.30099    
   531.250000000000        33.69534    
   546.875000000000        25.01890    
   562.500000000000        68.00685    
   578.125000000000        420.3780    
   593.750000000000        148.4126    
   609.375000000000        69.22113    
   625.000000000000        47.53572    
   640.625000000000        30.52110    
   656.250000000000        28.65888    
   671.875000000000        25.62479    
   687.500000000000        23.15215    
   703.125000000000        22.22888    
   718.750000000000        24.73791    
   734.375000000000        21.70827    
   750.000000000000        27.63853    
   765.625000000000        76.90859    
   781.250000000000        84.27718    
   796.875000000000        26.31347    
   812.500000000000        12.09181    
   828.125000000000        10.53212    
   843.750000000000        5.260476    
   859.375000000000        6.367115    
   875.000000000000        5.557110    
   890.625000000000        8.435117    
   906.250000000000        21.04899    
   921.875000000000        26.12608    
   937.500000000000        12.54005    
   953.125000000000        13.77057    
   968.750000000000        53.66218    
   984.375000000000        9.232919    
   1000.00000000000        3.011128    
   1015.62500000000        3.932488    
   1031.25000000000        4.280607    
   1046.87500000000        2.351010    
   1062.50000000000        3.661808    
   1078.12500000000        2.187719    
   1093.75000000000        6.190697    
   1109.37500000000        9.653295    
   1125.00000000000        6.514977    
   1140.62500000000        11.50351    
   1156.25000000000        49.24053    
   1171.87500000000        53.48228    
   1187.50000000000        17.83524    
   1203.12500000000        16.81678    
   1218.75000000000        8.794006    
   1234.37500000000        10.11728    
   1250.00000000000        25.07483    
   1265.62500000000        9.167199    
   1281.25000000000        4.622617    
   1296.87500000000        10.63173    
   1312.50000000000        3.485456    
   1328.12500000000        7.761357    
   1343.75000000000        7.467493    
   1359.37500000000        27.74499    
   1375.00000000000       0.7089839    
   1390.62500000000        5.556215    
   1406.25000000000        4.662371    
   1421.87500000000        10.89839    
   1437.50000000000        1.664456    
   1453.12500000000        2.307685    
   1468.75000000000        5.202480    
   1484.37500000000        10.59228    
   1500.00000000000        15.09388    
   1515.62500000000        5.803450    
   1531.25000000000        2.066125    
   1546.87500000000        19.54822    
   1562.50000000000        6.223947    
   1578.12500000000        12.63329    
   1593.75000000000        6.097309    
   1609.37500000000        8.360890    
   1625.00000000000       0.4988092    
   1640.62500000000        7.461495    
   1656.25000000000        5.918597    
   1671.87500000000        14.05305    
   1687.50000000000        4.667876    
   1703.12500000000        2.753053    
   1718.75000000000        7.007293    
   1734.37500000000        10.28460    
   1750.00000000000        27.66199    
   1765.62500000000        2.496059    
   1781.25000000000        8.924055    
   1796.87500000000        8.041905    
   1812.50000000000        3.115917    
   1828.12500000000        7.965396    
   1843.75000000000        4.282061    
   1859.37500000000        1.403666    
   1875.00000000000        7.923760    
   1890.62500000000        8.888826    
   1906.25000000000        6.845152    
   1921.87500000000        12.74527    
   1937.50000000000        9.595837    
   1953.12500000000        10.37490    
   1968.75000000000        7.130976    
   1984.37500000000        5.852113    
