  -4000.00000000000        203.6085    
  -3968.75000000000        366.3889    
  -3937.50000000000        460.7854    
  -3906.25000000000        221.8365    
  -3875.00000000000        340.8062    
  -3843.75000000000        374.8736    
  -3812.50000000000        274.2607    
  -3781.25000000000        387.8061    
  -3750.00000000000        238.8595    
  -3718.75000000000        305.0471    
  -3687.50000000000        282.4910    
  -3656.25000000000        340.4088    
  -3625.00000000000        157.7156    
  -3593.75000000000        211.6020    
  -3562.50000000000        234.9341    
  -3531.25000000000        83.31769    
  -3500.00000000000        273.0876    
  -3468.75000000000        251.1375    
  -3437.50000000000        148.0195    
  -3406.25000000000        424.2644    
  -3375.00000000000        126.8054    
  -3343.75000000000        128.6136    
  -3312.50000000000        235.8053    
  -3281.25000000000        210.7180    
  -3250.00000000000        196.1517    
  -3218.75000000000        223.2171    
  -3187.50000000000        100.7554    
  -3156.25000000000        243.4523    
  -3125.00000000000        145.8280    
  -3093.75000000000        195.1517    
  -3062.50000000000        219.7396    
  -3031.25000000000        180.6777    
  -3000.00000000000        106.0448    
  -2968.75000000000        106.5630    
  -2937.50000000000        198.9928    
  -2906.25000000000        27.94733    
  -2875.00000000000        132.5287    
  -2843.75000000000        61.24016    
  -2812.50000000000        140.2510    
  -2781.25000000000        46.90132    
  -2750.00000000000        69.87881    
  -2718.75000000000        74.07230    
  -2687.50000000000        135.2113    
  -2656.25000000000        53.93163    
  -2625.00000000000        31.93821    
  -2593.75000000000        98.88725    
  -2562.50000000000        58.77494    
  -2531.25000000000        17.99466    
  -2500.00000000000        141.0563    
  -2468.75000000000        19.02592    
  -2437.50000000000        95.14313    
  -2406.25000000000        54.35430    
  -2375.00000000000        21.86481    
  -2343.75000000000        139.8443    
  -2312.50000000000        84.47292    
  -2281.25000000000        37.87624    
  -2250.00000000000        51.64506    
  -2218.75000000000        72.73277    
  -2187.50000000000        107.4176    
  -2156.25000000000        106.6833    
  -2125.00000000000        63.85231    
  -2093.75000000000        83.51507    
  -2062.50000000000        65.73105    
  -2031.25000000000        21.33155    
  -2000.00000000000        45.89408    
  -1968.75000000000        73.37025    
  -1937.50000000000        48.22058    
  -1906.25000000000        34.88253    
  -1875.00000000000        80.39957    
  -1843.75000000000        99.03492    
  -1812.50000000000        253.4120    
  -1781.25000000000        299.4499    
  -1750.00000000000        143.8988    
  -1718.75000000000        104.9710    
  -1687.50000000000        152.0515    
  -1656.25000000000        171.4610    
  -1625.00000000000        102.2037    
  -1593.75000000000        55.56784    
  -1562.50000000000        203.3676    
  -1531.25000000000        119.7333    
  -1500.00000000000        39.79173    
  -1468.75000000000        73.59286    
  -1437.50000000000        43.87419    
  -1406.25000000000        81.77616    
  -1375.00000000000        137.5102    
  -1343.75000000000        106.8956    
  -1312.50000000000        83.50444    
  -1281.25000000000        73.35739    
  -1250.00000000000        227.8473    
  -1218.75000000000        40.27078    
  -1187.50000000000        44.12941    
  -1156.25000000000        148.4160    
  -1125.00000000000        31.58236    
  -1093.75000000000        90.96248    
  -1062.50000000000        165.8206    
  -1031.25000000000        71.86411    
  -1000.00000000000        94.03421    
  -968.750000000000        86.60236    
  -937.500000000000        33.93075    
  -906.250000000000        165.3875    
  -875.000000000000        88.18036    
  -843.750000000000        133.5007    
  -812.500000000000        227.1769    
  -781.250000000000        275.2335    
  -750.000000000000        212.7518    
  -718.750000000000        267.4916    
  -687.500000000000        238.2209    
  -656.250000000000        418.8887    
  -625.000000000000        32.28844    
  -593.750000000000        302.5829    
  -562.500000000000        123.2105    
  -531.250000000000        187.9435    
  -500.000000000000        303.2373    
  -468.750000000000        74.31527    
  -437.500000000000        234.8441    
  -406.250000000000        279.5323    
  -375.000000000000        633.9883    
  -343.750000000000        1058.395    
  -312.500000000000        555.1556    
  -281.250000000000        762.7491    
  -250.000000000000        392.8566    
  -218.750000000000        35.22580    
  -187.500000000000        365.3891    
  -156.250000000000        1365.727    
  -125.000000000000        1339.198    
  -93.7500000000000        481.1395    
  -62.5000000000000        1311.872    
  -31.2500000000000        2336.616    
  0.000000000000000E+000   5942.282    
   31.2500000000000        2304.284    
   62.5000000000000        1337.191    
   93.7500000000000        487.8561    
   125.000000000000        1358.791    
   156.250000000000        1384.405    
   187.500000000000        370.1869    
   218.750000000000        19.41554    
   250.000000000000        388.6108    
   281.250000000000        742.6747    
   312.500000000000        560.1793    
   343.750000000000        1050.620    
   375.000000000000        629.3287    
   406.250000000000        289.1906    
   437.500000000000        216.0354    
   468.750000000000        86.33431    
   500.000000000000        299.2801    
   531.250000000000        210.2054    
   562.500000000000        127.3144    
   593.750000000000        309.3141    
   625.000000000000        40.47369    
   656.250000000000        423.9685    
   687.500000000000        230.0593    
   718.750000000000        284.7667    
   750.000000000000        220.7114    
   781.250000000000        275.7109    
   812.500000000000        217.1265    
   843.750000000000        131.2279    
   875.000000000000        86.87281    
   906.250000000000        161.2026    
   937.500000000000        32.04638    
   968.750000000000        91.68166    
   1000.00000000000        92.84785    
   1031.25000000000        66.97519    
   1062.50000000000        159.4793    
   1093.75000000000        85.73532    
   1125.00000000000        37.30315    
   1156.25000000000        143.7457    
   1187.50000000000        36.08257    
   1218.75000000000        45.24112    
   1250.00000000000        228.9716    
   1281.25000000000        70.99098    
   1312.50000000000        92.40885    
   1343.75000000000        107.4065    
   1375.00000000000        137.0392    
   1406.25000000000        87.21881    
   1437.50000000000        40.50259    
   1468.75000000000        72.79930    
   1500.00000000000        34.16288    
   1531.25000000000        114.4340    
   1562.50000000000        202.3447    
   1593.75000000000        54.09282    
   1625.00000000000        101.0224    
   1656.25000000000        162.6935    
   1687.50000000000        139.5272    
   1718.75000000000        104.2712    
   1750.00000000000        145.4569    
   1781.25000000000        288.3995    
   1812.50000000000        244.4785    
   1843.75000000000        90.45658    
   1875.00000000000        83.56155    
   1906.25000000000        32.51949    
   1937.50000000000        47.82220    
   1968.75000000000        67.40926    
   2000.00000000000        39.23738    
   2031.25000000000        16.29467    
   2062.50000000000        66.29980    
   2093.75000000000        88.08636    
   2125.00000000000        62.63765    
   2156.25000000000        109.5997    
   2187.50000000000        107.1933    
   2218.75000000000        76.80415    
   2250.00000000000        54.33337    
   2281.25000000000        40.73055    
   2312.50000000000        87.92737    
   2343.75000000000        140.5832    
   2375.00000000000        18.85056    
   2406.25000000000        55.98610    
   2437.50000000000        96.87275    
   2468.75000000000        12.06675    
   2500.00000000000        140.5381    
   2531.25000000000        20.55763    
   2562.50000000000        63.45407    
   2593.75000000000        99.05270    
   2625.00000000000        35.83718    
   2656.25000000000        53.06930    
   2687.50000000000        138.0756    
   2718.75000000000        74.95004    
   2750.00000000000        67.50056    
   2781.25000000000        49.85712    
   2812.50000000000        142.6000    
   2843.75000000000        61.89360    
   2875.00000000000        134.0281    
   2906.25000000000        25.38103    
   2937.50000000000        200.2137    
   2968.75000000000        106.1094    
   3000.00000000000        111.0042    
   3031.25000000000        183.4035    
   3062.50000000000        225.8462    
   3093.75000000000        197.8786    
   3125.00000000000        139.2794    
   3156.25000000000        238.8932    
   3187.50000000000        101.5447    
   3218.75000000000        235.2499    
   3250.00000000000        187.9304    
   3281.25000000000        227.0525    
   3312.50000000000        232.1329    
   3343.75000000000        124.2323    
   3375.00000000000        133.7355    
   3406.25000000000        429.1325    
   3437.50000000000        143.6077    
   3468.75000000000        262.8539    
   3500.00000000000        272.9581    
   3531.25000000000        83.53433    
   3562.50000000000        243.1921    
   3593.75000000000        210.5726    
   3625.00000000000        154.2510    
   3656.25000000000        338.5299    
   3687.50000000000        278.3875    
   3718.75000000000        303.2824    
   3750.00000000000        240.5964    
   3781.25000000000        403.6772    
   3812.50000000000        264.0810    
   3843.75000000000        376.1433    
   3875.00000000000        328.9081    
   3906.25000000000        210.6926    
   3937.50000000000        463.7639    
   3968.75000000000        367.8112    
