  -2000.00000000000        5.941364    
  -1984.37500000000        2.623298    
  -1968.75000000000        5.976119    
  -1953.12500000000        8.018840    
  -1937.50000000000        8.243613    
  -1921.87500000000        13.39899    
  -1906.25000000000        4.609947    
  -1890.62500000000        8.467254    
  -1875.00000000000        3.624290    
  -1859.37500000000        3.956973    
  -1843.75000000000        4.769144    
  -1828.12500000000        10.64845    
  -1812.50000000000        4.136036    
  -1796.87500000000        3.507845    
  -1781.25000000000        8.702129    
  -1765.62500000000        4.220283    
  -1750.00000000000        23.14416    
  -1734.37500000000        5.568371    
  -1718.75000000000        7.241506    
  -1703.12500000000        2.441595    
  -1687.50000000000        3.240419    
  -1671.87500000000        4.372048    
  -1656.25000000000        3.749292    
  -1640.62500000000        5.589796    
  -1625.00000000000        1.129055    
  -1609.37500000000        4.011691    
  -1593.75000000000        5.709312    
  -1578.12500000000        11.52593    
  -1562.50000000000        8.718223    
  -1546.87500000000        24.57969    
  -1531.25000000000        6.484077    
  -1515.62500000000        6.879031    
  -1500.00000000000        16.54618    
  -1484.37500000000        8.193484    
  -1468.75000000000        2.293076    
  -1453.12500000000        4.130600    
  -1437.50000000000        3.573882    
  -1421.87500000000        8.132635    
  -1406.25000000000        6.142977    
  -1390.62500000000        5.060382    
  -1375.00000000000        1.274491    
  -1359.37500000000        19.32330    
  -1343.75000000000        8.570670    
  -1328.12500000000        6.161494    
  -1312.50000000000        4.773099    
  -1296.87500000000        13.50270    
  -1281.25000000000        4.798181    
  -1265.62500000000        6.235651    
  -1250.00000000000        23.70469    
  -1234.37500000000        10.58492    
  -1218.75000000000        6.560382    
  -1203.12500000000        17.03619    
  -1187.50000000000        20.23051    
  -1171.87500000000        55.44807    
  -1156.25000000000        54.10517    
  -1140.62500000000        13.48180    
  -1125.00000000000        5.292037    
  -1109.37500000000        9.620515    
  -1093.75000000000        1.252997    
  -1078.12500000000        3.882069    
  -1062.50000000000        3.259334    
  -1046.87500000000        1.922022    
  -1031.25000000000        3.169624    
  -1015.62500000000        3.348667    
  -1000.00000000000        1.358958    
  -984.375000000000        7.993303    
  -968.750000000000        57.15965    
  -953.125000000000        14.62284    
  -937.500000000000        9.710248    
  -921.875000000000        24.77826    
  -906.250000000000        17.24207    
  -890.625000000000        7.479487    
  -875.000000000000        5.843444    
  -859.375000000000        6.874764    
  -843.750000000000        6.520526    
  -828.125000000000        11.20807    
  -812.500000000000        11.96461    
  -796.875000000000        20.16414    
  -781.250000000000        70.10007    
  -765.625000000000        63.77890    
  -750.000000000000        21.20362    
  -734.375000000000        16.69932    
  -718.750000000000        21.97126    
  -703.125000000000        19.37541    
  -687.500000000000        19.40209    
  -671.875000000000        21.37519    
  -656.250000000000        27.28627    
  -640.625000000000        24.35479    
  -625.000000000000        41.85085    
  -609.375000000000        62.96377    
  -593.750000000000        136.9952    
  -578.125000000000        383.9777    
  -562.500000000000        64.91180    
  -546.875000000000        23.03399    
  -531.250000000000        31.80603    
  -515.625000000000        20.47776    
  -500.000000000000        16.07014    
  -484.375000000000        7.478186    
  -468.750000000000        8.166616    
  -453.125000000000        13.75041    
  -437.500000000000        22.05525    
  -421.875000000000        15.54342    
  -406.250000000000        40.36877    
  -390.625000000000        160.5160    
  -375.000000000000        54.12952    
  -359.375000000000        23.65623    
  -343.750000000000        4.700391    
  -328.125000000000        7.891314    
  -312.500000000000        18.39798    
  -296.875000000000        14.94793    
  -281.250000000000        10.74769    
  -265.625000000000        16.43459    
  -250.000000000000        24.12609    
  -234.375000000000        16.94567    
  -218.750000000000        39.55353    
  -203.125000000000        149.7868    
  -187.500000000000        170.2410    
  -171.875000000000        51.84579    
  -156.250000000000        26.86092    
  -140.625000000000        23.25477    
  -125.000000000000        20.60291    
  -109.375000000000        10.24968    
  -93.7500000000000        2.248848    
  -78.1250000000000        27.98148    
  -62.5000000000000        11.31850    
  -46.8750000000000        18.91253    
  -31.2500000000000        12.97142    
  -15.6250000000000        41.17774    
  0.000000000000000E+000   8720.160    
   15.6250000000000        42.88501    
   31.2500000000000        14.67050    
   46.8750000000000        21.27571    
   62.5000000000000        9.456568    
   78.1250000000000        27.86865    
   93.7500000000000        2.142245    
   109.375000000000        7.096509    
   125.000000000000        19.60449    
   140.625000000000        20.74096    
   156.250000000000        22.28867    
   171.875000000000        42.07444    
   187.500000000000        138.2269    
   203.125000000000        122.4876    
   218.750000000000        33.91608    
   234.375000000000        12.61345    
   250.000000000000        24.07354    
   265.625000000000        13.07781    
   281.250000000000        10.57814    
   296.875000000000        12.16753    
   312.500000000000        17.90664    
   328.125000000000        6.209469    
   343.750000000000        4.712214    
   359.375000000000        24.77175    
   375.000000000000        59.83558    
   390.625000000000        166.6319    
   406.250000000000        42.53059    
   421.875000000000        17.18156    
   437.500000000000        23.54747    
   453.125000000000        13.36624    
   468.750000000000        8.142126    
   484.375000000000        7.446300    
   500.000000000000        17.24530    
   515.625000000000        20.47080    
   531.250000000000        31.16417    
   546.875000000000        23.00751    
   562.500000000000        63.94749    
   578.125000000000        382.9478    
   593.750000000000        137.1454    
   609.375000000000        62.77295    
   625.000000000000        41.44366    
   640.625000000000        24.88293    
   656.250000000000        27.54830    
   671.875000000000        22.06274    
   687.500000000000        20.93990    
   703.125000000000        19.62587    
   718.750000000000        21.86764    
   734.375000000000        18.09034    
   750.000000000000        23.11333    
   765.625000000000        69.59306    
   781.250000000000        78.50130    
   796.875000000000        22.60742    
   812.500000000000        13.53333    
   828.125000000000        10.88609    
   843.750000000000        7.639137    
   859.375000000000        7.233203    
   875.000000000000        7.043936    
   890.625000000000        7.602017    
   906.250000000000        17.40291    
   921.875000000000        24.83582    
   937.500000000000        9.939961    
   953.125000000000        14.24928    
   968.750000000000        53.66149    
   984.375000000000        7.729126    
   1000.00000000000        1.342931    
   1015.62500000000        3.431065    
   1031.25000000000        4.859824    
   1046.87500000000        2.858250    
   1062.50000000000        2.449404    
   1078.12500000000        3.197330    
   1093.75000000000        1.834870    
   1109.37500000000        9.366241    
   1125.00000000000        4.072866    
   1140.62500000000        11.24629    
   1156.25000000000        45.68654    
   1171.87500000000        49.96557    
   1187.50000000000        17.59199    
   1203.12500000000        15.25206    
   1218.75000000000        4.250874    
   1234.37500000000        9.010383    
   1250.00000000000        22.70799    
   1265.62500000000        5.643908    
   1281.25000000000        4.336409    
   1296.87500000000        12.40133    
   1312.50000000000        4.473376    
   1328.12500000000        5.484069    
   1343.75000000000        6.582044    
   1359.37500000000        16.59419    
   1375.00000000000        1.861799    
   1390.62500000000        5.652132    
   1406.25000000000        6.007114    
   1421.87500000000        8.361679    
   1437.50000000000        4.175664    
   1453.12500000000        3.847453    
   1468.75000000000        2.763842    
   1484.37500000000        7.493021    
   1500.00000000000        16.06474    
   1515.62500000000        6.913638    
   1531.25000000000        7.063718    
   1546.87500000000        30.44592    
   1562.50000000000        11.04933    
   1578.12500000000        10.70620    
   1593.75000000000        6.813859    
   1609.37500000000        5.154228    
   1625.00000000000       0.2590337    
   1640.62500000000        6.654818    
   1656.25000000000        4.283081    
   1671.87500000000        5.171033    
   1687.50000000000        4.449333    
   1703.12500000000        2.512973    
   1718.75000000000        7.617380    
   1734.37500000000        7.107682    
   1750.00000000000        24.03336    
   1765.62500000000        4.179072    
   1781.25000000000        7.794713    
   1796.87500000000        3.532760    
   1812.50000000000        3.963780    
   1828.12500000000        9.639462    
   1843.75000000000        4.261130    
   1859.37500000000        2.681382    
   1875.00000000000        4.459908    
   1890.62500000000        9.577832    
   1906.25000000000        4.530968    
   1921.87500000000        13.75330    
   1937.50000000000        10.24546    
   1953.12500000000        8.536449    
   1968.75000000000        6.962695    
   1984.37500000000        2.135548    
