  -4000.00000000000        252.8157    
  -3968.75000000000        456.5162    
  -3937.50000000000        593.9324    
  -3906.25000000000        260.3320    
  -3875.00000000000        436.7743    
  -3843.75000000000        474.7413    
  -3812.50000000000        365.0264    
  -3781.25000000000        486.7880    
  -3750.00000000000        304.8553    
  -3718.75000000000        390.7460    
  -3687.50000000000        364.3535    
  -3656.25000000000        434.2207    
  -3625.00000000000        207.4748    
  -3593.75000000000        295.6317    
  -3562.50000000000        282.0364    
  -3531.25000000000        110.1366    
  -3500.00000000000        330.3925    
  -3468.75000000000        294.2301    
  -3437.50000000000        187.8500    
  -3406.25000000000        531.6109    
  -3375.00000000000        158.4211    
  -3343.75000000000        163.3607    
  -3312.50000000000        310.0555    
  -3281.25000000000        238.0315    
  -3250.00000000000        245.6902    
  -3218.75000000000        272.2952    
  -3187.50000000000        132.2468    
  -3156.25000000000        307.0293    
  -3125.00000000000        173.4204    
  -3093.75000000000        226.9609    
  -3062.50000000000        284.7133    
  -3031.25000000000        224.1466    
  -3000.00000000000        126.4731    
  -2968.75000000000        137.1956    
  -2937.50000000000        248.2347    
  -2906.25000000000        36.05203    
  -2875.00000000000        154.8336    
  -2843.75000000000        86.16965    
  -2812.50000000000        159.4420    
  -2781.25000000000        57.86448    
  -2750.00000000000        88.46751    
  -2718.75000000000        97.28056    
  -2687.50000000000        158.1778    
  -2656.25000000000        66.32768    
  -2625.00000000000        52.50269    
  -2593.75000000000        147.7139    
  -2562.50000000000        56.74500    
  -2531.25000000000        6.332926    
  -2500.00000000000        184.2406    
  -2468.75000000000        35.28590    
  -2437.50000000000        132.9855    
  -2406.25000000000        64.30908    
  -2375.00000000000        25.36884    
  -2343.75000000000        190.2687    
  -2312.50000000000        110.0244    
  -2281.25000000000        71.79353    
  -2250.00000000000        60.23793    
  -2218.75000000000        88.67799    
  -2187.50000000000        123.8164    
  -2156.25000000000        134.0033    
  -2125.00000000000        97.74050    
  -2093.75000000000        99.30591    
  -2062.50000000000        94.11665    
  -2031.25000000000        13.99039    
  -2000.00000000000        73.02734    
  -1968.75000000000        89.68327    
  -1937.50000000000        61.67924    
  -1906.25000000000        54.48490    
  -1875.00000000000        110.8356    
  -1843.75000000000        119.2271    
  -1812.50000000000        339.5304    
  -1781.25000000000        418.3255    
  -1750.00000000000        212.4535    
  -1718.75000000000        138.8289    
  -1687.50000000000        194.5406    
  -1656.25000000000        231.2532    
  -1625.00000000000        128.4018    
  -1593.75000000000        89.81390    
  -1562.50000000000        248.0742    
  -1531.25000000000        183.3530    
  -1500.00000000000        48.17461    
  -1468.75000000000        82.40647    
  -1437.50000000000        64.29404    
  -1406.25000000000        101.9742    
  -1375.00000000000        164.7956    
  -1343.75000000000        143.6339    
  -1312.50000000000        99.15855    
  -1281.25000000000        92.99223    
  -1250.00000000000        258.3889    
  -1218.75000000000        59.02633    
  -1187.50000000000        74.86186    
  -1156.25000000000        172.2910    
  -1125.00000000000        37.69017    
  -1093.75000000000        118.3420    
  -1062.50000000000        213.2969    
  -1031.25000000000        94.05309    
  -1000.00000000000        113.1474    
  -968.750000000000        132.9030    
  -937.500000000000        64.57568    
  -906.250000000000        220.2203    
  -875.000000000000        120.7775    
  -843.750000000000        183.2515    
  -812.500000000000        280.5352    
  -781.250000000000        354.8506    
  -750.000000000000        273.8862    
  -718.750000000000        335.8379    
  -687.500000000000        264.5262    
  -656.250000000000        543.6862    
  -625.000000000000        14.72502    
  -593.750000000000        366.1411    
  -562.500000000000        117.6503    
  -531.250000000000        242.9747    
  -500.000000000000        400.4227    
  -468.750000000000        150.3458    
  -437.500000000000        342.6194    
  -406.250000000000        372.0682    
  -375.000000000000        871.2560    
  -343.750000000000        1380.147    
  -312.500000000000        713.3133    
  -281.250000000000        1016.275    
  -250.000000000000        548.1443    
  -218.750000000000        62.06736    
  -187.500000000000        461.8204    
  -156.250000000000        1682.443    
  -125.000000000000        1686.318    
  -93.7500000000000        587.2766    
  -62.5000000000000        1601.114    
  -31.2500000000000        3008.236    
  0.000000000000000E+000   8056.342    
   31.2500000000000        2894.015    
   62.5000000000000        1736.255    
   93.7500000000000        655.8403    
   125.000000000000        1779.422    
   156.250000000000        1792.971    
   187.500000000000        436.1969    
   218.750000000000        46.98185    
   250.000000000000        427.4793    
   281.250000000000        923.2650    
   312.500000000000        686.3421    
   343.750000000000        1333.366    
   375.000000000000        809.3967    
   406.250000000000        368.1314    
   437.500000000000        228.6517    
   468.750000000000        94.95261    
   500.000000000000        418.0687    
   531.250000000000        215.9814    
   562.500000000000        177.2972    
   593.750000000000        395.9075    
   625.000000000000        70.42845    
   656.250000000000        528.2719    
   687.500000000000        306.1917    
   718.750000000000        349.3810    
   750.000000000000        280.7446    
   781.250000000000        372.3365    
   812.500000000000        288.3256    
   843.750000000000        173.6784    
   875.000000000000        128.4913    
   906.250000000000        212.5979    
   937.500000000000        84.20977    
   968.750000000000        114.6142    
   1000.00000000000        115.3252    
   1031.25000000000        117.9708    
   1062.50000000000        208.7793    
   1093.75000000000        114.8141    
   1125.00000000000        79.92465    
   1156.25000000000        174.1402    
   1187.50000000000        13.65435    
   1218.75000000000        12.83501    
   1250.00000000000        314.8330    
   1281.25000000000        71.71572    
   1312.50000000000        102.0620    
   1343.75000000000        109.4540    
   1375.00000000000        182.2370    
   1406.25000000000        110.2786    
   1437.50000000000        49.35050    
   1468.75000000000        80.37199    
   1500.00000000000        62.68071    
   1531.25000000000        138.2408    
   1562.50000000000        261.7287    
   1593.75000000000        41.70186    
   1625.00000000000        103.6655    
   1656.25000000000        208.5682    
   1687.50000000000        178.0988    
   1718.75000000000        126.0984    
   1750.00000000000        182.9642    
   1781.25000000000        359.0477    
   1812.50000000000        292.5258    
   1843.75000000000        107.2649    
   1875.00000000000        113.8193    
   1906.25000000000        36.04879    
   1937.50000000000        70.73623    
   1968.75000000000        98.02367    
   2000.00000000000        32.10824    
   2031.25000000000        24.15627    
   2062.50000000000        91.40607    
   2093.75000000000        117.5771    
   2125.00000000000        72.99596    
   2156.25000000000        129.0803    
   2187.50000000000        140.5562    
   2218.75000000000        97.29546    
   2250.00000000000        66.82020    
   2281.25000000000        60.73779    
   2312.50000000000        113.6494    
   2343.75000000000        211.5522    
   2375.00000000000        17.32591    
   2406.25000000000        52.33025    
   2437.50000000000        134.6974    
   2468.75000000000        23.31488    
   2500.00000000000        179.7810    
   2531.25000000000        10.74087    
   2562.50000000000        91.53972    
   2593.75000000000        124.7248    
   2625.00000000000        60.32920    
   2656.25000000000        58.76104    
   2687.50000000000        170.7257    
   2718.75000000000        72.86497    
   2750.00000000000        72.05606    
   2781.25000000000        53.87702    
   2812.50000000000        178.1441    
   2843.75000000000        81.17932    
   2875.00000000000        151.9863    
   2906.25000000000        37.97169    
   2937.50000000000        268.7714    
   2968.75000000000        119.8611    
   3000.00000000000        155.9014    
   3031.25000000000        236.8448    
   3062.50000000000        273.3414    
   3093.75000000000        233.5103    
   3125.00000000000        145.6526    
   3156.25000000000        300.0706    
   3187.50000000000        154.7450    
   3218.75000000000        307.1825    
   3250.00000000000        240.3565    
   3281.25000000000        297.8788    
   3312.50000000000        272.2296    
   3343.75000000000        164.5745    
   3375.00000000000        166.9941    
   3406.25000000000        511.1831    
   3437.50000000000        178.6816    
   3468.75000000000        360.4819    
   3500.00000000000        368.9434    
   3531.25000000000        80.39922    
   3562.50000000000        356.0780    
   3593.75000000000        228.4636    
   3625.00000000000        189.0768    
   3656.25000000000        419.3124    
   3687.50000000000        335.4450    
   3718.75000000000        403.4551    
   3750.00000000000        274.1779    
   3781.25000000000        511.9366    
   3812.50000000000        311.8732    
   3843.75000000000        484.2496    
   3875.00000000000        402.6228    
   3906.25000000000        265.4720    
   3937.50000000000        579.8248    
   3968.75000000000        501.2871    
