  -2000.00000000000        3.761265    
  -1984.37500000000        13.70332    
  -1968.75000000000        10.49212    
  -1953.12500000000        21.65624    
  -1937.50000000000        41.31174    
  -1921.87500000000        13.64228    
  -1906.25000000000        5.929167    
  -1890.62500000000        15.55736    
  -1875.00000000000        41.39562    
  -1859.37500000000        8.167048    
  -1843.75000000000        9.992878    
  -1828.12500000000        22.61651    
  -1812.50000000000        20.74978    
  -1796.87500000000        12.00778    
  -1781.25000000000        10.38279    
  -1765.62500000000        5.078509    
  -1750.00000000000        62.63272    
  -1734.37500000000        15.03276    
  -1718.75000000000        12.56394    
  -1703.12500000000        9.310876    
  -1687.50000000000        12.11887    
  -1671.87500000000        31.47117    
  -1656.25000000000        25.09430    
  -1640.62500000000        23.93508    
  -1625.00000000000        26.14749    
  -1609.37500000000        9.119894    
  -1593.75000000000        19.02947    
  -1578.12500000000        17.58937    
  -1562.50000000000        26.11621    
  -1546.87500000000        71.35741    
  -1531.25000000000        17.82986    
  -1515.62500000000        16.17384    
  -1500.00000000000        22.68655    
  -1484.37500000000        45.55142    
  -1468.75000000000        21.23377    
  -1453.12500000000        17.47403    
  -1437.50000000000        18.55616    
  -1421.87500000000        38.86061    
  -1406.25000000000        24.83991    
  -1390.62500000000        5.520651    
  -1375.00000000000        7.814294    
  -1359.37500000000        51.21028    
  -1343.75000000000        26.32960    
  -1328.12500000000        20.63336    
  -1312.50000000000        5.947308    
  -1296.87500000000        12.20397    
  -1281.25000000000        42.61336    
  -1265.62500000000        24.78829    
  -1250.00000000000        59.09005    
  -1234.37500000000        33.05064    
  -1218.75000000000        15.94835    
  -1203.12500000000        44.94686    
  -1187.50000000000        39.89692    
  -1171.87500000000        142.6116    
  -1156.25000000000        126.5622    
  -1140.62500000000        22.98180    
  -1125.00000000000        17.68618    
  -1109.37500000000        6.985000    
  -1093.75000000000        25.97829    
  -1078.12500000000        4.932635    
  -1062.50000000000        3.382954    
  -1046.87500000000        4.244483    
  -1031.25000000000        32.08360    
  -1015.62500000000        5.837442    
  -1000.00000000000        13.55992    
  -984.375000000000        13.17031    
  -968.750000000000        165.6139    
  -953.125000000000        55.99888    
  -937.500000000000        35.78245    
  -921.875000000000        74.15681    
  -906.250000000000        38.32066    
  -890.625000000000        14.15361    
  -875.000000000000        12.86750    
  -859.375000000000        23.94791    
  -843.750000000000        33.53468    
  -828.125000000000        31.99847    
  -812.500000000000        39.69369    
  -796.875000000000        42.68631    
  -781.250000000000        112.0152    
  -765.625000000000        89.05065    
  -750.000000000000        32.70013    
  -734.375000000000        23.30053    
  -718.750000000000        54.17712    
  -703.125000000000        26.82148    
  -687.500000000000        37.33386    
  -671.875000000000        51.77391    
  -656.250000000000        65.86624    
  -640.625000000000        51.22824    
  -625.000000000000        103.8381    
  -609.375000000000        156.6201    
  -593.750000000000        312.8887    
  -578.125000000000        950.3970    
  -562.500000000000        173.7852    
  -546.875000000000        56.81913    
  -531.250000000000        83.84976    
  -515.625000000000        70.24462    
  -500.000000000000        29.30440    
  -484.375000000000        6.413170    
  -468.750000000000        28.51180    
  -453.125000000000        23.64537    
  -437.500000000000        34.65215    
  -421.875000000000        29.95615    
  -406.250000000000        86.43269    
  -390.625000000000        342.7864    
  -375.000000000000        81.01115    
  -359.375000000000        51.99384    
  -343.750000000000        31.24361    
  -328.125000000000        44.07230    
  -312.500000000000        39.59653    
  -296.875000000000        60.36148    
  -281.250000000000        38.09661    
  -265.625000000000        70.45344    
  -250.000000000000        91.45187    
  -234.375000000000        90.80458    
  -218.750000000000        172.3883    
  -203.125000000000        603.0953    
  -187.500000000000        724.7086    
  -171.875000000000        241.2155    
  -156.250000000000        125.4429    
  -140.625000000000        84.18290    
  -125.000000000000        64.83768    
  -109.375000000000        65.59182    
  -93.7500000000000        39.78340    
  -78.1250000000000        73.35620    
  -62.5000000000000        46.67638    
  -46.8750000000000        34.34638    
  -31.2500000000000        13.85018    
  -15.6250000000000        115.6647    
  0.000000000000000E+000   21236.05    
   15.6250000000000        132.6099    
   31.2500000000000        56.29107    
   46.8750000000000        84.11888    
   62.5000000000000        11.91032    
   78.1250000000000        70.30846    
   93.7500000000000        49.12729    
   109.375000000000        31.83000    
   125.000000000000        55.05913    
   140.625000000000        52.69347    
   156.250000000000        66.48479    
   171.875000000000        103.0095    
   187.500000000000        262.7954    
   203.125000000000        152.2221    
   218.750000000000        88.86859    
   234.375000000000        49.12342    
   250.000000000000        87.52242    
   265.625000000000        29.89549    
   281.250000000000        39.12997    
   296.875000000000        20.89848    
   312.500000000000        52.47317    
   328.125000000000        9.928669    
   343.750000000000        25.28646    
   359.375000000000        73.84956    
   375.000000000000        199.1524    
   390.625000000000        512.1168    
   406.250000000000        129.8625    
   421.875000000000        62.67213    
   437.500000000000        72.21731    
   453.125000000000        36.99062    
   468.750000000000        22.54245    
   484.375000000000        27.99078    
   500.000000000000        53.65064    
   515.625000000000        60.38221    
   531.250000000000        80.38388    
   546.875000000000        72.72664    
   562.500000000000        157.5184    
   578.125000000000        998.7814    
   593.750000000000        371.6878    
   609.375000000000        163.2553    
   625.000000000000        109.5358    
   640.625000000000        78.53300    
   656.250000000000        67.98570    
   671.875000000000        64.78848    
   687.500000000000        60.15496    
   703.125000000000        62.24983    
   718.750000000000        50.90421    
   734.375000000000        58.67378    
   750.000000000000        67.59109    
   765.625000000000        212.0684    
   781.250000000000        239.1316    
   796.875000000000        45.60614    
   812.500000000000        31.03503    
   828.125000000000        27.72919    
   843.750000000000        17.24988    
   859.375000000000        7.924129    
   875.000000000000        14.82580    
   890.625000000000        21.53455    
   906.250000000000        38.72937    
   921.875000000000        66.12133    
   937.500000000000        27.05621    
   953.125000000000        32.55096    
   968.750000000000        58.95275    
   984.375000000000        17.97735    
   1000.00000000000        4.894313    
   1015.62500000000        21.48829    
   1031.25000000000        10.04543    
   1046.87500000000        24.84496    
   1062.50000000000        9.102260    
   1078.12500000000        10.57759    
   1093.75000000000        24.96188    
   1109.37500000000        30.09750    
   1125.00000000000        9.887246    
   1140.62500000000        29.23317    
   1156.25000000000        101.3959    
   1171.87500000000        113.6370    
   1187.50000000000        46.23202    
   1203.12500000000        39.76923    
   1218.75000000000        6.395294    
   1234.37500000000        9.329178    
   1250.00000000000        58.50502    
   1265.62500000000        14.06768    
   1281.25000000000        14.67386    
   1296.87500000000        20.25966    
   1312.50000000000        7.349103    
   1328.12500000000        11.89644    
   1343.75000000000        9.929709    
   1359.37500000000        53.35254    
   1375.00000000000        8.641334    
   1390.62500000000        20.41195    
   1406.25000000000        19.42299    
   1421.87500000000        18.98405    
   1437.50000000000        2.723269    
   1453.12500000000        10.96520    
   1468.75000000000        14.52272    
   1484.37500000000        24.70345    
   1500.00000000000        38.58284    
   1515.62500000000        22.31695    
   1531.25000000000        11.42865    
   1546.87500000000        68.43972    
   1562.50000000000        39.41832    
   1578.12500000000        41.05313    
   1593.75000000000        15.17033    
   1609.37500000000        11.35415    
   1625.00000000000        10.48494    
   1640.62500000000        9.413280    
   1656.25000000000        16.38324    
   1671.87500000000        44.88995    
   1687.50000000000        8.799590    
   1703.12500000000        19.34978    
   1718.75000000000        13.01062    
   1734.37500000000        10.00562    
   1750.00000000000        29.05571    
   1765.62500000000        16.98194    
   1781.25000000000        18.01946    
   1796.87500000000        19.39821    
   1812.50000000000        9.582087    
   1828.12500000000        27.22308    
   1843.75000000000        18.64357    
   1859.37500000000        5.757536    
   1875.00000000000        26.53127    
   1890.62500000000        21.47898    
   1906.25000000000        9.330446    
   1921.87500000000        34.89278    
   1937.50000000000        14.55328    
   1953.12500000000        18.22789    
   1968.75000000000        13.08238    
   1984.37500000000        10.22123    
