  -4000.00000000000        195.0303    
  -3968.75000000000        360.4146    
  -3937.50000000000        456.9138    
  -3906.25000000000        215.0465    
  -3875.00000000000        325.7916    
  -3843.75000000000        366.1939    
  -3812.50000000000        262.3911    
  -3781.25000000000        388.0877    
  -3750.00000000000        235.5061    
  -3718.75000000000        299.4173    
  -3687.50000000000        274.7420    
  -3656.25000000000        335.7529    
  -3625.00000000000        156.1848    
  -3593.75000000000        210.6069    
  -3562.50000000000        237.1202    
  -3531.25000000000        83.37096    
  -3500.00000000000        269.0232    
  -3468.75000000000        252.3090    
  -3437.50000000000        146.9032    
  -3406.25000000000        416.6425    
  -3375.00000000000        125.6263    
  -3343.75000000000        121.2096    
  -3312.50000000000        231.1839    
  -3281.25000000000        214.0187    
  -3250.00000000000        183.4861    
  -3218.75000000000        224.6291    
  -3187.50000000000        101.1910    
  -3156.25000000000        238.3463    
  -3125.00000000000        140.8889    
  -3093.75000000000        189.9674    
  -3062.50000000000        219.7848    
  -3031.25000000000        172.8031    
  -3000.00000000000        107.7026    
  -2968.75000000000        106.4931    
  -2937.50000000000        194.7293    
  -2906.25000000000        26.30555    
  -2875.00000000000        127.5247    
  -2843.75000000000        59.45541    
  -2812.50000000000        138.2009    
  -2781.25000000000        47.38734    
  -2750.00000000000        68.36945    
  -2718.75000000000        70.03019    
  -2687.50000000000        131.4396    
  -2656.25000000000        52.85043    
  -2625.00000000000        33.20741    
  -2593.75000000000        94.43066    
  -2562.50000000000        61.94416    
  -2531.25000000000        17.93545    
  -2500.00000000000        138.0302    
  -2468.75000000000        13.18228    
  -2437.50000000000        92.90560    
  -2406.25000000000        51.98265    
  -2375.00000000000        21.94358    
  -2343.75000000000        139.5099    
  -2312.50000000000        84.82224    
  -2281.25000000000        39.41975    
  -2250.00000000000        50.19369    
  -2218.75000000000        70.90403    
  -2187.50000000000        103.4581    
  -2156.25000000000        104.8332    
  -2125.00000000000        63.18845    
  -2093.75000000000        83.14612    
  -2062.50000000000        64.04516    
  -2031.25000000000        17.06528    
  -2000.00000000000        43.48898    
  -1968.75000000000        66.03040    
  -1937.50000000000        50.36124    
  -1906.25000000000        31.83160    
  -1875.00000000000        77.92252    
  -1843.75000000000        93.84365    
  -1812.50000000000        245.3091    
  -1781.25000000000        288.7608    
  -1750.00000000000        145.9951    
  -1718.75000000000        102.0600    
  -1687.50000000000        143.1011    
  -1656.25000000000        164.3797    
  -1625.00000000000        100.5812    
  -1593.75000000000        53.11037    
  -1562.50000000000        198.4524    
  -1531.25000000000        113.7086    
  -1500.00000000000        37.19543    
  -1468.75000000000        73.82181    
  -1437.50000000000        43.86980    
  -1406.25000000000        84.04858    
  -1375.00000000000        127.7691    
  -1343.75000000000        104.4223    
  -1312.50000000000        84.84348    
  -1281.25000000000        73.90123    
  -1250.00000000000        223.2382    
  -1218.75000000000        42.13562    
  -1187.50000000000        35.57287    
  -1156.25000000000        144.7612    
  -1125.00000000000        31.63740    
  -1093.75000000000        87.79696    
  -1062.50000000000        158.3295    
  -1031.25000000000        61.16540    
  -1000.00000000000        88.73980    
  -968.750000000000        89.69495    
  -937.500000000000        31.61750    
  -906.250000000000        161.7363    
  -875.000000000000        82.46873    
  -843.750000000000        127.8511    
  -812.500000000000        221.9778    
  -781.250000000000        261.4737    
  -750.000000000000        206.2558    
  -718.750000000000        268.1701    
  -687.500000000000        231.5793    
  -656.250000000000        404.4463    
  -625.000000000000        40.72949    
  -593.750000000000        298.2567    
  -562.500000000000        110.4727    
  -531.250000000000        196.0022    
  -500.000000000000        302.6187    
  -468.750000000000        71.60686    
  -437.500000000000        228.2405    
  -406.250000000000        281.2049    
  -375.000000000000        634.0042    
  -343.750000000000        1043.310    
  -312.500000000000        544.9017    
  -281.250000000000        736.1465    
  -250.000000000000        383.3872    
  -218.750000000000        39.29890    
  -187.500000000000        353.0999    
  -156.250000000000        1341.025    
  -125.000000000000        1314.148    
  -93.7500000000000        466.4096    
  -62.5000000000000        1297.891    
  -31.2500000000000        2285.307    
  0.000000000000000E+000   5970.733    
   31.2500000000000        2268.956    
   62.5000000000000        1303.709    
   93.7500000000000        471.7194    
   125.000000000000        1325.497    
   156.250000000000        1342.853    
   187.500000000000        355.2809    
   218.750000000000        30.26884    
   250.000000000000        368.8749    
   281.250000000000        745.2001    
   312.500000000000        539.3340    
   343.750000000000        1031.714    
   375.000000000000        632.8302    
   406.250000000000        279.4978    
   437.500000000000        225.6522    
   468.750000000000        76.85616    
   500.000000000000        305.4659    
   531.250000000000        200.5084    
   562.500000000000        120.6903    
   593.750000000000        297.2584    
   625.000000000000        35.73059    
   656.250000000000        406.9490    
   687.500000000000        225.8544    
   718.750000000000        264.2007    
   750.000000000000        214.3470    
   781.250000000000        272.5102    
   812.500000000000        215.7960    
   843.750000000000        126.3399    
   875.000000000000        84.09802    
   906.250000000000        163.6506    
   937.500000000000        35.03511    
   968.750000000000        84.60279    
   1000.00000000000        94.02355    
   1031.25000000000        64.61383    
   1062.50000000000        159.1660    
   1093.75000000000        80.04539    
   1125.00000000000        27.30359    
   1156.25000000000        139.1091    
   1187.50000000000        38.12158    
   1218.75000000000        41.78481    
   1250.00000000000        223.2937    
   1281.25000000000        73.48767    
   1312.50000000000        83.58000    
   1343.75000000000        100.2370    
   1375.00000000000        130.3928    
   1406.25000000000        79.55132    
   1437.50000000000        42.34867    
   1468.75000000000        71.65446    
   1500.00000000000        36.25057    
   1531.25000000000        114.2731    
   1562.50000000000        199.0780    
   1593.75000000000        55.44572    
   1625.00000000000        99.56600    
   1656.25000000000        161.9276    
   1687.50000000000        141.5208    
   1718.75000000000        99.91290    
   1750.00000000000        145.4422    
   1781.25000000000        288.7069    
   1812.50000000000        242.3829    
   1843.75000000000        90.86425    
   1875.00000000000        79.43259    
   1906.25000000000        31.14945    
   1937.50000000000        48.69000    
   1968.75000000000        66.71400    
   2000.00000000000        41.34174    
   2031.25000000000        17.32476    
   2062.50000000000        65.38785    
   2093.75000000000        82.54609    
   2125.00000000000        62.47732    
   2156.25000000000        105.1136    
   2187.50000000000        103.1101    
   2218.75000000000        69.60742    
   2250.00000000000        52.43626    
   2281.25000000000        40.54637    
   2312.50000000000        84.72061    
   2343.75000000000        138.6542    
   2375.00000000000        22.10003    
   2406.25000000000        50.58425    
   2437.50000000000        92.89358    
   2468.75000000000        12.54669    
   2500.00000000000        137.9820    
   2531.25000000000        17.57472    
   2562.50000000000        61.69385    
   2593.75000000000        94.31174    
   2625.00000000000        33.29424    
   2656.25000000000        52.18548    
   2687.50000000000        132.8456    
   2718.75000000000        70.87493    
   2750.00000000000        68.03030    
   2781.25000000000        47.08082    
   2812.50000000000        138.6304    
   2843.75000000000        59.63419    
   2875.00000000000        129.6162    
   2906.25000000000        26.27892    
   2937.50000000000        195.2715    
   2968.75000000000        106.6395    
   3000.00000000000        108.9669    
   3031.25000000000        174.2153    
   3062.50000000000        218.6798    
   3093.75000000000        189.1811    
   3125.00000000000        139.4867    
   3156.25000000000        237.8025    
   3187.50000000000        101.5979    
   3218.75000000000        227.1362    
   3250.00000000000        185.1116    
   3281.25000000000        215.4115    
   3312.50000000000        230.5517    
   3343.75000000000        121.5640    
   3375.00000000000        126.9060    
   3406.25000000000        417.8990    
   3437.50000000000        146.0209    
   3468.75000000000        253.7634    
   3500.00000000000        268.1902    
   3531.25000000000        83.82318    
   3562.50000000000        238.2617    
   3593.75000000000        208.8871    
   3625.00000000000        153.9313    
   3656.25000000000        335.3550    
   3687.50000000000        273.6963    
   3718.75000000000        298.8204    
   3750.00000000000        234.4473    
   3781.25000000000        390.4632    
   3812.50000000000        261.2126    
   3843.75000000000        367.4909    
   3875.00000000000        324.1189    
   3906.25000000000        213.9098    
   3937.50000000000        455.6079    
   3968.75000000000        361.4312    
