  -4000.00000000000        203.1149    
  -3968.75000000000        370.4536    
  -3937.50000000000        480.2831    
  -3906.25000000000        220.9125    
  -3875.00000000000        346.3515    
  -3843.75000000000        377.3659    
  -3812.50000000000        275.1758    
  -3781.25000000000        399.1314    
  -3750.00000000000        250.1221    
  -3718.75000000000        312.1346    
  -3687.50000000000        283.8533    
  -3656.25000000000        348.9634    
  -3625.00000000000        163.2603    
  -3593.75000000000        219.6158    
  -3562.50000000000        239.0313    
  -3531.25000000000        89.80663    
  -3500.00000000000        278.4898    
  -3468.75000000000        256.5562    
  -3437.50000000000        158.9009    
  -3406.25000000000        436.6127    
  -3375.00000000000        128.9771    
  -3343.75000000000        127.0466    
  -3312.50000000000        249.3583    
  -3281.25000000000        222.8300    
  -3250.00000000000        195.3779    
  -3218.75000000000        229.5305    
  -3187.50000000000        98.11729    
  -3156.25000000000        247.7257    
  -3125.00000000000        149.7885    
  -3093.75000000000        195.7708    
  -3062.50000000000        227.3504    
  -3031.25000000000        174.0056    
  -3000.00000000000        107.7796    
  -2968.75000000000        117.9999    
  -2937.50000000000        206.8858    
  -2906.25000000000        27.26860    
  -2875.00000000000        139.8949    
  -2843.75000000000        61.28011    
  -2812.50000000000        143.7245    
  -2781.25000000000        53.23137    
  -2750.00000000000        69.80089    
  -2718.75000000000        70.60592    
  -2687.50000000000        138.0596    
  -2656.25000000000        56.52362    
  -2625.00000000000        28.60074    
  -2593.75000000000        95.77207    
  -2562.50000000000        55.72873    
  -2531.25000000000        22.20761    
  -2500.00000000000        139.1873    
  -2468.75000000000        8.176252    
  -2437.50000000000        96.58296    
  -2406.25000000000        54.93788    
  -2375.00000000000        20.62721    
  -2343.75000000000        144.3169    
  -2312.50000000000        86.80026    
  -2281.25000000000        39.15061    
  -2250.00000000000        49.94844    
  -2218.75000000000        75.13193    
  -2187.50000000000        107.2591    
  -2156.25000000000        111.3272    
  -2125.00000000000        69.53258    
  -2093.75000000000        92.19730    
  -2062.50000000000        65.09406    
  -2031.25000000000        25.12623    
  -2000.00000000000        38.58605    
  -1968.75000000000        68.21741    
  -1937.50000000000        45.10575    
  -1906.25000000000        30.65656    
  -1875.00000000000        78.98389    
  -1843.75000000000        98.42114    
  -1812.50000000000        261.6628    
  -1781.25000000000        310.2159    
  -1750.00000000000        146.6734    
  -1718.75000000000        111.9723    
  -1687.50000000000        147.0866    
  -1656.25000000000        171.3657    
  -1625.00000000000        106.6042    
  -1593.75000000000        53.44255    
  -1562.50000000000        209.1396    
  -1531.25000000000        125.7134    
  -1500.00000000000        38.41491    
  -1468.75000000000        80.11994    
  -1437.50000000000        45.07338    
  -1406.25000000000        89.92660    
  -1375.00000000000        134.4379    
  -1343.75000000000        107.9688    
  -1312.50000000000        82.94136    
  -1281.25000000000        79.81008    
  -1250.00000000000        223.9609    
  -1218.75000000000        42.32241    
  -1187.50000000000        42.70124    
  -1156.25000000000        146.3097    
  -1125.00000000000        31.25897    
  -1093.75000000000        88.63133    
  -1062.50000000000        176.1758    
  -1031.25000000000        71.09962    
  -1000.00000000000        96.56243    
  -968.750000000000        95.32262    
  -937.500000000000        29.65226    
  -906.250000000000        164.7544    
  -875.000000000000        83.72776    
  -843.750000000000        134.9763    
  -812.500000000000        225.0443    
  -781.250000000000        287.4535    
  -750.000000000000        215.5290    
  -718.750000000000        273.0031    
  -687.500000000000        239.3526    
  -656.250000000000        429.1000    
  -625.000000000000        41.40720    
  -593.750000000000        305.2379    
  -562.500000000000        120.6787    
  -531.250000000000        204.5666    
  -500.000000000000        311.5504    
  -468.750000000000        77.30364    
  -437.500000000000        252.5088    
  -406.250000000000        285.6902    
  -375.000000000000        673.9506    
  -343.750000000000        1088.118    
  -312.500000000000        564.4246    
  -281.250000000000        787.6451    
  -250.000000000000        404.8415    
  -218.750000000000        38.02869    
  -187.500000000000        365.1902    
  -156.250000000000        1375.497    
  -125.000000000000        1360.776    
  -93.7500000000000        486.7377    
  -62.5000000000000        1331.004    
  -31.2500000000000        2394.220    
  0.000000000000000E+000   6041.789    
   31.2500000000000        2367.234    
   62.5000000000000        1370.793    
   93.7500000000000        513.1995    
   125.000000000000        1388.941    
   156.250000000000        1417.417    
   187.500000000000        375.2627    
   218.750000000000        12.83509    
   250.000000000000        379.4049    
   281.250000000000        764.7886    
   312.500000000000        555.1809    
   343.750000000000        1069.926    
   375.000000000000        653.0711    
   406.250000000000        286.9503    
   437.500000000000        223.4818    
   468.750000000000        78.00768    
   500.000000000000        309.5715    
   531.250000000000        200.3761    
   562.500000000000        133.3680    
   593.750000000000        311.2636    
   625.000000000000        36.01218    
   656.250000000000        422.8472    
   687.500000000000        244.3472    
   718.750000000000        279.8159    
   750.000000000000        217.0704    
   781.250000000000        289.6597    
   812.500000000000        216.8108    
   843.750000000000        123.6335    
   875.000000000000        87.35535    
   906.250000000000        166.9319    
   937.500000000000        32.78348    
   968.750000000000        86.68630    
   1000.00000000000        95.28223    
   1031.25000000000        72.83662    
   1062.50000000000        171.8834    
   1093.75000000000        89.67990    
   1125.00000000000        37.02899    
   1156.25000000000        145.0909    
   1187.50000000000        38.89174    
   1218.75000000000        36.30807    
   1250.00000000000        236.4246    
   1281.25000000000        63.93987    
   1312.50000000000        85.43777    
   1343.75000000000        109.4303    
   1375.00000000000        137.1312    
   1406.25000000000        83.56403    
   1437.50000000000        44.84441    
   1468.75000000000        72.18821    
   1500.00000000000        34.21633    
   1531.25000000000        112.8389    
   1562.50000000000        200.2821    
   1593.75000000000        49.99044    
   1625.00000000000        106.0072    
   1656.25000000000        164.4067    
   1687.50000000000        144.7405    
   1718.75000000000        102.3988    
   1750.00000000000        152.0543    
   1781.25000000000        294.9433    
   1812.50000000000        250.6411    
   1843.75000000000        90.10629    
   1875.00000000000        83.05744    
   1906.25000000000        31.42678    
   1937.50000000000        49.08949    
   1968.75000000000        70.18304    
   2000.00000000000        48.16381    
   2031.25000000000        25.89836    
   2062.50000000000        64.21036    
   2093.75000000000        84.86227    
   2125.00000000000        67.39659    
   2156.25000000000        109.9892    
   2187.50000000000        102.8032    
   2218.75000000000        76.41062    
   2250.00000000000        50.94811    
   2281.25000000000        40.60446    
   2312.50000000000        89.40668    
   2343.75000000000        151.6281    
   2375.00000000000        24.71356    
   2406.25000000000        49.88578    
   2437.50000000000        95.24020    
   2468.75000000000        16.18753    
   2500.00000000000        139.3918    
   2531.25000000000        21.41681    
   2562.50000000000        66.08599    
   2593.75000000000        97.94269    
   2625.00000000000        35.92252    
   2656.25000000000        51.99531    
   2687.50000000000        138.3567    
   2718.75000000000        70.82158    
   2750.00000000000        70.87481    
   2781.25000000000        46.62824    
   2812.50000000000        144.5701    
   2843.75000000000        60.79527    
   2875.00000000000        147.6813    
   2906.25000000000        24.14503    
   2937.50000000000        207.6216    
   2968.75000000000        109.7321    
   3000.00000000000        124.3722    
   3031.25000000000        187.8496    
   3062.50000000000        228.3166    
   3093.75000000000        193.1145    
   3125.00000000000        143.4194    
   3156.25000000000        245.8196    
   3187.50000000000        104.5887    
   3218.75000000000        243.0951    
   3250.00000000000        193.6632    
   3281.25000000000        230.2535    
   3312.50000000000        239.0477    
   3343.75000000000        128.9678    
   3375.00000000000        138.7284    
   3406.25000000000        439.4054    
   3437.50000000000        145.8168    
   3468.75000000000        270.7879    
   3500.00000000000        277.9677    
   3531.25000000000        88.39527    
   3562.50000000000        257.1519    
   3593.75000000000        210.5223    
   3625.00000000000        149.5121    
   3656.25000000000        347.0594    
   3687.50000000000        287.0150    
   3718.75000000000        309.4382    
   3750.00000000000        242.6188    
   3781.25000000000        414.6106    
   3812.50000000000        266.9748    
   3843.75000000000        385.8652    
   3875.00000000000        329.4124    
   3906.25000000000        223.9978    
   3937.50000000000        470.9378    
   3968.75000000000        374.9094    
