  -2000.00000000000        5.361723    
  -1984.37500000000        3.110437    
  -1968.75000000000        10.06793    
  -1953.12500000000        9.126239    
  -1937.50000000000        9.076998    
  -1921.87500000000        27.57373    
  -1906.25000000000        8.884394    
  -1890.62500000000        11.21359    
  -1875.00000000000        22.50862    
  -1859.37500000000        10.59391    
  -1843.75000000000        12.79419    
  -1828.12500000000        12.48285    
  -1812.50000000000        3.824653    
  -1796.87500000000        6.671086    
  -1781.25000000000        14.32893    
  -1765.62500000000        12.39842    
  -1750.00000000000        14.25022    
  -1734.37500000000        17.41749    
  -1718.75000000000        9.379139    
  -1703.12500000000        9.500949    
  -1687.50000000000        15.78939    
  -1671.87500000000        12.58670    
  -1656.25000000000        9.607999    
  -1640.62500000000        6.255775    
  -1625.00000000000        7.890710    
  -1609.37500000000       0.7381369    
  -1593.75000000000        11.36865    
  -1578.12500000000        11.50471    
  -1562.50000000000        6.689537    
  -1546.87500000000        54.41167    
  -1531.25000000000        23.35725    
  -1515.62500000000        12.16633    
  -1500.00000000000        23.97478    
  -1484.37500000000        17.86528    
  -1468.75000000000        5.580408    
  -1453.12500000000        7.355693    
  -1437.50000000000        8.250365    
  -1421.87500000000        11.67797    
  -1406.25000000000        10.03084    
  -1390.62500000000        7.307335    
  -1375.00000000000        9.377313    
  -1359.37500000000        33.80467    
  -1343.75000000000        32.13517    
  -1328.12500000000        13.86285    
  -1312.50000000000        8.697863    
  -1296.87500000000        28.85417    
  -1281.25000000000        7.697539    
  -1265.62500000000        8.196929    
  -1250.00000000000        31.46041    
  -1234.37500000000        19.52050    
  -1218.75000000000        15.74395    
  -1203.12500000000        19.00691    
  -1187.50000000000        22.86793    
  -1171.87500000000        71.00874    
  -1156.25000000000        49.14710    
  -1140.62500000000        18.90830    
  -1125.00000000000        2.777743    
  -1109.37500000000        15.79268    
  -1093.75000000000        18.82148    
  -1078.12500000000        9.930485    
  -1062.50000000000        11.26603    
  -1046.87500000000        15.56846    
  -1031.25000000000        11.01894    
  -1015.62500000000        13.09358    
  -1000.00000000000        4.105143    
  -984.375000000000        25.44664    
  -968.750000000000        53.20827    
  -953.125000000000        27.36852    
  -937.500000000000        10.97830    
  -921.875000000000        33.83377    
  -906.250000000000        17.79030    
  -890.625000000000        15.17724    
  -875.000000000000        8.276776    
  -859.375000000000        4.876028    
  -843.750000000000        8.646182    
  -828.125000000000        12.31485    
  -812.500000000000        15.88457    
  -796.875000000000        18.35126    
  -781.250000000000        77.96624    
  -765.625000000000        73.92355    
  -750.000000000000        23.33122    
  -734.375000000000        21.02179    
  -718.750000000000        23.87205    
  -703.125000000000        25.22503    
  -687.500000000000        21.92303    
  -671.875000000000        24.09369    
  -656.250000000000        27.01672    
  -640.625000000000        37.62670    
  -625.000000000000        57.59478    
  -609.375000000000        82.46700    
  -593.750000000000        172.5836    
  -578.125000000000        468.2349    
  -562.500000000000        81.10261    
  -546.875000000000        20.30451    
  -531.250000000000        39.82376    
  -515.625000000000        31.91643    
  -500.000000000000        25.28406    
  -484.375000000000        3.084359    
  -468.750000000000        11.78506    
  -453.125000000000        18.29327    
  -437.500000000000        28.42767    
  -421.875000000000        25.00380    
  -406.250000000000        48.48395    
  -390.625000000000        171.3248    
  -375.000000000000        55.16149    
  -359.375000000000        31.87562    
  -343.750000000000        5.475123    
  -328.125000000000        10.30475    
  -312.500000000000        37.22552    
  -296.875000000000        22.03006    
  -281.250000000000        20.24808    
  -265.625000000000        21.60557    
  -250.000000000000        28.95604    
  -234.375000000000        29.20321    
  -218.750000000000        57.68431    
  -203.125000000000        210.8324    
  -187.500000000000        225.3743    
  -171.875000000000        80.53484    
  -156.250000000000        40.64785    
  -140.625000000000        32.31195    
  -125.000000000000        28.02783    
  -109.375000000000        16.78032    
  -93.7500000000000        3.596007    
  -78.1250000000000        37.92135    
  -62.5000000000000        8.332028    
  -46.8750000000000        19.02416    
  -31.2500000000000        13.60147    
  -15.6250000000000        52.89446    
  0.000000000000000E+000   10656.22    
   15.6250000000000        51.43371    
   31.2500000000000        16.23142    
   46.8750000000000        30.92418    
   62.5000000000000        8.673205    
   78.1250000000000        35.83965    
   93.7500000000000        9.084140    
   109.375000000000        5.212133    
   125.000000000000        36.00592    
   140.625000000000        28.62715    
   156.250000000000        32.98724    
   171.875000000000        55.33362    
   187.500000000000        159.3765    
   203.125000000000        131.9718    
   218.750000000000        45.03630    
   234.375000000000        18.10464    
   250.000000000000        31.33098    
   265.625000000000        14.03924    
   281.250000000000        15.23389    
   296.875000000000        13.46212    
   312.500000000000        15.76265    
   328.125000000000        7.395652    
   343.750000000000        4.627285    
   359.375000000000        31.03295    
   375.000000000000        81.42372    
   390.625000000000        196.7759    
   406.250000000000        52.56927    
   421.875000000000        19.21390    
   437.500000000000        34.36187    
   453.125000000000        31.75367    
   468.750000000000        17.71607    
   484.375000000000        15.25273    
   500.000000000000        20.39635    
   515.625000000000        47.69384    
   531.250000000000        43.25372    
   546.875000000000        37.99467    
   562.500000000000        83.89954    
   578.125000000000        507.2540    
   593.750000000000        188.2329    
   609.375000000000        81.82508    
   625.000000000000        55.86934    
   640.625000000000        37.19241    
   656.250000000000        37.26292    
   671.875000000000        33.95925    
   687.500000000000        30.59892    
   703.125000000000        29.93200    
   718.750000000000        25.76333    
   734.375000000000        26.29619    
   750.000000000000        27.58170    
   765.625000000000        98.67900    
   781.250000000000        111.5533    
   796.875000000000        27.42689    
   812.500000000000        22.06528    
   828.125000000000        7.813759    
   843.750000000000        24.89962    
   859.375000000000        2.439634    
   875.000000000000        16.53509    
   890.625000000000        12.20290    
   906.250000000000        24.50364    
   921.875000000000        20.87276    
   937.500000000000        15.67510    
   953.125000000000        14.48205    
   968.750000000000        52.95581    
   984.375000000000        10.57962    
   1000.00000000000        9.236085    
   1015.62500000000        6.884727    
   1031.25000000000        9.172554    
   1046.87500000000        2.600693    
   1062.50000000000        3.945635    
   1078.12500000000        4.572423    
   1093.75000000000        17.03530    
   1109.37500000000        17.66301    
   1125.00000000000        4.618312    
   1140.62500000000        16.82399    
   1156.25000000000        59.23623    
   1171.87500000000        67.21747    
   1187.50000000000        23.45914    
   1203.12500000000        22.90519    
   1218.75000000000        5.369369    
   1234.37500000000        18.17113    
   1250.00000000000        29.47476    
   1265.62500000000        9.643649    
   1281.25000000000        9.431081    
   1296.87500000000        15.55329    
   1312.50000000000        2.453600    
   1328.12500000000        8.446099    
   1343.75000000000        8.542728    
   1359.37500000000        29.89035    
   1375.00000000000        4.841263    
   1390.62500000000        5.025417    
   1406.25000000000        14.61407    
   1421.87500000000        15.28809    
   1437.50000000000        8.364123    
   1453.12500000000        18.13188    
   1468.75000000000        9.421403    
   1484.37500000000        35.22842    
   1500.00000000000        10.33635    
   1515.62500000000        5.119972    
   1531.25000000000        7.647850    
   1546.87500000000        36.51787    
   1562.50000000000        6.744166    
   1578.12500000000        13.25542    
   1593.75000000000        8.983525    
   1609.37500000000        7.560842    
   1625.00000000000        8.010854    
   1640.62500000000        4.116432    
   1656.25000000000        9.712372    
   1671.87500000000        22.92066    
   1687.50000000000        13.76158    
   1703.12500000000        5.200629    
   1718.75000000000        11.25260    
   1734.37500000000        10.79283    
   1750.00000000000        31.88624    
   1765.62500000000        2.914737    
   1781.25000000000        11.45202    
   1796.87500000000        11.85759    
   1812.50000000000        7.401104    
   1828.12500000000        18.66794    
   1843.75000000000        4.636111    
   1859.37500000000       0.5943062    
   1875.00000000000        4.489884    
   1890.62500000000        7.639421    
   1906.25000000000        9.610095    
   1921.87500000000        16.15407    
   1937.50000000000        26.67175    
   1953.12500000000        13.83032    
   1968.75000000000        4.161228    
   1984.37500000000        2.150401    
