  -2000.00000000000        25.17276    
  -1984.37500000000        3.353312    
  -1968.75000000000        12.11096    
  -1953.12500000000        28.25287    
  -1937.50000000000        10.03697    
  -1921.87500000000        40.32410    
  -1906.25000000000        10.44396    
  -1890.62500000000        32.29319    
  -1875.00000000000        5.473513    
  -1859.37500000000        17.70958    
  -1843.75000000000       0.4465288    
  -1828.12500000000        22.66978    
  -1812.50000000000        26.62459    
  -1796.87500000000        2.986393    
  -1781.25000000000        12.24610    
  -1765.62500000000        13.23057    
  -1750.00000000000        60.66557    
  -1734.37500000000        2.814310    
  -1718.75000000000        19.54160    
  -1703.12500000000        7.783990    
  -1687.50000000000        3.623693    
  -1671.87500000000        34.83978    
  -1656.25000000000        19.59899    
  -1640.62500000000        18.55109    
  -1625.00000000000        24.04806    
  -1609.37500000000        10.70985    
  -1593.75000000000        7.843731    
  -1578.12500000000        21.07468    
  -1562.50000000000        38.01199    
  -1546.87500000000        52.97588    
  -1531.25000000000        9.770624    
  -1515.62500000000        12.11922    
  -1500.00000000000        28.70936    
  -1484.37500000000        42.17981    
  -1468.75000000000        15.51779    
  -1453.12500000000        4.032581    
  -1437.50000000000        10.36691    
  -1421.87500000000        5.597959    
  -1406.25000000000        10.22766    
  -1390.62500000000        12.57787    
  -1375.00000000000        3.054421    
  -1359.37500000000        44.60731    
  -1343.75000000000        30.02458    
  -1328.12500000000        14.15973    
  -1312.50000000000        12.30167    
  -1296.87500000000        28.04510    
  -1281.25000000000        36.62574    
  -1265.62500000000        3.115797    
  -1250.00000000000        42.59486    
  -1234.37500000000        26.41665    
  -1218.75000000000        17.80033    
  -1203.12500000000        42.87521    
  -1187.50000000000        37.49208    
  -1171.87500000000        112.4573    
  -1156.25000000000        107.3817    
  -1140.62500000000        22.46763    
  -1125.00000000000        11.26160    
  -1109.37500000000        12.70808    
  -1093.75000000000        16.44693    
  -1078.12500000000        16.59244    
  -1062.50000000000        10.02296    
  -1046.87500000000        12.79113    
  -1031.25000000000        16.37641    
  -1015.62500000000        7.400962    
  -1000.00000000000        6.009270    
  -984.375000000000        17.47627    
  -968.750000000000        109.9266    
  -953.125000000000        46.26774    
  -937.500000000000        25.23490    
  -921.875000000000        62.10410    
  -906.250000000000        15.29172    
  -890.625000000000        47.78945    
  -875.000000000000        17.65039    
  -859.375000000000        11.11189    
  -843.750000000000        36.36074    
  -828.125000000000        5.544783    
  -812.500000000000        30.56717    
  -796.875000000000        46.43430    
  -781.250000000000        129.1659    
  -765.625000000000        142.4655    
  -750.000000000000        41.33904    
  -734.375000000000        29.17447    
  -718.750000000000        41.67311    
  -703.125000000000        46.42522    
  -687.500000000000        48.44456    
  -671.875000000000        48.55300    
  -656.250000000000        61.15400    
  -640.625000000000        43.17863    
  -625.000000000000        89.25739    
  -609.375000000000        141.1060    
  -593.750000000000        262.4812    
  -578.125000000000        793.2993    
  -562.500000000000        157.7337    
  -546.875000000000        46.28597    
  -531.250000000000        64.46932    
  -515.625000000000        57.08007    
  -500.000000000000        40.53876    
  -484.375000000000        13.68572    
  -468.750000000000        17.60236    
  -453.125000000000        18.64869    
  -437.500000000000        42.20980    
  -421.875000000000        24.41082    
  -406.250000000000        74.70369    
  -390.625000000000        285.5019    
  -375.000000000000        77.54569    
  -359.375000000000        54.86391    
  -343.750000000000        27.75767    
  -328.125000000000        26.76637    
  -312.500000000000        28.19272    
  -296.875000000000        50.58981    
  -281.250000000000        32.15044    
  -265.625000000000        44.04884    
  -250.000000000000        73.92516    
  -234.375000000000        80.66789    
  -218.750000000000        136.6705    
  -203.125000000000        514.3671    
  -187.500000000000        660.5444    
  -171.875000000000        189.9942    
  -156.250000000000        108.3529    
  -140.625000000000        58.63906    
  -125.000000000000        56.82864    
  -109.375000000000        51.88166    
  -93.7500000000000        33.74392    
  -78.1250000000000        69.04205    
  -62.5000000000000        43.41864    
  -46.8750000000000        34.30544    
  -31.2500000000000        19.58002    
  -15.6250000000000        83.04472    
  0.000000000000000E+000   18725.56    
   15.6250000000000        100.8140    
   31.2500000000000        52.36946    
   46.8750000000000        90.03162    
   62.5000000000000        11.06866    
   78.1250000000000        69.57649    
   93.7500000000000        52.10681    
   109.375000000000        37.49706    
   125.000000000000        66.33049    
   140.625000000000        50.91179    
   156.250000000000        52.14307    
   171.875000000000        95.45950    
   187.500000000000        255.9526    
   203.125000000000        102.7288    
   218.750000000000        85.29962    
   234.375000000000        43.81593    
   250.000000000000        75.98449    
   265.625000000000        5.546762    
   281.250000000000        31.54384    
   296.875000000000        15.52327    
   312.500000000000        60.43925    
   328.125000000000        30.30929    
   343.750000000000        25.97291    
   359.375000000000        54.66486    
   375.000000000000        149.5669    
   390.625000000000        422.6845    
   406.250000000000        103.6100    
   421.875000000000        49.55904    
   437.500000000000        60.25513    
   453.125000000000        26.51663    
   468.750000000000        7.817417    
   484.375000000000        12.86007    
   500.000000000000        44.65525    
   515.625000000000        74.75780    
   531.250000000000        67.04417    
   546.875000000000        68.29291    
   562.500000000000        131.8215    
   578.125000000000        869.4824    
   593.750000000000        323.1363    
   609.375000000000        147.5138    
   625.000000000000        103.8166    
   640.625000000000        85.56284    
   656.250000000000        42.19759    
   671.875000000000        52.31542    
   687.500000000000        42.33449    
   703.125000000000        50.43246    
   718.750000000000        57.50584    
   734.375000000000        65.62239    
   750.000000000000        84.23338    
   765.625000000000        215.2349    
   781.250000000000        253.6268    
   796.875000000000        59.60408    
   812.500000000000        24.10330    
   828.125000000000        30.63615    
   843.750000000000        22.20256    
   859.375000000000        3.793602    
   875.000000000000        13.07923    
   890.625000000000        15.30931    
   906.250000000000        61.84924    
   921.875000000000        42.15953    
   937.500000000000        14.02300    
   953.125000000000        9.874713    
   968.750000000000        92.77782    
   984.375000000000        3.814157    
   1000.00000000000        4.193793    
   1015.62500000000        14.35085    
   1031.25000000000        11.58049    
   1046.87500000000        30.43457    
   1062.50000000000        9.022629    
   1078.12500000000        6.141657    
   1093.75000000000        6.978473    
   1109.37500000000        33.10774    
   1125.00000000000        8.874249    
   1140.62500000000        22.76176    
   1156.25000000000        92.83572    
   1171.87500000000        97.67307    
   1187.50000000000        31.15540    
   1203.12500000000        22.22254    
   1218.75000000000        23.55101    
   1234.37500000000        18.21218    
   1250.00000000000        42.82878    
   1265.62500000000        8.983723    
   1281.25000000000        12.35855    
   1296.87500000000        12.59068    
   1312.50000000000        10.21840    
   1328.12500000000        7.328628    
   1343.75000000000        9.718812    
   1359.37500000000        35.82870    
   1375.00000000000        8.792437    
   1390.62500000000        10.21765    
   1406.25000000000        10.38636    
   1421.87500000000        20.30929    
   1437.50000000000        13.83569    
   1453.12500000000        11.00815    
   1468.75000000000        6.954670    
   1484.37500000000        12.22442    
   1500.00000000000        29.92756    
   1515.62500000000        18.73409    
   1531.25000000000        13.37272    
   1546.87500000000        41.66826    
   1562.50000000000        23.33162    
   1578.12500000000        25.72868    
   1593.75000000000        16.34031    
   1609.37500000000        17.69922    
   1625.00000000000        6.975572    
   1640.62500000000        14.18793    
   1656.25000000000        18.58206    
   1671.87500000000        22.48059    
   1687.50000000000        15.04909    
   1703.12500000000        12.48229    
   1718.75000000000        21.32591    
   1734.37500000000        41.79562    
   1750.00000000000        56.74417    
   1765.62500000000        8.289818    
   1781.25000000000        25.05564    
   1796.87500000000        9.895557    
   1812.50000000000        2.575131    
   1828.12500000000        17.38405    
   1843.75000000000        1.411555    
   1859.37500000000        10.75241    
   1875.00000000000        18.91131    
   1890.62500000000        18.45965    
   1906.25000000000        6.668858    
   1921.87500000000        39.62439    
   1937.50000000000        30.80078    
   1953.12500000000        30.30306    
   1968.75000000000        17.43387    
   1984.37500000000        23.63742    
