  -2000.00000000000        19.22015    
  -1984.37500000000        12.82292    
  -1968.75000000000        15.14657    
  -1953.12500000000        16.20392    
  -1937.50000000000        31.88436    
  -1921.87500000000        35.70125    
  -1906.25000000000        4.659985    
  -1890.62500000000        11.34158    
  -1875.00000000000        19.79169    
  -1859.37500000000        18.02582    
  -1843.75000000000        12.87362    
  -1828.12500000000        17.58751    
  -1812.50000000000        13.33005    
  -1796.87500000000        15.28825    
  -1781.25000000000        19.27341    
  -1765.62500000000        21.06310    
  -1750.00000000000        44.03427    
  -1734.37500000000        15.46996    
  -1718.75000000000        11.31352    
  -1703.12500000000        10.74927    
  -1687.50000000000        11.86686    
  -1671.87500000000        49.69494    
  -1656.25000000000        8.548835    
  -1640.62500000000        8.485970    
  -1625.00000000000        26.35383    
  -1609.37500000000        19.83224    
  -1593.75000000000        16.08588    
  -1578.12500000000        15.86297    
  -1562.50000000000        3.815788    
  -1546.87500000000        89.25182    
  -1531.25000000000        22.25946    
  -1515.62500000000        17.63941    
  -1500.00000000000        38.14961    
  -1484.37500000000        25.91383    
  -1468.75000000000        9.756850    
  -1453.12500000000        9.005263    
  -1437.50000000000        17.37498    
  -1421.87500000000        23.80934    
  -1406.25000000000        15.60640    
  -1390.62500000000        7.542789    
  -1375.00000000000        4.996215    
  -1359.37500000000        72.00443    
  -1343.75000000000        17.10514    
  -1328.12500000000        14.42774    
  -1312.50000000000        14.98055    
  -1296.87500000000        27.90267    
  -1281.25000000000        49.96804    
  -1265.62500000000        25.64574    
  -1250.00000000000        53.15448    
  -1234.37500000000        51.93521    
  -1218.75000000000        8.901808    
  -1203.12500000000        26.94692    
  -1187.50000000000        40.00366    
  -1171.87500000000        114.0283    
  -1156.25000000000        104.7052    
  -1140.62500000000        31.04760    
  -1125.00000000000        13.24993    
  -1109.37500000000        18.81055    
  -1093.75000000000        10.24400    
  -1078.12500000000        10.07182    
  -1062.50000000000        1.717493    
  -1046.87500000000        9.085435    
  -1031.25000000000        19.17281    
  -1015.62500000000        7.645946    
  -1000.00000000000        8.727830    
  -984.375000000000        11.86065    
  -968.750000000000        170.7019    
  -953.125000000000        38.08078    
  -937.500000000000        25.64884    
  -921.875000000000        57.12739    
  -906.250000000000        74.56737    
  -890.625000000000        57.18561    
  -875.000000000000        29.73740    
  -859.375000000000        27.24796    
  -843.750000000000        37.34598    
  -828.125000000000        47.87578    
  -812.500000000000        30.92913    
  -796.875000000000        52.83377    
  -781.250000000000        156.3279    
  -765.625000000000        107.9994    
  -750.000000000000        29.70155    
  -734.375000000000        30.90265    
  -718.750000000000        45.41953    
  -703.125000000000        22.77517    
  -687.500000000000        39.49046    
  -671.875000000000        36.68934    
  -656.250000000000        51.25977    
  -640.625000000000        48.26030    
  -625.000000000000        84.44881    
  -609.375000000000        136.9078    
  -593.750000000000        286.3152    
  -578.125000000000        856.8392    
  -562.500000000000        142.2043    
  -546.875000000000        43.21322    
  -531.250000000000        80.90515    
  -515.625000000000        77.35573    
  -500.000000000000        24.51400    
  -484.375000000000        14.62079    
  -468.750000000000        24.24100    
  -453.125000000000        33.24337    
  -437.500000000000        36.27108    
  -421.875000000000        30.86289    
  -406.250000000000        70.27181    
  -390.625000000000        311.1974    
  -375.000000000000        73.28345    
  -359.375000000000        37.17716    
  -343.750000000000        17.77347    
  -328.125000000000        25.21868    
  -312.500000000000        49.32058    
  -296.875000000000        54.11736    
  -281.250000000000        25.07229    
  -265.625000000000        70.62006    
  -250.000000000000        74.18211    
  -234.375000000000        81.06445    
  -218.750000000000        133.2067    
  -203.125000000000        509.0414    
  -187.500000000000        603.0925    
  -171.875000000000        194.8765    
  -156.250000000000        109.9873    
  -140.625000000000        81.64256    
  -125.000000000000        75.00826    
  -109.375000000000        47.30053    
  -93.7500000000000        34.49836    
  -78.1250000000000        64.62187    
  -62.5000000000000        37.65498    
  -46.8750000000000        20.13679    
  -31.2500000000000        14.58860    
  -15.6250000000000        76.34467    
  0.000000000000000E+000   18671.15    
   15.6250000000000        90.30994    
   31.2500000000000        48.34386    
   46.8750000000000        49.71372    
   62.5000000000000        8.771493    
   78.1250000000000        53.09921    
   93.7500000000000        26.66037    
   109.375000000000        16.79592    
   125.000000000000        43.27402    
   140.625000000000        44.38301    
   156.250000000000        62.24051    
   171.875000000000        78.08778    
   187.500000000000        229.3196    
   203.125000000000        123.7783    
   218.750000000000        84.30944    
   234.375000000000        38.28431    
   250.000000000000        67.40420    
   265.625000000000        25.93233    
   281.250000000000        29.54304    
   296.875000000000        14.29642    
   312.500000000000        68.08997    
   328.125000000000        8.636971    
   343.750000000000        15.87935    
   359.375000000000        65.69921    
   375.000000000000        165.0396    
   390.625000000000        425.7824    
   406.250000000000        106.2625    
   421.875000000000        54.48347    
   437.500000000000        74.75881    
   453.125000000000        43.30978    
   468.750000000000        24.25535    
   484.375000000000        26.99563    
   500.000000000000        49.82716    
   515.625000000000        21.66282    
   531.250000000000        69.41699    
   546.875000000000        67.86197    
   562.500000000000        147.1928    
   578.125000000000        881.4938    
   593.750000000000        315.6425    
   609.375000000000        138.2155    
   625.000000000000        91.88159    
   640.625000000000        59.30763    
   656.250000000000        67.38661    
   671.875000000000        49.57660    
   687.500000000000        55.59990    
   703.125000000000        41.80691    
   718.750000000000        50.65371    
   734.375000000000        45.61456    
   750.000000000000        42.19152    
   765.625000000000        130.8766    
   781.250000000000        140.8326    
   796.875000000000        40.73328    
   812.500000000000        27.56549    
   828.125000000000        13.63363    
   843.750000000000        23.54480    
   859.375000000000        16.20457    
   875.000000000000        19.03321    
   890.625000000000        16.45988    
   906.250000000000        26.48516    
   921.875000000000        62.22709    
   937.500000000000        32.18498    
   953.125000000000        37.58938    
   968.750000000000        48.30084    
   984.375000000000        27.45700    
   1000.00000000000        9.413328    
   1015.62500000000        4.793732    
   1031.25000000000        23.95597    
   1046.87500000000        19.94588    
   1062.50000000000        20.84560    
   1078.12500000000        23.07559    
   1093.75000000000        5.082810    
   1109.37500000000        14.20826    
   1125.00000000000        6.120237    
   1140.62500000000        18.78203    
   1156.25000000000        80.06938    
   1171.87500000000        82.27067    
   1187.50000000000        35.72377    
   1203.12500000000        31.28676    
   1218.75000000000        3.534835    
   1234.37500000000        11.79460    
   1250.00000000000        47.97487    
   1265.62500000000        11.04641    
   1281.25000000000        9.662946    
   1296.87500000000        35.85772    
   1312.50000000000        24.00636    
   1328.12500000000        15.00006    
   1343.75000000000        24.18154    
   1359.37500000000        54.73981    
   1375.00000000000        14.37491    
   1390.62500000000        19.53409    
   1406.25000000000        14.69757    
   1421.87500000000        14.00744    
   1437.50000000000        15.20449    
   1453.12500000000        14.04376    
   1468.75000000000        5.497671    
   1484.37500000000        19.12398    
   1500.00000000000        34.28288    
   1515.62500000000        20.96221    
   1531.25000000000        21.25083    
   1546.87500000000        64.64732    
   1562.50000000000        7.757001    
   1578.12500000000        27.35987    
   1593.75000000000        10.78747    
   1609.37500000000        11.14696    
   1625.00000000000        10.29187    
   1640.62500000000        21.17198    
   1656.25000000000        13.50454    
   1671.87500000000        16.34637    
   1687.50000000000        22.09725    
   1703.12500000000        21.56942    
   1718.75000000000        27.65626    
   1734.37500000000        35.54445    
   1750.00000000000        33.87632    
   1765.62500000000        4.880929    
   1781.25000000000        9.064260    
   1796.87500000000        3.360548    
   1812.50000000000        21.14308    
   1828.12500000000        17.03926    
   1843.75000000000        16.43717    
   1859.37500000000        9.900377    
   1875.00000000000        11.38140    
   1890.62500000000        17.54996    
   1906.25000000000        14.75353    
   1921.87500000000        30.70599    
   1937.50000000000        10.76904    
   1953.12500000000        4.277158    
   1968.75000000000        11.49780    
   1984.37500000000        20.22928    
