  -4000.00000000000        195.9031    
  -3968.75000000000        361.2479    
  -3937.50000000000        458.1686    
  -3906.25000000000        214.9826    
  -3875.00000000000        325.4407    
  -3843.75000000000        365.7996    
  -3812.50000000000        262.5931    
  -3781.25000000000        387.9845    
  -3750.00000000000        234.9897    
  -3718.75000000000        298.8521    
  -3687.50000000000        275.7926    
  -3656.25000000000        334.5514    
  -3625.00000000000        155.1009    
  -3593.75000000000        212.0492    
  -3562.50000000000        237.5024    
  -3531.25000000000        83.10509    
  -3500.00000000000        269.4687    
  -3468.75000000000        252.4030    
  -3437.50000000000        146.2852    
  -3406.25000000000        418.4260    
  -3375.00000000000        126.0588    
  -3343.75000000000        121.1984    
  -3312.50000000000        231.8603    
  -3281.25000000000        213.4964    
  -3250.00000000000        182.9282    
  -3218.75000000000        225.7949    
  -3187.50000000000        99.68641    
  -3156.25000000000        238.4223    
  -3125.00000000000        141.0374    
  -3093.75000000000        188.5636    
  -3062.50000000000        219.2033    
  -3031.25000000000        174.2411    
  -3000.00000000000        108.3459    
  -2968.75000000000        107.9411    
  -2937.50000000000        194.1944    
  -2906.25000000000        25.16766    
  -2875.00000000000        128.5548    
  -2843.75000000000        60.11889    
  -2812.50000000000        138.4489    
  -2781.25000000000        47.23787    
  -2750.00000000000        67.71201    
  -2718.75000000000        70.67121    
  -2687.50000000000        132.9126    
  -2656.25000000000        52.92311    
  -2625.00000000000        35.15310    
  -2593.75000000000        93.42835    
  -2562.50000000000        61.82837    
  -2531.25000000000        17.69892    
  -2500.00000000000        138.6183    
  -2468.75000000000        13.41709    
  -2437.50000000000        90.99921    
  -2406.25000000000        51.70974    
  -2375.00000000000        23.08261    
  -2343.75000000000        137.1023    
  -2312.50000000000        85.22713    
  -2281.25000000000        39.79077    
  -2250.00000000000        49.35255    
  -2218.75000000000        71.12424    
  -2187.50000000000        103.8539    
  -2156.25000000000        104.7924    
  -2125.00000000000        64.06757    
  -2093.75000000000        82.66431    
  -2062.50000000000        65.06754    
  -2031.25000000000        21.10158    
  -2000.00000000000        42.09462    
  -1968.75000000000        64.27234    
  -1937.50000000000        48.37686    
  -1906.25000000000        32.48255    
  -1875.00000000000        78.05600    
  -1843.75000000000        92.96763    
  -1812.50000000000        245.2488    
  -1781.25000000000        290.5519    
  -1750.00000000000        145.2138    
  -1718.75000000000        102.4580    
  -1687.50000000000        142.2026    
  -1656.25000000000        163.1117    
  -1625.00000000000        102.4067    
  -1593.75000000000        54.69286    
  -1562.50000000000        203.1119    
  -1531.25000000000        115.6033    
  -1500.00000000000        34.98148    
  -1468.75000000000        71.31752    
  -1437.50000000000        49.12444    
  -1406.25000000000        82.04903    
  -1375.00000000000        123.6367    
  -1343.75000000000        105.6182    
  -1312.50000000000        81.42371    
  -1281.25000000000        75.51008    
  -1250.00000000000        216.6834    
  -1218.75000000000        45.27951    
  -1187.50000000000        41.87610    
  -1156.25000000000        142.7988    
  -1125.00000000000        26.81887    
  -1093.75000000000        86.29302    
  -1062.50000000000        162.6266    
  -1031.25000000000        75.60049    
  -1000.00000000000        86.16060    
  -968.750000000000        93.62367    
  -937.500000000000        35.11418    
  -906.250000000000        164.6353    
  -875.000000000000        88.11844    
  -843.750000000000        120.0918    
  -812.500000000000        210.8093    
  -781.250000000000        274.5591    
  -750.000000000000        209.2769    
  -718.750000000000        267.9734    
  -687.500000000000        221.9865    
  -656.250000000000        407.3300    
  -625.000000000000        45.59239    
  -593.750000000000        305.1546    
  -562.500000000000        119.1675    
  -531.250000000000        190.9694    
  -500.000000000000        298.0511    
  -468.750000000000        67.97216    
  -437.500000000000        227.2981    
  -406.250000000000        287.1600    
  -375.000000000000        638.5245    
  -343.750000000000        1038.347    
  -312.500000000000        539.5005    
  -281.250000000000        742.4077    
  -250.000000000000        368.8029    
  -218.750000000000        15.74426    
  -187.500000000000        358.9303    
  -156.250000000000        1345.470    
  -125.000000000000        1315.573    
  -93.7500000000000        472.8334    
  -62.5000000000000        1300.121    
  -31.2500000000000        2266.507    
  0.000000000000000E+000   5797.797    
   31.2500000000000        2284.991    
   62.5000000000000        1298.744    
   93.7500000000000        468.6219    
   125.000000000000        1326.267    
   156.250000000000        1340.959    
   187.500000000000        351.8808    
   218.750000000000        34.74053    
   250.000000000000        377.4147    
   281.250000000000        742.6522    
   312.500000000000        539.5148    
   343.750000000000        1041.321    
   375.000000000000        639.1727    
   406.250000000000        279.9803    
   437.500000000000        216.8973    
   468.750000000000        67.23901    
   500.000000000000        302.6135    
   531.250000000000        196.0019    
   562.500000000000        120.1345    
   593.750000000000        301.2639    
   625.000000000000        32.86293    
   656.250000000000        413.3405    
   687.500000000000        226.8904    
   718.750000000000        259.5660    
   750.000000000000        210.0098    
   781.250000000000        273.0771    
   812.500000000000        221.4042    
   843.750000000000        116.1564    
   875.000000000000        86.78617    
   906.250000000000        159.7233    
   937.500000000000        37.54132    
   968.750000000000        92.53241    
   1000.00000000000        95.19588    
   1031.25000000000        80.03530    
   1062.50000000000        162.2843    
   1093.75000000000        88.96287    
   1125.00000000000        38.03094    
   1156.25000000000        136.1149    
   1187.50000000000        44.44355    
   1218.75000000000        38.36090    
   1250.00000000000        223.9638    
   1281.25000000000        69.95695    
   1312.50000000000        76.93937    
   1343.75000000000        111.5663    
   1375.00000000000        126.7421    
   1406.25000000000        73.00785    
   1437.50000000000        35.10058    
   1468.75000000000        73.48398    
   1500.00000000000        33.68032    
   1531.25000000000        114.0131    
   1562.50000000000        197.8178    
   1593.75000000000        53.14029    
   1625.00000000000        100.6423    
   1656.25000000000        161.5564    
   1687.50000000000        140.6784    
   1718.75000000000        99.95648    
   1750.00000000000        147.7931    
   1781.25000000000        287.3696    
   1812.50000000000        242.1605    
   1843.75000000000        89.00501    
   1875.00000000000        79.39357    
   1906.25000000000        32.93895    
   1937.50000000000        49.04552    
   1968.75000000000        66.11030    
   2000.00000000000        43.26704    
   2031.25000000000        19.18375    
   2062.50000000000        65.91821    
   2093.75000000000        82.73119    
   2125.00000000000        62.00170    
   2156.25000000000        106.3787    
   2187.50000000000        102.8747    
   2218.75000000000        70.50128    
   2250.00000000000        51.76865    
   2281.25000000000        40.68352    
   2312.50000000000        85.14258    
   2343.75000000000        140.5523    
   2375.00000000000        22.07806    
   2406.25000000000        50.84081    
   2437.50000000000        93.86207    
   2468.75000000000        11.76560    
   2500.00000000000        137.8321    
   2531.25000000000        17.21445    
   2562.50000000000        62.78518    
   2593.75000000000        94.82216    
   2625.00000000000        34.66988    
   2656.25000000000        52.48782    
   2687.50000000000        134.2937    
   2718.75000000000        68.84623    
   2750.00000000000        70.58156    
   2781.25000000000        46.91216    
   2812.50000000000        139.5542    
   2843.75000000000        58.36656    
   2875.00000000000        129.4063    
   2906.25000000000        26.61302    
   2937.50000000000        194.9218    
   2968.75000000000        106.4504    
   3000.00000000000        109.7889    
   3031.25000000000        175.6999    
   3062.50000000000        220.0392    
   3093.75000000000        190.1415    
   3125.00000000000        138.1922    
   3156.25000000000        237.5780    
   3187.50000000000        100.4016    
   3218.75000000000        227.8891    
   3250.00000000000        185.4409    
   3281.25000000000        216.9485    
   3312.50000000000        228.9674    
   3343.75000000000        121.6383    
   3375.00000000000        125.8812    
   3406.25000000000        417.4254    
   3437.50000000000        145.8354    
   3468.75000000000        253.9790    
   3500.00000000000        266.9473    
   3531.25000000000        82.49111    
   3562.50000000000        239.8273    
   3593.75000000000        209.1668    
   3625.00000000000        154.0219    
   3656.25000000000        335.4171    
   3687.50000000000        274.3211    
   3718.75000000000        300.3802    
   3750.00000000000        232.8579    
   3781.25000000000        390.0452    
   3812.50000000000        259.8201    
   3843.75000000000        367.0586    
   3875.00000000000        323.8930    
   3906.25000000000        214.4991    
   3937.50000000000        455.3092    
   3968.75000000000        362.7491    
