  -2000.00000000000        42.36377    
  -1984.37500000000        20.23638    
  -1968.75000000000        29.90193    
  -1953.12500000000        30.17298    
  -1937.50000000000        48.69510    
  -1921.87500000000        53.04225    
  -1906.25000000000        15.51835    
  -1890.62500000000        72.26453    
  -1875.00000000000        46.70643    
  -1859.37500000000        72.05659    
  -1843.75000000000        19.78718    
  -1828.12500000000        22.74962    
  -1812.50000000000        67.65345    
  -1796.87500000000        63.63442    
  -1781.25000000000        32.66640    
  -1765.62500000000        54.45474    
  -1750.00000000000        93.96191    
  -1734.37500000000        95.16630    
  -1718.75000000000        28.94767    
  -1703.12500000000        17.18237    
  -1687.50000000000        22.95078    
  -1671.87500000000        197.3087    
  -1656.25000000000        45.84402    
  -1640.62500000000        34.81770    
  -1625.00000000000        20.73814    
  -1609.37500000000        33.53170    
  -1593.75000000000        40.76760    
  -1578.12500000000        20.73742    
  -1562.50000000000        105.2293    
  -1546.87500000000        191.9131    
  -1531.25000000000        40.39524    
  -1515.62500000000        18.43697    
  -1500.00000000000        22.47361    
  -1484.37500000000        120.8510    
  -1468.75000000000        92.94566    
  -1453.12500000000        88.71365    
  -1437.50000000000        58.88278    
  -1421.87500000000        40.76036    
  -1406.25000000000        39.00526    
  -1390.62500000000        10.32966    
  -1375.00000000000        46.43372    
  -1359.37500000000        44.19363    
  -1343.75000000000        26.73354    
  -1328.12500000000        28.32893    
  -1312.50000000000        42.99801    
  -1296.87500000000        77.04276    
  -1281.25000000000        94.89276    
  -1265.62500000000        40.07491    
  -1250.00000000000        43.06548    
  -1234.37500000000        16.03784    
  -1218.75000000000        32.58432    
  -1203.12500000000        39.21183    
  -1187.50000000000        48.57677    
  -1171.87500000000        69.87849    
  -1156.25000000000        135.1494    
  -1140.62500000000        38.75998    
  -1125.00000000000        24.11934    
  -1109.37500000000        20.12613    
  -1093.75000000000        166.3407    
  -1078.12500000000        28.30034    
  -1062.50000000000        20.05691    
  -1046.87500000000        58.08358    
  -1031.25000000000        66.90045    
  -1015.62500000000        33.68813    
  -1000.00000000000        12.80717    
  -984.375000000000        51.86519    
  -968.750000000000        248.6734    
  -953.125000000000        74.51663    
  -937.500000000000        46.04044    
  -921.875000000000        67.72491    
  -906.250000000000        30.01009    
  -890.625000000000        52.92941    
  -875.000000000000        3.993011    
  -859.375000000000        20.77630    
  -843.750000000000        5.923769    
  -828.125000000000        19.92492    
  -812.500000000000        39.65157    
  -796.875000000000        23.89018    
  -781.250000000000        184.5481    
  -765.625000000000        139.1602    
  -750.000000000000        43.64356    
  -734.375000000000        64.44453    
  -718.750000000000        52.30710    
  -703.125000000000        158.5749    
  -687.500000000000        59.14585    
  -671.875000000000        53.38428    
  -656.250000000000        58.31607    
  -640.625000000000        113.3874    
  -625.000000000000        95.75871    
  -609.375000000000        145.4109    
  -593.750000000000        289.6827    
  -578.125000000000        967.2455    
  -562.500000000000        167.6469    
  -546.875000000000        55.29572    
  -531.250000000000        49.22492    
  -515.625000000000        35.99083    
  -500.000000000000        28.79612    
  -484.375000000000        15.26985    
  -468.750000000000        21.74360    
  -453.125000000000        56.54827    
  -437.500000000000        52.60114    
  -421.875000000000        44.35938    
  -406.250000000000        134.8492    
  -390.625000000000        384.2076    
  -375.000000000000        101.6688    
  -359.375000000000        62.12260    
  -343.750000000000        42.85882    
  -328.125000000000        46.75455    
  -312.500000000000        68.06767    
  -296.875000000000        36.67482    
  -281.250000000000        58.48715    
  -265.625000000000        32.68417    
  -250.000000000000        44.21402    
  -234.375000000000        64.17018    
  -218.750000000000        112.6485    
  -203.125000000000        355.7632    
  -187.500000000000        483.5384    
  -171.875000000000        175.1615    
  -156.250000000000        90.02492    
  -140.625000000000        61.16166    
  -125.000000000000        89.06356    
  -109.375000000000        12.49786    
  -93.7500000000000        6.936230    
  -78.1250000000000        53.74697    
  -62.5000000000000        47.34792    
  -46.8750000000000        62.87621    
  -31.2500000000000        20.25596    
  -15.6250000000000        99.36881    
  0.000000000000000E+000   15366.37    
   15.6250000000000        59.55212    
   31.2500000000000        12.25667    
   46.8750000000000        34.42954    
   62.5000000000000        37.91083    
   78.1250000000000        61.42346    
   93.7500000000000        39.36922    
   109.375000000000        16.80612    
   125.000000000000        41.40261    
   140.625000000000        41.86686    
   156.250000000000        53.48149    
   171.875000000000        116.9995    
   187.500000000000        301.1266    
   203.125000000000        261.3066    
   218.750000000000        104.9446    
   234.375000000000        39.98758    
   250.000000000000        62.99050    
   265.625000000000        37.27670    
   281.250000000000        19.51053    
   296.875000000000        67.50357    
   312.500000000000        78.78106    
   328.125000000000        27.55932    
   343.750000000000        11.35861    
   359.375000000000        61.90108    
   375.000000000000        78.02817    
   390.625000000000        273.0365    
   406.250000000000        34.97327    
   421.875000000000        29.31020    
   437.500000000000        27.91734    
   453.125000000000        32.05182    
   468.750000000000        44.56901    
   484.375000000000        15.14875    
   500.000000000000        41.93528    
   515.625000000000        106.5342    
   531.250000000000        71.46430    
   546.875000000000        64.35366    
   562.500000000000        169.1583    
   578.125000000000        955.4349    
   593.750000000000        295.8948    
   609.375000000000        136.0838    
   625.000000000000        81.57066    
   640.625000000000        68.90975    
   656.250000000000        106.6503    
   671.875000000000        46.10119    
   687.500000000000        57.09886    
   703.125000000000        75.47487    
   718.750000000000        72.29133    
   734.375000000000        42.69424    
   750.000000000000        38.89359    
   765.625000000000        140.7886    
   781.250000000000        116.3094    
   796.875000000000        20.39045    
   812.500000000000        25.31385    
   828.125000000000        6.293127    
   843.750000000000        20.88968    
   859.375000000000        13.03737    
   875.000000000000        15.42729    
   890.625000000000        37.99649    
   906.250000000000        89.49681    
   921.875000000000        24.91436    
   937.500000000000        29.25499    
   953.125000000000        93.53883    
   968.750000000000        135.5481    
   984.375000000000        31.56036    
   1000.00000000000        4.387166    
   1015.62500000000        23.61286    
   1031.25000000000        38.95888    
   1046.87500000000        8.226838    
   1062.50000000000        3.328764    
   1078.12500000000        22.47879    
   1093.75000000000        73.37692    
   1109.37500000000        31.39530    
   1125.00000000000        16.83509    
   1140.62500000000        23.43561    
   1156.25000000000        91.22125    
   1171.87500000000        71.59859    
   1187.50000000000        44.11960    
   1203.12500000000        29.59897    
   1218.75000000000        54.08404    
   1234.37500000000        47.29564    
   1250.00000000000        52.79141    
   1265.62500000000        69.97072    
   1281.25000000000        106.0668    
   1296.87500000000        97.29002    
   1312.50000000000        25.86639    
   1328.12500000000        23.91494    
   1343.75000000000        31.65185    
   1359.37500000000        181.5926    
   1375.00000000000        37.82597    
   1390.62500000000        5.080493    
   1406.25000000000        7.983285    
   1421.87500000000        21.46458    
   1437.50000000000        33.72149    
   1453.12500000000        46.86005    
   1468.75000000000        23.46363    
   1484.37500000000        76.17850    
   1500.00000000000        45.46174    
   1515.62500000000        64.51557    
   1531.25000000000        59.38973    
   1546.87500000000        254.2005    
   1562.50000000000        59.47865    
   1578.12500000000        22.76872    
   1593.75000000000        48.63968    
   1609.37500000000        72.21783    
   1625.00000000000        54.33121    
   1640.62500000000        24.92988    
   1656.25000000000        48.78794    
   1671.87500000000        62.79065    
   1687.50000000000        43.04680    
   1703.12500000000        22.76498    
   1718.75000000000        19.78020    
   1734.37500000000        24.94867    
   1750.00000000000        72.80008    
   1765.62500000000        20.40749    
   1781.25000000000        31.36971    
   1796.87500000000        15.72570    
   1812.50000000000        46.73908    
   1828.12500000000        33.52577    
   1843.75000000000        24.84851    
   1859.37500000000        105.1910    
   1875.00000000000        109.4876    
   1890.62500000000        41.36554    
   1906.25000000000        31.62270    
   1921.87500000000        52.09018    
   1937.50000000000        76.66138    
   1953.12500000000        11.39693    
   1968.75000000000        48.20221    
   1984.37500000000        53.67590    
