  -2000.00000000000        7.859015    
  -1984.37500000000        9.270353    
  -1968.75000000000        10.99133    
  -1953.12500000000        11.15043    
  -1937.50000000000        20.67606    
  -1921.87500000000        20.38663    
  -1906.25000000000        7.584610    
  -1890.62500000000        18.00361    
  -1875.00000000000        16.91609    
  -1859.37500000000        7.723531    
  -1843.75000000000        6.340891    
  -1828.12500000000        13.16280    
  -1812.50000000000        9.154964    
  -1796.87500000000        3.555108    
  -1781.25000000000        8.468830    
  -1765.62500000000        14.07632    
  -1750.00000000000        12.13999    
  -1734.37500000000        3.918358    
  -1718.75000000000        6.812249    
  -1703.12500000000        1.373938    
  -1687.50000000000        4.847638    
  -1671.87500000000        22.96291    
  -1656.25000000000        10.55788    
  -1640.62500000000        8.944754    
  -1625.00000000000        3.118665    
  -1609.37500000000        10.64672    
  -1593.75000000000        7.953487    
  -1578.12500000000        13.46441    
  -1562.50000000000        18.72606    
  -1546.87500000000        57.82198    
  -1531.25000000000        21.77967    
  -1515.62500000000        10.79048    
  -1500.00000000000        24.09250    
  -1484.37500000000        11.60989    
  -1468.75000000000        10.58634    
  -1453.12500000000        8.071352    
  -1437.50000000000        5.628928    
  -1421.87500000000        14.60635    
  -1406.25000000000        6.600390    
  -1390.62500000000        9.076727    
  -1375.00000000000        10.03401    
  -1359.37500000000        10.80980    
  -1343.75000000000        5.439091    
  -1328.12500000000        10.49592    
  -1312.50000000000        6.202907    
  -1296.87500000000        22.57421    
  -1281.25000000000        8.543540    
  -1265.62500000000        11.34498    
  -1250.00000000000        27.74580    
  -1234.37500000000        3.984748    
  -1218.75000000000        15.10013    
  -1203.12500000000        25.85380    
  -1187.50000000000        19.53500    
  -1171.87500000000        60.01190    
  -1156.25000000000        60.23396    
  -1140.62500000000        20.07758    
  -1125.00000000000        3.445672    
  -1109.37500000000        11.04097    
  -1093.75000000000        11.26532    
  -1078.12500000000        10.67959    
  -1062.50000000000        3.419546    
  -1046.87500000000        23.82152    
  -1031.25000000000        14.27619    
  -1015.62500000000        13.48931    
  -1000.00000000000        6.926552    
  -984.375000000000        3.163713    
  -968.750000000000        113.3978    
  -953.125000000000        28.47247    
  -937.500000000000        17.39815    
  -921.875000000000        30.53225    
  -906.250000000000        28.26040    
  -890.625000000000        15.41340    
  -875.000000000000        5.851173    
  -859.375000000000        10.02862    
  -843.750000000000        2.280361    
  -828.125000000000        18.59130    
  -812.500000000000        17.13821    
  -796.875000000000        29.31587    
  -781.250000000000        101.4349    
  -765.625000000000        92.36058    
  -750.000000000000        35.92871    
  -734.375000000000        23.45488    
  -718.750000000000        23.32644    
  -703.125000000000        47.50690    
  -687.500000000000        32.26326    
  -671.875000000000        33.97497    
  -656.250000000000        29.56082    
  -640.625000000000        25.22442    
  -625.000000000000        49.84752    
  -609.375000000000        81.17994    
  -593.750000000000        168.9293    
  -578.125000000000        475.0809    
  -562.500000000000        78.77940    
  -546.875000000000        22.74183    
  -531.250000000000        29.01024    
  -515.625000000000        21.99102    
  -500.000000000000        17.96462    
  -484.375000000000        12.68051    
  -468.750000000000        10.96712    
  -453.125000000000        14.18446    
  -437.500000000000        33.31485    
  -421.875000000000        21.95261    
  -406.250000000000        49.94498    
  -390.625000000000        151.3514    
  -375.000000000000        61.86789    
  -359.375000000000        26.43438    
  -343.750000000000       0.6227673    
  -328.125000000000        3.212329    
  -312.500000000000        31.81271    
  -296.875000000000        21.62909    
  -281.250000000000        16.02482    
  -265.625000000000        23.82253    
  -250.000000000000        34.22141    
  -234.375000000000        26.42769    
  -218.750000000000        55.71174    
  -203.125000000000        228.5447    
  -187.500000000000        267.6642    
  -171.875000000000        82.81546    
  -156.250000000000        34.19291    
  -140.625000000000        33.09645    
  -125.000000000000        30.54977    
  -109.375000000000        23.00129    
  -93.7500000000000        13.58317    
  -78.1250000000000        43.03563    
  -62.5000000000000        16.83787    
  -46.8750000000000        23.09497    
  -31.2500000000000        9.354115    
  -15.6250000000000        44.31355    
  0.000000000000000E+000   10557.99    
   15.6250000000000        49.04750    
   31.2500000000000        29.85668    
   46.8750000000000        29.10719    
   62.5000000000000        14.22731    
   78.1250000000000        35.44604    
   93.7500000000000        14.57321    
   109.375000000000        1.220985    
   125.000000000000        18.71155    
   140.625000000000        23.71772    
   156.250000000000        20.85475    
   171.875000000000        35.18401    
   187.500000000000        114.5101    
   203.125000000000        93.96951    
   218.750000000000        36.23712    
   234.375000000000        10.47782    
   250.000000000000        37.49331    
   265.625000000000        7.396816    
   281.250000000000        13.89484    
   296.875000000000        8.791338    
   312.500000000000        32.09428    
   328.125000000000        4.535463    
   343.750000000000        8.948817    
   359.375000000000        30.90360    
   375.000000000000        86.35894    
   390.625000000000        185.7967    
   406.250000000000        59.20395    
   421.875000000000        23.87871    
   437.500000000000        27.61101    
   453.125000000000        10.31487    
   468.750000000000        16.11682    
   484.375000000000        14.88231    
   500.000000000000        23.31533    
   515.625000000000        31.23478    
   531.250000000000        37.04423    
   546.875000000000        37.75591    
   562.500000000000        73.91061    
   578.125000000000        481.6335    
   593.750000000000        180.6029    
   609.375000000000        80.67417    
   625.000000000000        48.95088    
   640.625000000000        28.71196    
   656.250000000000        33.17425    
   671.875000000000        25.40170    
   687.500000000000        29.66576    
   703.125000000000        44.84331    
   718.750000000000        24.26534    
   734.375000000000        21.62691    
   750.000000000000        26.78966    
   765.625000000000        84.23447    
   781.250000000000        94.77124    
   796.875000000000        28.08393    
   812.500000000000        16.01726    
   828.125000000000        1.684085    
   843.750000000000        10.47121    
   859.375000000000        4.631687    
   875.000000000000        10.21551    
   890.625000000000       0.8677449    
   906.250000000000        39.71766    
   921.875000000000        28.46619    
   937.500000000000        5.690019    
   953.125000000000        15.30190    
   968.750000000000        90.06748    
   984.375000000000        14.11641    
   1000.00000000000        2.933295    
   1015.62500000000        6.060148    
   1031.25000000000        16.94620    
   1046.87500000000        1.757650    
   1062.50000000000        7.932800    
   1078.12500000000        6.779767    
   1093.75000000000        26.77069    
   1109.37500000000        16.41637    
   1125.00000000000        11.00864    
   1140.62500000000        27.39018    
   1156.25000000000        60.80737    
   1171.87500000000        65.59509    
   1187.50000000000        22.35691    
   1203.12500000000        14.00673    
   1218.75000000000        6.333908    
   1234.37500000000        18.70325    
   1250.00000000000        22.54573    
   1265.62500000000        2.883590    
   1281.25000000000        6.925294    
   1296.87500000000        23.94833    
   1312.50000000000        9.080180    
   1328.12500000000        9.754934    
   1343.75000000000        12.58197    
   1359.37500000000        12.94396    
   1375.00000000000        10.78506    
   1390.62500000000        9.575001    
   1406.25000000000        8.689514    
   1421.87500000000        17.07505    
   1437.50000000000        10.69491    
   1453.12500000000        3.030489    
   1468.75000000000        11.51012    
   1484.37500000000        24.20202    
   1500.00000000000        31.32359    
   1515.62500000000        6.030176    
   1531.25000000000        3.015980    
   1546.87500000000        26.49681    
   1562.50000000000        14.32752    
   1578.12500000000        16.97695    
   1593.75000000000        9.910394    
   1609.37500000000        8.440777    
   1625.00000000000        4.973015    
   1640.62500000000        9.302531    
   1656.25000000000        12.12113    
   1671.87500000000        11.96084    
   1687.50000000000        14.68317    
   1703.12500000000        2.248900    
   1718.75000000000        6.918806    
   1734.37500000000        4.657113    
   1750.00000000000        18.67479    
   1765.62500000000        10.53763    
   1781.25000000000        10.87465    
   1796.87500000000        2.643854    
   1812.50000000000        10.20944    
   1828.12500000000        10.53934    
   1843.75000000000        1.571621    
   1859.37500000000        5.198412    
   1875.00000000000        6.562216    
   1890.62500000000        18.03550    
   1906.25000000000        8.787003    
   1921.87500000000        14.10133    
   1937.50000000000        21.79297    
   1953.12500000000        15.92088    
   1968.75000000000        4.459252    
   1984.37500000000        2.796182    
