  -2000.00000000000        40.86763    
  -1984.37500000000        52.16475    
  -1968.75000000000        38.29301    
  -1953.12500000000        119.4529    
  -1937.50000000000        177.2266    
  -1921.87500000000        16.32016    
  -1906.25000000000        109.5327    
  -1890.62500000000        34.72105    
  -1875.00000000000        103.6456    
  -1859.37500000000        77.48940    
  -1843.75000000000        101.6937    
  -1828.12500000000        114.1690    
  -1812.50000000000        153.8450    
  -1796.87500000000        39.96866    
  -1781.25000000000        39.35776    
  -1765.62500000000        106.9149    
  -1750.00000000000        263.5948    
  -1734.37500000000        44.35822    
  -1718.75000000000        108.2947    
  -1703.12500000000        44.53725    
  -1687.50000000000        77.02077    
  -1671.87500000000        41.24086    
  -1656.25000000000        19.02775    
  -1640.62500000000        43.27829    
  -1625.00000000000        51.42069    
  -1609.37500000000        121.2573    
  -1593.75000000000        43.01460    
  -1578.12500000000        159.5420    
  -1562.50000000000        155.0747    
  -1546.87500000000        472.9758    
  -1531.25000000000        147.1837    
  -1515.62500000000        124.3249    
  -1500.00000000000        143.1974    
  -1484.37500000000        62.19577    
  -1468.75000000000        101.8247    
  -1453.12500000000        57.77498    
  -1437.50000000000        80.60355    
  -1421.87500000000        183.6192    
  -1406.25000000000        82.62571    
  -1390.62500000000        164.2419    
  -1375.00000000000        2.689265    
  -1359.37500000000        717.7101    
  -1343.75000000000        214.3905    
  -1328.12500000000        84.05871    
  -1312.50000000000        52.75899    
  -1296.87500000000        233.6766    
  -1281.25000000000        236.1983    
  -1265.62500000000        111.6430    
  -1250.00000000000        221.7084    
  -1234.37500000000        144.4264    
  -1218.75000000000        47.86536    
  -1203.12500000000        234.6813    
  -1187.50000000000        230.4766    
  -1171.87500000000        713.4918    
  -1156.25000000000        869.6344    
  -1140.62500000000        153.3141    
  -1125.00000000000        207.2052    
  -1109.37500000000        186.8704    
  -1093.75000000000        251.4932    
  -1078.12500000000        61.10949    
  -1062.50000000000        175.5335    
  -1046.87500000000        56.78713    
  -1031.25000000000        242.2323    
  -1015.62500000000        136.8054    
  -1000.00000000000        126.3794    
  -984.375000000000        74.59641    
  -968.750000000000        1799.711    
  -953.125000000000        354.2288    
  -937.500000000000        105.8347    
  -921.875000000000        422.3271    
  -906.250000000000        195.5944    
  -890.625000000000        104.0887    
  -875.000000000000        110.2938    
  -859.375000000000        342.1182    
  -843.750000000000        129.5207    
  -828.125000000000        353.8496    
  -812.500000000000        376.8977    
  -796.875000000000        433.0352    
  -781.250000000000        1808.838    
  -765.625000000000        1080.509    
  -750.000000000000        512.2676    
  -734.375000000000        456.1759    
  -718.750000000000        40.31773    
  -703.125000000000        304.0975    
  -687.500000000000        430.3240    
  -671.875000000000        491.9184    
  -656.250000000000        353.2679    
  -640.625000000000        333.1023    
  -625.000000000000        881.9301    
  -609.375000000000        932.4453    
  -593.750000000000        1973.763    
  -578.125000000000        6104.680    
  -562.500000000000        932.8232    
  -546.875000000000        663.4223    
  -531.250000000000        123.1988    
  -515.625000000000        425.6471    
  -500.000000000000        430.6462    
  -484.375000000000        226.4269    
  -468.750000000000        187.0714    
  -453.125000000000        183.0341    
  -437.500000000000        383.5188    
  -421.875000000000        564.7657    
  -406.250000000000        445.5146    
  -390.625000000000        6293.080    
  -375.000000000000        1560.457    
  -359.375000000000        959.9651    
  -343.750000000000        852.9999    
  -328.125000000000        886.1988    
  -312.500000000000        732.6806    
  -296.875000000000        1184.807    
  -281.250000000000        1039.724    
  -265.625000000000        1585.553    
  -250.000000000000        2523.271    
  -234.375000000000        2673.308    
  -218.750000000000        4272.765    
  -203.125000000000        12255.68    
  -187.500000000000        17577.60    
  -171.875000000000        5719.305    
  -156.250000000000        3323.391    
  -140.625000000000        2071.628    
  -125.000000000000        2205.435    
  -109.375000000000        1926.659    
  -93.7500000000000        1717.960    
  -78.1250000000000        1190.520    
  -62.5000000000000        1092.095    
  -46.8750000000000        1493.958    
  -31.2500000000000        1200.055    
  -15.6250000000000        1397.351    
  0.000000000000000E+000   230505.8    
   15.6250000000000        1355.059    
   31.2500000000000        1253.772    
   46.8750000000000        1615.522    
   62.5000000000000        1165.676    
   78.1250000000000        1169.658    
   93.7500000000000        1678.266    
   109.375000000000        1844.742    
   125.000000000000        2268.878    
   140.625000000000        1939.485    
   156.250000000000        3322.841    
   171.875000000000        5549.535    
   187.500000000000        17287.55    
   203.125000000000        11707.25    
   218.750000000000        4181.814    
   234.375000000000        2649.441    
   250.000000000000        2462.727    
   265.625000000000        1575.503    
   281.250000000000        1049.390    
   296.875000000000        1110.773    
   312.500000000000        746.2085    
   328.125000000000        855.4098    
   343.750000000000        858.8385    
   359.375000000000        1008.579    
   375.000000000000        1860.739    
   390.625000000000        6328.215    
   406.250000000000        641.9887    
   421.875000000000        649.2571    
   437.500000000000        468.7156    
   453.125000000000        86.97305    
   468.750000000000        111.5721    
   484.375000000000        264.2935    
   500.000000000000        466.2707    
   515.625000000000        436.9865    
   531.250000000000        97.46438    
   546.875000000000        731.8002    
   562.500000000000        781.5203    
   578.125000000000        6044.102    
   593.750000000000        2263.400    
   609.375000000000        890.5034    
   625.000000000000        851.9128    
   640.625000000000        432.2015    
   656.250000000000        377.7147    
   671.875000000000        552.9208    
   687.500000000000        501.9682    
   703.125000000000        302.0395    
   718.750000000000        183.9291    
   734.375000000000        560.0303    
   750.000000000000        612.4008    
   765.625000000000        1399.986    
   781.250000000000        2050.568    
   796.875000000000        475.8218    
   812.500000000000        349.9773    
   828.125000000000        318.9087    
   843.750000000000        134.1756    
   859.375000000000        320.0495    
   875.000000000000        111.7678    
   890.625000000000        145.6918    
   906.250000000000        267.4574    
   921.875000000000        415.8824    
   937.500000000000        82.34677    
   953.125000000000        235.8894    
   968.750000000000        1568.163    
   984.375000000000        97.18826    
   1000.00000000000        101.5975    
   1015.62500000000        176.3371    
   1031.25000000000        159.4113    
   1046.87500000000        65.69260    
   1062.50000000000        159.3879    
   1078.12500000000        44.63929    
   1093.75000000000        298.2788    
   1109.37500000000        269.4980    
   1125.00000000000        193.3555    
   1140.62500000000        159.3410    
   1156.25000000000        734.3071    
   1171.87500000000        546.9810    
   1187.50000000000        165.5572    
   1203.12500000000        163.7741    
   1218.75000000000        28.00122    
   1234.37500000000        119.6076    
   1250.00000000000        195.1962    
   1265.62500000000        91.76028    
   1281.25000000000        222.9249    
   1296.87500000000        205.6420    
   1312.50000000000        49.32764    
   1328.12500000000        65.08291    
   1343.75000000000        111.2961    
   1359.37500000000        750.6793    
   1375.00000000000        32.28257    
   1390.62500000000        189.5779    
   1406.25000000000        62.41096    
   1421.87500000000        183.0355    
   1437.50000000000        54.52091    
   1453.12500000000        70.52054    
   1468.75000000000        24.47332    
   1484.37500000000        119.1544    
   1500.00000000000        106.0549    
   1515.62500000000        157.0503    
   1531.25000000000        141.8302    
   1546.87500000000        306.8224    
   1562.50000000000        148.8799    
   1578.12500000000        236.2933    
   1593.75000000000        17.84367    
   1609.37500000000        182.5308    
   1625.00000000000        72.73384    
   1640.62500000000        33.78240    
   1656.25000000000        67.07246    
   1671.87500000000        118.7234    
   1687.50000000000        52.39342    
   1703.12500000000        58.41941    
   1718.75000000000        93.93243    
   1734.37500000000        53.14739    
   1750.00000000000        178.8164    
   1765.62500000000        120.4691    
   1781.25000000000        71.65488    
   1796.87500000000        71.12901    
   1812.50000000000        142.6391    
   1828.12500000000        55.21033    
   1843.75000000000        100.9530    
   1859.37500000000        88.80740    
   1875.00000000000        126.4797    
   1890.62500000000        18.37266    
   1906.25000000000        131.4355    
   1921.87500000000        120.9946    
   1937.50000000000        111.7777    
   1953.12500000000        116.7413    
   1968.75000000000        8.643604    
   1984.37500000000        38.83356    
