  -4000.00000000000        270.8485    
  -3968.75000000000        461.4467    
  -3937.50000000000        619.8395    
  -3906.25000000000        293.9158    
  -3875.00000000000        441.9196    
  -3843.75000000000        431.2246    
  -3812.50000000000        367.3411    
  -3781.25000000000        495.2421    
  -3750.00000000000        362.2117    
  -3718.75000000000        412.2846    
  -3687.50000000000        379.1011    
  -3656.25000000000        461.1758    
  -3625.00000000000        225.3822    
  -3593.75000000000        319.2823    
  -3562.50000000000        320.9691    
  -3531.25000000000        115.6094    
  -3500.00000000000        353.0947    
  -3468.75000000000        295.1393    
  -3437.50000000000        199.4376    
  -3406.25000000000        512.6790    
  -3375.00000000000        164.8318    
  -3343.75000000000        141.6662    
  -3312.50000000000        299.9469    
  -3281.25000000000        269.4098    
  -3250.00000000000        245.3793    
  -3218.75000000000        288.5719    
  -3187.50000000000        128.9584    
  -3156.25000000000        304.5925    
  -3125.00000000000        215.0463    
  -3093.75000000000        277.4765    
  -3062.50000000000        297.2735    
  -3031.25000000000        188.6289    
  -3000.00000000000        137.9280    
  -2968.75000000000        124.7175    
  -2937.50000000000        246.0928    
  -2906.25000000000        25.62410    
  -2875.00000000000        163.5770    
  -2843.75000000000        70.64037    
  -2812.50000000000        199.5063    
  -2781.25000000000        68.32333    
  -2750.00000000000        74.60513    
  -2718.75000000000        115.6186    
  -2687.50000000000        158.1052    
  -2656.25000000000        88.87450    
  -2625.00000000000        28.74999    
  -2593.75000000000        123.4345    
  -2562.50000000000        72.65774    
  -2531.25000000000        30.13966    
  -2500.00000000000        188.0289    
  -2468.75000000000        44.45726    
  -2437.50000000000        118.0644    
  -2406.25000000000        76.35942    
  -2375.00000000000        24.89557    
  -2343.75000000000        154.8807    
  -2312.50000000000        108.7083    
  -2281.25000000000        53.28490    
  -2250.00000000000        69.16710    
  -2218.75000000000        81.51204    
  -2187.50000000000        129.7360    
  -2156.25000000000        125.7740    
  -2125.00000000000        99.14444    
  -2093.75000000000        127.7694    
  -2062.50000000000        72.02481    
  -2031.25000000000        41.53617    
  -2000.00000000000        64.42278    
  -1968.75000000000        97.64217    
  -1937.50000000000        92.15918    
  -1906.25000000000        33.73672    
  -1875.00000000000        96.94302    
  -1843.75000000000        110.5987    
  -1812.50000000000        354.1441    
  -1781.25000000000        388.4256    
  -1750.00000000000        198.5762    
  -1718.75000000000        124.3156    
  -1687.50000000000        174.0176    
  -1656.25000000000        212.4842    
  -1625.00000000000        121.1698    
  -1593.75000000000        70.52505    
  -1562.50000000000        266.1119    
  -1531.25000000000        182.6312    
  -1500.00000000000        55.79834    
  -1468.75000000000        105.4436    
  -1437.50000000000        83.09975    
  -1406.25000000000        106.0503    
  -1375.00000000000        155.5137    
  -1343.75000000000        120.4621    
  -1312.50000000000        132.2271    
  -1281.25000000000        110.3776    
  -1250.00000000000        292.0482    
  -1218.75000000000        54.76027    
  -1187.50000000000        45.85867    
  -1156.25000000000        170.7541    
  -1125.00000000000        39.08024    
  -1093.75000000000        126.6990    
  -1062.50000000000        213.5164    
  -1031.25000000000        87.64227    
  -1000.00000000000        105.6361    
  -968.750000000000        92.71851    
  -937.500000000000        62.80745    
  -906.250000000000        194.3697    
  -875.000000000000        130.0925    
  -843.750000000000        184.5631    
  -812.500000000000        275.8345    
  -781.250000000000        383.2750    
  -750.000000000000        291.2807    
  -718.750000000000        360.4952    
  -687.500000000000        275.9202    
  -656.250000000000        542.1036    
  -625.000000000000        55.19000    
  -593.750000000000        370.3095    
  -562.500000000000        111.2617    
  -531.250000000000        229.3687    
  -500.000000000000        393.3626    
  -468.750000000000        89.23753    
  -437.500000000000        369.3340    
  -406.250000000000        388.6403    
  -375.000000000000        848.6270    
  -343.750000000000        1401.907    
  -312.500000000000        726.5963    
  -281.250000000000        1025.833    
  -250.000000000000        504.1224    
  -218.750000000000        97.29797    
  -187.500000000000        492.1006    
  -156.250000000000        1710.997    
  -125.000000000000        1682.818    
  -93.7500000000000        608.3089    
  -62.5000000000000        1603.754    
  -31.2500000000000        3050.635    
  0.000000000000000E+000   7891.853    
   31.2500000000000        2953.773    
   62.5000000000000        1758.527    
   93.7500000000000        647.7961    
   125.000000000000        1807.944    
   156.250000000000        1841.669    
   187.500000000000        480.4626    
   218.750000000000        16.10814    
   250.000000000000        526.9601    
   281.250000000000        897.9062    
   312.500000000000        643.0475    
   343.750000000000        1305.623    
   375.000000000000        772.1068    
   406.250000000000        322.9100    
   437.500000000000        240.2424    
   468.750000000000        85.01681    
   500.000000000000        356.1179    
   531.250000000000        265.4855    
   562.500000000000        200.6029    
   593.750000000000        398.9198    
   625.000000000000        79.37138    
   656.250000000000        547.0643    
   687.500000000000        277.9028    
   718.750000000000        412.5006    
   750.000000000000        262.8936    
   781.250000000000        378.2829    
   812.500000000000        269.6859    
   843.750000000000        152.5412    
   875.000000000000        110.4230    
   906.250000000000        213.8656    
   937.500000000000        67.44930    
   968.750000000000        143.5130    
   1000.00000000000        150.3210    
   1031.25000000000        74.12840    
   1062.50000000000        184.8352    
   1093.75000000000        104.6622    
   1125.00000000000        38.25571    
   1156.25000000000        184.7932    
   1187.50000000000        63.76811    
   1218.75000000000        80.48641    
   1250.00000000000        318.3683    
   1281.25000000000        82.60740    
   1312.50000000000        117.6991    
   1343.75000000000        151.6367    
   1375.00000000000        164.6075    
   1406.25000000000        95.22439    
   1437.50000000000        37.38387    
   1468.75000000000        116.7346    
   1500.00000000000        65.46097    
   1531.25000000000        155.2086    
   1562.50000000000        272.5470    
   1593.75000000000        84.51104    
   1625.00000000000        129.2074    
   1656.25000000000        196.0163    
   1687.50000000000        192.3806    
   1718.75000000000        146.6147    
   1750.00000000000        190.0695    
   1781.25000000000        356.9507    
   1812.50000000000        296.2375    
   1843.75000000000        109.7831    
   1875.00000000000        111.8216    
   1906.25000000000        66.80415    
   1937.50000000000        61.72195    
   1968.75000000000        57.88736    
   2000.00000000000        78.29697    
   2031.25000000000        53.36961    
   2062.50000000000        81.90884    
   2093.75000000000        97.34315    
   2125.00000000000        80.99565    
   2156.25000000000        120.1518    
   2187.50000000000        114.7625    
   2218.75000000000        97.78424    
   2250.00000000000        66.93135    
   2281.25000000000        42.60503    
   2312.50000000000        83.51016    
   2343.75000000000        186.7457    
   2375.00000000000        20.85476    
   2406.25000000000        30.00055    
   2437.50000000000        119.4300    
   2468.75000000000        37.70982    
   2500.00000000000        176.5424    
   2531.25000000000        16.99496    
   2562.50000000000        82.86929    
   2593.75000000000        115.6587    
   2625.00000000000        43.89305    
   2656.25000000000        71.45858    
   2687.50000000000        183.5629    
   2718.75000000000        88.92182    
   2750.00000000000        79.27355    
   2781.25000000000        48.09369    
   2812.50000000000        176.0664    
   2843.75000000000        59.42377    
   2875.00000000000        181.4402    
   2906.25000000000        44.62256    
   2937.50000000000        261.8339    
   2968.75000000000        139.1430    
   3000.00000000000        140.7622    
   3031.25000000000        253.5659    
   3062.50000000000        289.7554    
   3093.75000000000        257.5232    
   3125.00000000000        135.4969    
   3156.25000000000        320.3049    
   3187.50000000000        134.3949    
   3218.75000000000        301.1784    
   3250.00000000000        254.7275    
   3281.25000000000        283.8100    
   3312.50000000000        290.3847    
   3343.75000000000        173.8348    
   3375.00000000000        155.2734    
   3406.25000000000        529.9441    
   3437.50000000000        183.8646    
   3468.75000000000        359.1399    
   3500.00000000000        335.6021    
   3531.25000000000        102.5726    
   3562.50000000000        328.9517    
   3593.75000000000        251.4020    
   3625.00000000000        190.9774    
   3656.25000000000        425.7696    
   3687.50000000000        350.8889    
   3718.75000000000        398.0501    
   3750.00000000000        289.2519    
   3781.25000000000        513.7228    
   3812.50000000000        335.6807    
   3843.75000000000        510.2209    
   3875.00000000000        415.8752    
   3906.25000000000        300.6925    
   3937.50000000000        604.0856    
   3968.75000000000        469.6862    
