  -4000.00000000000        245.5556    
  -3968.75000000000        473.3786    
  -3937.50000000000        632.7946    
  -3906.25000000000        304.1815    
  -3875.00000000000        445.2823    
  -3843.75000000000        476.9379    
  -3812.50000000000        370.0045    
  -3781.25000000000        533.7178    
  -3750.00000000000        353.1014    
  -3718.75000000000        417.0856    
  -3687.50000000000        377.7252    
  -3656.25000000000        477.5150    
  -3625.00000000000        252.7183    
  -3593.75000000000        299.4974    
  -3562.50000000000        333.3983    
  -3531.25000000000        117.3910    
  -3500.00000000000        386.0246    
  -3468.75000000000        340.4471    
  -3437.50000000000        188.8369    
  -3406.25000000000        578.2498    
  -3375.00000000000        163.2405    
  -3343.75000000000        123.8025    
  -3312.50000000000        311.7306    
  -3281.25000000000        271.3790    
  -3250.00000000000        221.7582    
  -3218.75000000000        294.2292    
  -3187.50000000000        147.9655    
  -3156.25000000000        331.6174    
  -3125.00000000000        195.7811    
  -3093.75000000000        275.9504    
  -3062.50000000000        289.5272    
  -3031.25000000000        224.8765    
  -3000.00000000000        128.3944    
  -2968.75000000000        182.3346    
  -2937.50000000000        239.0072    
  -2906.25000000000        41.26341    
  -2875.00000000000        183.9608    
  -2843.75000000000        72.51395    
  -2812.50000000000        192.6101    
  -2781.25000000000        78.00635    
  -2750.00000000000        80.47278    
  -2718.75000000000        96.29458    
  -2687.50000000000        155.1959    
  -2656.25000000000        58.73930    
  -2625.00000000000        37.23236    
  -2593.75000000000        139.9619    
  -2562.50000000000        104.4433    
  -2531.25000000000        32.13037    
  -2500.00000000000        188.4235    
  -2468.75000000000        23.07751    
  -2437.50000000000        127.5250    
  -2406.25000000000        51.50565    
  -2375.00000000000        24.50532    
  -2343.75000000000        182.8591    
  -2312.50000000000        129.7573    
  -2281.25000000000        46.05253    
  -2250.00000000000        85.48547    
  -2218.75000000000        104.2403    
  -2187.50000000000        135.5456    
  -2156.25000000000        144.3294    
  -2125.00000000000        102.7467    
  -2093.75000000000        156.7233    
  -2062.50000000000        86.18466    
  -2031.25000000000        14.59013    
  -2000.00000000000        77.04307    
  -1968.75000000000        89.69058    
  -1937.50000000000        76.22503    
  -1906.25000000000        46.16204    
  -1875.00000000000        122.5397    
  -1843.75000000000        174.1936    
  -1812.50000000000        370.9918    
  -1781.25000000000        449.0683    
  -1750.00000000000        244.1837    
  -1718.75000000000        164.8026    
  -1687.50000000000        150.7523    
  -1656.25000000000        261.5030    
  -1625.00000000000        143.2929    
  -1593.75000000000        106.7185    
  -1562.50000000000        264.3129    
  -1531.25000000000        171.6384    
  -1500.00000000000        75.83376    
  -1468.75000000000        93.12698    
  -1437.50000000000        56.27366    
  -1406.25000000000        105.2922    
  -1375.00000000000        148.1399    
  -1343.75000000000        122.4011    
  -1312.50000000000        88.44401    
  -1281.25000000000        113.6044    
  -1250.00000000000        271.0580    
  -1218.75000000000        78.97511    
  -1187.50000000000        88.09146    
  -1156.25000000000        226.1316    
  -1125.00000000000        59.08403    
  -1093.75000000000        90.05667    
  -1062.50000000000        236.0829    
  -1031.25000000000        64.35400    
  -1000.00000000000        136.9216    
  -968.750000000000        109.7034    
  -937.500000000000        53.91788    
  -906.250000000000        239.6956    
  -875.000000000000        113.9331    
  -843.750000000000        176.8158    
  -812.500000000000        315.7662    
  -781.250000000000        434.6857    
  -750.000000000000        351.4542    
  -718.750000000000        371.6307    
  -687.500000000000        329.8120    
  -656.250000000000        567.8211    
  -625.000000000000        30.28399    
  -593.750000000000        399.3293    
  -562.500000000000        172.8544    
  -531.250000000000        239.6212    
  -500.000000000000        408.7729    
  -468.750000000000        97.76418    
  -437.500000000000        360.3808    
  -406.250000000000        374.3941    
  -375.000000000000        927.1055    
  -343.750000000000        1449.976    
  -312.500000000000        736.3058    
  -281.250000000000        1109.721    
  -250.000000000000        492.8743    
  -218.750000000000        124.4512    
  -187.500000000000        539.7033    
  -156.250000000000        1784.536    
  -125.000000000000        1725.211    
  -93.7500000000000        630.8013    
  -62.5000000000000        1613.290    
  -31.2500000000000        3147.029    
  0.000000000000000E+000   7520.815    
   31.2500000000000        3048.102    
   62.5000000000000        1867.552    
   93.7500000000000        680.7051    
   125.000000000000        1865.401    
   156.250000000000        1919.734    
   187.500000000000        517.0392    
   218.750000000000        46.41431    
   250.000000000000        486.9032    
   281.250000000000        962.7070    
   312.500000000000        749.2545    
   343.750000000000        1391.735    
   375.000000000000        805.0374    
   406.250000000000        300.0330    
   437.500000000000        282.3202    
   468.750000000000        87.82106    
   500.000000000000        460.4394    
   531.250000000000        208.0078    
   562.500000000000        186.8571    
   593.750000000000        331.0934    
   625.000000000000        114.5529    
   656.250000000000        556.0203    
   687.500000000000        293.9518    
   718.750000000000        354.0633    
   750.000000000000        286.3151    
   781.250000000000        369.8822    
   812.500000000000        290.1965    
   843.750000000000        156.2552    
   875.000000000000        101.9270    
   906.250000000000        235.7893    
   937.500000000000        86.96924    
   968.750000000000        141.6284    
   1000.00000000000        159.5851    
   1031.25000000000        99.58150    
   1062.50000000000        225.0658    
   1093.75000000000        127.3543    
   1125.00000000000        84.07671    
   1156.25000000000        159.1399    
   1187.50000000000        47.63101    
   1218.75000000000        32.12675    
   1250.00000000000        320.5937    
   1281.25000000000        84.09953    
   1312.50000000000        109.9441    
   1343.75000000000        126.1114    
   1375.00000000000        172.0241    
   1406.25000000000        113.2612    
   1437.50000000000        68.72842    
   1468.75000000000        67.20618    
   1500.00000000000        53.90105    
   1531.25000000000        180.0427    
   1562.50000000000        300.5973    
   1593.75000000000        108.0983    
   1625.00000000000        123.3164    
   1656.25000000000        160.9931    
   1687.50000000000        213.4657    
   1718.75000000000        125.0237    
   1750.00000000000        170.7971    
   1781.25000000000        336.5000    
   1812.50000000000        301.3408    
   1843.75000000000        109.9892    
   1875.00000000000        119.6120    
   1906.25000000000        29.80316    
   1937.50000000000        51.74018    
   1968.75000000000        85.55487    
   2000.00000000000        53.24644    
   2031.25000000000        16.19584    
   2062.50000000000        92.45660    
   2093.75000000000        88.58407    
   2125.00000000000        101.8786    
   2156.25000000000        137.9189    
   2187.50000000000        163.4612    
   2218.75000000000        75.36356    
   2250.00000000000        68.53060    
   2281.25000000000        76.67310    
   2312.50000000000        124.8946    
   2343.75000000000        230.1145    
   2375.00000000000        14.66008    
   2406.25000000000        54.71526    
   2437.50000000000        132.7303    
   2468.75000000000        39.29972    
   2500.00000000000        197.2547    
   2531.25000000000        30.29553    
   2562.50000000000        71.09027    
   2593.75000000000        121.6282    
   2625.00000000000        72.90468    
   2656.25000000000        64.89001    
   2687.50000000000        196.5431    
   2718.75000000000        83.49122    
   2750.00000000000        116.6527    
   2781.25000000000        42.99582    
   2812.50000000000        201.3048    
   2843.75000000000        64.84870    
   2875.00000000000        177.7089    
   2906.25000000000        42.99967    
   2937.50000000000        279.7907    
   2968.75000000000        124.7419    
   3000.00000000000        173.1260    
   3031.25000000000        279.0644    
   3062.50000000000        284.4337    
   3093.75000000000        209.7746    
   3125.00000000000        167.0219    
   3156.25000000000        330.2172    
   3187.50000000000        171.3902    
   3218.75000000000        331.5019    
   3250.00000000000        256.4311    
   3281.25000000000        306.1837    
   3312.50000000000        308.8088    
   3343.75000000000        145.5543    
   3375.00000000000        209.0421    
   3406.25000000000        559.5880    
   3437.50000000000        217.2726    
   3468.75000000000        375.3600    
   3500.00000000000        327.7103    
   3531.25000000000        108.8215    
   3562.50000000000        324.0674    
   3593.75000000000        256.9179    
   3625.00000000000        213.7620    
   3656.25000000000        420.8446    
   3687.50000000000        333.7975    
   3718.75000000000        416.2721    
   3750.00000000000        279.4031    
   3781.25000000000        579.4977    
   3812.50000000000        360.4442    
   3843.75000000000        510.3186    
   3875.00000000000        433.2473    
   3906.25000000000        282.0571    
   3937.50000000000        580.4279    
   3968.75000000000        534.2696    
