  -2000.00000000000        21.88166    
  -1984.37500000000        13.68272    
  -1968.75000000000        14.64103    
  -1953.12500000000        19.83092    
  -1937.50000000000        30.70432    
  -1921.87500000000        35.65111    
  -1906.25000000000        6.086044    
  -1890.62500000000        25.93478    
  -1875.00000000000        17.20602    
  -1859.37500000000        12.78924    
  -1843.75000000000        10.56777    
  -1828.12500000000        21.93999    
  -1812.50000000000        14.98601    
  -1796.87500000000        8.074155    
  -1781.25000000000        15.27618    
  -1765.62500000000        8.716241    
  -1750.00000000000        47.17049    
  -1734.37500000000        18.09184    
  -1718.75000000000        14.01337    
  -1703.12500000000        9.572697    
  -1687.50000000000        28.87491    
  -1671.87500000000        37.02356    
  -1656.25000000000        12.55662    
  -1640.62500000000        13.97651    
  -1625.00000000000        16.06543    
  -1609.37500000000        22.93442    
  -1593.75000000000        17.45455    
  -1578.12500000000        22.14560    
  -1562.50000000000        31.37655    
  -1546.87500000000        68.27734    
  -1531.25000000000        21.26271    
  -1515.62500000000        23.60088    
  -1500.00000000000        40.11123    
  -1484.37500000000        39.86907    
  -1468.75000000000        16.96616    
  -1453.12500000000        1.023566    
  -1437.50000000000        6.015026    
  -1421.87500000000        6.926887    
  -1406.25000000000        18.07266    
  -1390.62500000000        10.63515    
  -1375.00000000000        14.59551    
  -1359.37500000000        62.22536    
  -1343.75000000000        16.23771    
  -1328.12500000000        20.36757    
  -1312.50000000000        7.075061    
  -1296.87500000000        37.02844    
  -1281.25000000000        44.21650    
  -1265.62500000000        21.22429    
  -1250.00000000000        55.08761    
  -1234.37500000000        49.85979    
  -1218.75000000000        12.33411    
  -1203.12500000000        37.57416    
  -1187.50000000000        48.32410    
  -1171.87500000000        115.9197    
  -1156.25000000000        123.0930    
  -1140.62500000000        40.39884    
  -1125.00000000000        18.66522    
  -1109.37500000000        22.28757    
  -1093.75000000000        31.00633    
  -1078.12500000000        12.72044    
  -1062.50000000000        17.37319    
  -1046.87500000000        27.89335    
  -1031.25000000000        11.77869    
  -1015.62500000000        15.45579    
  -1000.00000000000        4.452971    
  -984.375000000000        36.70855    
  -968.750000000000        149.2229    
  -953.125000000000        47.94460    
  -937.500000000000        23.17018    
  -921.875000000000        41.92049    
  -906.250000000000        63.18764    
  -890.625000000000        33.71072    
  -875.000000000000        18.37161    
  -859.375000000000        22.07108    
  -843.750000000000        16.08512    
  -828.125000000000        28.40807    
  -812.500000000000        15.61456    
  -796.875000000000        24.99780    
  -781.250000000000        110.1744    
  -765.625000000000        93.63769    
  -750.000000000000        41.55633    
  -734.375000000000        28.87652    
  -718.750000000000        67.63450    
  -703.125000000000        33.07170    
  -687.500000000000        25.67120    
  -671.875000000000        47.25599    
  -656.250000000000        47.61746    
  -640.625000000000        49.72795    
  -625.000000000000        90.28453    
  -609.375000000000        134.2686    
  -593.750000000000        269.0545    
  -578.125000000000        805.3459    
  -562.500000000000        124.6683    
  -546.875000000000        32.44889    
  -531.250000000000        59.97273    
  -515.625000000000        14.98514    
  -500.000000000000        46.51582    
  -484.375000000000        17.91264    
  -468.750000000000        29.22556    
  -453.125000000000        33.56641    
  -437.500000000000        33.11827    
  -421.875000000000        30.21054    
  -406.250000000000        79.62134    
  -390.625000000000        312.9977    
  -375.000000000000        62.04523    
  -359.375000000000        50.32957    
  -343.750000000000        20.41202    
  -328.125000000000        28.64174    
  -312.500000000000        51.61575    
  -296.875000000000        50.46850    
  -281.250000000000        34.11644    
  -265.625000000000        68.61457    
  -250.000000000000        75.83426    
  -234.375000000000        71.35384    
  -218.750000000000        149.6966    
  -203.125000000000        529.9944    
  -187.500000000000        668.4549    
  -171.875000000000        193.9125    
  -156.250000000000        103.0729    
  -140.625000000000        85.36987    
  -125.000000000000        81.04216    
  -109.375000000000        48.95861    
  -93.7500000000000        37.01266    
  -78.1250000000000        63.18109    
  -62.5000000000000        49.42362    
  -46.8750000000000        30.36822    
  -31.2500000000000        16.95490    
  -15.6250000000000        102.1552    
  0.000000000000000E+000   18829.38    
   15.6250000000000        115.0577    
   31.2500000000000        59.14357    
   46.8750000000000        75.75335    
   62.5000000000000        15.86380    
   78.1250000000000        69.72329    
   93.7500000000000        31.57276    
   109.375000000000        19.86602    
   125.000000000000        48.12156    
   140.625000000000        45.83669    
   156.250000000000        55.59726    
   171.875000000000        98.48843    
   187.500000000000        296.2617    
   203.125000000000        141.4027    
   218.750000000000        97.20189    
   234.375000000000        55.93897    
   250.000000000000        79.78357    
   265.625000000000        32.06279    
   281.250000000000        36.23625    
   296.875000000000        7.650734    
   312.500000000000        33.50941    
   328.125000000000        29.68454    
   343.750000000000        24.35405    
   359.375000000000        65.27705    
   375.000000000000        171.3318    
   390.625000000000        444.1507    
   406.250000000000        108.6991    
   421.875000000000        52.54255    
   437.500000000000        64.63146    
   453.125000000000        24.77905    
   468.750000000000        22.38324    
   484.375000000000        16.85883    
   500.000000000000        33.56219    
   515.625000000000        58.74601    
   531.250000000000        80.95319    
   546.875000000000        64.74636    
   562.500000000000        143.4554    
   578.125000000000        862.4155    
   593.750000000000        322.5069    
   609.375000000000        140.8145    
   625.000000000000        95.17661    
   640.625000000000        63.54340    
   656.250000000000        71.98573    
   671.875000000000        57.42369    
   687.500000000000        63.19315    
   703.125000000000        58.20165    
   718.750000000000        41.00606    
   734.375000000000        51.94112    
   750.000000000000        65.91337    
   765.625000000000        182.1781    
   781.250000000000        223.6620    
   796.875000000000        64.27956    
   812.500000000000        26.72883    
   828.125000000000        35.98969    
   843.750000000000        17.82186    
   859.375000000000        7.257499    
   875.000000000000        11.15971    
   890.625000000000        19.58733    
   906.250000000000        31.05397    
   921.875000000000        52.94833    
   937.500000000000        14.74647    
   953.125000000000        15.37073    
   968.750000000000        82.02648    
   984.375000000000        19.02709    
   1000.00000000000        3.187675    
   1015.62500000000        7.570670    
   1031.25000000000        5.198889    
   1046.87500000000        14.20239    
   1062.50000000000        10.48633    
   1078.12500000000        12.77565    
   1093.75000000000        5.894867    
   1109.37500000000        14.62195    
   1125.00000000000        10.09674    
   1140.62500000000        15.28971    
   1156.25000000000        102.9164    
   1171.87500000000        90.19752    
   1187.50000000000        42.98668    
   1203.12500000000        30.06963    
   1218.75000000000        22.53374    
   1234.37500000000        13.53027    
   1250.00000000000        53.14740    
   1265.62500000000        16.66090    
   1281.25000000000        9.118354    
   1296.87500000000        34.57014    
   1312.50000000000        7.559594    
   1328.12500000000        8.970931    
   1343.75000000000        1.934990    
   1359.37500000000        48.80497    
   1375.00000000000        16.58368    
   1390.62500000000        13.76026    
   1406.25000000000        18.45687    
   1421.87500000000        23.10199    
   1437.50000000000        11.90622    
   1453.12500000000        16.25206    
   1468.75000000000        17.46279    
   1484.37500000000        22.02658    
   1500.00000000000        32.90000    
   1515.62500000000        18.59200    
   1531.25000000000        16.89244    
   1546.87500000000        29.55000    
   1562.50000000000        5.935290    
   1578.12500000000        27.26938    
   1593.75000000000        6.912891    
   1609.37500000000        6.564790    
   1625.00000000000        3.678946    
   1640.62500000000        11.44804    
   1656.25000000000        11.19615    
   1671.87500000000        18.82393    
   1687.50000000000        14.11658    
   1703.12500000000        7.903221    
   1718.75000000000        20.91990    
   1734.37500000000        20.81930    
   1750.00000000000        42.48368    
   1765.62500000000        18.58184    
   1781.25000000000        15.54629    
   1796.87500000000        10.53464    
   1812.50000000000        18.01891    
   1828.12500000000        15.20943    
   1843.75000000000        13.23888    
   1859.37500000000        10.29911    
   1875.00000000000        13.09893    
   1890.62500000000        11.99560    
   1906.25000000000        11.28722    
   1921.87500000000        29.80913    
   1937.50000000000        16.16736    
   1953.12500000000        18.40609    
   1968.75000000000        6.335678    
   1984.37500000000        2.457592    
