  -2000.00000000000        5.360165    
  -1984.37500000000        3.511724    
  -1968.75000000000        7.049453    
  -1953.12500000000        8.878739    
  -1937.50000000000        13.16777    
  -1921.87500000000        14.19176    
  -1906.25000000000        4.528415    
  -1890.62500000000        9.085905    
  -1875.00000000000        6.875052    
  -1859.37500000000        3.002460    
  -1843.75000000000        3.557144    
  -1828.12500000000        10.85506    
  -1812.50000000000        2.640973    
  -1796.87500000000        3.888792    
  -1781.25000000000        8.361606    
  -1765.62500000000        3.721775    
  -1750.00000000000        22.28650    
  -1734.37500000000        4.328582    
  -1718.75000000000        5.491406    
  -1703.12500000000        1.047951    
  -1687.50000000000        4.212382    
  -1671.87500000000        4.929405    
  -1656.25000000000        4.059632    
  -1640.62500000000        6.209120    
  -1625.00000000000       0.9400837    
  -1609.37500000000        4.999190    
  -1593.75000000000        6.110142    
  -1578.12500000000        10.71957    
  -1562.50000000000        6.814987    
  -1546.87500000000        30.15473    
  -1531.25000000000        7.558068    
  -1515.62500000000        7.863306    
  -1500.00000000000        17.99284    
  -1484.37500000000        9.179116    
  -1468.75000000000        2.613538    
  -1453.12500000000        3.661698    
  -1437.50000000000        4.204167    
  -1421.87500000000        8.210755    
  -1406.25000000000        7.357080    
  -1390.62500000000        5.782778    
  -1375.00000000000        2.163110    
  -1359.37500000000        21.00335    
  -1343.75000000000        7.794489    
  -1328.12500000000        5.600243    
  -1312.50000000000        4.156301    
  -1296.87500000000        12.94395    
  -1281.25000000000        5.419729    
  -1265.62500000000        6.343770    
  -1250.00000000000        24.12580    
  -1234.37500000000        10.73774    
  -1218.75000000000        7.429169    
  -1203.12500000000        17.35694    
  -1187.50000000000        20.84486    
  -1171.87500000000        58.25303    
  -1156.25000000000        57.08876    
  -1140.62500000000        14.33246    
  -1125.00000000000        6.370911    
  -1109.37500000000        11.18453    
  -1093.75000000000        3.040180    
  -1078.12500000000        4.497870    
  -1062.50000000000        2.929361    
  -1046.87500000000        2.308858    
  -1031.25000000000        4.782315    
  -1015.62500000000        4.318371    
  -1000.00000000000       0.8255679    
  -984.375000000000        8.287097    
  -968.750000000000        55.66368    
  -953.125000000000        15.53482    
  -937.500000000000        10.03909    
  -921.875000000000        25.42193    
  -906.250000000000        18.53951    
  -890.625000000000        8.368741    
  -875.000000000000        6.201646    
  -859.375000000000        6.671191    
  -843.750000000000        7.449739    
  -828.125000000000        11.92306    
  -812.500000000000        13.36606    
  -796.875000000000        23.79772    
  -781.250000000000        80.05431    
  -765.625000000000        70.03970    
  -750.000000000000        23.55024    
  -734.375000000000        17.78947    
  -718.750000000000        22.89447    
  -703.125000000000        20.02754    
  -687.500000000000        20.16773    
  -671.875000000000        21.53662    
  -656.250000000000        27.87885    
  -640.625000000000        25.55504    
  -625.000000000000        43.01905    
  -609.375000000000        64.45988    
  -593.750000000000        139.7202    
  -578.125000000000        399.5876    
  -562.500000000000        67.85321    
  -546.875000000000        23.41655    
  -531.250000000000        32.82555    
  -515.625000000000        21.58711    
  -500.000000000000        16.51321    
  -484.375000000000        7.324515    
  -468.750000000000        9.726836    
  -453.125000000000        13.52421    
  -437.500000000000        23.47449    
  -421.875000000000        17.11349    
  -406.250000000000        39.92447    
  -390.625000000000        142.6377    
  -375.000000000000        52.86540    
  -359.375000000000        23.58936    
  -343.750000000000        4.472467    
  -328.125000000000        7.850039    
  -312.500000000000        18.53083    
  -296.875000000000        15.38228    
  -281.250000000000        11.57757    
  -265.625000000000        16.89124    
  -250.000000000000        24.72939    
  -234.375000000000        17.92587    
  -218.750000000000        42.48511    
  -203.125000000000        153.5715    
  -187.500000000000        180.6744    
  -171.875000000000        55.16653    
  -156.250000000000        28.68006    
  -140.625000000000        24.56037    
  -125.000000000000        22.71674    
  -109.375000000000        10.45971    
  -93.7500000000000        2.151412    
  -78.1250000000000        29.58163    
  -62.5000000000000        12.62387    
  -46.8750000000000        18.73872    
  -31.2500000000000        13.01308    
  -15.6250000000000        43.04034    
  0.000000000000000E+000   8971.483    
   15.6250000000000        43.91727    
   31.2500000000000        15.99116    
   46.8750000000000        22.32444    
   62.5000000000000        9.350716    
   78.1250000000000        29.53547    
   93.7500000000000        3.101643    
   109.375000000000        7.372454    
   125.000000000000        21.04079    
   140.625000000000        21.83138    
   156.250000000000        23.69750    
   171.875000000000        44.22880    
   187.500000000000        143.7718    
   203.125000000000        123.5227    
   218.750000000000        36.60085    
   234.375000000000        14.07305    
   250.000000000000        24.01512    
   265.625000000000        13.00191    
   281.250000000000        12.30253    
   296.875000000000        11.83436    
   312.500000000000        18.35390    
   328.125000000000        6.577765    
   343.750000000000        4.769430    
   359.375000000000        25.26508    
   375.000000000000        59.65762    
   390.625000000000        166.1165    
   406.250000000000        42.34029    
   421.875000000000        17.69596    
   437.500000000000        23.14030    
   453.125000000000        13.72815    
   468.750000000000        8.892862    
   484.375000000000        7.482851    
   500.000000000000        17.08585    
   515.625000000000        20.71192    
   531.250000000000        31.92688    
   546.875000000000        24.06390    
   562.500000000000        64.95294    
   578.125000000000        393.2730    
   593.750000000000        139.7283    
   609.375000000000        63.64951    
   625.000000000000        42.86334    
   640.625000000000        25.66911    
   656.250000000000        28.18601    
   671.875000000000        22.06197    
   687.500000000000        20.41433    
   703.125000000000        20.32168    
   718.750000000000        22.37873    
   734.375000000000        17.83188    
   750.000000000000        21.56982    
   765.625000000000        65.92429    
   781.250000000000        68.18280    
   796.875000000000        19.70316    
   812.500000000000        11.38436    
   828.125000000000        10.80800    
   843.750000000000        5.954191    
   859.375000000000        5.968202    
   875.000000000000        5.814464    
   890.625000000000        7.512138    
   906.250000000000        18.02497    
   921.875000000000        24.94103    
   937.500000000000        9.289440    
   953.125000000000        13.78869    
   968.750000000000        44.39801    
   984.375000000000        8.429260    
   1000.00000000000       0.4209804    
   1015.62500000000        4.131945    
   1031.25000000000        3.998808    
   1046.87500000000        2.467230    
   1062.50000000000        3.604503    
   1078.12500000000        4.233511    
   1093.75000000000        1.903106    
   1109.37500000000        8.965510    
   1125.00000000000        4.571952    
   1140.62500000000        13.28522    
   1156.25000000000        51.45819    
   1171.87500000000        55.62067    
   1187.50000000000        19.40130    
   1203.12500000000        16.74607    
   1218.75000000000        6.927422    
   1234.37500000000        10.29818    
   1250.00000000000        23.67779    
   1265.62500000000        5.954871    
   1281.25000000000        6.270354    
   1296.87500000000        13.56320    
   1312.50000000000        4.265362    
   1328.12500000000        5.459670    
   1343.75000000000        7.954094    
   1359.37500000000        21.84266    
   1375.00000000000        1.543174    
   1390.62500000000        6.641870    
   1406.25000000000        7.046149    
   1421.87500000000        7.716959    
   1437.50000000000        3.090018    
   1453.12500000000        3.579917    
   1468.75000000000        1.791995    
   1484.37500000000        6.706650    
   1500.00000000000        17.05648    
   1515.62500000000        7.373342    
   1531.25000000000        6.979839    
   1546.87500000000        25.63615    
   1562.50000000000        8.670345    
   1578.12500000000        11.09172    
   1593.75000000000        6.615959    
   1609.37500000000        4.458837    
   1625.00000000000        1.099667    
   1640.62500000000        5.544616    
   1656.25000000000        4.489012    
   1671.87500000000        7.039918    
   1687.50000000000        4.193221    
   1703.12500000000        2.130167    
   1718.75000000000        7.544193    
   1734.37500000000        3.970794    
   1750.00000000000        23.19353    
   1765.62500000000        4.927536    
   1781.25000000000        8.093036    
   1796.87500000000        3.454926    
   1812.50000000000        5.119643    
   1828.12500000000        10.94682    
   1843.75000000000        5.702951    
   1859.37500000000        5.249367    
   1875.00000000000        3.410476    
   1890.62500000000        8.771582    
   1906.25000000000        4.441308    
   1921.87500000000        13.85349    
   1937.50000000000        11.89461    
   1953.12500000000        6.967262    
   1968.75000000000        6.066360    
   1984.37500000000        2.628941    
