  -4000.00000000000        219.4203    
  -3968.75000000000        390.3152    
  -3937.50000000000        492.3648    
  -3906.25000000000        238.7276    
  -3875.00000000000        361.9138    
  -3843.75000000000        386.8532    
  -3812.50000000000        285.1454    
  -3781.25000000000        418.8899    
  -3750.00000000000        259.1700    
  -3718.75000000000        330.8728    
  -3687.50000000000        305.7177    
  -3656.25000000000        365.4401    
  -3625.00000000000        172.9778    
  -3593.75000000000        239.5456    
  -3562.50000000000        254.8892    
  -3531.25000000000        92.27225    
  -3500.00000000000        291.4279    
  -3468.75000000000        262.4442    
  -3437.50000000000        160.3831    
  -3406.25000000000        459.9418    
  -3375.00000000000        133.1411    
  -3343.75000000000        132.8741    
  -3312.50000000000        256.1971    
  -3281.25000000000        234.1734    
  -3250.00000000000        192.8253    
  -3218.75000000000        237.7967    
  -3187.50000000000        116.2679    
  -3156.25000000000        264.7000    
  -3125.00000000000        168.6541    
  -3093.75000000000        202.5952    
  -3062.50000000000        246.5404    
  -3031.25000000000        185.5301    
  -3000.00000000000        110.1057    
  -2968.75000000000        123.1471    
  -2937.50000000000        213.4706    
  -2906.25000000000        29.85224    
  -2875.00000000000        130.6089    
  -2843.75000000000        74.53595    
  -2812.50000000000        147.4606    
  -2781.25000000000        52.21704    
  -2750.00000000000        75.36206    
  -2718.75000000000        67.87380    
  -2687.50000000000        146.1049    
  -2656.25000000000        53.32540    
  -2625.00000000000        30.05713    
  -2593.75000000000        104.8297    
  -2562.50000000000        65.82133    
  -2531.25000000000        20.79462    
  -2500.00000000000        147.3318    
  -2468.75000000000        12.30116    
  -2437.50000000000        105.7108    
  -2406.25000000000        63.01338    
  -2375.00000000000        32.18104    
  -2343.75000000000        148.5197    
  -2312.50000000000        90.31336    
  -2281.25000000000        49.61668    
  -2250.00000000000        52.99048    
  -2218.75000000000        83.45518    
  -2187.50000000000        112.7875    
  -2156.25000000000        112.6431    
  -2125.00000000000        72.10005    
  -2093.75000000000        91.92064    
  -2062.50000000000        58.11873    
  -2031.25000000000        24.13595    
  -2000.00000000000        48.59056    
  -1968.75000000000        69.48998    
  -1937.50000000000        50.33863    
  -1906.25000000000        38.12143    
  -1875.00000000000        88.65092    
  -1843.75000000000        99.00131    
  -1812.50000000000        264.4173    
  -1781.25000000000        324.4686    
  -1750.00000000000        165.0621    
  -1718.75000000000        117.5805    
  -1687.50000000000        166.9967    
  -1656.25000000000        185.8100    
  -1625.00000000000        109.6611    
  -1593.75000000000        51.35318    
  -1562.50000000000        223.8589    
  -1531.25000000000        128.2007    
  -1500.00000000000        36.21436    
  -1468.75000000000        82.78896    
  -1437.50000000000        51.60092    
  -1406.25000000000        86.85112    
  -1375.00000000000        129.9295    
  -1343.75000000000        110.1753    
  -1312.50000000000        97.36526    
  -1281.25000000000        77.80941    
  -1250.00000000000        226.7841    
  -1218.75000000000        52.24442    
  -1187.50000000000        45.05215    
  -1156.25000000000        150.6893    
  -1125.00000000000        24.66717    
  -1093.75000000000        95.66517    
  -1062.50000000000        191.2370    
  -1031.25000000000        64.14880    
  -1000.00000000000        98.15623    
  -968.750000000000        84.96912    
  -937.500000000000        42.31523    
  -906.250000000000        170.3575    
  -875.000000000000        91.49924    
  -843.750000000000        134.2619    
  -812.500000000000        240.5729    
  -781.250000000000        309.8382    
  -750.000000000000        225.1689    
  -718.750000000000        291.6508    
  -687.500000000000        252.8629    
  -656.250000000000        462.7369    
  -625.000000000000        26.30237    
  -593.750000000000        335.1971    
  -562.500000000000        119.0640    
  -531.250000000000        205.3868    
  -500.000000000000        321.8649    
  -468.750000000000        85.08231    
  -437.500000000000        253.0430    
  -406.250000000000        306.4562    
  -375.000000000000        715.6582    
  -343.750000000000        1143.449    
  -312.500000000000        583.7771    
  -281.250000000000        833.3946    
  -250.000000000000        429.1347    
  -218.750000000000        55.08769    
  -187.500000000000        377.1008    
  -156.250000000000        1445.618    
  -125.000000000000        1408.847    
  -93.7500000000000        503.9571    
  -62.5000000000000        1393.141    
  -31.2500000000000        2516.507    
  0.000000000000000E+000   6433.302    
   31.2500000000000        2447.403    
   62.5000000000000        1440.914    
   93.7500000000000        536.6811    
   125.000000000000        1460.401    
   156.250000000000        1481.990    
   187.500000000000        381.2110    
   218.750000000000        20.19456    
   250.000000000000        415.4465    
   281.250000000000        786.2396    
   312.500000000000        585.4894    
   343.750000000000        1103.623    
   375.000000000000        677.6284    
   406.250000000000        292.8751    
   437.500000000000        214.4801    
   468.750000000000        78.56018    
   500.000000000000        324.7128    
   531.250000000000        212.1398    
   562.500000000000        132.8459    
   593.750000000000        328.3165    
   625.000000000000        46.05909    
   656.250000000000        450.2656    
   687.500000000000        258.4000    
   718.750000000000        298.4571    
   750.000000000000        225.1933    
   781.250000000000        296.8834    
   812.500000000000        230.6501    
   843.750000000000        134.1332    
   875.000000000000        96.15734    
   906.250000000000        170.8088    
   937.500000000000        37.29971    
   968.750000000000        94.09296    
   1000.00000000000        105.6720    
   1031.25000000000        88.04349    
   1062.50000000000        162.1570    
   1093.75000000000        88.37844    
   1125.00000000000        35.43784    
   1156.25000000000        149.3476    
   1187.50000000000        35.65192    
   1218.75000000000        38.51760    
   1250.00000000000        249.6072    
   1281.25000000000        74.46869    
   1312.50000000000        92.11613    
   1343.75000000000        117.2611    
   1375.00000000000        142.6819    
   1406.25000000000        91.28284    
   1437.50000000000        43.24134    
   1468.75000000000        75.01610    
   1500.00000000000        36.63953    
   1531.25000000000        120.3939    
   1562.50000000000        212.3632    
   1593.75000000000        60.03465    
   1625.00000000000        103.7051    
   1656.25000000000        166.9850    
   1687.50000000000        151.7993    
   1718.75000000000        100.5127    
   1750.00000000000        157.4642    
   1781.25000000000        304.6052    
   1812.50000000000        257.5643    
   1843.75000000000        97.07683    
   1875.00000000000        84.20351    
   1906.25000000000        40.98586    
   1937.50000000000        59.13584    
   1968.75000000000        72.54546    
   2000.00000000000        43.16864    
   2031.25000000000        14.74550    
   2062.50000000000        66.38477    
   2093.75000000000        90.13419    
   2125.00000000000        61.13393    
   2156.25000000000        112.1439    
   2187.50000000000        111.9969    
   2218.75000000000        69.52528    
   2250.00000000000        61.87919    
   2281.25000000000        49.33302    
   2312.50000000000        93.40067    
   2343.75000000000        154.4290    
   2375.00000000000        22.13310    
   2406.25000000000        55.24593    
   2437.50000000000        103.4933    
   2468.75000000000        13.54774    
   2500.00000000000        154.5442    
   2531.25000000000        16.07647    
   2562.50000000000        66.28087    
   2593.75000000000        100.1691    
   2625.00000000000        35.42358    
   2656.25000000000        58.56620    
   2687.50000000000        147.6694    
   2718.75000000000        73.23512    
   2750.00000000000        81.69451    
   2781.25000000000        44.89935    
   2812.50000000000        147.5959    
   2843.75000000000        67.27602    
   2875.00000000000        147.2899    
   2906.25000000000        22.93510    
   2937.50000000000        214.5293    
   2968.75000000000        109.1810    
   3000.00000000000        129.9828    
   3031.25000000000        195.5150    
   3062.50000000000        234.9933    
   3093.75000000000        206.6144    
   3125.00000000000        145.1736    
   3156.25000000000        255.1769    
   3187.50000000000        112.2575    
   3218.75000000000        252.1690    
   3250.00000000000        203.6336    
   3281.25000000000        234.3711    
   3312.50000000000        252.3292    
   3343.75000000000        132.6031    
   3375.00000000000        151.1047    
   3406.25000000000        451.3673    
   3437.50000000000        161.4286    
   3468.75000000000        292.6067    
   3500.00000000000        283.1915    
   3531.25000000000        88.69791    
   3562.50000000000        261.9883    
   3593.75000000000        212.1948    
   3625.00000000000        156.6508    
   3656.25000000000        364.6071    
   3687.50000000000        304.2828    
   3718.75000000000        326.6121    
   3750.00000000000        259.9923    
   3781.25000000000        430.1050    
   3812.50000000000        273.8974    
   3843.75000000000        409.8448    
   3875.00000000000        350.1292    
   3906.25000000000        226.4449    
   3937.50000000000        486.3602    
   3968.75000000000        396.5595    
