  -4000.00000000000        246.0970    
  -3968.75000000000        459.9806    
  -3937.50000000000        577.1956    
  -3906.25000000000        278.6103    
  -3875.00000000000        424.7727    
  -3843.75000000000        435.9683    
  -3812.50000000000        352.7027    
  -3781.25000000000        483.9908    
  -3750.00000000000        313.6776    
  -3718.75000000000        364.0263    
  -3687.50000000000        339.5282    
  -3656.25000000000        441.3077    
  -3625.00000000000        228.0911    
  -3593.75000000000        301.8684    
  -3562.50000000000        297.1621    
  -3531.25000000000        108.7854    
  -3500.00000000000        351.5340    
  -3468.75000000000        301.5660    
  -3437.50000000000        204.7225    
  -3406.25000000000        533.7237    
  -3375.00000000000        172.6019    
  -3343.75000000000        124.1080    
  -3312.50000000000        311.2084    
  -3281.25000000000        252.5992    
  -3250.00000000000        222.1778    
  -3218.75000000000        255.5412    
  -3187.50000000000        125.6878    
  -3156.25000000000        304.8745    
  -3125.00000000000        213.2063    
  -3093.75000000000        239.1964    
  -3062.50000000000        287.4606    
  -3031.25000000000        212.3101    
  -3000.00000000000        126.7434    
  -2968.75000000000        158.1873    
  -2937.50000000000        249.8203    
  -2906.25000000000        33.17981    
  -2875.00000000000        161.4534    
  -2843.75000000000        82.09641    
  -2812.50000000000        160.3925    
  -2781.25000000000        85.79144    
  -2750.00000000000        85.59612    
  -2718.75000000000        85.34276    
  -2687.50000000000        155.3350    
  -2656.25000000000        90.47187    
  -2625.00000000000        22.09792    
  -2593.75000000000        136.0297    
  -2562.50000000000        63.36265    
  -2531.25000000000        41.30755    
  -2500.00000000000        167.7480    
  -2468.75000000000        7.435204    
  -2437.50000000000        126.9644    
  -2406.25000000000        100.7327    
  -2375.00000000000        22.49871    
  -2343.75000000000        175.7137    
  -2312.50000000000        90.05583    
  -2281.25000000000        69.76871    
  -2250.00000000000        53.74346    
  -2218.75000000000        92.04131    
  -2187.50000000000        115.5434    
  -2156.25000000000        136.5777    
  -2125.00000000000        86.00529    
  -2093.75000000000        98.53957    
  -2062.50000000000        63.27133    
  -2031.25000000000        17.38816    
  -2000.00000000000        68.00940    
  -1968.75000000000        96.96966    
  -1937.50000000000        63.64826    
  -1906.25000000000        62.10151    
  -1875.00000000000        94.11520    
  -1843.75000000000        109.5889    
  -1812.50000000000        353.4211    
  -1781.25000000000        402.4448    
  -1750.00000000000        198.9489    
  -1718.75000000000        136.1935    
  -1687.50000000000        186.1093    
  -1656.25000000000        206.3783    
  -1625.00000000000        114.9433    
  -1593.75000000000        58.14721    
  -1562.50000000000        279.5568    
  -1531.25000000000        143.6526    
  -1500.00000000000        49.03677    
  -1468.75000000000        90.09310    
  -1437.50000000000        72.67348    
  -1406.25000000000        111.4734    
  -1375.00000000000        163.9998    
  -1343.75000000000        132.5323    
  -1312.50000000000        122.4714    
  -1281.25000000000        107.5556    
  -1250.00000000000        277.2299    
  -1218.75000000000        49.92489    
  -1187.50000000000        68.52303    
  -1156.25000000000        173.4134    
  -1125.00000000000        39.00414    
  -1093.75000000000        118.4570    
  -1062.50000000000        227.8109    
  -1031.25000000000        95.76860    
  -1000.00000000000        110.5873    
  -968.750000000000        113.5929    
  -937.500000000000        38.65908    
  -906.250000000000        181.6848    
  -875.000000000000        136.8401    
  -843.750000000000        151.9165    
  -812.500000000000        247.5779    
  -781.250000000000        343.7140    
  -750.000000000000        249.3790    
  -718.750000000000        320.6791    
  -687.500000000000        264.1887    
  -656.250000000000        529.3203    
  -625.000000000000        31.34447    
  -593.750000000000        374.0948    
  -562.500000000000        156.2624    
  -531.250000000000        234.3779    
  -500.000000000000        382.8131    
  -468.750000000000        99.12680    
  -437.500000000000        323.0911    
  -406.250000000000        367.5724    
  -375.000000000000        831.7568    
  -343.750000000000        1345.849    
  -312.500000000000        682.7652    
  -281.250000000000        973.3725    
  -250.000000000000        503.9719    
  -218.750000000000        76.34974    
  -187.500000000000        438.9596    
  -156.250000000000        1646.879    
  -125.000000000000        1612.870    
  -93.7500000000000        580.1300    
  -62.5000000000000        1561.341    
  -31.2500000000000        2913.890    
  0.000000000000000E+000   7679.562    
   31.2500000000000        2856.986    
   62.5000000000000        1718.461    
   93.7500000000000        655.1974    
   125.000000000000        1721.164    
   156.250000000000        1751.901    
   187.500000000000        455.3071    
   218.750000000000        15.69388    
   250.000000000000        487.0766    
   281.250000000000        903.2809    
   312.500000000000        667.2234    
   343.750000000000        1290.819    
   375.000000000000        746.0296    
   406.250000000000        333.0892    
   437.500000000000        261.8093    
   468.750000000000        89.55997    
   500.000000000000        413.0709    
   531.250000000000        276.2286    
   562.500000000000        162.3339    
   593.750000000000        394.1832    
   625.000000000000        74.43902    
   656.250000000000        527.9742    
   687.500000000000        269.7897    
   718.750000000000        365.6632    
   750.000000000000        241.2349    
   781.250000000000        353.4875    
   812.500000000000        268.5005    
   843.750000000000        153.8587    
   875.000000000000        84.52417    
   906.250000000000        209.2346    
   937.500000000000        38.58025    
   968.750000000000        115.2617    
   1000.00000000000        137.7573    
   1031.25000000000        105.0283    
   1062.50000000000        205.4621    
   1093.75000000000        109.8090    
   1125.00000000000        41.03608    
   1156.25000000000        169.1332    
   1187.50000000000        55.89202    
   1218.75000000000        57.04355    
   1250.00000000000        307.9413    
   1281.25000000000        77.63142    
   1312.50000000000        89.42863    
   1343.75000000000        127.5123    
   1375.00000000000        159.3128    
   1406.25000000000        99.69772    
   1437.50000000000        68.69093    
   1468.75000000000        95.18556    
   1500.00000000000        37.62835    
   1531.25000000000        128.6347    
   1562.50000000000        246.6927    
   1593.75000000000        95.83298    
   1625.00000000000        115.6839    
   1656.25000000000        184.3181    
   1687.50000000000        184.2695    
   1718.75000000000        135.8083    
   1750.00000000000        180.3899    
   1781.25000000000        349.3753    
   1812.50000000000        275.0234    
   1843.75000000000        109.1866    
   1875.00000000000        110.3639    
   1906.25000000000        47.73931    
   1937.50000000000        51.08934    
   1968.75000000000        85.83829    
   2000.00000000000        43.63967    
   2031.25000000000        35.73713    
   2062.50000000000        88.13230    
   2093.75000000000        74.76260    
   2125.00000000000        96.45162    
   2156.25000000000        140.7190    
   2187.50000000000        104.4701    
   2218.75000000000        72.68414    
   2250.00000000000        67.72507    
   2281.25000000000        64.82387    
   2312.50000000000        108.2475    
   2343.75000000000        192.7579    
   2375.00000000000        30.84105    
   2406.25000000000        75.85748    
   2437.50000000000        113.3147    
   2468.75000000000        4.036963    
   2500.00000000000        167.7038    
   2531.25000000000        11.41240    
   2562.50000000000        70.54131    
   2593.75000000000        124.9676    
   2625.00000000000        45.97064    
   2656.25000000000        77.53974    
   2687.50000000000        178.7013    
   2718.75000000000        86.57249    
   2750.00000000000        98.35529    
   2781.25000000000        56.93173    
   2812.50000000000        194.4981    
   2843.75000000000        91.80162    
   2875.00000000000        166.5918    
   2906.25000000000        23.34328    
   2937.50000000000        235.4029    
   2968.75000000000        151.5979    
   3000.00000000000        163.0076    
   3031.25000000000        237.3523    
   3062.50000000000        281.6479    
   3093.75000000000        233.4632    
   3125.00000000000        186.1263    
   3156.25000000000        294.8448    
   3187.50000000000        146.0117    
   3218.75000000000        311.2938    
   3250.00000000000        219.6679    
   3281.25000000000        287.2676    
   3312.50000000000        290.1729    
   3343.75000000000        133.9810    
   3375.00000000000        139.3801    
   3406.25000000000        510.9360    
   3437.50000000000        201.1413    
   3468.75000000000        342.2190    
   3500.00000000000        347.7984    
   3531.25000000000        105.9385    
   3562.50000000000        312.1141    
   3593.75000000000        245.0410    
   3625.00000000000        158.6378    
   3656.25000000000        423.9017    
   3687.50000000000        342.8808    
   3718.75000000000        376.2274    
   3750.00000000000        268.6928    
   3781.25000000000        484.7784    
   3812.50000000000        309.6650    
   3843.75000000000        473.9120    
   3875.00000000000        398.6945    
   3906.25000000000        259.5634    
   3937.50000000000        565.9659    
   3968.75000000000        476.7086    
