  -2000.00000000000        3.467543    
  -1984.37500000000        7.429345    
  -1968.75000000000        11.25935    
  -1953.12500000000        7.664271    
  -1937.50000000000        17.17648    
  -1921.87500000000        18.69097    
  -1906.25000000000        15.01659    
  -1890.62500000000        18.56879    
  -1875.00000000000        16.22449    
  -1859.37500000000        5.920966    
  -1843.75000000000        5.331285    
  -1828.12500000000        18.44954    
  -1812.50000000000        3.790600    
  -1796.87500000000        5.891824    
  -1781.25000000000        17.86133    
  -1765.62500000000        8.728786    
  -1750.00000000000        52.20498    
  -1734.37500000000        46.03260    
  -1718.75000000000        17.26933    
  -1703.12500000000        5.462984    
  -1687.50000000000        2.005948    
  -1671.87500000000        20.76011    
  -1656.25000000000        18.76950    
  -1640.62500000000        18.58489    
  -1625.00000000000        3.632978    
  -1609.37500000000        12.64822    
  -1593.75000000000        10.10938    
  -1578.12500000000        12.19481    
  -1562.50000000000        17.99573    
  -1546.87500000000        57.52499    
  -1531.25000000000        13.03058    
  -1515.62500000000        13.36469    
  -1500.00000000000        34.48337    
  -1484.37500000000        23.34611    
  -1468.75000000000        9.875965    
  -1453.12500000000        6.857886    
  -1437.50000000000        2.082657    
  -1421.87500000000        12.45987    
  -1406.25000000000        8.280273    
  -1390.62500000000        4.844572    
  -1375.00000000000        4.782852    
  -1359.37500000000        62.85732    
  -1343.75000000000        22.47540    
  -1328.12500000000        21.37413    
  -1312.50000000000        6.897182    
  -1296.87500000000        33.69534    
  -1281.25000000000        7.843069    
  -1265.62500000000        13.96731    
  -1250.00000000000        35.23845    
  -1234.37500000000        25.53914    
  -1218.75000000000        16.08171    
  -1203.12500000000        34.12049    
  -1187.50000000000        39.03067    
  -1171.87500000000        109.6600    
  -1156.25000000000        111.7046    
  -1140.62500000000        42.94016    
  -1125.00000000000        20.17787    
  -1109.37500000000        24.80538    
  -1093.75000000000        18.23830    
  -1078.12500000000        5.095141    
  -1062.50000000000        10.09552    
  -1046.87500000000        5.002559    
  -1031.25000000000        5.621601    
  -1015.62500000000        13.67495    
  -1000.00000000000        10.06174    
  -984.375000000000        37.16526    
  -968.750000000000        210.5668    
  -953.125000000000        35.31653    
  -937.500000000000        17.00881    
  -921.875000000000        45.22210    
  -906.250000000000        23.20160    
  -890.625000000000        12.43857    
  -875.000000000000        8.593042    
  -859.375000000000        6.768775    
  -843.750000000000        9.141013    
  -828.125000000000        21.40581    
  -812.500000000000        4.965174    
  -796.875000000000        14.98375    
  -781.250000000000        67.00933    
  -765.625000000000        64.19403    
  -750.000000000000        26.30706    
  -734.375000000000        26.29210    
  -718.750000000000        37.29443    
  -703.125000000000        18.42836    
  -687.500000000000        24.94927    
  -671.875000000000        39.62237    
  -656.250000000000        46.25957    
  -640.625000000000        20.04167    
  -625.000000000000        70.76755    
  -609.375000000000        97.30882    
  -593.750000000000        190.3818    
  -578.125000000000        529.7810    
  -562.500000000000        91.26022    
  -546.875000000000        24.66602    
  -531.250000000000        42.53342    
  -515.625000000000        24.39332    
  -500.000000000000        17.21627    
  -484.375000000000        10.30292    
  -468.750000000000        11.96295    
  -453.125000000000        18.25729    
  -437.500000000000        17.83141    
  -421.875000000000        16.14438    
  -406.250000000000        54.81026    
  -390.625000000000        266.0621    
  -375.000000000000        57.52598    
  -359.375000000000        38.97755    
  -343.750000000000        10.55900    
  -328.125000000000        19.52477    
  -312.500000000000        38.31000    
  -296.875000000000        32.15858    
  -281.250000000000        19.08394    
  -265.625000000000        37.31519    
  -250.000000000000        44.61652    
  -234.375000000000        38.17455    
  -218.750000000000        89.15503    
  -203.125000000000        307.0205    
  -187.500000000000        426.2216    
  -171.875000000000        114.1977    
  -156.250000000000        66.64639    
  -140.625000000000        55.34951    
  -125.000000000000        38.36932    
  -109.375000000000        30.50044    
  -93.7500000000000        14.65819    
  -78.1250000000000        47.61381    
  -62.5000000000000        22.53104    
  -46.8750000000000        25.42820    
  -31.2500000000000        27.05500    
  -15.6250000000000        69.91345    
  0.000000000000000E+000   13744.18    
   15.6250000000000        53.12797    
   31.2500000000000        26.69455    
   46.8750000000000        45.75060    
   62.5000000000000        16.75931    
   78.1250000000000        37.74012    
   93.7500000000000        16.89697    
   109.375000000000        13.60379    
   125.000000000000        48.58624    
   140.625000000000        31.18339    
   156.250000000000        44.99371    
   171.875000000000        75.15970    
   187.500000000000        240.8182    
   203.125000000000        150.5275    
   218.750000000000        61.89893    
   234.375000000000        36.48791    
   250.000000000000        38.78241    
   265.625000000000        13.41798    
   281.250000000000        22.54725    
   296.875000000000        4.331503    
   312.500000000000        37.65443    
   328.125000000000        19.85737    
   343.750000000000        21.69731    
   359.375000000000        52.67231    
   375.000000000000        139.3273    
   390.625000000000        330.9982    
   406.250000000000        70.77811    
   421.875000000000        39.38094    
   437.500000000000        45.85632    
   453.125000000000        15.79276    
   468.750000000000        6.695614    
   484.375000000000        14.17703    
   500.000000000000        26.80419    
   515.625000000000        42.95441    
   531.250000000000        49.64924    
   546.875000000000        43.37410    
   562.500000000000        95.92594    
   578.125000000000        592.2256    
   593.750000000000        213.8726    
   609.375000000000        95.71360    
   625.000000000000        75.48019    
   640.625000000000        23.70581    
   656.250000000000        51.45231    
   671.875000000000        38.54987    
   687.500000000000        41.79760    
   703.125000000000        51.16057    
   718.750000000000        35.40141    
   734.375000000000        39.66593    
   750.000000000000        54.77121    
   765.625000000000        162.2730    
   781.250000000000        187.7797    
   796.875000000000        59.36290    
   812.500000000000        23.97207    
   828.125000000000        21.34184    
   843.750000000000        19.43954    
   859.375000000000        9.446524    
   875.000000000000        19.87885    
   890.625000000000        28.23822    
   906.250000000000        25.05422    
   921.875000000000        38.25015    
   937.500000000000        12.62736    
   953.125000000000        25.75070    
   968.750000000000        141.8390    
   984.375000000000        13.23790    
   1000.00000000000        5.601876    
   1015.62500000000        5.747067    
   1031.25000000000        18.95445    
   1046.87500000000        1.619856    
   1062.50000000000        12.73801    
   1078.12500000000        12.17782    
   1093.75000000000        34.98461    
   1109.37500000000        29.31237    
   1125.00000000000        18.33851    
   1140.62500000000        41.16300    
   1156.25000000000        109.9773    
   1171.87500000000        116.8153    
   1187.50000000000        36.82883    
   1203.12500000000        31.88923    
   1218.75000000000        17.10895    
   1234.37500000000        19.89088    
   1250.00000000000        40.95838    
   1265.62500000000        21.40820    
   1281.25000000000        22.75228    
   1296.87500000000        8.761909    
   1312.50000000000        10.63150    
   1328.12500000000        11.57849    
   1343.75000000000        16.64369    
   1359.37500000000        39.97565    
   1375.00000000000        15.20846    
   1390.62500000000        11.11069    
   1406.25000000000        13.18619    
   1421.87500000000        13.35949    
   1437.50000000000        1.557323    
   1453.12500000000        2.869565    
   1468.75000000000        26.05025    
   1484.37500000000        24.77759    
   1500.00000000000        36.87493    
   1515.62500000000        15.49112    
   1531.25000000000        17.30545    
   1546.87500000000        53.56703    
   1562.50000000000        26.98044    
   1578.12500000000        17.29538    
   1593.75000000000        9.639985    
   1609.37500000000        7.669714    
   1625.00000000000        14.67748    
   1640.62500000000        12.51855    
   1656.25000000000        7.696201    
   1671.87500000000        10.81222    
   1687.50000000000        16.38380    
   1703.12500000000        4.324568    
   1718.75000000000        2.866862    
   1734.37500000000        15.46743    
   1750.00000000000        42.77038    
   1765.62500000000        5.686052    
   1781.25000000000        15.62332    
   1796.87500000000        8.537259    
   1812.50000000000        21.59792    
   1828.12500000000        18.95658    
   1843.75000000000        5.715620    
   1859.37500000000        18.41158    
   1875.00000000000        9.963498    
   1890.62500000000        23.94593    
   1906.25000000000        11.57194    
   1921.87500000000        24.29052    
   1937.50000000000        37.67463    
   1953.12500000000        20.24264    
   1968.75000000000        13.56310    
   1984.37500000000        2.721688    
