  -2000.00000000000        5.315588    
  -1984.37500000000        2.397079    
  -1968.75000000000        6.621029    
  -1953.12500000000        8.379784    
  -1937.50000000000        8.516372    
  -1921.87500000000        13.23355    
  -1906.25000000000        4.703659    
  -1890.62500000000        9.018020    
  -1875.00000000000        4.639533    
  -1859.37500000000        2.582658    
  -1843.75000000000        4.133297    
  -1828.12500000000        10.35305    
  -1812.50000000000        4.174869    
  -1796.87500000000        3.233317    
  -1781.25000000000        8.109422    
  -1765.62500000000        3.440303    
  -1750.00000000000        22.42085    
  -1734.37500000000        5.646674    
  -1718.75000000000        6.824890    
  -1703.12500000000        1.984559    
  -1687.50000000000        3.190817    
  -1671.87500000000        4.941783    
  -1656.25000000000        4.099791    
  -1640.62500000000        6.179849    
  -1625.00000000000       0.6753085    
  -1609.37500000000        4.407786    
  -1593.75000000000        6.157160    
  -1578.12500000000        10.87695    
  -1562.50000000000        8.937180    
  -1546.87500000000        26.27989    
  -1531.25000000000        6.124889    
  -1515.62500000000        6.772838    
  -1500.00000000000        16.21564    
  -1484.37500000000        7.784528    
  -1468.75000000000        2.042351    
  -1453.12500000000        3.861199    
  -1437.50000000000        2.782055    
  -1421.87500000000        8.382113    
  -1406.25000000000        6.465145    
  -1390.62500000000        5.227353    
  -1375.00000000000        1.211983    
  -1359.37500000000        16.43683    
  -1343.75000000000        7.925469    
  -1328.12500000000        6.250530    
  -1312.50000000000        5.259329    
  -1296.87500000000        12.59911    
  -1281.25000000000        3.967244    
  -1265.62500000000        5.505000    
  -1250.00000000000        22.87456    
  -1234.37500000000        9.388915    
  -1218.75000000000        5.288513    
  -1203.12500000000        15.99724    
  -1187.50000000000        18.79751    
  -1171.87500000000        52.90856    
  -1156.25000000000        51.50908    
  -1140.62500000000        13.00884    
  -1125.00000000000        5.440563    
  -1109.37500000000        10.62611    
  -1093.75000000000        2.916772    
  -1078.12500000000        3.704765    
  -1062.50000000000        2.810934    
  -1046.87500000000        2.071815    
  -1031.25000000000        3.246216    
  -1015.62500000000        3.098751    
  -1000.00000000000        1.236213    
  -984.375000000000        7.906327    
  -968.750000000000        56.81197    
  -953.125000000000        14.27087    
  -937.500000000000        9.541342    
  -921.875000000000        24.52695    
  -906.250000000000        18.05965    
  -890.625000000000        7.665764    
  -875.000000000000        5.336757    
  -859.375000000000        5.990457    
  -843.750000000000        5.861051    
  -828.125000000000        7.978353    
  -812.500000000000        10.34490    
  -796.875000000000        19.66022    
  -781.250000000000        71.59194    
  -765.625000000000        65.49857    
  -750.000000000000        23.08074    
  -734.375000000000        18.48105    
  -718.750000000000        23.14543    
  -703.125000000000        20.58706    
  -687.500000000000        20.52414    
  -671.875000000000        22.54971    
  -656.250000000000        28.39848    
  -640.625000000000        25.70424    
  -625.000000000000        42.81946    
  -609.375000000000        63.97184    
  -593.750000000000        138.0732    
  -578.125000000000        389.6121    
  -562.500000000000        65.23022    
  -546.875000000000        22.90230    
  -531.250000000000        31.08221    
  -515.625000000000        20.44020    
  -500.000000000000        16.23891    
  -484.375000000000        7.329913    
  -468.750000000000        8.031495    
  -453.125000000000        12.88429    
  -437.500000000000        22.70375    
  -421.875000000000        15.98542    
  -406.250000000000        40.28217    
  -390.625000000000        154.9624    
  -375.000000000000        54.50255    
  -359.375000000000        23.30445    
  -343.750000000000        4.207017    
  -328.125000000000        6.822029    
  -312.500000000000        17.65743    
  -296.875000000000        13.93858    
  -281.250000000000        9.999113    
  -265.625000000000        14.61327    
  -250.000000000000        25.60883    
  -234.375000000000        13.38108    
  -218.750000000000        34.81319    
  -203.125000000000        133.7904    
  -187.500000000000        148.0394    
  -171.875000000000        45.01208    
  -156.250000000000        22.88728    
  -140.625000000000        21.17380    
  -125.000000000000        19.16304    
  -109.375000000000        7.392360    
  -93.7500000000000        2.096835    
  -78.1250000000000        27.22362    
  -62.5000000000000        9.821792    
  -46.8750000000000        19.59777    
  -31.2500000000000        13.77622    
  -15.6250000000000        41.42038    
  0.000000000000000E+000   8711.062    
   15.6250000000000        41.24403    
   31.2500000000000        13.18945    
   46.8750000000000        19.53368    
   62.5000000000000        10.43525    
   78.1250000000000        27.53513    
   93.7500000000000        2.167289    
   109.375000000000        7.345429    
   125.000000000000        19.29648    
   140.625000000000        21.17924    
   156.250000000000        23.41661    
   171.875000000000        45.50516    
   187.500000000000        148.7779    
   203.125000000000        134.3253    
   218.750000000000        35.30423    
   234.375000000000        13.13034    
   250.000000000000        25.12465    
   265.625000000000        14.23424    
   281.250000000000        10.14976    
   296.875000000000        13.28612    
   312.500000000000        17.31549    
   328.125000000000        6.467522    
   343.750000000000        3.912797    
   359.375000000000        23.57769    
   375.000000000000        56.39229    
   390.625000000000        157.6078    
   406.250000000000        41.49690    
   421.875000000000        16.99275    
   437.500000000000        23.65055    
   453.125000000000        13.13088    
   468.750000000000        8.115434    
   484.375000000000        7.373074    
   500.000000000000        16.42142    
   515.625000000000        20.57857    
   531.250000000000        31.45833    
   546.875000000000        23.86781    
   562.500000000000        64.26742    
   578.125000000000        387.0806    
   593.750000000000        138.8275    
   609.375000000000        63.49963    
   625.000000000000        42.05619    
   640.625000000000        25.89913    
   656.250000000000        28.24288    
   671.875000000000        22.44898    
   687.500000000000        21.00934    
   703.125000000000        20.47839    
   718.750000000000        22.68506    
   734.375000000000        18.90129    
   750.000000000000        23.95810    
   765.625000000000        69.66449    
   781.250000000000        78.98818    
   796.875000000000        21.99941    
   812.500000000000        12.21812    
   828.125000000000        10.89598    
   843.750000000000        6.645278    
   859.375000000000        6.644179    
   875.000000000000        6.066844    
   890.625000000000        7.664912    
   906.250000000000        17.79566    
   921.875000000000        24.60692    
   937.500000000000        9.642156    
   953.125000000000        13.85400    
   968.750000000000        48.46661    
   984.375000000000        7.931742    
   1000.00000000000        1.005383    
   1015.62500000000        3.394338    
   1031.25000000000        3.574263    
   1046.87500000000        2.126921    
   1062.50000000000        3.075493    
   1078.12500000000        4.121635    
   1093.75000000000        1.288591    
   1109.37500000000        10.38509    
   1125.00000000000        5.251897    
   1140.62500000000        12.92320    
   1156.25000000000        51.78893    
   1171.87500000000        53.71381    
   1187.50000000000        19.27812    
   1203.12500000000        16.03570    
   1218.75000000000        6.757625    
   1234.37500000000        9.233794    
   1250.00000000000        23.10358    
   1265.62500000000        5.895414    
   1281.25000000000        4.478207    
   1296.87500000000        12.35049    
   1312.50000000000        4.838434    
   1328.12500000000        5.547583    
   1343.75000000000        7.304451    
   1359.37500000000        15.06184    
   1375.00000000000        1.511980    
   1390.62500000000        5.469333    
   1406.25000000000        6.594864    
   1421.87500000000        9.028717    
   1437.50000000000        3.675713    
   1453.12500000000        3.934921    
   1468.75000000000        2.302408    
   1484.37500000000        7.465674    
   1500.00000000000        16.13748    
   1515.62500000000        6.759805    
   1531.25000000000        6.072430    
   1546.87500000000        25.05924    
   1562.50000000000        8.317294    
   1578.12500000000        11.29408    
   1593.75000000000        5.655663    
   1609.37500000000        4.302270    
   1625.00000000000       0.9644603    
   1640.62500000000        5.660167    
   1656.25000000000        3.612802    
   1671.87500000000        4.746082    
   1687.50000000000        2.915317    
   1703.12500000000        1.803584    
   1718.75000000000        6.446455    
   1734.37500000000        4.121315    
   1750.00000000000        21.58118    
   1765.62500000000        3.515916    
   1781.25000000000        8.342707    
   1796.87500000000        3.604836    
   1812.50000000000        3.946794    
   1828.12500000000        9.992569    
   1843.75000000000        4.657272    
   1859.37500000000        2.583845    
   1875.00000000000        4.846949    
   1890.62500000000        8.937780    
   1906.25000000000        5.039868    
   1921.87500000000        13.10699    
   1937.50000000000        7.352263    
   1953.12500000000        8.206859    
   1968.75000000000        6.647075    
   1984.37500000000        2.171208    
