  -4000.00000000000        200.3578    
  -3968.75000000000        370.2381    
  -3937.50000000000        473.4947    
  -3906.25000000000        222.4722    
  -3875.00000000000        335.9154    
  -3843.75000000000        367.7753    
  -3812.50000000000        271.1052    
  -3781.25000000000        395.0208    
  -3750.00000000000        244.0532    
  -3718.75000000000        309.8994    
  -3687.50000000000        286.6384    
  -3656.25000000000        340.9859    
  -3625.00000000000        162.1336    
  -3593.75000000000        221.6360    
  -3562.50000000000        241.1373    
  -3531.25000000000        87.13695    
  -3500.00000000000        283.2414    
  -3468.75000000000        256.6208    
  -3437.50000000000        149.0417    
  -3406.25000000000        429.0833    
  -3375.00000000000        129.9203    
  -3343.75000000000        127.9844    
  -3312.50000000000        240.9128    
  -3281.25000000000        217.3834    
  -3250.00000000000        186.1138    
  -3218.75000000000        227.1239    
  -3187.50000000000        102.4754    
  -3156.25000000000        250.4604    
  -3125.00000000000        153.1190    
  -3093.75000000000        195.6892    
  -3062.50000000000        231.7074    
  -3031.25000000000        174.7194    
  -3000.00000000000        103.7459    
  -2968.75000000000        113.7981    
  -2937.50000000000        201.5466    
  -2906.25000000000        21.97344    
  -2875.00000000000        128.8420    
  -2843.75000000000        63.11951    
  -2812.50000000000        140.5603    
  -2781.25000000000        57.56943    
  -2750.00000000000        70.92413    
  -2718.75000000000        76.03728    
  -2687.50000000000        134.9695    
  -2656.25000000000        56.62488    
  -2625.00000000000        32.33342    
  -2593.75000000000        93.98037    
  -2562.50000000000        62.73354    
  -2531.25000000000        18.71460    
  -2500.00000000000        138.6796    
  -2468.75000000000        17.21127    
  -2437.50000000000        94.79066    
  -2406.25000000000        51.94158    
  -2375.00000000000        22.49761    
  -2343.75000000000        139.3182    
  -2312.50000000000        86.39336    
  -2281.25000000000        40.24302    
  -2250.00000000000        45.10803    
  -2218.75000000000        73.61721    
  -2187.50000000000        102.9262    
  -2156.25000000000        105.4419    
  -2125.00000000000        65.71328    
  -2093.75000000000        87.00532    
  -2062.50000000000        58.66573    
  -2031.25000000000        19.35468    
  -2000.00000000000        47.40946    
  -1968.75000000000        66.48997    
  -1937.50000000000        52.16973    
  -1906.25000000000        34.97771    
  -1875.00000000000        79.63138    
  -1843.75000000000        97.25436    
  -1812.50000000000        260.3339    
  -1781.25000000000        302.2879    
  -1750.00000000000        152.3728    
  -1718.75000000000        105.5135    
  -1687.50000000000        150.2263    
  -1656.25000000000        171.9551    
  -1625.00000000000        103.9406    
  -1593.75000000000        58.43788    
  -1562.50000000000        203.4521    
  -1531.25000000000        117.9831    
  -1500.00000000000        37.19506    
  -1468.75000000000        75.67709    
  -1437.50000000000        47.54712    
  -1406.25000000000        75.11872    
  -1375.00000000000        134.3687    
  -1343.75000000000        107.0918    
  -1312.50000000000        89.29352    
  -1281.25000000000        76.78853    
  -1250.00000000000        224.9476    
  -1218.75000000000        42.02779    
  -1187.50000000000        43.60760    
  -1156.25000000000        145.5285    
  -1125.00000000000        37.49154    
  -1093.75000000000        84.31223    
  -1062.50000000000        169.5906    
  -1031.25000000000        78.36843    
  -1000.00000000000        97.58833    
  -968.750000000000        89.96954    
  -937.500000000000        36.09059    
  -906.250000000000        164.5579    
  -875.000000000000        86.60180    
  -843.750000000000        129.8264    
  -812.500000000000        220.0084    
  -781.250000000000        279.5010    
  -750.000000000000        212.6656    
  -718.750000000000        276.6953    
  -687.500000000000        234.7807    
  -656.250000000000        411.0441    
  -625.000000000000        25.09188    
  -593.750000000000        315.9731    
  -562.500000000000        118.3568    
  -531.250000000000        201.3845    
  -500.000000000000        309.6029    
  -468.750000000000        73.65137    
  -437.500000000000        239.8748    
  -406.250000000000        286.8304    
  -375.000000000000        657.7440    
  -343.750000000000        1074.986    
  -312.500000000000        553.1572    
  -281.250000000000        757.0215    
  -250.000000000000        396.0669    
  -218.750000000000        46.20685    
  -187.500000000000        367.0432    
  -156.250000000000        1386.901    
  -125.000000000000        1339.277    
  -93.7500000000000        479.4840    
  -62.5000000000000        1324.638    
  -31.2500000000000        2349.084    
  0.000000000000000E+000   6369.823    
   31.2500000000000        2320.517    
   62.5000000000000        1356.680    
   93.7500000000000        494.5297    
   125.000000000000        1372.561    
   156.250000000000        1389.155    
   187.500000000000        364.2950    
   218.750000000000        37.36033    
   250.000000000000        403.5186    
   281.250000000000        758.0107    
   312.500000000000        558.7220    
   343.750000000000        1058.279    
   375.000000000000        635.5717    
   406.250000000000        283.3161    
   437.500000000000        227.5817    
   468.750000000000        68.37876    
   500.000000000000        313.7505    
   531.250000000000        206.8422    
   562.500000000000        125.9485    
   593.750000000000        314.4851    
   625.000000000000        36.77347    
   656.250000000000        409.7246    
   687.500000000000        239.0509    
   718.750000000000        277.1539    
   750.000000000000        216.7351    
   781.250000000000        275.3792    
   812.500000000000        222.4790    
   843.750000000000        120.0689    
   875.000000000000        96.81013    
   906.250000000000        167.7582    
   937.500000000000        36.09610    
   968.750000000000        97.16750    
   1000.00000000000        87.62968    
   1031.25000000000        65.31422    
   1062.50000000000        159.1276    
   1093.75000000000        91.58397    
   1125.00000000000        38.61094    
   1156.25000000000        144.5626    
   1187.50000000000        33.56863    
   1218.75000000000        40.55102    
   1250.00000000000        239.6294    
   1281.25000000000        70.35078    
   1312.50000000000        82.92670    
   1343.75000000000        105.9741    
   1375.00000000000        129.0757    
   1406.25000000000        88.59768    
   1437.50000000000        48.75623    
   1468.75000000000        73.43250    
   1500.00000000000        32.70613    
   1531.25000000000        115.3405    
   1562.50000000000        203.8458    
   1593.75000000000        54.67435    
   1625.00000000000        100.4782    
   1656.25000000000        167.0440    
   1687.50000000000        140.1367    
   1718.75000000000        99.04465    
   1750.00000000000        145.1130    
   1781.25000000000        294.3696    
   1812.50000000000        247.4861    
   1843.75000000000        94.95969    
   1875.00000000000        80.85250    
   1906.25000000000        32.24956    
   1937.50000000000        48.99987    
   1968.75000000000        70.70483    
   2000.00000000000        44.41930    
   2031.25000000000        22.60547    
   2062.50000000000        64.72289    
   2093.75000000000        87.92638    
   2125.00000000000        70.09180    
   2156.25000000000        111.8884    
   2187.50000000000        105.1329    
   2218.75000000000        67.86557    
   2250.00000000000        56.11654    
   2281.25000000000        38.47047    
   2312.50000000000        83.64498    
   2343.75000000000        146.5995    
   2375.00000000000        23.98930    
   2406.25000000000        52.50421    
   2437.50000000000        95.68962    
   2468.75000000000        12.84155    
   2500.00000000000        140.4505    
   2531.25000000000        16.26028    
   2562.50000000000        63.53236    
   2593.75000000000        96.14865    
   2625.00000000000        34.61767    
   2656.25000000000        53.26453    
   2687.50000000000        138.6337    
   2718.75000000000        71.36960    
   2750.00000000000        65.91124    
   2781.25000000000        48.66677    
   2812.50000000000        147.8745    
   2843.75000000000        57.39659    
   2875.00000000000        137.1449    
   2906.25000000000        22.37725    
   2937.50000000000        200.5592    
   2968.75000000000        106.9667    
   3000.00000000000        112.7526    
   3031.25000000000        184.5789    
   3062.50000000000        222.2323    
   3093.75000000000        194.7055    
   3125.00000000000        146.3500    
   3156.25000000000        244.3274    
   3187.50000000000        104.1031    
   3218.75000000000        237.0191    
   3250.00000000000        190.5283    
   3281.25000000000        220.9499    
   3312.50000000000        227.6514    
   3343.75000000000        124.7665    
   3375.00000000000        131.3965    
   3406.25000000000        432.5769    
   3437.50000000000        145.0489    
   3468.75000000000        267.4487    
   3500.00000000000        270.5227    
   3531.25000000000        86.09131    
   3562.50000000000        243.6624    
   3593.75000000000        212.2552    
   3625.00000000000        156.2992    
   3656.25000000000        343.0828    
   3687.50000000000        281.0296    
   3718.75000000000        311.0409    
   3750.00000000000        238.1958    
   3781.25000000000        405.1049    
   3812.50000000000        268.6690    
   3843.75000000000        375.8612    
   3875.00000000000        331.6889    
   3906.25000000000        222.0076    
   3937.50000000000        462.6660    
   3968.75000000000        375.3653    
