  -4000.00000000000        226.3706    
  -3968.75000000000        403.5828    
  -3937.50000000000        534.5465    
  -3906.25000000000        238.3690    
  -3875.00000000000        377.6632    
  -3843.75000000000        405.1906    
  -3812.50000000000        305.0278    
  -3781.25000000000        430.9207    
  -3750.00000000000        278.1955    
  -3718.75000000000        336.0852    
  -3687.50000000000        309.2385    
  -3656.25000000000        380.1801    
  -3625.00000000000        181.6744    
  -3593.75000000000        251.7700    
  -3562.50000000000        260.3869    
  -3531.25000000000        100.5814    
  -3500.00000000000        312.4633    
  -3468.75000000000        272.1375    
  -3437.50000000000        180.6466    
  -3406.25000000000        474.9916    
  -3375.00000000000        138.1202    
  -3343.75000000000        143.6613    
  -3312.50000000000        264.5514    
  -3281.25000000000        233.0118    
  -3250.00000000000        201.6344    
  -3218.75000000000        237.5802    
  -3187.50000000000        109.8882    
  -3156.25000000000        267.1479    
  -3125.00000000000        161.0787    
  -3093.75000000000        220.5806    
  -3062.50000000000        259.9379    
  -3031.25000000000        188.5943    
  -3000.00000000000        116.6275    
  -2968.75000000000        123.0564    
  -2937.50000000000        222.7752    
  -2906.25000000000        30.02001    
  -2875.00000000000        133.5225    
  -2843.75000000000        64.67956    
  -2812.50000000000        156.0784    
  -2781.25000000000        45.17636    
  -2750.00000000000        74.90939    
  -2718.75000000000        77.95766    
  -2687.50000000000        147.3125    
  -2656.25000000000        63.76082    
  -2625.00000000000        35.87912    
  -2593.75000000000        107.5898    
  -2562.50000000000        77.02524    
  -2531.25000000000        26.72081    
  -2500.00000000000        153.0892    
  -2468.75000000000        19.92375    
  -2437.50000000000        110.3375    
  -2406.25000000000        58.83850    
  -2375.00000000000        28.51489    
  -2343.75000000000        138.3251    
  -2312.50000000000        92.36979    
  -2281.25000000000        38.54931    
  -2250.00000000000        53.54049    
  -2218.75000000000        75.28136    
  -2187.50000000000        121.2618    
  -2156.25000000000        115.2726    
  -2125.00000000000        73.97037    
  -2093.75000000000        95.40894    
  -2062.50000000000        70.41260    
  -2031.25000000000        19.03610    
  -2000.00000000000        54.45760    
  -1968.75000000000        84.02828    
  -1937.50000000000        51.16716    
  -1906.25000000000        38.76101    
  -1875.00000000000        92.54874    
  -1843.75000000000        114.1662    
  -1812.50000000000        285.2642    
  -1781.25000000000        341.8087    
  -1750.00000000000        170.0995    
  -1718.75000000000        120.0621    
  -1687.50000000000        151.9516    
  -1656.25000000000        191.1844    
  -1625.00000000000        114.8608    
  -1593.75000000000        52.86048    
  -1562.50000000000        230.4538    
  -1531.25000000000        139.4764    
  -1500.00000000000        35.67966    
  -1468.75000000000        90.88577    
  -1437.50000000000        55.66133    
  -1406.25000000000        81.97375    
  -1375.00000000000        151.0460    
  -1343.75000000000        119.4122    
  -1312.50000000000        95.83326    
  -1281.25000000000        90.94331    
  -1250.00000000000        240.8831    
  -1218.75000000000        45.68967    
  -1187.50000000000        46.82058    
  -1156.25000000000        158.5170    
  -1125.00000000000        27.92568    
  -1093.75000000000        99.77944    
  -1062.50000000000        196.9527    
  -1031.25000000000        79.00257    
  -1000.00000000000        122.4594    
  -968.750000000000        85.87354    
  -937.500000000000        42.50919    
  -906.250000000000        188.0474    
  -875.000000000000        107.0908    
  -843.750000000000        138.3830    
  -812.500000000000        242.1014    
  -781.250000000000        304.4905    
  -750.000000000000        240.1001    
  -718.750000000000        308.2716    
  -687.500000000000        254.0482    
  -656.250000000000        450.5471    
  -625.000000000000        32.97992    
  -593.750000000000        342.4941    
  -562.500000000000        126.6469    
  -531.250000000000        213.0145    
  -500.000000000000        337.7106    
  -468.750000000000        100.4784    
  -437.500000000000        279.6228    
  -406.250000000000        321.4312    
  -375.000000000000        736.4242    
  -343.750000000000        1190.923    
  -312.500000000000        626.9936    
  -281.250000000000        873.8934    
  -250.000000000000        430.3245    
  -218.750000000000        79.12036    
  -187.500000000000        410.5099    
  -156.250000000000        1487.512    
  -125.000000000000        1465.480    
  -93.7500000000000        523.8214    
  -62.5000000000000        1432.836    
  -31.2500000000000        2623.660    
  0.000000000000000E+000   6934.436    
   31.2500000000000        2554.762    
   62.5000000000000        1506.379    
   93.7500000000000        563.0591    
   125.000000000000        1527.249    
   156.250000000000        1561.590    
   187.500000000000        405.2811    
   218.750000000000        19.41500    
   250.000000000000        420.8264    
   281.250000000000        814.7244    
   312.500000000000        601.1923    
   343.750000000000        1157.131    
   375.000000000000        691.0786    
   406.250000000000        308.8221    
   437.500000000000        225.4565    
   468.750000000000        76.02599    
   500.000000000000        330.7623    
   531.250000000000        234.6179    
   562.500000000000        150.1182    
   593.750000000000        344.3690    
   625.000000000000        44.78651    
   656.250000000000        456.2279    
   687.500000000000        255.4660    
   718.750000000000        316.6455    
   750.000000000000        229.4143    
   781.250000000000        302.3625    
   812.500000000000        240.5075    
   843.750000000000        130.4165    
   875.000000000000        96.66713    
   906.250000000000        185.4333    
   937.500000000000        38.73017    
   968.750000000000        97.09028    
   1000.00000000000        113.9217    
   1031.25000000000        73.18062    
   1062.50000000000        176.6875    
   1093.75000000000        108.2651    
   1125.00000000000        39.45569    
   1156.25000000000        150.5481    
   1187.50000000000        36.92491    
   1218.75000000000        43.84868    
   1250.00000000000        253.7621    
   1281.25000000000        72.09953    
   1312.50000000000        93.03168    
   1343.75000000000        123.8840    
   1375.00000000000        157.5144    
   1406.25000000000        109.2361    
   1437.50000000000        47.30034    
   1468.75000000000        80.93700    
   1500.00000000000        44.99847    
   1531.25000000000        124.4769    
   1562.50000000000        223.8649    
   1593.75000000000        67.34902    
   1625.00000000000        106.1212    
   1656.25000000000        168.9880    
   1687.50000000000        158.9288    
   1718.75000000000        108.0397    
   1750.00000000000        157.0943    
   1781.25000000000        311.1751    
   1812.50000000000        259.2449    
   1843.75000000000        95.32546    
   1875.00000000000        83.09122    
   1906.25000000000        38.90576    
   1937.50000000000        52.46882    
   1968.75000000000        75.18828    
   2000.00000000000        49.44603    
   2031.25000000000        19.45790    
   2062.50000000000        72.38485    
   2093.75000000000        86.67525    
   2125.00000000000        70.98083    
   2156.25000000000        120.7181    
   2187.50000000000        115.2397    
   2218.75000000000        82.72694    
   2250.00000000000        60.16854    
   2281.25000000000        46.04599    
   2312.50000000000        94.32050    
   2343.75000000000        165.6154    
   2375.00000000000        15.43815    
   2406.25000000000        57.21327    
   2437.50000000000        102.8350    
   2468.75000000000        13.18793    
   2500.00000000000        157.2241    
   2531.25000000000        11.43918    
   2562.50000000000        64.76237    
   2593.75000000000        104.4612    
   2625.00000000000        47.05467    
   2656.25000000000        63.74562    
   2687.50000000000        150.5924    
   2718.75000000000        78.77937    
   2750.00000000000        83.15401    
   2781.25000000000        58.88453    
   2812.50000000000        153.6055    
   2843.75000000000        70.08183    
   2875.00000000000        157.4994    
   2906.25000000000        25.96577    
   2937.50000000000        228.0158    
   2968.75000000000        109.0458    
   3000.00000000000        122.5478    
   3031.25000000000        210.8574    
   3062.50000000000        246.3108    
   3093.75000000000        217.4356    
   3125.00000000000        154.9546    
   3156.25000000000        272.9915    
   3187.50000000000        114.6331    
   3218.75000000000        275.8089    
   3250.00000000000        222.2149    
   3281.25000000000        254.3192    
   3312.50000000000        253.0570    
   3343.75000000000        135.7678    
   3375.00000000000        146.1169    
   3406.25000000000        484.3463    
   3437.50000000000        164.2054    
   3468.75000000000        296.4835    
   3500.00000000000        298.0361    
   3531.25000000000        84.86172    
   3562.50000000000        277.3091    
   3593.75000000000        226.0531    
   3625.00000000000        167.4223    
   3656.25000000000        382.4390    
   3687.50000000000        312.9093    
   3718.75000000000        339.6186    
   3750.00000000000        260.8024    
   3781.25000000000        452.0072    
   3812.50000000000        294.6246    
   3843.75000000000        427.4873    
   3875.00000000000        351.3138    
   3906.25000000000        240.1880    
   3937.50000000000        507.6121    
   3968.75000000000        418.4255    
