  -2000.00000000000        20.84280    
  -1984.37500000000        22.33769    
  -1968.75000000000        19.69591    
  -1953.12500000000        35.03560    
  -1937.50000000000        75.24503    
  -1921.87500000000        15.24657    
  -1906.25000000000        4.357390    
  -1890.62500000000        10.64754    
  -1875.00000000000        37.52517    
  -1859.37500000000        28.70967    
  -1843.75000000000        5.036584    
  -1828.12500000000        25.27352    
  -1812.50000000000        43.98462    
  -1796.87500000000        8.238397    
  -1781.25000000000        16.22205    
  -1765.62500000000        12.64039    
  -1750.00000000000        61.02411    
  -1734.37500000000        50.63554    
  -1718.75000000000        13.56822    
  -1703.12500000000        20.75684    
  -1687.50000000000        7.410052    
  -1671.87500000000        59.34750    
  -1656.25000000000        13.15562    
  -1640.62500000000        13.77537    
  -1625.00000000000        38.51559    
  -1609.37500000000        25.44334    
  -1593.75000000000        34.17730    
  -1578.12500000000        13.74884    
  -1562.50000000000        29.59714    
  -1546.87500000000        47.02526    
  -1531.25000000000        17.31587    
  -1515.62500000000        20.46266    
  -1500.00000000000        21.43238    
  -1484.37500000000        66.79201    
  -1468.75000000000        22.77229    
  -1453.12500000000        12.33873    
  -1437.50000000000        14.22761    
  -1421.87500000000        6.356407    
  -1406.25000000000        29.72345    
  -1390.62500000000        2.769433    
  -1375.00000000000        22.03418    
  -1359.37500000000        144.0123    
  -1343.75000000000        23.22333    
  -1328.12500000000        6.553894    
  -1312.50000000000        14.53204    
  -1296.87500000000        22.19358    
  -1281.25000000000        86.87014    
  -1265.62500000000        16.47593    
  -1250.00000000000        25.27183    
  -1234.37500000000        53.61415    
  -1218.75000000000        2.918695    
  -1203.12500000000        44.50537    
  -1187.50000000000        22.82985    
  -1171.87500000000        116.0541    
  -1156.25000000000        104.1745    
  -1140.62500000000        3.455200    
  -1125.00000000000        5.422677    
  -1109.37500000000        7.376588    
  -1093.75000000000        30.95153    
  -1078.12500000000        16.59472    
  -1062.50000000000        1.473634    
  -1046.87500000000        31.47718    
  -1031.25000000000        2.072829    
  -1015.62500000000        29.54364    
  -1000.00000000000        2.080889    
  -984.375000000000        45.87563    
  -968.750000000000        218.3297    
  -953.125000000000        58.86689    
  -937.500000000000        7.068863    
  -921.875000000000        10.72673    
  -906.250000000000        68.66563    
  -890.625000000000        68.41993    
  -875.000000000000        38.24067    
  -859.375000000000        25.68232    
  -843.750000000000        79.70199    
  -828.125000000000        14.24366    
  -812.500000000000        33.78247    
  -796.875000000000        45.83110    
  -781.250000000000        74.26482    
  -765.625000000000        91.93858    
  -750.000000000000        22.67549    
  -734.375000000000        25.75890    
  -718.750000000000        31.34782    
  -703.125000000000        44.56496    
  -687.500000000000        16.24951    
  -671.875000000000        21.61242    
  -656.250000000000        36.52278    
  -640.625000000000        37.72176    
  -625.000000000000        56.49623    
  -609.375000000000        74.37452    
  -593.750000000000        180.2329    
  -578.125000000000        479.9775    
  -562.500000000000        87.44698    
  -546.875000000000        36.62156    
  -531.250000000000        74.83595    
  -515.625000000000        124.6414    
  -500.000000000000        53.74839    
  -484.375000000000        16.04840    
  -468.750000000000        11.27561    
  -453.125000000000        40.73501    
  -437.500000000000        23.43570    
  -421.875000000000        28.03000    
  -406.250000000000        72.87005    
  -390.625000000000        123.1599    
  -375.000000000000        61.99376    
  -359.375000000000        26.93024    
  -343.750000000000        15.84112    
  -328.125000000000        35.36346    
  -312.500000000000        30.45894    
  -296.875000000000        49.86499    
  -281.250000000000        22.23613    
  -265.625000000000        68.68592    
  -250.000000000000        59.76569    
  -234.375000000000        68.23651    
  -218.750000000000        93.08738    
  -203.125000000000        392.3737    
  -187.500000000000        435.1898    
  -171.875000000000        167.8253    
  -156.250000000000        92.99110    
  -140.625000000000        47.07008    
  -125.000000000000        63.78778    
  -109.375000000000        36.92697    
  -93.7500000000000        5.187508    
  -78.1250000000000        30.60913    
  -62.5000000000000        83.44068    
  -46.8750000000000        16.69782    
  -31.2500000000000        4.535359    
  -15.6250000000000        69.86615    
  0.000000000000000E+000   15382.49    
   15.6250000000000        92.89599    
   31.2500000000000        43.78053    
   46.8750000000000        56.72588    
   62.5000000000000        19.58706    
   78.1250000000000        56.13596    
   93.7500000000000        20.90284    
   109.375000000000        32.31112    
   125.000000000000        25.23169    
   140.625000000000        44.22450    
   156.250000000000        65.69012    
   171.875000000000        67.68955    
   187.500000000000        164.5149    
   203.125000000000        92.70543    
   218.750000000000        46.45541    
   234.375000000000        38.60307    
   250.000000000000        59.28438    
   265.625000000000        63.20197    
   281.250000000000        22.05508    
   296.875000000000        12.78857    
   312.500000000000        37.03291    
   328.125000000000        18.06483    
   343.750000000000        28.53278    
   359.375000000000        47.40371    
   375.000000000000        171.6129    
   390.625000000000        376.4081    
   406.250000000000        100.0020    
   421.875000000000        45.82524    
   437.500000000000        75.79942    
   453.125000000000        65.81583    
   468.750000000000        29.44510    
   484.375000000000        38.95066    
   500.000000000000        23.92792    
   515.625000000000        55.07047    
   531.250000000000        53.26252    
   546.875000000000        35.95592    
   562.500000000000        80.20100    
   578.125000000000        479.9529    
   593.750000000000        236.0267    
   609.375000000000        86.55719    
   625.000000000000        59.61302    
   640.625000000000        42.37017    
   656.250000000000        60.79938    
   671.875000000000        50.44660    
   687.500000000000        26.69530    
   703.125000000000        66.80093    
   718.750000000000        24.17215    
   734.375000000000        38.18742    
   750.000000000000        44.15292    
   765.625000000000        99.24359    
   781.250000000000        134.7958    
   796.875000000000        44.91092    
   812.500000000000        35.26535    
   828.125000000000        20.80485    
   843.750000000000        36.33798    
   859.375000000000        16.59825    
   875.000000000000        5.079054    
   890.625000000000        29.58393    
   906.250000000000        44.75051    
   921.875000000000        32.85653    
   937.500000000000        33.21323    
   953.125000000000        26.11667    
   968.750000000000        166.1494    
   984.375000000000        24.04540    
   1000.00000000000        9.627461    
   1015.62500000000        21.96908    
   1031.25000000000        49.46460    
   1046.87500000000        37.93619    
   1062.50000000000        6.922756    
   1078.12500000000        32.26099    
   1093.75000000000        132.6439    
   1109.37500000000        2.777677    
   1125.00000000000        16.02447    
   1140.62500000000        11.78710    
   1156.25000000000        48.88619    
   1171.87500000000        69.80113    
   1187.50000000000        22.83922    
   1203.12500000000        16.86762    
   1218.75000000000        21.16114    
   1234.37500000000        31.56756    
   1250.00000000000        28.49267    
   1265.62500000000        23.52195    
   1281.25000000000        54.94251    
   1296.87500000000        52.42200    
   1312.50000000000        16.11950    
   1328.12500000000        9.000051    
   1343.75000000000        12.75483    
   1359.37500000000        149.1268    
   1375.00000000000        31.38588    
   1390.62500000000        31.51642    
   1406.25000000000        24.62922    
   1421.87500000000        70.48685    
   1437.50000000000        37.00528    
   1453.12500000000        1.950060    
   1468.75000000000        36.15676    
   1484.37500000000        36.70121    
   1500.00000000000        8.865944    
   1515.62500000000        17.57480    
   1531.25000000000        11.67115    
   1546.87500000000        46.82019    
   1562.50000000000        28.65967    
   1578.12500000000        9.460671    
   1593.75000000000        18.14663    
   1609.37500000000        48.33350    
   1625.00000000000        25.54730    
   1640.62500000000        6.298834    
   1656.25000000000        10.16908    
   1671.87500000000        53.70998    
   1687.50000000000        9.590594    
   1703.12500000000        12.61054    
   1718.75000000000        25.32161    
   1734.37500000000        27.56592    
   1750.00000000000        55.12656    
   1765.62500000000        26.92689    
   1781.25000000000        14.18776    
   1796.87500000000        12.84638    
   1812.50000000000        5.771707    
   1828.12500000000        18.55608    
   1843.75000000000        13.18892    
   1859.37500000000        6.301587    
   1875.00000000000        35.24690    
   1890.62500000000        24.98238    
   1906.25000000000        5.598677    
   1921.87500000000        27.19150    
   1937.50000000000        81.21525    
   1953.12500000000        23.90804    
   1968.75000000000        21.10877    
   1984.37500000000        16.04714    
