  -2000.00000000000        5.260988    
  -1984.37500000000        2.865742    
  -1968.75000000000        6.365469    
  -1953.12500000000        7.914903    
  -1937.50000000000        8.618601    
  -1921.87500000000        12.99803    
  -1906.25000000000        4.765497    
  -1890.62500000000        8.691109    
  -1875.00000000000        4.698681    
  -1859.37500000000        2.971998    
  -1843.75000000000        4.214707    
  -1828.12500000000        10.00487    
  -1812.50000000000        4.163361    
  -1796.87500000000        3.483876    
  -1781.25000000000        8.171432    
  -1765.62500000000        4.022903    
  -1750.00000000000        22.97867    
  -1734.37500000000        4.988538    
  -1718.75000000000        6.440223    
  -1703.12500000000        1.916052    
  -1687.50000000000        3.107586    
  -1671.87500000000        5.357542    
  -1656.25000000000        3.686198    
  -1640.62500000000        5.486637    
  -1625.00000000000        1.009583    
  -1609.37500000000        4.760980    
  -1593.75000000000        5.749050    
  -1578.12500000000        10.63458    
  -1562.50000000000        8.257277    
  -1546.87500000000        26.62506    
  -1531.25000000000        6.572409    
  -1515.62500000000        6.577973    
  -1500.00000000000        15.67025    
  -1484.37500000000        7.365153    
  -1468.75000000000        2.335260    
  -1453.12500000000        4.003147    
  -1437.50000000000        3.594288    
  -1421.87500000000        8.565609    
  -1406.25000000000        6.198535    
  -1390.62500000000        5.012867    
  -1375.00000000000        1.093640    
  -1359.37500000000        17.56779    
  -1343.75000000000        7.171285    
  -1328.12500000000        5.675972    
  -1312.50000000000        4.551996    
  -1296.87500000000        12.13417    
  -1281.25000000000        3.888781    
  -1265.62500000000        5.807104    
  -1250.00000000000        22.51615    
  -1234.37500000000        9.226625    
  -1218.75000000000        6.026304    
  -1203.12500000000        15.45908    
  -1187.50000000000        17.92789    
  -1171.87500000000        50.43686    
  -1156.25000000000        47.73936    
  -1140.62500000000        11.68245    
  -1125.00000000000        4.453409    
  -1109.37500000000        9.360223    
  -1093.75000000000        1.730846    
  -1078.12500000000        3.561319    
  -1062.50000000000        2.194932    
  -1046.87500000000        2.389529    
  -1031.25000000000        4.052289    
  -1015.62500000000        3.485445    
  -1000.00000000000        1.375176    
  -984.375000000000        7.634181    
  -968.750000000000        49.15418    
  -953.125000000000        13.86289    
  -937.500000000000        9.785673    
  -921.875000000000        24.17140    
  -906.250000000000        17.38594    
  -890.625000000000        7.978381    
  -875.000000000000        6.083548    
  -859.375000000000        6.670864    
  -843.750000000000        6.483295    
  -828.125000000000        9.988647    
  -812.500000000000        11.99000    
  -796.875000000000        20.99274    
  -781.250000000000        73.05789    
  -765.625000000000        65.27608    
  -750.000000000000        21.39433    
  -734.375000000000        17.43025    
  -718.750000000000        20.25820    
  -703.125000000000        19.19873    
  -687.500000000000        19.30449    
  -671.875000000000        21.26561    
  -656.250000000000        26.97243    
  -640.625000000000        24.79046    
  -625.000000000000        40.46013    
  -609.375000000000        61.73562    
  -593.750000000000        133.4130    
  -578.125000000000        378.1882    
  -562.500000000000        63.94323    
  -546.875000000000        22.97120    
  -531.250000000000        31.98178    
  -515.625000000000        20.88031    
  -500.000000000000        17.39089    
  -484.375000000000        7.847521    
  -468.750000000000        8.950288    
  -453.125000000000        14.55795    
  -437.500000000000        24.39259    
  -421.875000000000        19.77229    
  -406.250000000000        42.23855    
  -390.625000000000        127.4922    
  -375.000000000000        54.31971    
  -359.375000000000        20.19872    
  -343.750000000000        1.894586    
  -328.125000000000        6.317533    
  -312.500000000000        16.39993    
  -296.875000000000        14.59562    
  -281.250000000000        9.703021    
  -265.625000000000        15.66790    
  -250.000000000000        23.85543    
  -234.375000000000        15.98912    
  -218.750000000000        39.16909    
  -203.125000000000        144.7529    
  -187.500000000000        167.1339    
  -171.875000000000        50.83297    
  -156.250000000000        27.01424    
  -140.625000000000        23.92615    
  -125.000000000000        21.33720    
  -109.375000000000        9.129227    
  -93.7500000000000       0.6289487    
  -78.1250000000000        29.44629    
  -62.5000000000000        11.33919    
  -46.8750000000000        19.36401    
  -31.2500000000000        13.51472    
  -15.6250000000000        41.96558    
  0.000000000000000E+000   8723.419    
   15.6250000000000        41.68602    
   31.2500000000000        13.28529    
   46.8750000000000        19.53973    
   62.5000000000000        9.019838    
   78.1250000000000        27.29129    
   93.7500000000000        1.892433    
   109.375000000000        7.421415    
   125.000000000000        19.36852    
   140.625000000000        20.91393    
   156.250000000000        23.21618    
   171.875000000000        44.59567    
   187.500000000000        145.9425    
   203.125000000000        132.3762    
   218.750000000000        34.63699    
   234.375000000000        13.29574    
   250.000000000000        26.10844    
   265.625000000000        14.51682    
   281.250000000000        11.29312    
   296.875000000000        14.11562    
   312.500000000000        17.90552    
   328.125000000000        8.028967    
   343.750000000000        5.110773    
   359.375000000000        24.70609    
   375.000000000000        49.51082    
   390.625000000000        164.3359    
   406.250000000000        34.48111    
   421.875000000000        12.86997    
   437.500000000000        19.97739    
   453.125000000000        10.83703    
   468.750000000000        9.575190    
   484.375000000000        5.169845    
   500.000000000000        15.55836    
   515.625000000000        20.30680    
   531.250000000000        30.63372    
   546.875000000000        22.32263    
   562.500000000000        65.42237    
   578.125000000000        394.8981    
   593.750000000000        139.8024    
   609.375000000000        64.25039    
   625.000000000000        43.32961    
   640.625000000000        26.80112    
   656.250000000000        28.81708    
   671.875000000000        23.02384    
   687.500000000000        21.26797    
   703.125000000000        21.18491    
   718.750000000000        24.85959    
   734.375000000000        18.57365    
   750.000000000000        23.49160    
   765.625000000000        68.37908    
   781.250000000000        75.70676    
   796.875000000000        21.05260    
   812.500000000000        12.31482    
   828.125000000000        10.70880    
   843.750000000000        6.261044    
   859.375000000000        6.365099    
   875.000000000000        5.796657    
   890.625000000000        6.901987    
   906.250000000000        17.35198    
   921.875000000000        25.51435    
   937.500000000000        9.879218    
   953.125000000000        14.29074    
   968.750000000000        50.82209    
   984.375000000000        8.126490    
   1000.00000000000        1.543142    
   1015.62500000000        3.458660    
   1031.25000000000        4.000047    
   1046.87500000000        1.769077    
   1062.50000000000        2.942839    
   1078.12500000000        3.571748    
   1093.75000000000       0.9030785    
   1109.37500000000        9.032215    
   1125.00000000000        4.293469    
   1140.62500000000        11.45652    
   1156.25000000000        47.74576    
   1171.87500000000        50.66069    
   1187.50000000000        18.16822    
   1203.12500000000        15.50280    
   1218.75000000000        5.772472    
   1234.37500000000        9.195004    
   1250.00000000000        23.13110    
   1265.62500000000        5.535657    
   1281.25000000000        4.438330    
   1296.87500000000        12.56893    
   1312.50000000000        4.909180    
   1328.12500000000        5.938834    
   1343.75000000000        7.373480    
   1359.37500000000        17.47515    
   1375.00000000000        1.563920    
   1390.62500000000        5.362198    
   1406.25000000000        6.335353    
   1421.87500000000        7.984110    
   1437.50000000000        3.348716    
   1453.12500000000        3.759302    
   1468.75000000000        2.381421    
   1484.37500000000        8.033319    
   1500.00000000000        15.41119    
   1515.62500000000        6.770495    
   1531.25000000000        6.242313    
   1546.87500000000        26.35786    
   1562.50000000000        8.618683    
   1578.12500000000        10.82182    
   1593.75000000000        6.229784    
   1609.37500000000        4.665722    
   1625.00000000000       0.4616438    
   1640.62500000000        6.116783    
   1656.25000000000        4.113301    
   1671.87500000000        5.832751    
   1687.50000000000        3.698484    
   1703.12500000000        1.894563    
   1718.75000000000        6.668276    
   1734.37500000000        5.407584    
   1750.00000000000        22.11952    
   1765.62500000000        3.691852    
   1781.25000000000        7.963055    
   1796.87500000000        3.152434    
   1812.50000000000        3.907427    
   1828.12500000000        9.588415    
   1843.75000000000        4.254653    
   1859.37500000000        2.577868    
   1875.00000000000        4.440873    
   1890.62500000000        8.872306    
   1906.25000000000        4.579596    
   1921.87500000000        13.72086    
   1937.50000000000        8.753604    
   1953.12500000000        8.540986    
   1968.75000000000        6.556834    
   1984.37500000000        2.381539    
