  -4000.00000000000        229.7722    
  -3968.75000000000        393.0769    
  -3937.50000000000        540.0508    
  -3906.25000000000        257.0358    
  -3875.00000000000        393.0238    
  -3843.75000000000        414.8064    
  -3812.50000000000        307.7886    
  -3781.25000000000        433.1787    
  -3750.00000000000        286.0867    
  -3718.75000000000        339.8775    
  -3687.50000000000        314.6413    
  -3656.25000000000        388.6715    
  -3625.00000000000        188.8467    
  -3593.75000000000        256.2940    
  -3562.50000000000        274.3005    
  -3531.25000000000        101.3991    
  -3500.00000000000        321.0036    
  -3468.75000000000        285.4214    
  -3437.50000000000        180.3715    
  -3406.25000000000        482.4375    
  -3375.00000000000        139.7413    
  -3343.75000000000        135.4600    
  -3312.50000000000        286.3021    
  -3281.25000000000        230.4200    
  -3250.00000000000        202.7375    
  -3218.75000000000        253.1921    
  -3187.50000000000        118.5842    
  -3156.25000000000        291.4434    
  -3125.00000000000        170.8165    
  -3093.75000000000        234.1996    
  -3062.50000000000        252.0831    
  -3031.25000000000        196.2629    
  -3000.00000000000        117.9985    
  -2968.75000000000        143.1924    
  -2937.50000000000        238.2455    
  -2906.25000000000        20.21261    
  -2875.00000000000        138.9559    
  -2843.75000000000        81.08327    
  -2812.50000000000        153.6048    
  -2781.25000000000        60.18501    
  -2750.00000000000        70.02346    
  -2718.75000000000        89.67650    
  -2687.50000000000        148.4718    
  -2656.25000000000        72.22952    
  -2625.00000000000        31.82496    
  -2593.75000000000        117.0814    
  -2562.50000000000        65.55626    
  -2531.25000000000        24.77904    
  -2500.00000000000        159.2931    
  -2468.75000000000        13.50639    
  -2437.50000000000        102.1658    
  -2406.25000000000        51.40979    
  -2375.00000000000        25.53436    
  -2343.75000000000        155.6627    
  -2312.50000000000        101.2744    
  -2281.25000000000        51.52787    
  -2250.00000000000        51.36642    
  -2218.75000000000        79.78274    
  -2187.50000000000        123.9643    
  -2156.25000000000        113.0727    
  -2125.00000000000        85.32873    
  -2093.75000000000        93.90527    
  -2062.50000000000        76.91118    
  -2031.25000000000        23.61687    
  -2000.00000000000        54.91527    
  -1968.75000000000        76.19156    
  -1937.50000000000        51.75832    
  -1906.25000000000        41.38102    
  -1875.00000000000        101.2982    
  -1843.75000000000        110.8403    
  -1812.50000000000        310.9656    
  -1781.25000000000        357.9585    
  -1750.00000000000        173.2586    
  -1718.75000000000        133.2643    
  -1687.50000000000        158.2056    
  -1656.25000000000        198.4438    
  -1625.00000000000        109.5547    
  -1593.75000000000        65.20886    
  -1562.50000000000        236.5022    
  -1531.25000000000        138.9125    
  -1500.00000000000        43.82349    
  -1468.75000000000        94.61777    
  -1437.50000000000        65.09967    
  -1406.25000000000        98.07234    
  -1375.00000000000        155.5762    
  -1343.75000000000        126.3199    
  -1312.50000000000        91.38402    
  -1281.25000000000        91.27013    
  -1250.00000000000        250.6786    
  -1218.75000000000        55.01710    
  -1187.50000000000        67.21599    
  -1156.25000000000        174.7857    
  -1125.00000000000        33.16946    
  -1093.75000000000        111.5413    
  -1062.50000000000        199.4843    
  -1031.25000000000        73.56611    
  -1000.00000000000        107.4897    
  -968.750000000000        111.6790    
  -937.500000000000        52.20359    
  -906.250000000000        181.7381    
  -875.000000000000        100.8268    
  -843.750000000000        128.3251    
  -812.500000000000        256.3937    
  -781.250000000000        304.0830    
  -750.000000000000        232.5302    
  -718.750000000000        306.6597    
  -687.500000000000        262.5777    
  -656.250000000000        478.0625    
  -625.000000000000        37.00614    
  -593.750000000000        342.5267    
  -562.500000000000        125.0575    
  -531.250000000000        209.4805    
  -500.000000000000        344.9462    
  -468.750000000000        99.47504    
  -437.500000000000        296.8963    
  -406.250000000000        350.4403    
  -375.000000000000        757.6912    
  -343.750000000000        1228.974    
  -312.500000000000        642.0103    
  -281.250000000000        893.3459    
  -250.000000000000        462.7758    
  -218.750000000000        64.30819    
  -187.500000000000        419.2074    
  -156.250000000000        1510.781    
  -125.000000000000        1501.861    
  -93.7500000000000        538.5033    
  -62.5000000000000        1465.511    
  -31.2500000000000        2693.324    
  0.000000000000000E+000   7247.297    
   31.2500000000000        2615.201    
   62.5000000000000        1565.113    
   93.7500000000000        585.0815    
   125.000000000000        1587.831    
   156.250000000000        1629.478    
   187.500000000000        425.2412    
   218.750000000000        18.81119    
   250.000000000000        430.0233    
   281.250000000000        840.8425    
   312.500000000000        619.7422    
   343.750000000000        1191.026    
   375.000000000000        704.1558    
   406.250000000000        324.6784    
   437.500000000000        236.5413    
   468.750000000000        77.91045    
   500.000000000000        356.3183    
   531.250000000000        243.2149    
   562.500000000000        150.5903    
   593.750000000000        366.5053    
   625.000000000000        38.90475    
   656.250000000000        456.4206    
   687.500000000000        267.2376    
   718.750000000000        315.0511    
   750.000000000000        238.6613    
   781.250000000000        313.0394    
   812.500000000000        243.0648    
   843.750000000000        133.3114    
   875.000000000000        108.8581    
   906.250000000000        190.6491    
   937.500000000000        38.38463    
   968.750000000000        96.76196    
   1000.00000000000        110.0933    
   1031.25000000000        86.02276    
   1062.50000000000        176.6259    
   1093.75000000000        104.1859    
   1125.00000000000        44.31213    
   1156.25000000000        162.9365    
   1187.50000000000        32.21336    
   1218.75000000000        50.24203    
   1250.00000000000        265.3663    
   1281.25000000000        73.96135    
   1312.50000000000        104.7953    
   1343.75000000000        116.7266    
   1375.00000000000        154.6752    
   1406.25000000000        88.70322    
   1437.50000000000        50.59161    
   1468.75000000000        76.06145    
   1500.00000000000        31.58305    
   1531.25000000000        127.6637    
   1562.50000000000        220.3237    
   1593.75000000000        80.32919    
   1625.00000000000        123.2329    
   1656.25000000000        193.2311    
   1687.50000000000        162.6252    
   1718.75000000000        115.3937    
   1750.00000000000        163.1145    
   1781.25000000000        328.5969    
   1812.50000000000        265.1154    
   1843.75000000000        97.70708    
   1875.00000000000        97.97957    
   1906.25000000000        43.00401    
   1937.50000000000        61.96213    
   1968.75000000000        77.73389    
   2000.00000000000        42.52898    
   2031.25000000000        30.54094    
   2062.50000000000        80.88262    
   2093.75000000000        96.62092    
   2125.00000000000        73.74849    
   2156.25000000000        122.3201    
   2187.50000000000        125.0817    
   2218.75000000000        83.73089    
   2250.00000000000        48.37594    
   2281.25000000000        47.07497    
   2312.50000000000        108.0561    
   2343.75000000000        168.8087    
   2375.00000000000        25.90171    
   2406.25000000000        52.06260    
   2437.50000000000        109.3135    
   2468.75000000000        4.555448    
   2500.00000000000        166.1976    
   2531.25000000000        29.63204    
   2562.50000000000        82.65690    
   2593.75000000000        96.71640    
   2625.00000000000        41.75279    
   2656.25000000000        68.89107    
   2687.50000000000        169.2924    
   2718.75000000000        80.15641    
   2750.00000000000        79.29800    
   2781.25000000000        48.81941    
   2812.50000000000        162.2651    
   2843.75000000000        68.53513    
   2875.00000000000        156.7700    
   2906.25000000000        31.93971    
   2937.50000000000        225.2680    
   2968.75000000000        120.7337    
   3000.00000000000        122.4497    
   3031.25000000000        223.8994    
   3062.50000000000        255.3615    
   3093.75000000000        219.8556    
   3125.00000000000        149.6354    
   3156.25000000000        280.2944    
   3187.50000000000        123.7975    
   3218.75000000000        274.2432    
   3250.00000000000        223.5568    
   3281.25000000000        245.2500    
   3312.50000000000        264.6917    
   3343.75000000000        144.3745    
   3375.00000000000        154.0248    
   3406.25000000000        481.8936    
   3437.50000000000        167.6253    
   3468.75000000000        314.3829    
   3500.00000000000        294.6402    
   3531.25000000000        95.87898    
   3562.50000000000        295.2017    
   3593.75000000000        231.5137    
   3625.00000000000        180.4785    
   3656.25000000000        396.4223    
   3687.50000000000        315.3180    
   3718.75000000000        336.4255    
   3750.00000000000        260.8972    
   3781.25000000000        467.8405    
   3812.50000000000        305.6262    
   3843.75000000000        440.7032    
   3875.00000000000        360.7052    
   3906.25000000000        242.7898    
   3937.50000000000        518.8635    
   3968.75000000000        425.6494    
