  -4000.00000000000        260.6070    
  -3968.75000000000        428.2054    
  -3937.50000000000        548.2772    
  -3906.25000000000        269.6522    
  -3875.00000000000        449.2100    
  -3843.75000000000        470.5734    
  -3812.50000000000        340.4869    
  -3781.25000000000        474.5892    
  -3750.00000000000        319.8279    
  -3718.75000000000        397.5073    
  -3687.50000000000        353.3123    
  -3656.25000000000        398.3470    
  -3625.00000000000        208.6190    
  -3593.75000000000        302.7440    
  -3562.50000000000        287.3674    
  -3531.25000000000        102.9803    
  -3500.00000000000        338.2916    
  -3468.75000000000        324.2403    
  -3437.50000000000        162.4036    
  -3406.25000000000        503.5892    
  -3375.00000000000        169.9185    
  -3343.75000000000        159.3912    
  -3312.50000000000        278.5983    
  -3281.25000000000        263.8897    
  -3250.00000000000        207.5288    
  -3218.75000000000        239.9157    
  -3187.50000000000        132.2195    
  -3156.25000000000        282.4482    
  -3125.00000000000        176.3663    
  -3093.75000000000        258.6455    
  -3062.50000000000        281.7570    
  -3031.25000000000        225.3987    
  -3000.00000000000        121.6144    
  -2968.75000000000        130.9698    
  -2937.50000000000        232.4874    
  -2906.25000000000        51.83602    
  -2875.00000000000        132.6352    
  -2843.75000000000        75.65845    
  -2812.50000000000        175.6190    
  -2781.25000000000        43.58101    
  -2750.00000000000        108.8724    
  -2718.75000000000        98.88679    
  -2687.50000000000        168.1049    
  -2656.25000000000        65.31054    
  -2625.00000000000        61.26218    
  -2593.75000000000        120.7406    
  -2562.50000000000        64.55388    
  -2531.25000000000        28.18313    
  -2500.00000000000        178.2890    
  -2468.75000000000        19.82387    
  -2437.50000000000        104.6006    
  -2406.25000000000        67.40720    
  -2375.00000000000        36.25250    
  -2343.75000000000        169.4354    
  -2312.50000000000        120.3301    
  -2281.25000000000        46.26986    
  -2250.00000000000        76.43330    
  -2218.75000000000        100.1406    
  -2187.50000000000        141.6439    
  -2156.25000000000        137.6971    
  -2125.00000000000        94.53553    
  -2093.75000000000        106.3270    
  -2062.50000000000        95.12292    
  -2031.25000000000        41.73510    
  -2000.00000000000        71.72548    
  -1968.75000000000        106.6786    
  -1937.50000000000        55.49829    
  -1906.25000000000        46.95274    
  -1875.00000000000        102.3981    
  -1843.75000000000        98.05785    
  -1812.50000000000        340.6960    
  -1781.25000000000        390.8109    
  -1750.00000000000        176.6215    
  -1718.75000000000        122.2874    
  -1687.50000000000        189.7946    
  -1656.25000000000        214.8953    
  -1625.00000000000        144.0894    
  -1593.75000000000        84.49663    
  -1562.50000000000        257.6302    
  -1531.25000000000        147.3016    
  -1500.00000000000        51.74184    
  -1468.75000000000        96.62614    
  -1437.50000000000        62.53295    
  -1406.25000000000        107.2410    
  -1375.00000000000        156.1691    
  -1343.75000000000        127.2740    
  -1312.50000000000        123.3071    
  -1281.25000000000        106.3523    
  -1250.00000000000        258.7992    
  -1218.75000000000        52.65329    
  -1187.50000000000        44.27210    
  -1156.25000000000        178.3173    
  -1125.00000000000        57.79139    
  -1093.75000000000        90.32889    
  -1062.50000000000        221.4850    
  -1031.25000000000        98.11166    
  -1000.00000000000        100.3825    
  -968.750000000000        98.42230    
  -937.500000000000        48.26507    
  -906.250000000000        177.0470    
  -875.000000000000        135.7038    
  -843.750000000000        133.2002    
  -812.500000000000        283.6347    
  -781.250000000000        345.5336    
  -750.000000000000        248.2287    
  -718.750000000000        312.8330    
  -687.500000000000        305.6382    
  -656.250000000000        510.9804    
  -625.000000000000        21.51775    
  -593.750000000000        381.2656    
  -562.500000000000        120.1406    
  -531.250000000000        226.8204    
  -500.000000000000        365.9749    
  -468.750000000000        123.2926    
  -437.500000000000        329.7877    
  -406.250000000000        358.3560    
  -375.000000000000        855.0717    
  -343.750000000000        1309.265    
  -312.500000000000        678.3057    
  -281.250000000000        937.6171    
  -250.000000000000        488.5286    
  -218.750000000000        79.91613    
  -187.500000000000        439.5976    
  -156.250000000000        1631.904    
  -125.000000000000        1580.568    
  -93.7500000000000        592.0895    
  -62.5000000000000        1552.649    
  -31.2500000000000        2848.445    
  0.000000000000000E+000   6882.867    
   31.2500000000000        2749.777    
   62.5000000000000        1689.332    
   93.7500000000000        627.9175    
   125.000000000000        1683.073    
   156.250000000000        1712.861    
   187.500000000000        438.3165    
   218.750000000000        25.26433    
   250.000000000000        452.0933    
   281.250000000000        876.2716    
   312.500000000000        679.8625    
   343.750000000000        1270.889    
   375.000000000000        744.9753    
   406.250000000000        355.6971    
   437.500000000000        251.8012    
   468.750000000000        124.6961    
   500.000000000000        381.5263    
   531.250000000000        263.4384    
   562.500000000000        184.8750    
   593.750000000000        350.9193    
   625.000000000000        43.55114    
   656.250000000000        498.5674    
   687.500000000000        274.6773    
   718.750000000000        370.4802    
   750.000000000000        269.6564    
   781.250000000000        352.1447    
   812.500000000000        259.8122    
   843.750000000000        155.6112    
   875.000000000000        91.25368    
   906.250000000000        208.4350    
   937.500000000000        11.88525    
   968.750000000000        118.8973    
   1000.00000000000        142.9538    
   1031.25000000000        83.24557    
   1062.50000000000        228.2419    
   1093.75000000000        111.3186    
   1125.00000000000        46.57698    
   1156.25000000000        175.3084    
   1187.50000000000        25.30560    
   1218.75000000000        46.72057    
   1250.00000000000        294.3598    
   1281.25000000000        87.25675    
   1312.50000000000        108.0191    
   1343.75000000000        126.5813    
   1375.00000000000        165.0377    
   1406.25000000000        100.8870    
   1437.50000000000        43.45327    
   1468.75000000000        87.89318    
   1500.00000000000        29.08439    
   1531.25000000000        138.3755    
   1562.50000000000        234.6462    
   1593.75000000000        68.97202    
   1625.00000000000        113.9536    
   1656.25000000000        191.8720    
   1687.50000000000        167.7020    
   1718.75000000000        126.5319    
   1750.00000000000        200.7755    
   1781.25000000000        336.7164    
   1812.50000000000        287.9501    
   1843.75000000000        111.1947    
   1875.00000000000        108.1349    
   1906.25000000000        27.37555    
   1937.50000000000        66.67008    
   1968.75000000000        69.67991    
   2000.00000000000        45.46600    
   2031.25000000000        46.23571    
   2062.50000000000        66.30153    
   2093.75000000000        91.91199    
   2125.00000000000        99.53481    
   2156.25000000000        163.2570    
   2187.50000000000        117.4303    
   2218.75000000000        90.46614    
   2250.00000000000        46.74225    
   2281.25000000000        59.25302    
   2312.50000000000        138.8113    
   2343.75000000000        169.7107    
   2375.00000000000        34.12333    
   2406.25000000000        64.98125    
   2437.50000000000        125.5450    
   2468.75000000000        27.03841    
   2500.00000000000        182.9373    
   2531.25000000000        45.94905    
   2562.50000000000        70.80666    
   2593.75000000000        132.0703    
   2625.00000000000        46.51807    
   2656.25000000000        72.43362    
   2687.50000000000        178.0405    
   2718.75000000000        76.96783    
   2750.00000000000        95.07854    
   2781.25000000000        54.47433    
   2812.50000000000        173.4736    
   2843.75000000000        77.40816    
   2875.00000000000        192.5911    
   2906.25000000000        46.62459    
   2937.50000000000        225.6767    
   2968.75000000000        137.7935    
   3000.00000000000        132.1208    
   3031.25000000000        253.1949    
   3062.50000000000        286.5780    
   3093.75000000000        233.9833    
   3125.00000000000        161.5804    
   3156.25000000000        301.5921    
   3187.50000000000        131.6113    
   3218.75000000000        281.4491    
   3250.00000000000        243.5029    
   3281.25000000000        259.7869    
   3312.50000000000        265.0894    
   3343.75000000000        152.3837    
   3375.00000000000        148.6667    
   3406.25000000000        515.8834    
   3437.50000000000        162.3156    
   3468.75000000000        328.7720    
   3500.00000000000        315.1623    
   3531.25000000000        100.7143    
   3562.50000000000        320.8690    
   3593.75000000000        232.8015    
   3625.00000000000        160.3662    
   3656.25000000000        387.0963    
   3687.50000000000        327.5256    
   3718.75000000000        374.9649    
   3750.00000000000        294.5206    
   3781.25000000000        488.6443    
   3812.50000000000        323.2313    
   3843.75000000000        456.7982    
   3875.00000000000        383.2029    
   3906.25000000000        245.9562    
   3937.50000000000        551.2243    
   3968.75000000000        459.6769    
