  -4000.00000000000        208.8493    
  -3968.75000000000        371.9921    
  -3937.50000000000        480.4290    
  -3906.25000000000        229.3164    
  -3875.00000000000        346.9800    
  -3843.75000000000        380.3783    
  -3812.50000000000        284.4142    
  -3781.25000000000        404.0755    
  -3750.00000000000        248.5412    
  -3718.75000000000        312.8384    
  -3687.50000000000        291.8106    
  -3656.25000000000        350.5655    
  -3625.00000000000        167.5484    
  -3593.75000000000        231.6732    
  -3562.50000000000        248.3949    
  -3531.25000000000        87.78393    
  -3500.00000000000        286.7774    
  -3468.75000000000        253.7861    
  -3437.50000000000        160.5747    
  -3406.25000000000        440.8103    
  -3375.00000000000        128.2542    
  -3343.75000000000        131.3015    
  -3312.50000000000        242.1617    
  -3281.25000000000        225.7997    
  -3250.00000000000        190.2398    
  -3218.75000000000        227.4777    
  -3187.50000000000        103.2971    
  -3156.25000000000        244.7977    
  -3125.00000000000        147.5182    
  -3093.75000000000        202.6047    
  -3062.50000000000        229.7977    
  -3031.25000000000        175.1372    
  -3000.00000000000        109.7152    
  -2968.75000000000        110.6785    
  -2937.50000000000        204.9046    
  -2906.25000000000        28.47765    
  -2875.00000000000        131.0367    
  -2843.75000000000        59.56678    
  -2812.50000000000        139.1591    
  -2781.25000000000        51.08330    
  -2750.00000000000        70.65560    
  -2718.75000000000        75.80545    
  -2687.50000000000        136.5661    
  -2656.25000000000        54.98357    
  -2625.00000000000        32.37656    
  -2593.75000000000        105.5967    
  -2562.50000000000        59.34983    
  -2531.25000000000        20.34799    
  -2500.00000000000        145.4332    
  -2468.75000000000        23.70807    
  -2437.50000000000        104.5712    
  -2406.25000000000        53.24215    
  -2375.00000000000        20.98960    
  -2343.75000000000        136.1691    
  -2312.50000000000        94.03628    
  -2281.25000000000        38.76153    
  -2250.00000000000        54.91410    
  -2218.75000000000        72.07785    
  -2187.50000000000        110.5356    
  -2156.25000000000        111.1350    
  -2125.00000000000        69.74599    
  -2093.75000000000        86.07787    
  -2062.50000000000        66.90701    
  -2031.25000000000        18.50625    
  -2000.00000000000        49.98654    
  -1968.75000000000        69.30978    
  -1937.50000000000        60.40412    
  -1906.25000000000        35.84354    
  -1875.00000000000        74.08940    
  -1843.75000000000        99.69389    
  -1812.50000000000        267.4212    
  -1781.25000000000        311.5680    
  -1750.00000000000        152.1660    
  -1718.75000000000        110.9511    
  -1687.50000000000        149.9893    
  -1656.25000000000        177.5939    
  -1625.00000000000        109.3823    
  -1593.75000000000        52.28635    
  -1562.50000000000        210.9178    
  -1531.25000000000        124.8809    
  -1500.00000000000        38.52018    
  -1468.75000000000        78.40419    
  -1437.50000000000        50.33360    
  -1406.25000000000        91.23451    
  -1375.00000000000        135.0469    
  -1343.75000000000        112.9611    
  -1312.50000000000        87.28259    
  -1281.25000000000        81.73389    
  -1250.00000000000        225.2694    
  -1218.75000000000        48.66279    
  -1187.50000000000        33.89845    
  -1156.25000000000        154.9476    
  -1125.00000000000        25.85363    
  -1093.75000000000        100.7998    
  -1062.50000000000        173.4650    
  -1031.25000000000        74.22820    
  -1000.00000000000        92.71721    
  -968.750000000000        90.21173    
  -937.500000000000        39.04685    
  -906.250000000000        170.5762    
  -875.000000000000        94.15521    
  -843.750000000000        128.6051    
  -812.500000000000        223.2448    
  -781.250000000000        287.2955    
  -750.000000000000        221.0172    
  -718.750000000000        275.0244    
  -687.500000000000        233.4368    
  -656.250000000000        428.0240    
  -625.000000000000        33.80740    
  -593.750000000000        306.8236    
  -562.500000000000        122.1600    
  -531.250000000000        197.1860    
  -500.000000000000        319.1419    
  -468.750000000000        92.29299    
  -437.500000000000        255.9180    
  -406.250000000000        292.5107    
  -375.000000000000        676.7455    
  -343.750000000000        1099.682    
  -312.500000000000        574.7396    
  -281.250000000000        792.2108    
  -250.000000000000        408.7363    
  -218.750000000000        43.20169    
  -187.500000000000        381.4899    
  -156.250000000000        1406.684    
  -125.000000000000        1373.888    
  -93.7500000000000        498.3064    
  -62.5000000000000        1342.608    
  -31.2500000000000        2411.787    
  0.000000000000000E+000   5678.835    
   31.2500000000000        2378.437    
   62.5000000000000        1384.145    
   93.7500000000000        508.0866    
   125.000000000000        1403.253    
   156.250000000000        1428.143    
   187.500000000000        380.2584    
   218.750000000000        22.72154    
   250.000000000000        385.8396    
   281.250000000000        773.4018    
   312.500000000000        555.5456    
   343.750000000000        1073.126    
   375.000000000000        651.5284    
   406.250000000000        296.1060    
   437.500000000000        222.3790    
   468.750000000000        86.83090    
   500.000000000000        310.6711    
   531.250000000000        208.8984    
   562.500000000000        129.4329    
   593.750000000000        319.9184    
   625.000000000000        45.18465    
   656.250000000000        425.6572    
   687.500000000000        244.0517    
   718.750000000000        292.8725    
   750.000000000000        213.9929    
   781.250000000000        289.2144    
   812.500000000000        220.4328    
   843.750000000000        125.0865    
   875.000000000000        85.02538    
   906.250000000000        169.0014    
   937.500000000000        34.77358    
   968.750000000000        93.71085    
   1000.00000000000        100.3656    
   1031.25000000000        69.29701    
   1062.50000000000        166.0669    
   1093.75000000000        92.88314    
   1125.00000000000        42.52703    
   1156.25000000000        149.7032    
   1187.50000000000        41.45028    
   1218.75000000000        42.33292    
   1250.00000000000        235.2160    
   1281.25000000000        70.65301    
   1312.50000000000        93.37888    
   1343.75000000000        112.6433    
   1375.00000000000        135.4600    
   1406.25000000000        85.66187    
   1437.50000000000        33.33163    
   1468.75000000000        75.78414    
   1500.00000000000        37.07659    
   1531.25000000000        116.3691    
   1562.50000000000        203.3283    
   1593.75000000000        51.61958    
   1625.00000000000        103.5008    
   1656.25000000000        164.6385    
   1687.50000000000        142.1556    
   1718.75000000000        91.87537    
   1750.00000000000        158.0694    
   1781.25000000000        299.2493    
   1812.50000000000        244.2740    
   1843.75000000000        91.53132    
   1875.00000000000        87.13100    
   1906.25000000000        30.90212    
   1937.50000000000        57.45019    
   1968.75000000000        72.18125    
   2000.00000000000        41.13612    
   2031.25000000000        14.36121    
   2062.50000000000        63.94371    
   2093.75000000000        83.99154    
   2125.00000000000        66.06892    
   2156.25000000000        112.1066    
   2187.50000000000        106.1988    
   2218.75000000000        74.06953    
   2250.00000000000        51.89569    
   2281.25000000000        41.27878    
   2312.50000000000        89.64791    
   2343.75000000000        147.0239    
   2375.00000000000        28.57269    
   2406.25000000000        50.20850    
   2437.50000000000        92.33425    
   2468.75000000000        10.38171    
   2500.00000000000        144.9158    
   2531.25000000000        19.87809    
   2562.50000000000        68.91642    
   2593.75000000000        103.3984    
   2625.00000000000        29.94687    
   2656.25000000000        50.11722    
   2687.50000000000        143.1823    
   2718.75000000000        72.32092    
   2750.00000000000        73.00123    
   2781.25000000000        51.13775    
   2812.50000000000        147.3059    
   2843.75000000000        63.01366    
   2875.00000000000        140.9683    
   2906.25000000000        25.54573    
   2937.50000000000        204.9922    
   2968.75000000000        107.4621    
   3000.00000000000        116.2786    
   3031.25000000000        183.6623    
   3062.50000000000        235.4222    
   3093.75000000000        194.0177    
   3125.00000000000        140.3867    
   3156.25000000000        254.5062    
   3187.50000000000        113.4568    
   3218.75000000000        243.8332    
   3250.00000000000        196.4164    
   3281.25000000000        228.8184    
   3312.50000000000        240.1485    
   3343.75000000000        126.4735    
   3375.00000000000        137.1479    
   3406.25000000000        441.5649    
   3437.50000000000        154.6901    
   3468.75000000000        273.0283    
   3500.00000000000        278.5138    
   3531.25000000000        82.25566    
   3562.50000000000        250.5421    
   3593.75000000000        213.2531    
   3625.00000000000        158.0691    
   3656.25000000000        349.3454    
   3687.50000000000        281.6460    
   3718.75000000000        313.4586    
   3750.00000000000        239.3321    
   3781.25000000000        414.0561    
   3812.50000000000        270.5927    
   3843.75000000000        385.0451    
   3875.00000000000        334.5678    
   3906.25000000000        222.1936    
   3937.50000000000        470.7352    
   3968.75000000000        377.5785    
