  -2000.00000000000        6.232868    
  -1984.37500000000        9.442870    
  -1968.75000000000        12.94112    
  -1953.12500000000        16.61815    
  -1937.50000000000        22.34254    
  -1921.87500000000        18.57109    
  -1906.25000000000        9.373562    
  -1890.62500000000        10.30447    
  -1875.00000000000        18.38731    
  -1859.37500000000        11.89419    
  -1843.75000000000        11.81154    
  -1828.12500000000        11.02408    
  -1812.50000000000        15.77508    
  -1796.87500000000        9.632005    
  -1781.25000000000        14.41522    
  -1765.62500000000        14.61460    
  -1750.00000000000        66.83172    
  -1734.37500000000        22.65656    
  -1718.75000000000        10.41065    
  -1703.12500000000        14.28077    
  -1687.50000000000        14.72501    
  -1671.87500000000        12.56015    
  -1656.25000000000        6.175587    
  -1640.62500000000        10.62236    
  -1625.00000000000        4.380664    
  -1609.37500000000        6.509605    
  -1593.75000000000        1.078827    
  -1578.12500000000        24.41881    
  -1562.50000000000        16.61454    
  -1546.87500000000        36.42112    
  -1531.25000000000        1.525575    
  -1515.62500000000        5.695716    
  -1500.00000000000        21.23123    
  -1484.37500000000        19.73684    
  -1468.75000000000        10.66939    
  -1453.12500000000        8.029138    
  -1437.50000000000        2.505929    
  -1421.87500000000        23.58863    
  -1406.25000000000        17.67361    
  -1390.62500000000        14.45996    
  -1375.00000000000        23.56582    
  -1359.37500000000        29.92799    
  -1343.75000000000        15.36129    
  -1328.12500000000        8.967190    
  -1312.50000000000        8.211469    
  -1296.87500000000        29.20342    
  -1281.25000000000        7.210081    
  -1265.62500000000        5.339762    
  -1250.00000000000        27.12255    
  -1234.37500000000        22.25351    
  -1218.75000000000        5.411856    
  -1203.12500000000        21.61042    
  -1187.50000000000        30.64467    
  -1171.87500000000        72.61963    
  -1156.25000000000        88.89585    
  -1140.62500000000        27.10426    
  -1125.00000000000        16.92435    
  -1109.37500000000        24.14305    
  -1093.75000000000        32.17551    
  -1078.12500000000        8.780207    
  -1062.50000000000        13.86065    
  -1046.87500000000        9.889011    
  -1031.25000000000        16.04794    
  -1015.62500000000        5.414701    
  -1000.00000000000        3.964952    
  -984.375000000000        8.192207    
  -968.750000000000        65.15644    
  -953.125000000000        9.916908    
  -937.500000000000        7.403038    
  -921.875000000000        24.81163    
  -906.250000000000        33.97707    
  -890.625000000000        13.22261    
  -875.000000000000        9.749437    
  -859.375000000000        14.21715    
  -843.750000000000        16.06520    
  -828.125000000000        17.97725    
  -812.500000000000        18.67957    
  -796.875000000000        40.33397    
  -781.250000000000        128.0092    
  -765.625000000000        98.83310    
  -750.000000000000        33.44998    
  -734.375000000000        24.46713    
  -718.750000000000        40.11454    
  -703.125000000000        34.37623    
  -687.500000000000        19.86650    
  -671.875000000000        26.77054    
  -656.250000000000        35.61708    
  -640.625000000000        34.31129    
  -625.000000000000        51.41442    
  -609.375000000000        72.53609    
  -593.750000000000        151.8022    
  -578.125000000000        485.1533    
  -562.500000000000        80.08071    
  -546.875000000000        28.31039    
  -531.250000000000        42.05190    
  -515.625000000000        27.31855    
  -500.000000000000        24.83423    
  -484.375000000000        8.547467    
  -468.750000000000        22.66574    
  -453.125000000000        21.00476    
  -437.500000000000        34.35325    
  -421.875000000000        18.68384    
  -406.250000000000        40.35810    
  -390.625000000000        172.9995    
  -375.000000000000        55.79762    
  -359.375000000000        29.07082    
  -343.750000000000        13.87420    
  -328.125000000000        22.60597    
  -312.500000000000        29.13668    
  -296.875000000000        18.26398    
  -281.250000000000        13.74185    
  -265.625000000000        23.38407    
  -250.000000000000        34.62842    
  -234.375000000000        24.75451    
  -218.750000000000        61.51595    
  -203.125000000000        232.4027    
  -187.500000000000        283.0123    
  -171.875000000000        82.93002    
  -156.250000000000        45.38202    
  -140.625000000000        37.85089    
  -125.000000000000        36.04468    
  -109.375000000000        15.19634    
  -93.7500000000000        9.679686    
  -78.1250000000000        38.63005    
  -62.5000000000000        21.66074    
  -46.8750000000000        20.98493    
  -31.2500000000000        16.18928    
  -15.6250000000000        55.78803    
  0.000000000000000E+000   10484.71    
   15.6250000000000        58.38133    
   31.2500000000000        24.17561    
   46.8750000000000        29.01776    
   62.5000000000000        21.53403    
   78.1250000000000        33.48097    
   93.7500000000000        7.217384    
   109.375000000000        7.270008    
   125.000000000000        35.34353    
   140.625000000000        24.93214    
   156.250000000000        25.31044    
   171.875000000000        48.49163    
   187.500000000000        180.5714    
   203.125000000000        119.9417    
   218.750000000000        43.89218    
   234.375000000000        22.12949    
   250.000000000000        30.05469    
   265.625000000000        15.62308    
   281.250000000000        16.33345    
   296.875000000000        11.54996    
   312.500000000000        31.82958    
   328.125000000000        2.135919    
   343.750000000000        5.205746    
   359.375000000000        34.75787    
   375.000000000000        84.62038    
   390.625000000000        207.1768    
   406.250000000000        61.53905    
   421.875000000000        26.38255    
   437.500000000000        38.14233    
   453.125000000000        21.72329    
   468.750000000000        14.62444    
   484.375000000000        12.00236    
   500.000000000000        28.88359    
   515.625000000000        12.77587    
   531.250000000000        37.43381    
   546.875000000000        31.65316    
   562.500000000000        80.41483    
   578.125000000000        508.0116    
   593.750000000000        190.9628    
   609.375000000000        82.29473    
   625.000000000000        63.35050    
   640.625000000000        38.94461    
   656.250000000000        35.79503    
   671.875000000000        31.11258    
   687.500000000000        34.59417    
   703.125000000000        36.22643    
   718.750000000000        28.54313    
   734.375000000000        28.13756    
   750.000000000000        32.44571    
   765.625000000000        84.20797    
   781.250000000000        91.39772    
   796.875000000000        22.55252    
   812.500000000000        15.28765    
   828.125000000000        15.36408    
   843.750000000000        15.21339    
   859.375000000000        7.612592    
   875.000000000000        10.42542    
   890.625000000000        22.13387    
   906.250000000000        18.16684    
   921.875000000000        34.58014    
   937.500000000000        12.19070    
   953.125000000000        13.65040    
   968.750000000000        49.96521    
   984.375000000000        13.11238    
   1000.00000000000        1.326533    
   1015.62500000000        5.871022    
   1031.25000000000        2.153867    
   1046.87500000000        3.516923    
   1062.50000000000        7.644473    
   1078.12500000000        9.364783    
   1093.75000000000        11.37387    
   1109.37500000000        15.01299    
   1125.00000000000        7.123933    
   1140.62500000000        15.29711    
   1156.25000000000        72.88593    
   1171.87500000000        71.98010    
   1187.50000000000        26.70684    
   1203.12500000000        23.14454    
   1218.75000000000        11.61111    
   1234.37500000000        8.820801    
   1250.00000000000        36.02629    
   1265.62500000000        4.832699    
   1281.25000000000        7.809477    
   1296.87500000000        20.00996    
   1312.50000000000        9.555928    
   1328.12500000000        13.70389    
   1343.75000000000        13.84667    
   1359.37500000000        44.89006    
   1375.00000000000        7.012752    
   1390.62500000000        9.371322    
   1406.25000000000        9.731120    
   1421.87500000000        12.07352    
   1437.50000000000        8.162967    
   1453.12500000000        3.675624    
   1468.75000000000        3.530986    
   1484.37500000000        24.94387    
   1500.00000000000        22.05330    
   1515.62500000000        9.804654    
   1531.25000000000        7.371108    
   1546.87500000000        18.32539    
   1562.50000000000        7.356452    
   1578.12500000000        16.82639    
   1593.75000000000        12.86021    
   1609.37500000000        2.931467    
   1625.00000000000        6.444330    
   1640.62500000000        9.701477    
   1656.25000000000        4.495315    
   1671.87500000000        27.45480    
   1687.50000000000        14.83233    
   1703.12500000000        10.38057    
   1718.75000000000        16.34064    
   1734.37500000000        13.92741    
   1750.00000000000        28.68576    
   1765.62500000000        5.973155    
   1781.25000000000        10.35722    
   1796.87500000000        5.802931    
   1812.50000000000        4.005818    
   1828.12500000000        5.123649    
   1843.75000000000        7.439195    
   1859.37500000000        9.272573    
   1875.00000000000        11.31281    
   1890.62500000000        11.97603    
   1906.25000000000        9.542989    
   1921.87500000000        26.19830    
   1937.50000000000        28.60870    
   1953.12500000000        11.10638    
   1968.75000000000        9.746784    
   1984.37500000000        1.993930    
