  -4000.00000000000        210.5207    
  -3968.75000000000        372.8475    
  -3937.50000000000        483.3199    
  -3906.25000000000        226.6989    
  -3875.00000000000        348.3918    
  -3843.75000000000        373.3758    
  -3812.50000000000        277.0674    
  -3781.25000000000        398.6390    
  -3750.00000000000        252.1747    
  -3718.75000000000        309.9401    
  -3687.50000000000        287.9113    
  -3656.25000000000        355.0841    
  -3625.00000000000        167.7055    
  -3593.75000000000        234.2646    
  -3562.50000000000        241.9671    
  -3531.25000000000        86.12814    
  -3500.00000000000        291.6956    
  -3468.75000000000        261.1075    
  -3437.50000000000        153.8867    
  -3406.25000000000        439.9888    
  -3375.00000000000        131.1374    
  -3343.75000000000        120.5283    
  -3312.50000000000        248.7504    
  -3281.25000000000        221.5342    
  -3250.00000000000        185.3808    
  -3218.75000000000        228.4149    
  -3187.50000000000        105.5431    
  -3156.25000000000        256.2374    
  -3125.00000000000        152.6089    
  -3093.75000000000        202.3536    
  -3062.50000000000        231.5441    
  -3031.25000000000        183.7909    
  -3000.00000000000        109.4615    
  -2968.75000000000        116.4686    
  -2937.50000000000        207.7054    
  -2906.25000000000        33.75158    
  -2875.00000000000        132.9453    
  -2843.75000000000        64.25901    
  -2812.50000000000        144.7377    
  -2781.25000000000        47.01387    
  -2750.00000000000        73.11772    
  -2718.75000000000        72.56738    
  -2687.50000000000        136.9005    
  -2656.25000000000        54.79728    
  -2625.00000000000        33.72338    
  -2593.75000000000        97.80027    
  -2562.50000000000        66.82340    
  -2531.25000000000        25.45539    
  -2500.00000000000        146.7259    
  -2468.75000000000        2.740455    
  -2437.50000000000        96.89935    
  -2406.25000000000        56.03520    
  -2375.00000000000        20.57536    
  -2343.75000000000        140.4792    
  -2312.50000000000        91.25087    
  -2281.25000000000        40.87734    
  -2250.00000000000        55.99899    
  -2218.75000000000        69.55806    
  -2187.50000000000        108.8762    
  -2156.25000000000        108.7240    
  -2125.00000000000        71.61430    
  -2093.75000000000        77.25433    
  -2062.50000000000        77.03374    
  -2031.25000000000        24.13195    
  -2000.00000000000        49.73425    
  -1968.75000000000        72.56864    
  -1937.50000000000        47.48540    
  -1906.25000000000        31.63477    
  -1875.00000000000        81.48383    
  -1843.75000000000        103.4764    
  -1812.50000000000        265.1340    
  -1781.25000000000        311.9815    
  -1750.00000000000        150.6036    
  -1718.75000000000        106.7439    
  -1687.50000000000        152.8298    
  -1656.25000000000        171.9572    
  -1625.00000000000        104.5682    
  -1593.75000000000        54.80234    
  -1562.50000000000        209.0155    
  -1531.25000000000        122.1831    
  -1500.00000000000        31.34274    
  -1468.75000000000        78.16651    
  -1437.50000000000        46.40813    
  -1406.25000000000        87.71746    
  -1375.00000000000        133.4513    
  -1343.75000000000        104.8042    
  -1312.50000000000        83.50442    
  -1281.25000000000        74.29771    
  -1250.00000000000        232.1478    
  -1218.75000000000        38.43977    
  -1187.50000000000        50.55667    
  -1156.25000000000        155.8067    
  -1125.00000000000        39.80033    
  -1093.75000000000        80.72999    
  -1062.50000000000        168.7401    
  -1031.25000000000        66.33984    
  -1000.00000000000        91.46909    
  -968.750000000000        90.89253    
  -937.500000000000        34.02176    
  -906.250000000000        171.6847    
  -875.000000000000        86.44816    
  -843.750000000000        135.4569    
  -812.500000000000        232.1832    
  -781.250000000000        283.3504    
  -750.000000000000        210.3712    
  -718.750000000000        274.1882    
  -687.500000000000        248.4572    
  -656.250000000000        427.5709    
  -625.000000000000        27.99997    
  -593.750000000000        308.2377    
  -562.500000000000        119.1883    
  -531.250000000000        195.0747    
  -500.000000000000        316.6106    
  -468.750000000000        72.62718    
  -437.500000000000        244.4551    
  -406.250000000000        297.0537    
  -375.000000000000        692.0613    
  -343.750000000000        1100.201    
  -312.500000000000        571.7054    
  -281.250000000000        792.3842    
  -250.000000000000        402.6317    
  -218.750000000000        43.87272    
  -187.500000000000        368.4045    
  -156.250000000000        1383.645    
  -125.000000000000        1371.788    
  -93.7500000000000        487.6561    
  -62.5000000000000        1353.584    
  -31.2500000000000        2404.516    
  0.000000000000000E+000   6366.651    
   31.2500000000000        2363.882    
   62.5000000000000        1385.197    
   93.7500000000000        517.4902    
   125.000000000000        1407.696    
   156.250000000000        1420.608    
   187.500000000000        367.5495    
   218.750000000000        30.56978    
   250.000000000000        404.7403    
   281.250000000000        757.8438    
   312.500000000000        563.0289    
   343.750000000000        1078.653    
   375.000000000000        650.5960    
   406.250000000000        287.2368    
   437.500000000000        220.6839    
   468.750000000000        76.63522    
   500.000000000000        314.5770    
   531.250000000000        219.3602    
   562.500000000000        128.9969    
   593.750000000000        316.2180    
   625.000000000000        39.99265    
   656.250000000000        421.0260    
   687.500000000000        239.4073    
   718.750000000000        286.1125    
   750.000000000000        226.4891    
   781.250000000000        284.5645    
   812.500000000000        226.0148    
   843.750000000000        130.6437    
   875.000000000000        94.86208    
   906.250000000000        167.8581    
   937.500000000000        34.78513    
   968.750000000000        100.3918    
   1000.00000000000        100.5842    
   1031.25000000000        67.64484    
   1062.50000000000        165.0935    
   1093.75000000000        92.43998    
   1125.00000000000        35.58021    
   1156.25000000000        147.8288    
   1187.50000000000        37.23897    
   1218.75000000000        53.87461    
   1250.00000000000        233.9658    
   1281.25000000000        62.44065    
   1312.50000000000        82.34143    
   1343.75000000000        111.9815    
   1375.00000000000        137.9184    
   1406.25000000000        93.19653    
   1437.50000000000        47.46317    
   1468.75000000000        78.76392    
   1500.00000000000        36.51904    
   1531.25000000000        122.1749    
   1562.50000000000        210.3756    
   1593.75000000000        50.84570    
   1625.00000000000        101.7195    
   1656.25000000000        165.5901    
   1687.50000000000        144.8936    
   1718.75000000000        106.1265    
   1750.00000000000        148.2381    
   1781.25000000000        293.2103    
   1812.50000000000        245.1365    
   1843.75000000000        89.96046    
   1875.00000000000        83.57919    
   1906.25000000000        31.85970    
   1937.50000000000        50.13446    
   1968.75000000000        67.72407    
   2000.00000000000        43.75666    
   2031.25000000000        23.93689    
   2062.50000000000        76.11916    
   2093.75000000000        84.44696    
   2125.00000000000        69.67489    
   2156.25000000000        111.1307    
   2187.50000000000        108.2251    
   2218.75000000000        78.32832    
   2250.00000000000        54.00431    
   2281.25000000000        52.38336    
   2312.50000000000        89.36709    
   2343.75000000000        148.7275    
   2375.00000000000        28.55195    
   2406.25000000000        57.48268    
   2437.50000000000        97.10685    
   2468.75000000000        16.79981    
   2500.00000000000        152.4643    
   2531.25000000000        17.73485    
   2562.50000000000        65.91795    
   2593.75000000000        100.3911    
   2625.00000000000        40.82610    
   2656.25000000000        56.78566    
   2687.50000000000        141.1830    
   2718.75000000000        73.55782    
   2750.00000000000        77.67396    
   2781.25000000000        41.56886    
   2812.50000000000        148.2918    
   2843.75000000000        62.40624    
   2875.00000000000        140.6070    
   2906.25000000000        29.53976    
   2937.50000000000        201.6326    
   2968.75000000000        111.0238    
   3000.00000000000        122.5227    
   3031.25000000000        192.8981    
   3062.50000000000        229.3890    
   3093.75000000000        195.6434    
   3125.00000000000        143.4448    
   3156.25000000000        247.0161    
   3187.50000000000        113.5029    
   3218.75000000000        250.5735    
   3250.00000000000        199.4829    
   3281.25000000000        232.9954    
   3312.50000000000        238.4628    
   3343.75000000000        125.4042    
   3375.00000000000        130.0189    
   3406.25000000000        436.2938    
   3437.50000000000        148.2090    
   3468.75000000000        269.9279    
   3500.00000000000        278.4688    
   3531.25000000000        84.84573    
   3562.50000000000        252.0641    
   3593.75000000000        212.6102    
   3625.00000000000        160.2471    
   3656.25000000000        354.7531    
   3687.50000000000        285.2025    
   3718.75000000000        310.6174    
   3750.00000000000        242.2872    
   3781.25000000000        414.8059    
   3812.50000000000        267.6283    
   3843.75000000000        387.8126    
   3875.00000000000        328.6391    
   3906.25000000000        220.8697    
   3937.50000000000        471.7877    
   3968.75000000000        381.8292    
