  -2000.00000000000        5.377238    
  -1984.37500000000        2.792537    
  -1968.75000000000        6.511852    
  -1953.12500000000        8.330798    
  -1937.50000000000        8.744047    
  -1921.87500000000        13.24357    
  -1906.25000000000        4.754964    
  -1890.62500000000        8.802582    
  -1875.00000000000        4.665492    
  -1859.37500000000        2.957522    
  -1843.75000000000        4.338254    
  -1828.12500000000        9.990885    
  -1812.50000000000        4.145432    
  -1796.87500000000        3.450535    
  -1781.25000000000        8.162886    
  -1765.62500000000        3.978191    
  -1750.00000000000        22.54757    
  -1734.37500000000        5.165742    
  -1718.75000000000        6.697634    
  -1703.12500000000        1.975896    
  -1687.50000000000        3.356772    
  -1671.87500000000        5.581299    
  -1656.25000000000        3.909272    
  -1640.62500000000        5.782218    
  -1625.00000000000       0.7321802    
  -1609.37500000000        4.596305    
  -1593.75000000000        5.900555    
  -1578.12500000000        10.82255    
  -1562.50000000000        8.456562    
  -1546.87500000000        26.73464    
  -1531.25000000000        6.575711    
  -1515.62500000000        6.737767    
  -1500.00000000000        15.74871    
  -1484.37500000000        7.609464    
  -1468.75000000000        2.456636    
  -1453.12500000000        3.992329    
  -1437.50000000000        3.451845    
  -1421.87500000000        8.281972    
  -1406.25000000000        6.377708    
  -1390.62500000000        5.316352    
  -1375.00000000000        1.354696    
  -1359.37500000000        17.61752    
  -1343.75000000000        7.356665    
  -1328.12500000000        5.860169    
  -1312.50000000000        4.663616    
  -1296.87500000000        12.56556    
  -1281.25000000000        4.196927    
  -1265.62500000000        5.818013    
  -1250.00000000000        22.88053    
  -1234.37500000000        9.360772    
  -1218.75000000000        5.985438    
  -1203.12500000000        15.66022    
  -1187.50000000000        18.31045    
  -1171.87500000000        51.01868    
  -1156.25000000000        48.06453    
  -1140.62500000000        11.67702    
  -1125.00000000000        4.324443    
  -1109.37500000000        9.112379    
  -1093.75000000000        1.393106    
  -1078.12500000000        3.367271    
  -1062.50000000000        2.524533    
  -1046.87500000000        2.178037    
  -1031.25000000000        4.084776    
  -1015.62500000000        3.364143    
  -1000.00000000000        1.437215    
  -984.375000000000        7.779085    
  -968.750000000000        50.60748    
  -953.125000000000        14.11678    
  -937.500000000000        9.950942    
  -921.875000000000        24.77892    
  -906.250000000000        17.26842    
  -890.625000000000        7.489540    
  -875.000000000000        6.032431    
  -859.375000000000        6.860862    
  -843.750000000000        6.381693    
  -828.125000000000        10.35219    
  -812.500000000000        11.87632    
  -796.875000000000        20.62461    
  -781.250000000000        72.35172    
  -765.625000000000        65.50144    
  -750.000000000000        22.01536    
  -734.375000000000        17.75986    
  -718.750000000000        21.97701    
  -703.125000000000        19.98738    
  -687.500000000000        20.02317    
  -671.875000000000        22.00706    
  -656.250000000000        27.72284    
  -640.625000000000        25.39701    
  -625.000000000000        41.71061    
  -609.375000000000        63.00327    
  -593.750000000000        136.2984    
  -578.125000000000        383.7229    
  -562.500000000000        64.21797    
  -546.875000000000        22.92404    
  -531.250000000000        31.33430    
  -515.625000000000        20.42313    
  -500.000000000000        16.65804    
  -484.375000000000        7.310008    
  -468.750000000000        8.060687    
  -453.125000000000        13.39910    
  -437.500000000000        22.96342    
  -421.875000000000        16.91005    
  -406.250000000000        40.86055    
  -390.625000000000        148.2984    
  -375.000000000000        53.76114    
  -359.375000000000        22.13327    
  -343.750000000000        3.109341    
  -328.125000000000        6.980978    
  -312.500000000000        16.72793    
  -296.875000000000        14.76658    
  -281.250000000000        9.525296    
  -265.625000000000        15.92978    
  -250.000000000000        25.54157    
  -234.375000000000        15.47199    
  -218.750000000000        37.33967    
  -203.125000000000        147.6221    
  -187.500000000000        165.5341    
  -171.875000000000        49.83544    
  -156.250000000000        26.34554    
  -140.625000000000        22.89835    
  -125.000000000000        20.28281    
  -109.375000000000        9.146029    
  -93.7500000000000        2.015783    
  -78.1250000000000        27.79407    
  -62.5000000000000        11.30528    
  -46.8750000000000        18.74537    
  -31.2500000000000        12.64761    
  -15.6250000000000        41.29877    
  0.000000000000000E+000   8678.574    
   15.6250000000000        42.19272    
   31.2500000000000        14.26423    
   46.8750000000000        20.41714    
   62.5000000000000        9.159770    
   78.1250000000000        27.40339    
   93.7500000000000        2.141071    
   109.375000000000        7.087769    
   125.000000000000        19.12453    
   140.625000000000        21.20264    
   156.250000000000        22.81488    
   171.875000000000        43.94865    
   187.500000000000        144.1292    
   203.125000000000        130.1394    
   218.750000000000        34.43849    
   234.375000000000        13.01501    
   250.000000000000        24.74638    
   265.625000000000        14.15695    
   281.250000000000        10.43085    
   296.875000000000        13.48889    
   312.500000000000        17.47482    
   328.125000000000        6.957958    
   343.750000000000        4.342207    
   359.375000000000        24.12864    
   375.000000000000        54.68142    
   390.625000000000        163.2246    
   406.250000000000        39.50404    
   421.875000000000        15.11329    
   437.500000000000        21.71692    
   453.125000000000        12.18708    
   468.750000000000        8.245893    
   484.375000000000        6.525826    
   500.000000000000        15.88930    
   515.625000000000        19.76271    
   531.250000000000        30.23086    
   546.875000000000        21.85804    
   562.500000000000        63.01907    
   578.125000000000        379.7985    
   593.750000000000        135.4768    
   609.375000000000        62.55002    
   625.000000000000        41.79793    
   640.625000000000        25.52639    
   656.250000000000        27.88583    
   671.875000000000        22.21054    
   687.500000000000        20.32918    
   703.125000000000        20.29789    
   718.750000000000        23.01122    
   734.375000000000        17.92891    
   750.000000000000        22.44527    
   765.625000000000        66.13849    
   781.250000000000        72.64154    
   796.875000000000        20.37349    
   812.500000000000        11.97823    
   828.125000000000        10.33528    
   843.750000000000        6.252318    
   859.375000000000        6.393033    
   875.000000000000        5.966371    
   890.625000000000        7.223442    
   906.250000000000        16.99976    
   921.875000000000        24.64865    
   937.500000000000        9.795857    
   953.125000000000        14.13467    
   968.750000000000        50.54945    
   984.375000000000        7.874420    
   1000.00000000000        1.425981    
   1015.62500000000        3.335917    
   1031.25000000000        4.038920    
   1046.87500000000        2.141598    
   1062.50000000000        2.868616    
   1078.12500000000        3.569124    
   1093.75000000000        1.250760    
   1109.37500000000        9.084073    
   1125.00000000000        4.283856    
   1140.62500000000        11.68216    
   1156.25000000000        47.97505    
   1171.87500000000        50.92374    
   1187.50000000000        18.33514    
   1203.12500000000        15.59625    
   1218.75000000000        5.915888    
   1234.37500000000        9.340667    
   1250.00000000000        22.68424    
   1265.62500000000        5.694158    
   1281.25000000000        4.265090    
   1296.87500000000        12.63746    
   1312.50000000000        4.754895    
   1328.12500000000        5.890863    
   1343.75000000000        7.382638    
   1359.37500000000        17.50034    
   1375.00000000000        1.432148    
   1390.62500000000        5.543035    
   1406.25000000000        6.413500    
   1421.87500000000        8.207855    
   1437.50000000000        3.337648    
   1453.12500000000        3.906858    
   1468.75000000000        2.293005    
   1484.37500000000        7.803291    
   1500.00000000000        15.69781    
   1515.62500000000        6.830403    
   1531.25000000000        6.375825    
   1546.87500000000        26.53438    
   1562.50000000000        8.537202    
   1578.12500000000        10.67409    
   1593.75000000000        6.003371    
   1609.37500000000        4.692406    
   1625.00000000000       0.5693343    
   1640.62500000000        5.943935    
   1656.25000000000        4.026717    
   1671.87500000000        5.720987    
   1687.50000000000        3.525951    
   1703.12500000000        1.983778    
   1718.75000000000        6.851123    
   1734.37500000000        5.248460    
   1750.00000000000        22.44708    
   1765.62500000000        3.840491    
   1781.25000000000        8.084823    
   1796.87500000000        3.271699    
   1812.50000000000        4.199467    
   1828.12500000000        9.888776    
   1843.75000000000        4.342283    
   1859.37500000000        2.706221    
   1875.00000000000        4.609237    
   1890.62500000000        8.877907    
   1906.25000000000        4.624906    
   1921.87500000000        13.29471    
   1937.50000000000        8.686186    
   1953.12500000000        8.457884    
   1968.75000000000        6.586339    
   1984.37500000000        2.665907    
