  -2000.00000000000        1.026890    
  -1984.37500000000        6.292107    
  -1968.75000000000        4.076575    
  -1953.12500000000        6.165380    
  -1937.50000000000        1.361766    
  -1921.87500000000        14.19761    
  -1906.25000000000        12.09754    
  -1890.62500000000        10.67812    
  -1875.00000000000        7.222819    
  -1859.37500000000        8.306585    
  -1843.75000000000        6.349484    
  -1828.12500000000        15.86835    
  -1812.50000000000        2.377946    
  -1796.87500000000        5.194720    
  -1781.25000000000        12.77020    
  -1765.62500000000        2.879796    
  -1750.00000000000        27.48350    
  -1734.37500000000        18.77392    
  -1718.75000000000        11.12102    
  -1703.12500000000        4.360431    
  -1687.50000000000        10.46897    
  -1671.87500000000        4.184854    
  -1656.25000000000        5.944436    
  -1640.62500000000        6.093674    
  -1625.00000000000        2.482986    
  -1609.37500000000        8.185094    
  -1593.75000000000        10.04148    
  -1578.12500000000        21.15383    
  -1562.50000000000        21.41029    
  -1546.87500000000        25.70762    
  -1531.25000000000        4.451688    
  -1515.62500000000        10.30596    
  -1500.00000000000        30.04953    
  -1484.37500000000        24.14252    
  -1468.75000000000        2.720942    
  -1453.12500000000        2.360993    
  -1437.50000000000        2.764186    
  -1421.87500000000        23.62861    
  -1406.25000000000        10.75181    
  -1390.62500000000        7.502826    
  -1375.00000000000        8.863723    
  -1359.37500000000        35.60499    
  -1343.75000000000        9.715508    
  -1328.12500000000        7.197855    
  -1312.50000000000        5.492492    
  -1296.87500000000        22.43369    
  -1281.25000000000        15.45137    
  -1265.62500000000        15.09357    
  -1250.00000000000        28.68983    
  -1234.37500000000        16.86396    
  -1218.75000000000        15.73161    
  -1203.12500000000        31.44047    
  -1187.50000000000        34.27718    
  -1171.87500000000        95.67886    
  -1156.25000000000        84.89822    
  -1140.62500000000        31.57915    
  -1125.00000000000        15.68063    
  -1109.37500000000        16.12026    
  -1093.75000000000        28.50558    
  -1078.12500000000        5.265782    
  -1062.50000000000        6.607964    
  -1046.87500000000        10.22045    
  -1031.25000000000        11.69620    
  -1015.62500000000        3.206648    
  -1000.00000000000        1.647261    
  -984.375000000000        11.55544    
  -968.750000000000        101.1891    
  -953.125000000000        24.04845    
  -937.500000000000        17.71897    
  -921.875000000000        36.03691    
  -906.250000000000        22.90020    
  -890.625000000000        11.65050    
  -875.000000000000        3.048070    
  -859.375000000000        7.959557    
  -843.750000000000        4.194361    
  -828.125000000000        11.82207    
  -812.500000000000        7.044521    
  -796.875000000000        14.88633    
  -781.250000000000        62.03088    
  -765.625000000000        43.46309    
  -750.000000000000        19.23847    
  -734.375000000000        16.93216    
  -718.750000000000        29.52284    
  -703.125000000000        14.00001    
  -687.500000000000        23.76110    
  -671.875000000000        23.17665    
  -656.250000000000        34.91229    
  -640.625000000000        27.23867    
  -625.000000000000        63.22249    
  -609.375000000000        83.64674    
  -593.750000000000        164.4529    
  -578.125000000000        531.7318    
  -562.500000000000        86.19555    
  -546.875000000000        31.76058    
  -531.250000000000        42.39785    
  -515.625000000000        30.35656    
  -500.000000000000        21.55544    
  -484.375000000000        12.56600    
  -468.750000000000        17.26698    
  -453.125000000000        15.99586    
  -437.500000000000        25.77992    
  -421.875000000000        21.63053    
  -406.250000000000        48.76787    
  -390.625000000000        196.2701    
  -375.000000000000        63.37468    
  -359.375000000000        34.19524    
  -343.750000000000        11.14227    
  -328.125000000000        18.49434    
  -312.500000000000        41.32030    
  -296.875000000000        27.50507    
  -281.250000000000        26.01194    
  -265.625000000000        38.09437    
  -250.000000000000        40.52963    
  -234.375000000000        37.10757    
  -218.750000000000        78.97489    
  -203.125000000000        281.1154    
  -187.500000000000        366.5923    
  -171.875000000000        99.03825    
  -156.250000000000        52.68586    
  -140.625000000000        45.75470    
  -125.000000000000        34.42210    
  -109.375000000000        24.44731    
  -93.7500000000000        9.109728    
  -78.1250000000000        44.54263    
  -62.5000000000000        25.50289    
  -46.8750000000000        23.92726    
  -31.2500000000000        17.76111    
  -15.6250000000000        49.69077    
  0.000000000000000E+000   11866.87    
   15.6250000000000        61.89288    
   31.2500000000000        32.80635    
   46.8750000000000        37.44615    
   62.5000000000000        14.15341    
   78.1250000000000        29.14332    
   93.7500000000000        8.887156    
   109.375000000000        6.056711    
   125.000000000000        47.83505    
   140.625000000000        32.76218    
   156.250000000000        34.30338    
   171.875000000000        62.59490    
   187.500000000000        211.1580    
   203.125000000000        120.4923    
   218.750000000000        51.26148    
   234.375000000000        29.41522    
   250.000000000000        35.60876    
   265.625000000000        25.80827    
   281.250000000000        24.46795    
   296.875000000000        3.976054    
   312.500000000000        48.15876    
   328.125000000000        14.62764    
   343.750000000000        10.42764    
   359.375000000000        35.98614    
   375.000000000000        103.9694    
   390.625000000000        253.3373    
   406.250000000000        62.30301    
   421.875000000000        33.89902    
   437.500000000000        42.96039    
   453.125000000000        25.99347    
   468.750000000000        18.39843    
   484.375000000000        4.823829    
   500.000000000000        21.88725    
   515.625000000000        17.26015    
   531.250000000000        39.88485    
   546.875000000000        40.19160    
   562.500000000000        99.03073    
   578.125000000000        567.8034    
   593.750000000000        204.3875    
   609.375000000000        88.86178    
   625.000000000000        64.61752    
   640.625000000000        38.24699    
   656.250000000000        59.45313    
   671.875000000000        36.24347    
   687.500000000000        39.49766    
   703.125000000000        29.34983    
   718.750000000000        31.58098    
   734.375000000000        37.23196    
   750.000000000000        49.60267    
   765.625000000000        143.3645    
   781.250000000000        164.2443    
   796.875000000000        44.45710    
   812.500000000000        24.75174    
   828.125000000000        22.65079    
   843.750000000000        17.39896    
   859.375000000000        7.505678    
   875.000000000000        16.50284    
   890.625000000000        25.44156    
   906.250000000000        9.884139    
   921.875000000000        40.60110    
   937.500000000000        22.36010    
   953.125000000000        20.54188    
   968.750000000000        93.66037    
   984.375000000000        27.30476    
   1000.00000000000        1.042928    
   1015.62500000000        1.459000    
   1031.25000000000        6.308352    
   1046.87500000000        1.196895    
   1062.50000000000        3.019520    
   1078.12500000000        8.304327    
   1093.75000000000        19.40726    
   1109.37500000000        31.37698    
   1125.00000000000        10.66073    
   1140.62500000000        25.17601    
   1156.25000000000        100.3506    
   1171.87500000000        94.52622    
   1187.50000000000        34.62123    
   1203.12500000000        29.26530    
   1218.75000000000        15.56351    
   1234.37500000000        2.572772    
   1250.00000000000        36.00250    
   1265.62500000000        12.43504    
   1281.25000000000        8.389429    
   1296.87500000000        15.58096    
   1312.50000000000        2.928896    
   1328.12500000000        5.493387    
   1343.75000000000        14.72320    
   1359.37500000000        23.66493    
   1375.00000000000        4.444551    
   1390.62500000000        4.818293    
   1406.25000000000        1.402834    
   1421.87500000000        14.55192    
   1437.50000000000        9.261311    
   1453.12500000000        4.874905    
   1468.75000000000        3.937163    
   1484.37500000000        25.03788    
   1500.00000000000        27.07646    
   1515.62500000000        5.775530    
   1531.25000000000        5.947260    
   1546.87500000000        27.16698    
   1562.50000000000        11.73768    
   1578.12500000000        21.32565    
   1593.75000000000        4.979718    
   1609.37500000000        8.388640    
   1625.00000000000        8.632379    
   1640.62500000000        9.101684    
   1656.25000000000        11.58796    
   1671.87500000000        20.69503    
   1687.50000000000        8.973487    
   1703.12500000000        4.023098    
   1718.75000000000        2.085591    
   1734.37500000000        5.123926    
   1750.00000000000        21.54193    
   1765.62500000000        5.872950    
   1781.25000000000        14.47116    
   1796.87500000000        4.155819    
   1812.50000000000        11.84412    
   1828.12500000000        11.43355    
   1843.75000000000        9.548423    
   1859.37500000000        8.181410    
   1875.00000000000        10.45837    
   1890.62500000000        12.62148    
   1906.25000000000        10.17777    
   1921.87500000000        20.52550    
   1937.50000000000        17.99140    
   1953.12500000000        7.568950    
   1968.75000000000        9.015036    
   1984.37500000000        2.074106    
