  -2000.00000000000        7.316821    
  -1984.37500000000        20.79427    
  -1968.75000000000        16.81254    
  -1953.12500000000        33.06377    
  -1937.50000000000        24.66357    
  -1921.87500000000        43.49862    
  -1906.25000000000        15.51268    
  -1890.62500000000        26.14437    
  -1875.00000000000        11.16831    
  -1859.37500000000        45.21427    
  -1843.75000000000        51.81820    
  -1828.12500000000        41.96523    
  -1812.50000000000        38.05950    
  -1796.87500000000        37.24403    
  -1781.25000000000        27.04794    
  -1765.62500000000        27.81262    
  -1750.00000000000        85.09014    
  -1734.37500000000        55.50325    
  -1718.75000000000        20.00858    
  -1703.12500000000        12.49636    
  -1687.50000000000        24.18252    
  -1671.87500000000        82.41128    
  -1656.25000000000        7.393196    
  -1640.62500000000        5.227293    
  -1625.00000000000        35.09180    
  -1609.37500000000        29.79787    
  -1593.75000000000        11.55343    
  -1578.12500000000        19.51516    
  -1562.50000000000        30.71501    
  -1546.87500000000        181.4928    
  -1531.25000000000        23.27806    
  -1515.62500000000        28.42869    
  -1500.00000000000        42.18552    
  -1484.37500000000        127.8955    
  -1468.75000000000        24.08879    
  -1453.12500000000        12.44439    
  -1437.50000000000        32.78227    
  -1421.87500000000        51.47174    
  -1406.25000000000        30.92462    
  -1390.62500000000        18.79299    
  -1375.00000000000        9.509358    
  -1359.37500000000        79.36073    
  -1343.75000000000        63.97662    
  -1328.12500000000        20.78965    
  -1312.50000000000        32.73367    
  -1296.87500000000        17.03010    
  -1281.25000000000        78.79597    
  -1265.62500000000        35.76980    
  -1250.00000000000        105.7860    
  -1234.37500000000        30.76256    
  -1218.75000000000        18.54994    
  -1203.12500000000        72.98856    
  -1187.50000000000        67.71133    
  -1171.87500000000        205.5512    
  -1156.25000000000        206.9596    
  -1140.62500000000        41.85480    
  -1125.00000000000        32.63845    
  -1109.37500000000        18.59066    
  -1093.75000000000        143.2402    
  -1078.12500000000        40.26397    
  -1062.50000000000        50.66973    
  -1046.87500000000        33.95510    
  -1031.25000000000        18.84528    
  -1015.62500000000        7.011116    
  -1000.00000000000        7.380281    
  -984.375000000000        8.662683    
  -968.750000000000        174.8727    
  -953.125000000000        58.82042    
  -937.500000000000        16.66813    
  -921.875000000000        84.41058    
  -906.250000000000        43.66422    
  -890.625000000000        37.50839    
  -875.000000000000        37.40461    
  -859.375000000000        25.68629    
  -843.750000000000        51.14502    
  -828.125000000000        45.36340    
  -812.500000000000        57.66354    
  -796.875000000000        50.26220    
  -781.250000000000        143.5462    
  -765.625000000000        97.95638    
  -750.000000000000        72.45670    
  -734.375000000000        57.92040    
  -718.750000000000        70.86181    
  -703.125000000000        22.04153    
  -687.500000000000        39.23495    
  -671.875000000000        60.60495    
  -656.250000000000        97.20919    
  -640.625000000000        60.69101    
  -625.000000000000        116.8753    
  -609.375000000000        169.3136    
  -593.750000000000        362.8819    
  -578.125000000000        1110.400    
  -562.500000000000        212.9843    
  -546.875000000000        56.13206    
  -531.250000000000        99.15294    
  -515.625000000000        83.64182    
  -500.000000000000        52.99569    
  -484.375000000000        33.52660    
  -468.750000000000        34.87679    
  -453.125000000000        66.97966    
  -437.500000000000        72.32990    
  -421.875000000000        42.53206    
  -406.250000000000        115.5400    
  -390.625000000000        357.3570    
  -375.000000000000        98.29138    
  -359.375000000000        58.71114    
  -343.750000000000        35.19750    
  -328.125000000000        60.67462    
  -312.500000000000        49.10916    
  -296.875000000000        78.81979    
  -281.250000000000        58.69214    
  -265.625000000000        90.27243    
  -250.000000000000        134.6136    
  -234.375000000000        153.9621    
  -218.750000000000        265.6861    
  -203.125000000000        912.1454    
  -187.500000000000        1204.765    
  -171.875000000000        353.9963    
  -156.250000000000        203.3630    
  -140.625000000000        149.2020    
  -125.000000000000        122.5139    
  -109.375000000000        104.4824    
  -93.7500000000000        97.99964    
  -78.1250000000000        103.4433    
  -62.5000000000000        90.19561    
  -46.8750000000000        52.06539    
  -31.2500000000000        50.80723    
  -15.6250000000000        126.4601    
  0.000000000000000E+000   25817.78    
   15.6250000000000        138.5699    
   31.2500000000000        88.33818    
   46.8750000000000        109.1192    
   62.5000000000000        27.60772    
   78.1250000000000        108.6694    
   93.7500000000000        68.36523    
   109.375000000000        60.21832    
   125.000000000000        109.0221    
   140.625000000000        91.86327    
   156.250000000000        137.1374    
   171.875000000000        205.8415    
   187.500000000000        601.8683    
   203.125000000000        274.1075    
   218.750000000000        194.3106    
   234.375000000000        88.78062    
   250.000000000000        129.3333    
   265.625000000000        81.79095    
   281.250000000000        74.83555    
   296.875000000000        12.51080    
   312.500000000000        72.72527    
   328.125000000000        32.80923    
   343.750000000000        44.65802    
   359.375000000000        84.87001    
   375.000000000000        258.1879    
   390.625000000000        556.8204    
   406.250000000000        144.8896    
   421.875000000000        89.34617    
   437.500000000000        91.46936    
   453.125000000000        36.56826    
   468.750000000000        24.51435    
   484.375000000000        25.50383    
   500.000000000000        65.30505    
   515.625000000000        73.86047    
   531.250000000000        78.54467    
   546.875000000000        89.00886    
   562.500000000000        196.3750    
   578.125000000000        1236.659    
   593.750000000000        486.9249    
   609.375000000000        212.5188    
   625.000000000000        131.0000    
   640.625000000000        103.4332    
   656.250000000000        74.68839    
   671.875000000000        82.95096    
   687.500000000000        65.99002    
   703.125000000000        103.7255    
   718.750000000000        68.01115    
   734.375000000000        63.90588    
   750.000000000000        97.70793    
   765.625000000000        267.9751    
   781.250000000000        300.8266    
   796.875000000000        80.68809    
   812.500000000000        58.10210    
   828.125000000000        28.30504    
   843.750000000000        21.84554    
   859.375000000000        6.381832    
   875.000000000000        26.77196    
   890.625000000000        45.70137    
   906.250000000000        75.78939    
   921.875000000000        85.34220    
   937.500000000000        35.64665    
   953.125000000000        47.85341    
   968.750000000000        87.76434    
   984.375000000000        29.48534    
   1000.00000000000        10.74268    
   1015.62500000000        29.04290    
   1031.25000000000        20.52208    
   1046.87500000000        16.27356    
   1062.50000000000        41.27447    
   1078.12500000000        39.37532    
   1093.75000000000        114.3709    
   1109.37500000000        28.95099    
   1125.00000000000        13.10622    
   1140.62500000000        58.15772    
   1156.25000000000        187.0926    
   1171.87500000000        158.0373    
   1187.50000000000        68.65070    
   1203.12500000000        49.05059    
   1218.75000000000        34.96910    
   1234.37500000000        32.50262    
   1250.00000000000        62.99903    
   1265.62500000000        39.60741    
   1281.25000000000        99.41875    
   1296.87500000000        64.76289    
   1312.50000000000        28.66537    
   1328.12500000000        32.02731    
   1343.75000000000        48.16319    
   1359.37500000000        77.91657    
   1375.00000000000        30.05179    
   1390.62500000000        36.19664    
   1406.25000000000        24.56286    
   1421.87500000000        36.27802    
   1437.50000000000        3.748326    
   1453.12500000000        28.68890    
   1468.75000000000        27.84987    
   1484.37500000000        154.4756    
   1500.00000000000        37.63705    
   1515.62500000000        44.67565    
   1531.25000000000        39.17219    
   1546.87500000000        113.7134    
   1562.50000000000        35.22910    
   1578.12500000000        55.50537    
   1593.75000000000        22.12000    
   1609.37500000000        57.44577    
   1625.00000000000        24.25899    
   1640.62500000000        25.10435    
   1656.25000000000        45.22246    
   1671.87500000000        62.85756    
   1687.50000000000        13.38173    
   1703.12500000000        11.94023    
   1718.75000000000        32.80478    
   1734.37500000000        65.55853    
   1750.00000000000        71.62083    
   1765.62500000000        38.12297    
   1781.25000000000        37.59237    
   1796.87500000000        7.812527    
   1812.50000000000        56.97859    
   1828.12500000000        29.69132    
   1843.75000000000        26.00408    
   1859.37500000000        25.97357    
   1875.00000000000        16.12314    
   1890.62500000000        31.39669    
   1906.25000000000        25.59747    
   1921.87500000000        42.53957    
   1937.50000000000        45.35767    
   1953.12500000000        26.83027    
   1968.75000000000        33.22906    
   1984.37500000000        22.49247    
