  -4000.00000000000        196.7712    
  -3968.75000000000        360.0387    
  -3937.50000000000        458.0089    
  -3906.25000000000        215.2596    
  -3875.00000000000        325.7691    
  -3843.75000000000        366.6419    
  -3812.50000000000        262.2291    
  -3781.25000000000        388.1683    
  -3750.00000000000        235.0476    
  -3718.75000000000        299.5822    
  -3687.50000000000        275.7751    
  -3656.25000000000        335.8098    
  -3625.00000000000        155.5637    
  -3593.75000000000        211.5369    
  -3562.50000000000        236.6352    
  -3531.25000000000        83.28654    
  -3500.00000000000        269.8350    
  -3468.75000000000        251.8982    
  -3437.50000000000        146.2586    
  -3406.25000000000        418.0967    
  -3375.00000000000        126.2416    
  -3343.75000000000        121.1375    
  -3312.50000000000        232.6828    
  -3281.25000000000        213.6626    
  -3250.00000000000        183.3403    
  -3218.75000000000        224.4228    
  -3187.50000000000        101.2655    
  -3156.25000000000        239.1426    
  -3125.00000000000        141.8196    
  -3093.75000000000        189.5872    
  -3062.50000000000        219.4513    
  -3031.25000000000        173.2384    
  -3000.00000000000        106.9759    
  -2968.75000000000        107.4332    
  -2937.50000000000        195.3382    
  -2906.25000000000        26.65063    
  -2875.00000000000        127.8455    
  -2843.75000000000        60.05738    
  -2812.50000000000        139.3394    
  -2781.25000000000        48.07093    
  -2750.00000000000        68.43443    
  -2718.75000000000        70.50329    
  -2687.50000000000        131.8108    
  -2656.25000000000        53.92084    
  -2625.00000000000        32.95908    
  -2593.75000000000        95.04742    
  -2562.50000000000        61.57669    
  -2531.25000000000        18.53855    
  -2500.00000000000        138.0540    
  -2468.75000000000        12.17791    
  -2437.50000000000        92.20576    
  -2406.25000000000        52.19610    
  -2375.00000000000        22.55559    
  -2343.75000000000        137.5869    
  -2312.50000000000        84.46377    
  -2281.25000000000        41.02746    
  -2250.00000000000        49.45528    
  -2218.75000000000        70.71381    
  -2187.50000000000        103.6435    
  -2156.25000000000        105.2388    
  -2125.00000000000        63.63127    
  -2093.75000000000        82.65960    
  -2062.50000000000        66.42561    
  -2031.25000000000        19.33489    
  -2000.00000000000        42.29647    
  -1968.75000000000        68.46630    
  -1937.50000000000        46.69785    
  -1906.25000000000        33.36264    
  -1875.00000000000        78.30653    
  -1843.75000000000        92.94135    
  -1812.50000000000        242.5930    
  -1781.25000000000        290.9203    
  -1750.00000000000        145.0667    
  -1718.75000000000        100.0800    
  -1687.50000000000        140.5523    
  -1656.25000000000        163.7547    
  -1625.00000000000        101.0679    
  -1593.75000000000        53.47952    
  -1562.50000000000        201.2131    
  -1531.25000000000        115.6604    
  -1500.00000000000        34.20647    
  -1468.75000000000        72.06764    
  -1437.50000000000        45.04141    
  -1406.25000000000        80.58772    
  -1375.00000000000        125.6645    
  -1343.75000000000        108.0123    
  -1312.50000000000        85.12186    
  -1281.25000000000        70.79079    
  -1250.00000000000        216.9776    
  -1218.75000000000        40.36024    
  -1187.50000000000        41.57939    
  -1156.25000000000        141.8668    
  -1125.00000000000        28.19648    
  -1093.75000000000        84.85200    
  -1062.50000000000        164.0007    
  -1031.25000000000        60.48688    
  -1000.00000000000        86.98970    
  -968.750000000000        92.59705    
  -937.500000000000        36.14336    
  -906.250000000000        163.1660    
  -875.000000000000        83.40639    
  -843.750000000000        121.3096    
  -812.500000000000        219.6807    
  -781.250000000000        270.5240    
  -750.000000000000        213.3199    
  -718.750000000000        265.0701    
  -687.500000000000        233.1167    
  -656.250000000000        405.7775    
  -625.000000000000        35.29097    
  -593.750000000000        301.3345    
  -562.500000000000        113.5970    
  -531.250000000000        195.8454    
  -500.000000000000        299.2967    
  -468.750000000000        77.27666    
  -437.500000000000        225.9530    
  -406.250000000000        281.2764    
  -375.000000000000        634.9991    
  -343.750000000000        1033.378    
  -312.500000000000        535.0985    
  -281.250000000000        754.9040    
  -250.000000000000        380.7269    
  -218.750000000000        34.16872    
  -187.500000000000        366.5529    
  -156.250000000000        1336.529    
  -125.000000000000        1323.349    
  -93.7500000000000        467.4533    
  -62.5000000000000        1299.021    
  -31.2500000000000        2285.822    
  0.000000000000000E+000   5767.466    
   31.2500000000000        2282.573    
   62.5000000000000        1305.417    
   93.7500000000000        469.0901    
   125.000000000000        1330.664    
   156.250000000000        1338.741    
   187.500000000000        361.7999    
   218.750000000000        34.48825    
   250.000000000000        381.6276    
   281.250000000000        734.9114    
   312.500000000000        534.6649    
   343.750000000000        1036.694    
   375.000000000000        632.0802    
   406.250000000000        283.6053    
   437.500000000000        223.7842    
   468.750000000000        72.30367    
   500.000000000000        296.2666    
   531.250000000000        199.6426    
   562.500000000000        120.0222    
   593.750000000000        299.9022    
   625.000000000000        38.27811    
   656.250000000000        405.3867    
   687.500000000000        233.6069    
   718.750000000000        265.7532    
   750.000000000000        209.8269    
   781.250000000000        273.6868    
   812.500000000000        217.0951    
   843.750000000000        124.7268    
   875.000000000000        82.97980    
   906.250000000000        157.8555    
   937.500000000000        36.55679    
   968.750000000000        88.80044    
   1000.00000000000        93.57283    
   1031.25000000000        65.31858    
   1062.50000000000        160.6417    
   1093.75000000000        86.35654    
   1125.00000000000        30.48977    
   1156.25000000000        141.1832    
   1187.50000000000        41.82965    
   1218.75000000000        41.36479    
   1250.00000000000        223.6194    
   1281.25000000000        67.69888    
   1312.50000000000        85.86057    
   1343.75000000000        105.0418    
   1375.00000000000        129.3721    
   1406.25000000000        81.00916    
   1437.50000000000        41.82064    
   1468.75000000000        74.24992    
   1500.00000000000        34.76310    
   1531.25000000000        114.4800    
   1562.50000000000        199.6304    
   1593.75000000000        53.01869    
   1625.00000000000        101.1117    
   1656.25000000000        161.4767    
   1687.50000000000        140.9974    
   1718.75000000000        100.4300    
   1750.00000000000        146.9926    
   1781.25000000000        285.3008    
   1812.50000000000        242.1407    
   1843.75000000000        91.95710    
   1875.00000000000        79.43816    
   1906.25000000000        31.23591    
   1937.50000000000        49.21042    
   1968.75000000000        68.33667    
   2000.00000000000        42.18791    
   2031.25000000000        17.53337    
   2062.50000000000        64.09102    
   2093.75000000000        82.79967    
   2125.00000000000        62.76456    
   2156.25000000000        104.1977    
   2187.50000000000        101.4830    
   2218.75000000000        69.56498    
   2250.00000000000        50.76931    
   2281.25000000000        42.40106    
   2312.50000000000        84.55109    
   2343.75000000000        140.3228    
   2375.00000000000        22.56591    
   2406.25000000000        50.81734    
   2437.50000000000        93.01208    
   2468.75000000000        12.29012    
   2500.00000000000        138.1673    
   2531.25000000000        18.81397    
   2562.50000000000        62.20518    
   2593.75000000000        94.05965    
   2625.00000000000        34.07062    
   2656.25000000000        52.36687    
   2687.50000000000        133.8056    
   2718.75000000000        68.73142    
   2750.00000000000        68.05510    
   2781.25000000000        47.54302    
   2812.50000000000        139.0661    
   2843.75000000000        58.96845    
   2875.00000000000        128.7476    
   2906.25000000000        25.92518    
   2937.50000000000        195.8764    
   2968.75000000000        105.3047    
   3000.00000000000        110.9862    
   3031.25000000000        174.9029    
   3062.50000000000        219.6202    
   3093.75000000000        190.2404    
   3125.00000000000        139.0983    
   3156.25000000000        238.1641    
   3187.50000000000        101.5220    
   3218.75000000000        227.3505    
   3250.00000000000        185.4090    
   3281.25000000000        215.3028    
   3312.50000000000        229.8459    
   3343.75000000000        123.2266    
   3375.00000000000        125.8375    
   3406.25000000000        417.9408    
   3437.50000000000        146.1686    
   3468.75000000000        255.3742    
   3500.00000000000        267.6325    
   3531.25000000000        83.70969    
   3562.50000000000        238.9151    
   3593.75000000000        209.3380    
   3625.00000000000        154.2430    
   3656.25000000000        335.9754    
   3687.50000000000        274.3298    
   3718.75000000000        299.8914    
   3750.00000000000        233.5512    
   3781.25000000000        391.8339    
   3812.50000000000        260.9905    
   3843.75000000000        368.4769    
   3875.00000000000        324.4474    
   3906.25000000000        214.4585    
   3937.50000000000        455.8281    
   3968.75000000000        362.2232    
