  -4000.00000000000        201.5936    
  -3968.75000000000        373.0731    
  -3937.50000000000        477.5714    
  -3906.25000000000        227.1568    
  -3875.00000000000        349.1324    
  -3843.75000000000        378.3866    
  -3812.50000000000        278.6721    
  -3781.25000000000        403.3197    
  -3750.00000000000        253.5071    
  -3718.75000000000        314.9278    
  -3687.50000000000        288.0240    
  -3656.25000000000        351.7481    
  -3625.00000000000        167.4293    
  -3593.75000000000        228.0622    
  -3562.50000000000        242.9037    
  -3531.25000000000        87.50860    
  -3500.00000000000        290.6050    
  -3468.75000000000        258.8496    
  -3437.50000000000        158.1524    
  -3406.25000000000        437.9807    
  -3375.00000000000        130.9389    
  -3343.75000000000        125.9897    
  -3312.50000000000        250.3434    
  -3281.25000000000        219.6033    
  -3250.00000000000        190.1569    
  -3218.75000000000        225.9584    
  -3187.50000000000        100.2326    
  -3156.25000000000        255.8411    
  -3125.00000000000        152.9159    
  -3093.75000000000        198.4068    
  -3062.50000000000        229.2987    
  -3031.25000000000        177.4691    
  -3000.00000000000        108.7155    
  -2968.75000000000        114.7674    
  -2937.50000000000        208.3679    
  -2906.25000000000        29.99783    
  -2875.00000000000        134.6278    
  -2843.75000000000        61.43937    
  -2812.50000000000        145.3474    
  -2781.25000000000        47.38321    
  -2750.00000000000        71.89217    
  -2718.75000000000        69.43552    
  -2687.50000000000        139.7591    
  -2656.25000000000        58.62329    
  -2625.00000000000        27.91619    
  -2593.75000000000        99.10484    
  -2562.50000000000        61.27722    
  -2531.25000000000        16.62938    
  -2500.00000000000        144.1437    
  -2468.75000000000        7.054794    
  -2437.50000000000        98.90738    
  -2406.25000000000        61.66525    
  -2375.00000000000        19.51138    
  -2343.75000000000        137.7334    
  -2312.50000000000        84.89283    
  -2281.25000000000        35.52757    
  -2250.00000000000        49.29970    
  -2218.75000000000        70.33257    
  -2187.50000000000        111.1442    
  -2156.25000000000        109.8816    
  -2125.00000000000        65.92324    
  -2093.75000000000        91.61684    
  -2062.50000000000        70.26372    
  -2031.25000000000        18.21899    
  -2000.00000000000        50.85935    
  -1968.75000000000        75.21603    
  -1937.50000000000        51.02934    
  -1906.25000000000        35.59370    
  -1875.00000000000        83.65430    
  -1843.75000000000        99.94545    
  -1812.50000000000        260.0692    
  -1781.25000000000        308.0198    
  -1750.00000000000        152.9324    
  -1718.75000000000        104.7056    
  -1687.50000000000        153.8280    
  -1656.25000000000        178.3483    
  -1625.00000000000        110.7868    
  -1593.75000000000        57.20865    
  -1562.50000000000        210.5611    
  -1531.25000000000        121.8577    
  -1500.00000000000        37.25204    
  -1468.75000000000        85.85756    
  -1437.50000000000        52.53425    
  -1406.25000000000        89.10893    
  -1375.00000000000        133.3612    
  -1343.75000000000        100.1340    
  -1312.50000000000        94.64951    
  -1281.25000000000        84.24892    
  -1250.00000000000        229.0423    
  -1218.75000000000        39.78855    
  -1187.50000000000        45.31868    
  -1156.25000000000        145.7677    
  -1125.00000000000        35.65354    
  -1093.75000000000        88.25533    
  -1062.50000000000        171.1268    
  -1031.25000000000        60.03853    
  -1000.00000000000        89.89478    
  -968.750000000000        96.79880    
  -937.500000000000        37.43616    
  -906.250000000000        170.2084    
  -875.000000000000        100.0592    
  -843.750000000000        132.6123    
  -812.500000000000        219.8340    
  -781.250000000000        286.3784    
  -750.000000000000        226.3849    
  -718.750000000000        281.9620    
  -687.500000000000        235.4595    
  -656.250000000000        436.6378    
  -625.000000000000        35.15276    
  -593.750000000000        308.2028    
  -562.500000000000        114.7636    
  -531.250000000000        203.6544    
  -500.000000000000        314.4498    
  -468.750000000000        80.77851    
  -437.500000000000        244.7599    
  -406.250000000000        309.8630    
  -375.000000000000        668.7648    
  -343.750000000000        1098.226    
  -312.500000000000        567.8585    
  -281.250000000000        793.9772    
  -250.000000000000        399.4470    
  -218.750000000000        62.31555    
  -187.500000000000        373.9492    
  -156.250000000000        1396.128    
  -125.000000000000        1359.476    
  -93.7500000000000        479.4883    
  -62.5000000000000        1354.043    
  -31.2500000000000        2420.454    
  0.000000000000000E+000   6151.978    
   31.2500000000000        2364.586    
   62.5000000000000        1389.275    
   93.7500000000000        511.3327    
   125.000000000000        1397.958    
   156.250000000000        1428.877    
   187.500000000000        370.4716    
   218.750000000000        29.18666    
   250.000000000000        395.1588    
   281.250000000000        765.6903    
   312.500000000000        564.6777    
   343.750000000000        1078.271    
   375.000000000000        646.1241    
   406.250000000000        280.0218    
   437.500000000000        211.9232    
   468.750000000000        76.93900    
   500.000000000000        319.8412    
   531.250000000000        211.3318    
   562.500000000000        129.5335    
   593.750000000000        316.7037    
   625.000000000000        35.45706    
   656.250000000000        433.0904    
   687.500000000000        241.6058    
   718.750000000000        290.4597    
   750.000000000000        217.7812    
   781.250000000000        287.7723    
   812.500000000000        239.1996    
   843.750000000000        120.4160    
   875.000000000000        91.00446    
   906.250000000000        174.7952    
   937.500000000000        27.02453    
   968.750000000000        88.20940    
   1000.00000000000        98.78764    
   1031.25000000000        80.31218    
   1062.50000000000        167.1074    
   1093.75000000000        88.41167    
   1125.00000000000        39.85074    
   1156.25000000000        150.2084    
   1187.50000000000        44.21728    
   1218.75000000000        35.91468    
   1250.00000000000        238.2704    
   1281.25000000000        62.65984    
   1312.50000000000        82.34969    
   1343.75000000000        110.2110    
   1375.00000000000        135.5070    
   1406.25000000000        89.66637    
   1437.50000000000        49.92483    
   1468.75000000000        78.61034    
   1500.00000000000        39.19455    
   1531.25000000000        123.6736    
   1562.50000000000        209.9972    
   1593.75000000000        60.74878    
   1625.00000000000        100.4702    
   1656.25000000000        170.5402    
   1687.50000000000        150.5155    
   1718.75000000000        103.6443    
   1750.00000000000        149.5486    
   1781.25000000000        302.2016    
   1812.50000000000        245.8974    
   1843.75000000000        93.33487    
   1875.00000000000        77.19957    
   1906.25000000000        32.58186    
   1937.50000000000        52.07323    
   1968.75000000000        66.87219    
   2000.00000000000        46.09025    
   2031.25000000000        18.64233    
   2062.50000000000        70.93155    
   2093.75000000000        91.20518    
   2125.00000000000        66.38764    
   2156.25000000000        110.0197    
   2187.50000000000        106.7975    
   2218.75000000000        74.97514    
   2250.00000000000        54.01556    
   2281.25000000000        44.82347    
   2312.50000000000        85.34061    
   2343.75000000000        150.9375    
   2375.00000000000        25.28231    
   2406.25000000000        51.82661    
   2437.50000000000        104.3688    
   2468.75000000000        15.72020    
   2500.00000000000        146.8629    
   2531.25000000000        17.41167    
   2562.50000000000        68.63025    
   2593.75000000000        93.06286    
   2625.00000000000        34.93453    
   2656.25000000000        53.89522    
   2687.50000000000        141.8470    
   2718.75000000000        73.94836    
   2750.00000000000        72.55058    
   2781.25000000000        45.27941    
   2812.50000000000        150.8483    
   2843.75000000000        66.29395    
   2875.00000000000        131.7899    
   2906.25000000000        26.35142    
   2937.50000000000        207.4062    
   2968.75000000000        110.9044    
   3000.00000000000        124.5903    
   3031.25000000000        180.8958    
   3062.50000000000        231.2730    
   3093.75000000000        194.4301    
   3125.00000000000        143.4355    
   3156.25000000000        249.7242    
   3187.50000000000        112.0410    
   3218.75000000000        243.3518    
   3250.00000000000        195.7806    
   3281.25000000000        234.9939    
   3312.50000000000        244.4763    
   3343.75000000000        125.8878    
   3375.00000000000        132.7161    
   3406.25000000000        439.4023    
   3437.50000000000        152.6550    
   3468.75000000000        274.6704    
   3500.00000000000        277.6115    
   3531.25000000000        86.86817    
   3562.50000000000        254.5768    
   3593.75000000000        210.2135    
   3625.00000000000        154.5841    
   3656.25000000000        354.5769    
   3687.50000000000        289.0545    
   3718.75000000000        312.1201    
   3750.00000000000        242.9182    
   3781.25000000000        415.8034    
   3812.50000000000        271.0943    
   3843.75000000000        387.2606    
   3875.00000000000        339.0152    
   3906.25000000000        220.8183    
   3937.50000000000        474.7115    
   3968.75000000000        385.9521    
