  -4000.00000000000        231.8014    
  -3968.75000000000        410.5657    
  -3937.50000000000        535.8477    
  -3906.25000000000        247.8485    
  -3875.00000000000        383.6699    
  -3843.75000000000        417.7689    
  -3812.50000000000        305.6758    
  -3781.25000000000        435.2700    
  -3750.00000000000        278.4357    
  -3718.75000000000        355.1434    
  -3687.50000000000        310.8017    
  -3656.25000000000        387.7735    
  -3625.00000000000        187.2952    
  -3593.75000000000        255.9224    
  -3562.50000000000        272.2956    
  -3531.25000000000        97.01489    
  -3500.00000000000        315.7896    
  -3468.75000000000        284.8945    
  -3437.50000000000        154.4699    
  -3406.25000000000        476.9824    
  -3375.00000000000        144.2696    
  -3343.75000000000        138.7732    
  -3312.50000000000        274.5377    
  -3281.25000000000        232.1232    
  -3250.00000000000        200.9501    
  -3218.75000000000        247.3333    
  -3187.50000000000        106.8958    
  -3156.25000000000        275.2892    
  -3125.00000000000        169.7824    
  -3093.75000000000        216.7931    
  -3062.50000000000        247.9962    
  -3031.25000000000        181.5538    
  -3000.00000000000        112.4253    
  -2968.75000000000        132.3257    
  -2937.50000000000        218.4033    
  -2906.25000000000        31.83713    
  -2875.00000000000        139.6868    
  -2843.75000000000        67.45972    
  -2812.50000000000        159.7156    
  -2781.25000000000        59.51686    
  -2750.00000000000        70.66149    
  -2718.75000000000        80.95686    
  -2687.50000000000        144.7537    
  -2656.25000000000        65.84116    
  -2625.00000000000        31.52164    
  -2593.75000000000        113.0237    
  -2562.50000000000        62.05531    
  -2531.25000000000        25.87204    
  -2500.00000000000        152.5582    
  -2468.75000000000        8.153318    
  -2437.50000000000        105.5825    
  -2406.25000000000        65.24516    
  -2375.00000000000        16.97560    
  -2343.75000000000        146.6163    
  -2312.50000000000        103.1251    
  -2281.25000000000        39.42653    
  -2250.00000000000        43.78048    
  -2218.75000000000        73.49258    
  -2187.50000000000        119.6793    
  -2156.25000000000        120.0896    
  -2125.00000000000        71.90810    
  -2093.75000000000        90.47848    
  -2062.50000000000        71.28105    
  -2031.25000000000        33.05463    
  -2000.00000000000        61.74108    
  -1968.75000000000        77.79926    
  -1937.50000000000        56.77832    
  -1906.25000000000        37.54281    
  -1875.00000000000        93.18023    
  -1843.75000000000        111.9667    
  -1812.50000000000        296.7888    
  -1781.25000000000        343.1639    
  -1750.00000000000        173.1470    
  -1718.75000000000        119.5370    
  -1687.50000000000        164.7523    
  -1656.25000000000        209.5525    
  -1625.00000000000        117.6821    
  -1593.75000000000        59.44968    
  -1562.50000000000        227.8077    
  -1531.25000000000        151.6436    
  -1500.00000000000        42.92735    
  -1468.75000000000        86.53224    
  -1437.50000000000        43.17333    
  -1406.25000000000        85.81091    
  -1375.00000000000        147.8894    
  -1343.75000000000        118.7041    
  -1312.50000000000        97.31590    
  -1281.25000000000        84.67510    
  -1250.00000000000        246.7487    
  -1218.75000000000        52.95302    
  -1187.50000000000        50.36386    
  -1156.25000000000        156.6188    
  -1125.00000000000        37.96747    
  -1093.75000000000        94.94836    
  -1062.50000000000        197.5344    
  -1031.25000000000        72.68812    
  -1000.00000000000        99.69931    
  -968.750000000000        93.61208    
  -937.500000000000        47.96553    
  -906.250000000000        181.0860    
  -875.000000000000        96.76500    
  -843.750000000000        152.3812    
  -812.500000000000        246.1789    
  -781.250000000000        315.4411    
  -750.000000000000        240.0788    
  -718.750000000000        300.1505    
  -687.500000000000        260.1573    
  -656.250000000000        470.6041    
  -625.000000000000        43.00869    
  -593.750000000000        353.1370    
  -562.500000000000        116.5562    
  -531.250000000000        225.6136    
  -500.000000000000        352.4352    
  -468.750000000000        92.38881    
  -437.500000000000        285.2238    
  -406.250000000000        336.4524    
  -375.000000000000        767.4752    
  -343.750000000000        1213.839    
  -312.500000000000        639.0143    
  -281.250000000000        880.0046    
  -250.000000000000        445.4582    
  -218.750000000000        65.05006    
  -187.500000000000        405.2377    
  -156.250000000000        1501.567    
  -125.000000000000        1475.415    
  -93.7500000000000        533.2309    
  -62.5000000000000        1463.054    
  -31.2500000000000        2666.997    
  0.000000000000000E+000   7039.084    
   31.2500000000000        2590.418    
   62.5000000000000        1533.749    
   93.7500000000000        568.3977    
   125.000000000000        1539.850    
   156.250000000000        1592.801    
   187.500000000000        413.0940    
   218.750000000000        28.70161    
   250.000000000000        432.3578    
   281.250000000000        827.4739    
   312.500000000000        616.6111    
   343.750000000000        1181.343    
   375.000000000000        706.1827    
   406.250000000000        311.0709    
   437.500000000000        242.6969    
   468.750000000000        93.68951    
   500.000000000000        335.8228    
   531.250000000000        242.5616    
   562.500000000000        155.2886    
   593.750000000000        351.2621    
   625.000000000000        36.18330    
   656.250000000000        466.7767    
   687.500000000000        258.9717    
   718.750000000000        304.9582    
   750.000000000000        244.6809    
   781.250000000000        311.3335    
   812.500000000000        252.0514    
   843.750000000000        128.0939    
   875.000000000000        104.2541    
   906.250000000000        191.8042    
   937.500000000000        45.64568    
   968.750000000000        113.7698    
   1000.00000000000        119.3053    
   1031.25000000000        75.14732    
   1062.50000000000        181.1621    
   1093.75000000000        103.6292    
   1125.00000000000        32.63158    
   1156.25000000000        165.7792    
   1187.50000000000        44.29605    
   1218.75000000000        54.98795    
   1250.00000000000        267.4964    
   1281.25000000000        74.07378    
   1312.50000000000        87.24548    
   1343.75000000000        123.4983    
   1375.00000000000        154.8875    
   1406.25000000000        100.1732    
   1437.50000000000        40.28090    
   1468.75000000000        84.60652    
   1500.00000000000        33.56210    
   1531.25000000000        122.9868    
   1562.50000000000        227.2733    
   1593.75000000000        60.91286    
   1625.00000000000        109.4488    
   1656.25000000000        186.3180    
   1687.50000000000        167.9060    
   1718.75000000000        107.3213    
   1750.00000000000        169.6952    
   1781.25000000000        321.0205    
   1812.50000000000        272.4668    
   1843.75000000000        101.0332    
   1875.00000000000        87.21770    
   1906.25000000000        39.50256    
   1937.50000000000        51.38963    
   1968.75000000000        77.40175    
   2000.00000000000        47.67175    
   2031.25000000000        25.63671    
   2062.50000000000        77.80061    
   2093.75000000000        94.83176    
   2125.00000000000        60.40313    
   2156.25000000000        124.1989    
   2187.50000000000        119.6742    
   2218.75000000000        80.89891    
   2250.00000000000        55.81589    
   2281.25000000000        47.44852    
   2312.50000000000        95.57409    
   2343.75000000000        163.7151    
   2375.00000000000        30.85969    
   2406.25000000000        57.61723    
   2437.50000000000        106.9226    
   2468.75000000000        4.817519    
   2500.00000000000        160.0070    
   2531.25000000000        27.90290    
   2562.50000000000        80.07232    
   2593.75000000000        101.3757    
   2625.00000000000        41.34944    
   2656.25000000000        55.47683    
   2687.50000000000        146.7396    
   2718.75000000000        84.99545    
   2750.00000000000        84.86781    
   2781.25000000000        52.14233    
   2812.50000000000        169.4830    
   2843.75000000000        68.11954    
   2875.00000000000        153.6792    
   2906.25000000000        31.74895    
   2937.50000000000        228.8031    
   2968.75000000000        110.4176    
   3000.00000000000        132.1271    
   3031.25000000000        210.5840    
   3062.50000000000        245.7298    
   3093.75000000000        211.6814    
   3125.00000000000        156.7654    
   3156.25000000000        276.9709    
   3187.50000000000        113.5654    
   3218.75000000000        276.4568    
   3250.00000000000        218.8907    
   3281.25000000000        259.7846    
   3312.50000000000        257.2852    
   3343.75000000000        140.5665    
   3375.00000000000        147.3707    
   3406.25000000000        483.8542    
   3437.50000000000        172.6176    
   3468.75000000000        309.1353    
   3500.00000000000        302.8557    
   3531.25000000000        94.07894    
   3562.50000000000        281.5555    
   3593.75000000000        215.2744    
   3625.00000000000        172.8480    
   3656.25000000000        377.6479    
   3687.50000000000        309.1779    
   3718.75000000000        343.1241    
   3750.00000000000        265.3199    
   3781.25000000000        459.5789    
   3812.50000000000        289.7682    
   3843.75000000000        433.4798    
   3875.00000000000        363.1661    
   3906.25000000000        246.7754    
   3937.50000000000        503.8016    
   3968.75000000000        423.0771    
