  -4000.00000000000        195.6665    
  -3968.75000000000        359.8196    
  -3937.50000000000        456.5305    
  -3906.25000000000        214.6809    
  -3875.00000000000        325.0684    
  -3843.75000000000        365.4317    
  -3812.50000000000        262.1244    
  -3781.25000000000        388.3225    
  -3750.00000000000        234.2099    
  -3718.75000000000        298.6515    
  -3687.50000000000        274.9030    
  -3656.25000000000        335.3524    
  -3625.00000000000        155.1153    
  -3593.75000000000        210.3811    
  -3562.50000000000        237.3316    
  -3531.25000000000        83.10810    
  -3500.00000000000        268.9624    
  -3468.75000000000        251.6021    
  -3437.50000000000        146.1000    
  -3406.25000000000        416.8245    
  -3375.00000000000        125.8730    
  -3343.75000000000        121.3607    
  -3312.50000000000        231.1970    
  -3281.25000000000        213.7629    
  -3250.00000000000        183.4286    
  -3218.75000000000        224.9507    
  -3187.50000000000        100.7082    
  -3156.25000000000        238.6970    
  -3125.00000000000        139.8805    
  -3093.75000000000        189.2818    
  -3062.50000000000        218.7874    
  -3031.25000000000        173.3681    
  -3000.00000000000        108.0145    
  -2968.75000000000        106.9799    
  -2937.50000000000        194.6624    
  -2906.25000000000        26.27402    
  -2875.00000000000        128.3958    
  -2843.75000000000        59.52957    
  -2812.50000000000        138.4720    
  -2781.25000000000        47.08163    
  -2750.00000000000        68.42177    
  -2718.75000000000        70.18600    
  -2687.50000000000        132.0379    
  -2656.25000000000        52.87979    
  -2625.00000000000        33.40215    
  -2593.75000000000        94.89472    
  -2562.50000000000        61.48548    
  -2531.25000000000        18.47893    
  -2500.00000000000        137.1686    
  -2468.75000000000        12.29680    
  -2437.50000000000        92.61266    
  -2406.25000000000        51.41960    
  -2375.00000000000        22.06515    
  -2343.75000000000        139.2064    
  -2312.50000000000        84.72964    
  -2281.25000000000        39.35909    
  -2250.00000000000        49.85951    
  -2218.75000000000        70.63308    
  -2187.50000000000        102.5598    
  -2156.25000000000        105.2248    
  -2125.00000000000        64.24876    
  -2093.75000000000        82.92314    
  -2062.50000000000        64.27135    
  -2031.25000000000        17.95127    
  -2000.00000000000        43.25526    
  -1968.75000000000        66.72517    
  -1937.50000000000        49.54170    
  -1906.25000000000        31.82772    
  -1875.00000000000        78.81373    
  -1843.75000000000        92.50561    
  -1812.50000000000        244.5019    
  -1781.25000000000        288.8664    
  -1750.00000000000        145.2314    
  -1718.75000000000        102.2362    
  -1687.50000000000        139.8793    
  -1656.25000000000        164.0398    
  -1625.00000000000        100.9601    
  -1593.75000000000        52.54459    
  -1562.50000000000        198.8035    
  -1531.25000000000        116.1000    
  -1500.00000000000        36.01086    
  -1468.75000000000        72.39004    
  -1437.50000000000        43.72895    
  -1406.25000000000        83.20480    
  -1375.00000000000        129.5296    
  -1343.75000000000        105.5393    
  -1312.50000000000        80.19865    
  -1281.25000000000        72.46933    
  -1250.00000000000        222.5676    
  -1218.75000000000        40.78577    
  -1187.50000000000        39.29541    
  -1156.25000000000        141.5373    
  -1125.00000000000        33.32150    
  -1093.75000000000        86.83472    
  -1062.50000000000        161.9117    
  -1031.25000000000        67.26366    
  -1000.00000000000        90.26527    
  -968.750000000000        89.23247    
  -937.500000000000        36.74703    
  -906.250000000000        168.3432    
  -875.000000000000        83.85767    
  -843.750000000000        125.7847    
  -812.500000000000        212.1344    
  -781.250000000000        269.8690    
  -750.000000000000        209.2991    
  -718.750000000000        266.7699    
  -687.500000000000        222.4012    
  -656.250000000000        400.6417    
  -625.000000000000        37.40509    
  -593.750000000000        294.8480    
  -562.500000000000        115.6242    
  -531.250000000000        190.0919    
  -500.000000000000        299.5848    
  -468.750000000000        72.63018    
  -437.500000000000        224.7895    
  -406.250000000000        282.1791    
  -375.000000000000        631.8615    
  -343.750000000000        1035.660    
  -312.500000000000        534.5130    
  -281.250000000000        746.1017    
  -250.000000000000        377.3524    
  -218.750000000000        40.79630    
  -187.500000000000        353.6883    
  -156.250000000000        1348.650    
  -125.000000000000        1319.598    
  -93.7500000000000        471.5168    
  -62.5000000000000        1292.148    
  -31.2500000000000        2282.422    
  0.000000000000000E+000   5761.786    
   31.2500000000000        2263.196    
   62.5000000000000        1300.849    
   93.7500000000000        482.2038    
   125.000000000000        1321.659    
   156.250000000000        1344.596    
   187.500000000000        348.8946    
   218.750000000000        42.58321    
   250.000000000000        376.9446    
   281.250000000000        738.6323    
   312.500000000000        551.0461    
   343.750000000000        1027.218    
   375.000000000000        627.4522    
   406.250000000000        280.2975    
   437.500000000000        221.0269    
   468.750000000000        77.12592    
   500.000000000000        298.1048    
   531.250000000000        191.0652    
   562.500000000000        116.8927    
   593.750000000000        298.6627    
   625.000000000000        32.19854    
   656.250000000000        407.5238    
   687.500000000000        222.8148    
   718.750000000000        268.1385    
   750.000000000000        213.8745    
   781.250000000000        273.1562    
   812.500000000000        209.5785    
   843.750000000000        121.7988    
   875.000000000000        87.80601    
   906.250000000000        160.6001    
   937.500000000000        36.77671    
   968.750000000000        87.62988    
   1000.00000000000        91.75704    
   1031.25000000000        66.52648    
   1062.50000000000        161.4918    
   1093.75000000000        88.12853    
   1125.00000000000        31.62433    
   1156.25000000000        142.8227    
   1187.50000000000        39.16992    
   1218.75000000000        41.60744    
   1250.00000000000        223.5063    
   1281.25000000000        69.54681    
   1312.50000000000        82.07817    
   1343.75000000000        107.0044    
   1375.00000000000        128.9318    
   1406.25000000000        82.29536    
   1437.50000000000        41.64941    
   1468.75000000000        71.41808    
   1500.00000000000        34.63909    
   1531.25000000000        113.5099    
   1562.50000000000        198.8401    
   1593.75000000000        52.06510    
   1625.00000000000        100.1317    
   1656.25000000000        161.8759    
   1687.50000000000        140.1880    
   1718.75000000000        101.5881    
   1750.00000000000        144.8856    
   1781.25000000000        288.6299    
   1812.50000000000        241.6172    
   1843.75000000000        91.28584    
   1875.00000000000        78.78791    
   1906.25000000000        31.70089    
   1937.50000000000        47.77649    
   1968.75000000000        66.35445    
   2000.00000000000        42.05381    
   2031.25000000000        17.77947    
   2062.50000000000        65.04245    
   2093.75000000000        81.87046    
   2125.00000000000        63.54281    
   2156.25000000000        105.7271    
   2187.50000000000        102.6833    
   2218.75000000000        71.07186    
   2250.00000000000        50.65284    
   2281.25000000000        40.31428    
   2312.50000000000        84.27855    
   2343.75000000000        139.6729    
   2375.00000000000        22.20481    
   2406.25000000000        51.40042    
   2437.50000000000        92.12864    
   2468.75000000000        12.11401    
   2500.00000000000        137.7491    
   2531.25000000000        18.17112    
   2562.50000000000        62.07082    
   2593.75000000000        95.09837    
   2625.00000000000        34.19113    
   2656.25000000000        53.02483    
   2687.50000000000        132.7645    
   2718.75000000000        70.00475    
   2750.00000000000        68.08603    
   2781.25000000000        47.06841    
   2812.50000000000        138.2543    
   2843.75000000000        59.43561    
   2875.00000000000        129.4687    
   2906.25000000000        26.46932    
   2937.50000000000        194.6196    
   2968.75000000000        106.2639    
   3000.00000000000        108.6093    
   3031.25000000000        174.4832    
   3062.50000000000        218.7351    
   3093.75000000000        189.1325    
   3125.00000000000        139.6221    
   3156.25000000000        238.2937    
   3187.50000000000        101.2431    
   3218.75000000000        226.7959    
   3250.00000000000        185.2496    
   3281.25000000000        214.8762    
   3312.50000000000        230.5899    
   3343.75000000000        121.2955    
   3375.00000000000        126.3129    
   3406.25000000000        416.5952    
   3437.50000000000        145.6559    
   3468.75000000000        254.2053    
   3500.00000000000        267.4818    
   3531.25000000000        82.89470    
   3562.50000000000        238.7610    
   3593.75000000000        209.0688    
   3625.00000000000        153.1794    
   3656.25000000000        335.1207    
   3687.50000000000        274.0990    
   3718.75000000000        299.3331    
   3750.00000000000        234.0568    
   3781.25000000000        389.2386    
   3812.50000000000        261.3833    
   3843.75000000000        367.2025    
   3875.00000000000        324.0018    
   3906.25000000000        213.9636    
   3937.50000000000        455.7224    
   3968.75000000000        361.1212    
