  -2000.00000000000        683.8693    
  -1984.37500000000        715.5247    
  -1968.75000000000        1011.493    
  -1953.12500000000        1210.414    
  -1937.50000000000        3218.786    
  -1921.87500000000        288.2871    
  -1906.25000000000        369.2793    
  -1890.62500000000        639.2020    
  -1875.00000000000        977.5791    
  -1859.37500000000        1691.396    
  -1843.75000000000        592.8094    
  -1828.12500000000        2366.988    
  -1812.50000000000        935.3786    
  -1796.87500000000        261.9706    
  -1781.25000000000        526.9883    
  -1765.62500000000        1641.547    
  -1750.00000000000        5529.753    
  -1734.37500000000        886.8445    
  -1718.75000000000        632.5522    
  -1703.12500000000        565.7104    
  -1687.50000000000        1876.230    
  -1671.87500000000        325.7113    
  -1656.25000000000        217.4907    
  -1640.62500000000        1029.401    
  -1625.00000000000        556.6562    
  -1609.37500000000        1695.490    
  -1593.75000000000        1238.559    
  -1578.12500000000        1315.388    
  -1562.50000000000        2878.102    
  -1546.87500000000        10362.51    
  -1531.25000000000        2918.405    
  -1515.62500000000        968.5612    
  -1500.00000000000        3914.416    
  -1484.37500000000        1013.909    
  -1468.75000000000        322.8087    
  -1453.12500000000        372.2893    
  -1437.50000000000        1985.057    
  -1421.87500000000        253.1507    
  -1406.25000000000        1337.108    
  -1390.62500000000        1426.255    
  -1375.00000000000        740.3155    
  -1359.37500000000        15854.78    
  -1343.75000000000        4182.507    
  -1328.12500000000        2181.314    
  -1312.50000000000        2446.495    
  -1296.87500000000        2279.839    
  -1281.25000000000        3373.132    
  -1265.62500000000        1531.865    
  -1250.00000000000        2690.668    
  -1234.37500000000        2939.174    
  -1218.75000000000        1282.548    
  -1203.12500000000        4136.118    
  -1187.50000000000        5075.742    
  -1171.87500000000        15399.41    
  -1156.25000000000        14186.36    
  -1140.62500000000        4872.614    
  -1125.00000000000        1815.093    
  -1109.37500000000        3029.563    
  -1093.75000000000        1196.596    
  -1078.12500000000        1024.923    
  -1062.50000000000        980.1591    
  -1046.87500000000        1001.306    
  -1031.25000000000        3117.588    
  -1015.62500000000        2223.355    
  -1000.00000000000        728.2281    
  -984.375000000000        1578.451    
  -968.750000000000        20916.15    
  -953.125000000000        3774.799    
  -937.500000000000        1307.256    
  -921.875000000000        1936.951    
  -906.250000000000        587.8969    
  -890.625000000000        1728.442    
  -875.000000000000        1297.215    
  -859.375000000000        3099.042    
  -843.750000000000        2061.006    
  -828.125000000000        6819.364    
  -812.500000000000        5607.442    
  -796.875000000000        9604.340    
  -781.250000000000        35517.07    
  -765.625000000000        17641.99    
  -750.000000000000        8245.608    
  -734.375000000000        3777.883    
  -718.750000000000        5192.548    
  -703.125000000000        2751.877    
  -687.500000000000        4377.808    
  -671.875000000000        2474.747    
  -656.250000000000        1512.783    
  -640.625000000000        761.4273    
  -625.000000000000        4497.040    
  -609.375000000000        5471.094    
  -593.750000000000        7776.011    
  -578.125000000000        21030.34    
  -562.500000000000        8517.236    
  -546.875000000000        1427.975    
  -531.250000000000        3127.692    
  -515.625000000000        2707.359    
  -500.000000000000        1940.992    
  -484.375000000000        3270.061    
  -468.750000000000        2769.318    
  -453.125000000000        4673.155    
  -437.500000000000        1239.755    
  -421.875000000000        3766.258    
  -406.250000000000        8242.815    
  -390.625000000000        38830.11    
  -375.000000000000        12766.03    
  -359.375000000000        2555.695    
  -343.750000000000        4174.584    
  -328.125000000000        4841.485    
  -312.500000000000        2674.138    
  -296.875000000000        7059.708    
  -281.250000000000        5758.123    
  -265.625000000000        8101.653    
  -250.000000000000        12584.40    
  -234.375000000000        13965.16    
  -218.750000000000        23196.03    
  -203.125000000000        71396.83    
  -187.500000000000        101751.6    
  -171.875000000000        32618.86    
  -156.250000000000        18831.43    
  -140.625000000000        11431.59    
  -125.000000000000        11795.94    
  -109.375000000000        9929.486    
  -93.7500000000000        8722.108    
  -78.1250000000000        7472.266    
  -62.5000000000000        9252.818    
  -46.8750000000000        6349.031    
  -31.2500000000000        5662.664    
  -15.6250000000000        6175.440    
  0.000000000000000E+000   849938.0    
   15.6250000000000        8834.133    
   31.2500000000000        6255.902    
   46.8750000000000        9260.287    
   62.5000000000000        5231.444    
   78.1250000000000        7251.854    
   93.7500000000000        9879.632    
   109.375000000000        11752.08    
   125.000000000000        13090.98    
   140.625000000000        11630.08    
   156.250000000000        18021.13    
   171.875000000000        28900.16    
   187.500000000000        91945.02    
   203.125000000000        58904.42    
   218.750000000000        24029.27    
   234.375000000000        15504.18    
   250.000000000000        12287.87    
   265.625000000000        8705.801    
   281.250000000000        6069.322    
   296.875000000000        5688.533    
   312.500000000000        7249.310    
   328.125000000000        5924.995    
   343.750000000000        6533.526    
   359.375000000000        7495.924    
   375.000000000000        12988.09    
   390.625000000000        42841.62    
   406.250000000000        3936.943    
   421.875000000000        4682.473    
   437.500000000000        3756.159    
   453.125000000000        2274.612    
   468.750000000000        1945.463    
   484.375000000000        770.7250    
   500.000000000000        1486.440    
   515.625000000000        2728.936    
   531.250000000000        1601.145    
   546.875000000000        5102.675    
   562.500000000000        3739.897    
   578.125000000000        6739.129    
   593.750000000000        11962.90    
   609.375000000000        4514.418    
   625.000000000000        3088.125    
   640.625000000000        1795.260    
   656.250000000000        2029.630    
   671.875000000000        3008.020    
   687.500000000000        4909.528    
   703.125000000000        2589.389    
   718.750000000000        2380.697    
   734.375000000000        3297.326    
   750.000000000000        5944.866    
   765.625000000000        19968.09    
   781.250000000000        20338.00    
   796.875000000000        5629.567    
   812.500000000000        4102.778    
   828.125000000000        2709.384    
   843.750000000000        2450.107    
   859.375000000000        2743.335    
   875.000000000000        548.5396    
   890.625000000000        1818.134    
   906.250000000000        747.1589    
   921.875000000000        1089.370    
   937.500000000000        1159.466    
   953.125000000000        1706.584    
   968.750000000000        19761.03    
   984.375000000000        1216.026    
   1000.00000000000        570.8524    
   1015.62500000000        796.7194    
   1031.25000000000        964.1110    
   1046.87500000000        999.8224    
   1062.50000000000        565.8448    
   1078.12500000000        1160.982    
   1093.75000000000        2016.100    
   1109.37500000000        2080.939    
   1125.00000000000        1677.225    
   1140.62500000000        1995.935    
   1156.25000000000        6446.968    
   1171.87500000000        7053.823    
   1187.50000000000        3389.914    
   1203.12500000000        1463.144    
   1218.75000000000        1468.343    
   1234.37500000000        1614.948    
   1250.00000000000        1006.478    
   1265.62500000000        306.3976    
   1281.25000000000        983.2205    
   1296.87500000000        1122.192    
   1312.50000000000        1818.462    
   1328.12500000000        1072.663    
   1343.75000000000        1086.692    
   1359.37500000000        4575.659    
   1375.00000000000        386.0293    
   1390.62500000000        1608.783    
   1406.25000000000        942.5842    
   1421.87500000000        510.9754    
   1437.50000000000        1190.686    
   1453.12500000000        194.9728    
   1468.75000000000        1099.540    
   1484.37500000000        704.1486    
   1500.00000000000        2508.859    
   1515.62500000000        1535.833    
   1531.25000000000        834.6700    
   1546.87500000000        585.4615    
   1562.50000000000        1227.434    
   1578.12500000000        1182.098    
   1593.75000000000        790.3718    
   1609.37500000000        716.8601    
   1625.00000000000        883.7659    
   1640.62500000000        1537.868    
   1656.25000000000        848.0704    
   1671.87500000000        1138.144    
   1687.50000000000        1294.123    
   1703.12500000000        628.5342    
   1718.75000000000        1043.265    
   1734.37500000000        660.6786    
   1750.00000000000        1301.216    
   1765.62500000000        810.4086    
   1781.25000000000        177.9885    
   1796.87500000000        1010.319    
   1812.50000000000        1500.056    
   1828.12500000000        1064.703    
   1843.75000000000        233.2618    
   1859.37500000000        1852.768    
   1875.00000000000        1639.206    
   1890.62500000000        445.6798    
   1906.25000000000        503.9491    
   1921.87500000000        1865.622    
   1937.50000000000        920.3411    
   1953.12500000000        1984.318    
   1968.75000000000        1633.591    
   1984.37500000000        645.0708    
