  -2000.00000000000        4.454428    
  -1984.37500000000        3.197121    
  -1968.75000000000        10.81884    
  -1953.12500000000        15.17301    
  -1937.50000000000        40.09584    
  -1921.87500000000        15.95796    
  -1906.25000000000        4.637958    
  -1890.62500000000        14.83967    
  -1875.00000000000        5.379039    
  -1859.37500000000        16.97722    
  -1843.75000000000        3.934697    
  -1828.12500000000        12.89502    
  -1812.50000000000        13.60149    
  -1796.87500000000        5.480118    
  -1781.25000000000        15.98436    
  -1765.62500000000        18.01098    
  -1750.00000000000        33.32288    
  -1734.37500000000        24.00238    
  -1718.75000000000        6.296517    
  -1703.12500000000        4.887360    
  -1687.50000000000        9.262861    
  -1671.87500000000        17.00846    
  -1656.25000000000        6.422843    
  -1640.62500000000        10.65383    
  -1625.00000000000        9.420063    
  -1609.37500000000        11.16798    
  -1593.75000000000        14.05015    
  -1578.12500000000        9.902264    
  -1562.50000000000        12.02906    
  -1546.87500000000        59.18926    
  -1531.25000000000        18.08290    
  -1515.62500000000        10.67399    
  -1500.00000000000        29.32257    
  -1484.37500000000        30.96803    
  -1468.75000000000        11.24341    
  -1453.12500000000        19.49608    
  -1437.50000000000        4.396102    
  -1421.87500000000        20.47272    
  -1406.25000000000        8.247329    
  -1390.62500000000        4.783936    
  -1375.00000000000        11.67205    
  -1359.37500000000        35.54070    
  -1343.75000000000        13.06647    
  -1328.12500000000        12.83439    
  -1312.50000000000        8.503240    
  -1296.87500000000        32.12527    
  -1281.25000000000        13.78803    
  -1265.62500000000        1.818214    
  -1250.00000000000        24.92635    
  -1234.37500000000        15.90990    
  -1218.75000000000        14.22997    
  -1203.12500000000        19.97705    
  -1187.50000000000        22.05540    
  -1171.87500000000        66.64692    
  -1156.25000000000        77.11411    
  -1140.62500000000        12.41621    
  -1125.00000000000        6.843167    
  -1109.37500000000        14.09011    
  -1093.75000000000        16.27992    
  -1078.12500000000        3.682973    
  -1062.50000000000        8.821355    
  -1046.87500000000        13.71849    
  -1031.25000000000        13.50257    
  -1015.62500000000        8.370423    
  -1000.00000000000        2.667671    
  -984.375000000000        15.69992    
  -968.750000000000        43.70901    
  -953.125000000000        25.58496    
  -937.500000000000        15.18533    
  -921.875000000000        39.41500    
  -906.250000000000        23.41783    
  -890.625000000000        8.655759    
  -875.000000000000        8.939434    
  -859.375000000000        6.863863    
  -843.750000000000        27.01941    
  -828.125000000000        9.796651    
  -812.500000000000        16.92778    
  -796.875000000000        26.95860    
  -781.250000000000        92.24904    
  -765.625000000000        66.70076    
  -750.000000000000        28.84115    
  -734.375000000000        20.33694    
  -718.750000000000        36.34956    
  -703.125000000000        23.33873    
  -687.500000000000        11.42787    
  -671.875000000000        27.47869    
  -656.250000000000        37.34727    
  -640.625000000000        27.89826    
  -625.000000000000        49.47754    
  -609.375000000000        79.67986    
  -593.750000000000        169.8659    
  -578.125000000000        490.5999    
  -562.500000000000        83.96520    
  -546.875000000000        30.14020    
  -531.250000000000        43.38629    
  -515.625000000000        51.32410    
  -500.000000000000        9.507873    
  -484.375000000000        7.400285    
  -468.750000000000        13.36239    
  -453.125000000000        26.79874    
  -437.500000000000        24.00239    
  -421.875000000000        22.14432    
  -406.250000000000        47.97446    
  -390.625000000000        222.6577    
  -375.000000000000        54.72239    
  -359.375000000000        39.98227    
  -343.750000000000        5.067441    
  -328.125000000000        12.09492    
  -312.500000000000        21.73334    
  -296.875000000000        28.60520    
  -281.250000000000        16.19732    
  -265.625000000000        35.48749    
  -250.000000000000        23.47426    
  -234.375000000000        26.73810    
  -218.750000000000        57.33507    
  -203.125000000000        209.7736    
  -187.500000000000        248.6195    
  -171.875000000000        78.02833    
  -156.250000000000        38.90129    
  -140.625000000000        28.69505    
  -125.000000000000        40.25317    
  -109.375000000000        19.70190    
  -93.7500000000000        7.826198    
  -78.1250000000000        29.50156    
  -62.5000000000000        27.86460    
  -46.8750000000000        15.51881    
  -31.2500000000000        3.845736    
  -15.6250000000000        47.54238    
  0.000000000000000E+000   10844.89    
   15.6250000000000        54.91892    
   31.2500000000000        21.56934    
   46.8750000000000        34.59647    
   62.5000000000000        7.708533    
   78.1250000000000        36.27217    
   93.7500000000000        13.67467    
   109.375000000000        5.770800    
   125.000000000000        30.31372    
   140.625000000000        28.74229    
   156.250000000000        30.49300    
   171.875000000000        50.63377    
   187.500000000000        148.6580    
   203.125000000000        116.1870    
   218.750000000000        41.95827    
   234.375000000000        16.86221    
   250.000000000000        34.37384    
   265.625000000000        18.05734    
   281.250000000000        18.13404    
   296.875000000000        17.09984    
   312.500000000000        14.16165    
   328.125000000000        16.60851    
   343.750000000000        14.57614    
   359.375000000000        37.41629    
   375.000000000000        82.09608    
   390.625000000000        238.3710    
   406.250000000000        48.90194    
   421.875000000000        21.82059    
   437.500000000000        26.00031    
   453.125000000000        33.26478    
   468.750000000000        12.25293    
   484.375000000000        3.450685    
   500.000000000000        17.13298    
   515.625000000000        32.10207    
   531.250000000000        43.26043    
   546.875000000000        33.02115    
   562.500000000000        86.30140    
   578.125000000000        485.2039    
   593.750000000000        186.5001    
   609.375000000000        80.99517    
   625.000000000000        51.43487    
   640.625000000000        26.27394    
   656.250000000000        35.03589    
   671.875000000000        33.22895    
   687.500000000000        20.11778    
   703.125000000000        14.84284    
   718.750000000000        39.32765    
   734.375000000000        24.91541    
   750.000000000000        33.33370    
   765.625000000000        83.03271    
   781.250000000000        100.7398    
   796.875000000000        18.41170    
   812.500000000000        18.71847    
   828.125000000000        13.93589    
   843.750000000000        11.22985    
   859.375000000000        14.88232    
   875.000000000000        6.394312    
   890.625000000000        10.10690    
   906.250000000000        14.89760    
   921.875000000000        33.81034    
   937.500000000000        18.32254    
   953.125000000000        20.44501    
   968.750000000000        43.48651    
   984.375000000000        9.823627    
   1000.00000000000        6.524137    
   1015.62500000000        1.035681    
   1031.25000000000        12.60051    
   1046.87500000000        8.131777    
   1062.50000000000        9.118148    
   1078.12500000000        2.092705    
   1093.75000000000        24.85670    
   1109.37500000000        20.51869    
   1125.00000000000        9.392741    
   1140.62500000000        5.653234    
   1156.25000000000        70.35405    
   1171.87500000000        64.02895    
   1187.50000000000        23.11929    
   1203.12500000000        24.99423    
   1218.75000000000        9.051967    
   1234.37500000000        7.599689    
   1250.00000000000        28.09142    
   1265.62500000000        7.592640    
   1281.25000000000        4.486498    
   1296.87500000000        16.64924    
   1312.50000000000        13.98100    
   1328.12500000000        14.29219    
   1343.75000000000        14.97817    
   1359.37500000000        41.03756    
   1375.00000000000        2.155048    
   1390.62500000000        13.38396    
   1406.25000000000        8.448057    
   1421.87500000000        9.048636    
   1437.50000000000        9.146222    
   1453.12500000000        20.73100    
   1468.75000000000        20.73046    
   1484.37500000000        29.99916    
   1500.00000000000        17.30853    
   1515.62500000000        11.67331    
   1531.25000000000        12.62998    
   1546.87500000000        50.14333    
   1562.50000000000        19.91755    
   1578.12500000000        12.12374    
   1593.75000000000        13.48551    
   1609.37500000000        19.19944    
   1625.00000000000        5.466388    
   1640.62500000000        7.321290    
   1656.25000000000        12.03221    
   1671.87500000000        4.154401    
   1687.50000000000        21.89832    
   1703.12500000000        8.826415    
   1718.75000000000        11.98960    
   1734.37500000000        14.08547    
   1750.00000000000        35.58952    
   1765.62500000000        13.04958    
   1781.25000000000        18.52299    
   1796.87500000000        5.668070    
   1812.50000000000        23.41383    
   1828.12500000000        21.52905    
   1843.75000000000        10.26909    
   1859.37500000000        16.19319    
   1875.00000000000        34.07609    
   1890.62500000000        13.99442    
   1906.25000000000        3.965872    
   1921.87500000000        20.10798    
   1937.50000000000        11.94937    
   1953.12500000000        20.25990    
   1968.75000000000        11.50488    
   1984.37500000000        9.193245    
