  -2000.00000000000        10.08566    
  -1984.37500000000        10.47145    
  -1968.75000000000        21.97021    
  -1953.12500000000        22.82381    
  -1937.50000000000        44.50334    
  -1921.87500000000        19.27516    
  -1906.25000000000        6.676034    
  -1890.62500000000        18.97210    
  -1875.00000000000        17.70981    
  -1859.37500000000        8.934190    
  -1843.75000000000        2.110123    
  -1828.12500000000        10.88475    
  -1812.50000000000        9.085529    
  -1796.87500000000        6.405394    
  -1781.25000000000        9.659084    
  -1765.62500000000        2.292502    
  -1750.00000000000        50.20896    
  -1734.37500000000        14.25065    
  -1718.75000000000        5.168344    
  -1703.12500000000        4.327469    
  -1687.50000000000        16.74996    
  -1671.87500000000        12.77805    
  -1656.25000000000        9.016375    
  -1640.62500000000        14.19152    
  -1625.00000000000        3.189837    
  -1609.37500000000        8.037497    
  -1593.75000000000        16.23851    
  -1578.12500000000        8.837291    
  -1562.50000000000        17.86665    
  -1546.87500000000        58.35096    
  -1531.25000000000        9.850320    
  -1515.62500000000        9.576869    
  -1500.00000000000        24.03639    
  -1484.37500000000        27.75318    
  -1468.75000000000        8.705648    
  -1453.12500000000        4.661323    
  -1437.50000000000        6.158964    
  -1421.87500000000        20.77228    
  -1406.25000000000        12.45569    
  -1390.62500000000        3.163483    
  -1375.00000000000        6.785625    
  -1359.37500000000        73.95846    
  -1343.75000000000        22.82962    
  -1328.12500000000        13.03391    
  -1312.50000000000        1.349523    
  -1296.87500000000        22.02600    
  -1281.25000000000        7.513512    
  -1265.62500000000        1.939435    
  -1250.00000000000        34.84954    
  -1234.37500000000        14.55954    
  -1218.75000000000        11.73157    
  -1203.12500000000        26.12900    
  -1187.50000000000        31.21952    
  -1171.87500000000        94.96350    
  -1156.25000000000        94.75526    
  -1140.62500000000        29.46811    
  -1125.00000000000        13.90823    
  -1109.37500000000        23.22152    
  -1093.75000000000        27.29034    
  -1078.12500000000        4.710591    
  -1062.50000000000        4.731950    
  -1046.87500000000        9.609117    
  -1031.25000000000        8.063750    
  -1015.62500000000        21.22276    
  -1000.00000000000        3.112833    
  -984.375000000000        25.79229    
  -968.750000000000        98.18697    
  -953.125000000000        21.64274    
  -937.500000000000        12.91467    
  -921.875000000000        29.22386    
  -906.250000000000        26.13104    
  -890.625000000000        29.55574    
  -875.000000000000        11.75126    
  -859.375000000000        10.64992    
  -843.750000000000        5.153245    
  -828.125000000000        12.06209    
  -812.500000000000        23.40086    
  -796.875000000000        13.54062    
  -781.250000000000        103.5018    
  -765.625000000000        76.51939    
  -750.000000000000        26.06226    
  -734.375000000000        15.89995    
  -718.750000000000        36.71255    
  -703.125000000000        45.59748    
  -687.500000000000        25.41623    
  -671.875000000000        31.49434    
  -656.250000000000        44.24959    
  -640.625000000000        34.67638    
  -625.000000000000        62.56807    
  -609.375000000000        95.74500    
  -593.750000000000        189.7652    
  -578.125000000000        535.9480    
  -562.500000000000        88.54830    
  -546.875000000000        33.44084    
  -531.250000000000        37.26733    
  -515.625000000000        27.53112    
  -500.000000000000        30.94537    
  -484.375000000000        12.63241    
  -468.750000000000        16.28481    
  -453.125000000000        30.87646    
  -437.500000000000        31.62606    
  -421.875000000000        19.40310    
  -406.250000000000        47.03102    
  -390.625000000000        207.3427    
  -375.000000000000        45.77999    
  -359.375000000000        37.04187    
  -343.750000000000        15.03616    
  -328.125000000000        15.83444    
  -312.500000000000        30.67926    
  -296.875000000000        36.35978    
  -281.250000000000        16.23428    
  -265.625000000000        41.05620    
  -250.000000000000        41.49523    
  -234.375000000000        41.31526    
  -218.750000000000        74.67563    
  -203.125000000000        254.0735    
  -187.500000000000        320.9402    
  -171.875000000000        98.40147    
  -156.250000000000        35.50606    
  -140.625000000000        34.20854    
  -125.000000000000        56.68614    
  -109.375000000000        20.99756    
  -93.7500000000000        2.758866    
  -78.1250000000000        48.27822    
  -62.5000000000000        34.38226    
  -46.8750000000000        18.10617    
  -31.2500000000000        10.80874    
  -15.6250000000000        55.51162    
  0.000000000000000E+000   12764.81    
   15.6250000000000        69.80714    
   31.2500000000000        31.51838    
   46.8750000000000        38.64466    
   62.5000000000000        12.55008    
   78.1250000000000        50.91120    
   93.7500000000000        11.14047    
   109.375000000000        12.53813    
   125.000000000000        37.08173    
   140.625000000000        27.34391    
   156.250000000000        32.80795    
   171.875000000000        50.09850    
   187.500000000000        177.9976    
   203.125000000000        137.9319    
   218.750000000000        44.56547    
   234.375000000000        12.09982    
   250.000000000000        32.96643    
   265.625000000000        20.84964    
   281.250000000000        20.50928    
   296.875000000000        13.35546    
   312.500000000000        26.29119    
   328.125000000000        21.02618    
   343.750000000000        15.80528    
   359.375000000000        48.17813    
   375.000000000000        118.8310    
   390.625000000000        301.2715    
   406.250000000000        66.12231    
   421.875000000000        29.00464    
   437.500000000000        41.18087    
   453.125000000000        18.73081    
   468.750000000000        11.18060    
   484.375000000000        8.884694    
   500.000000000000        27.38258    
   515.625000000000        49.42816    
   531.250000000000        47.69456    
   546.875000000000        35.38829    
   562.500000000000        89.21893    
   578.125000000000        586.1855    
   593.750000000000        235.1636    
   609.375000000000        92.58970    
   625.000000000000        58.96645    
   640.625000000000        47.83990    
   656.250000000000        47.96423    
   671.875000000000        34.30551    
   687.500000000000        33.01732    
   703.125000000000        55.87252    
   718.750000000000        39.09781    
   734.375000000000        39.38585    
   750.000000000000        42.57489    
   765.625000000000        131.1882    
   781.250000000000        156.5197    
   796.875000000000        41.55481    
   812.500000000000        26.48812    
   828.125000000000        13.51222    
   843.750000000000        20.19650    
   859.375000000000        18.49595    
   875.000000000000        6.148133    
   890.625000000000        13.60301    
   906.250000000000        42.68100    
   921.875000000000        38.98201    
   937.500000000000        9.338499    
   953.125000000000        14.13417    
   968.750000000000        84.68606    
   984.375000000000        5.602595    
   1000.00000000000        7.690318    
   1015.62500000000        11.03755    
   1031.25000000000        13.67158    
   1046.87500000000        5.519860    
   1062.50000000000        4.430957    
   1078.12500000000        13.28234    
   1093.75000000000        10.65929    
   1109.37500000000        18.98021    
   1125.00000000000        6.327319    
   1140.62500000000        9.193371    
   1156.25000000000        58.48947    
   1171.87500000000        60.69685    
   1187.50000000000        34.03138    
   1203.12500000000        17.36622    
   1218.75000000000        15.51004    
   1234.37500000000        18.19023    
   1250.00000000000        34.94664    
   1265.62500000000        6.200236    
   1281.25000000000        17.36187    
   1296.87500000000        36.08508    
   1312.50000000000        4.070837    
   1328.12500000000        10.02485    
   1343.75000000000        23.01405    
   1359.37500000000        67.70264    
   1375.00000000000        9.031739    
   1390.62500000000        15.87780    
   1406.25000000000        13.49906    
   1421.87500000000        14.26148    
   1437.50000000000        3.784877    
   1453.12500000000        14.04735    
   1468.75000000000        12.45718    
   1484.37500000000        33.14215    
   1500.00000000000        16.97015    
   1515.62500000000        10.18219    
   1531.25000000000        22.25914    
   1546.87500000000        53.96318    
   1562.50000000000        12.90780    
   1578.12500000000        20.50064    
   1593.75000000000        9.582549    
   1609.37500000000        20.22285    
   1625.00000000000        5.167338    
   1640.62500000000        6.786615    
   1656.25000000000        11.17976    
   1671.87500000000        19.02858    
   1687.50000000000        9.558224    
   1703.12500000000        10.92750    
   1718.75000000000        13.62870    
   1734.37500000000        11.58147    
   1750.00000000000        20.18649    
   1765.62500000000        6.348790    
   1781.25000000000        15.05721    
   1796.87500000000        15.34297    
   1812.50000000000        16.53763    
   1828.12500000000        12.16176    
   1843.75000000000        9.463884    
   1859.37500000000        22.98381    
   1875.00000000000        22.84763    
   1890.62500000000        2.730571    
   1906.25000000000        11.99159    
   1921.87500000000        27.98623    
   1937.50000000000        30.74730    
   1953.12500000000        17.28912    
   1968.75000000000        3.194150    
   1984.37500000000        3.431286    
