  -4000.00000000000        195.2646    
  -3968.75000000000        359.9982    
  -3937.50000000000        456.4854    
  -3906.25000000000        215.3024    
  -3875.00000000000        325.3232    
  -3843.75000000000        365.1346    
  -3812.50000000000        261.5466    
  -3781.25000000000        388.0154    
  -3750.00000000000        235.5691    
  -3718.75000000000        299.2700    
  -3687.50000000000        274.7434    
  -3656.25000000000        334.8719    
  -3625.00000000000        155.2198    
  -3593.75000000000        210.6594    
  -3562.50000000000        236.9226    
  -3531.25000000000        83.41647    
  -3500.00000000000        269.9624    
  -3468.75000000000        252.1040    
  -3437.50000000000        146.0498    
  -3406.25000000000        416.5145    
  -3375.00000000000        126.0656    
  -3343.75000000000        121.4631    
  -3312.50000000000        231.7077    
  -3281.25000000000        213.6497    
  -3250.00000000000        183.5311    
  -3218.75000000000        224.7991    
  -3187.50000000000        99.84772    
  -3156.25000000000        239.1214    
  -3125.00000000000        140.9304    
  -3093.75000000000        189.9938    
  -3062.50000000000        219.2122    
  -3031.25000000000        173.7931    
  -3000.00000000000        107.2374    
  -2968.75000000000        107.3919    
  -2937.50000000000        195.2715    
  -2906.25000000000        26.44239    
  -2875.00000000000        128.4195    
  -2843.75000000000        58.77991    
  -2812.50000000000        137.6198    
  -2781.25000000000        47.42405    
  -2750.00000000000        68.87096    
  -2718.75000000000        70.20879    
  -2687.50000000000        132.1545    
  -2656.25000000000        53.29378    
  -2625.00000000000        33.04639    
  -2593.75000000000        94.77897    
  -2562.50000000000        60.81511    
  -2531.25000000000        17.98092    
  -2500.00000000000        137.8297    
  -2468.75000000000        12.93709    
  -2437.50000000000        92.53630    
  -2406.25000000000        51.33904    
  -2375.00000000000        21.50381    
  -2343.75000000000        138.5532    
  -2312.50000000000        85.66483    
  -2281.25000000000        39.80428    
  -2250.00000000000        50.77160    
  -2218.75000000000        69.89172    
  -2187.50000000000        102.1252    
  -2156.25000000000        105.0992    
  -2125.00000000000        63.38676    
  -2093.75000000000        82.64317    
  -2062.50000000000        64.20673    
  -2031.25000000000        19.96023    
  -2000.00000000000        42.56851    
  -1968.75000000000        65.67652    
  -1937.50000000000        49.64493    
  -1906.25000000000        31.94958    
  -1875.00000000000        80.53490    
  -1843.75000000000        92.16968    
  -1812.50000000000        244.1050    
  -1781.25000000000        290.0633    
  -1750.00000000000        146.3060    
  -1718.75000000000        100.4546    
  -1687.50000000000        139.2308    
  -1656.25000000000        161.5848    
  -1625.00000000000        99.38762    
  -1593.75000000000        51.55693    
  -1562.50000000000        199.6218    
  -1531.25000000000        114.3631    
  -1500.00000000000        37.00083    
  -1468.75000000000        69.85411    
  -1437.50000000000        42.75521    
  -1406.25000000000        78.24530    
  -1375.00000000000        127.4444    
  -1343.75000000000        106.8279    
  -1312.50000000000        83.30078    
  -1281.25000000000        67.42266    
  -1250.00000000000        221.1621    
  -1218.75000000000        43.32466    
  -1187.50000000000        39.73262    
  -1156.25000000000        140.1849    
  -1125.00000000000        33.72404    
  -1093.75000000000        86.38177    
  -1062.50000000000        169.3373    
  -1031.25000000000        62.77842    
  -1000.00000000000        90.19064    
  -968.750000000000        92.12563    
  -937.500000000000        32.83038    
  -906.250000000000        150.7646    
  -875.000000000000        89.35257    
  -843.750000000000        128.8549    
  -812.500000000000        220.1250    
  -781.250000000000        265.7456    
  -750.000000000000        208.1497    
  -718.750000000000        266.6693    
  -687.500000000000        229.7341    
  -656.250000000000        407.9079    
  -625.000000000000        25.89592    
  -593.750000000000        309.3677    
  -562.500000000000        113.2939    
  -531.250000000000        199.7622    
  -500.000000000000        304.1058    
  -468.750000000000        72.37417    
  -437.500000000000        227.2729    
  -406.250000000000        279.3594    
  -375.000000000000        638.3920    
  -343.750000000000        1046.332    
  -312.500000000000        537.1367    
  -281.250000000000        734.5095    
  -250.000000000000        370.4485    
  -218.750000000000        35.82032    
  -187.500000000000        354.1604    
  -156.250000000000        1319.050    
  -125.000000000000        1310.761    
  -93.7500000000000        466.1934    
  -62.5000000000000        1303.922    
  -31.2500000000000        2296.252    
  0.000000000000000E+000   5828.593    
   31.2500000000000        2276.274    
   62.5000000000000        1302.709    
   93.7500000000000        477.4066    
   125.000000000000        1325.042    
   156.250000000000        1355.385    
   187.500000000000        359.5964    
   218.750000000000        26.53047    
   250.000000000000        372.8420    
   281.250000000000        733.3823    
   312.500000000000        536.2894    
   343.750000000000        1034.388    
   375.000000000000        632.8895    
   406.250000000000        271.6891    
   437.500000000000        228.1378    
   468.750000000000        70.28915    
   500.000000000000        306.3430    
   531.250000000000        194.9699    
   562.500000000000        124.7784    
   593.750000000000        308.8315    
   625.000000000000        32.88054    
   656.250000000000        399.0758    
   687.500000000000        234.7141    
   718.750000000000        263.9586    
   750.000000000000        206.5837    
   781.250000000000        273.1610    
   812.500000000000        223.2643    
   843.750000000000        130.0196    
   875.000000000000        87.60090    
   906.250000000000        159.4598    
   937.500000000000        29.49782    
   968.750000000000        84.64370    
   1000.00000000000        90.37331    
   1031.25000000000        68.08161    
   1062.50000000000        162.7024    
   1093.75000000000        87.80019    
   1125.00000000000        34.98827    
   1156.25000000000        142.3456    
   1187.50000000000        39.09129    
   1218.75000000000        45.52491    
   1250.00000000000        223.2386    
   1281.25000000000        68.19401    
   1312.50000000000        82.66671    
   1343.75000000000        104.0944    
   1375.00000000000        130.1800    
   1406.25000000000        83.66167    
   1437.50000000000        42.09870    
   1468.75000000000        72.73142    
   1500.00000000000        34.34339    
   1531.25000000000        113.9750    
   1562.50000000000        196.0314    
   1593.75000000000        52.92848    
   1625.00000000000        99.35391    
   1656.25000000000        164.4393    
   1687.50000000000        140.5567    
   1718.75000000000        98.89835    
   1750.00000000000        142.4241    
   1781.25000000000        287.8560    
   1812.50000000000        242.3125    
   1843.75000000000        93.04865    
   1875.00000000000        80.19753    
   1906.25000000000        30.17964    
   1937.50000000000        49.25240    
   1968.75000000000        66.23280    
   2000.00000000000        42.98367    
   2031.25000000000        18.49769    
   2062.50000000000        64.31053    
   2093.75000000000        83.08697    
   2125.00000000000        63.91856    
   2156.25000000000        104.8985    
   2187.50000000000        102.7669    
   2218.75000000000        71.54670    
   2250.00000000000        49.88021    
   2281.25000000000        39.86079    
   2312.50000000000        84.43005    
   2343.75000000000        140.0649    
   2375.00000000000        21.55962    
   2406.25000000000        50.80168    
   2437.50000000000        93.40202    
   2468.75000000000        12.11488    
   2500.00000000000        137.9800    
   2531.25000000000        17.92781    
   2562.50000000000        62.03234    
   2593.75000000000        95.02650    
   2625.00000000000        34.32741    
   2656.25000000000        52.66561    
   2687.50000000000        132.7469    
   2718.75000000000        70.04356    
   2750.00000000000        68.64258    
   2781.25000000000        47.16050    
   2812.50000000000        139.5924    
   2843.75000000000        58.68297    
   2875.00000000000        129.0427    
   2906.25000000000        25.96385    
   2937.50000000000        194.8263    
   2968.75000000000        105.9797    
   3000.00000000000        108.9319    
   3031.25000000000        174.7114    
   3062.50000000000        218.9591    
   3093.75000000000        189.1079    
   3125.00000000000        139.3405    
   3156.25000000000        238.8672    
   3187.50000000000        101.0863    
   3218.75000000000        226.6679    
   3250.00000000000        184.6768    
   3281.25000000000        215.5931    
   3312.50000000000        230.4982    
   3343.75000000000        121.4700    
   3375.00000000000        126.4184    
   3406.25000000000        416.7121    
   3437.50000000000        146.0345    
   3468.75000000000        253.6585    
   3500.00000000000        268.1722    
   3531.25000000000        83.91454    
   3562.50000000000        238.5494    
   3593.75000000000        208.9720    
   3625.00000000000        154.1557    
   3656.25000000000        334.9781    
   3687.50000000000        273.9521    
   3718.75000000000        299.4450    
   3750.00000000000        233.6581    
   3781.25000000000        390.4442    
   3812.50000000000        260.9104    
   3843.75000000000        367.4405    
   3875.00000000000        324.0519    
   3906.25000000000        213.8040    
   3937.50000000000        455.4093    
   3968.75000000000        361.6953    
