  -2000.00000000000        750.4702    
  -1984.37500000000        639.6406    
  -1968.75000000000        465.4591    
  -1953.12500000000        818.6172    
  -1937.50000000000        1463.530    
  -1921.87500000000        1005.801    
  -1906.25000000000        546.4484    
  -1890.62500000000        916.6911    
  -1875.00000000000        478.6499    
  -1859.37500000000        402.1718    
  -1843.75000000000        625.2527    
  -1828.12500000000        727.1602    
  -1812.50000000000        583.2296    
  -1796.87500000000        257.2516    
  -1781.25000000000        301.2589    
  -1765.62500000000        293.5159    
  -1750.00000000000        2206.768    
  -1734.37500000000        573.0793    
  -1718.75000000000        425.0407    
  -1703.12500000000        160.8072    
  -1687.50000000000        262.3384    
  -1671.87500000000        517.4415    
  -1656.25000000000        421.8431    
  -1640.62500000000        577.3955    
  -1625.00000000000        591.8163    
  -1609.37500000000        502.0010    
  -1593.75000000000        999.0927    
  -1578.12500000000        302.4464    
  -1562.50000000000        1321.355    
  -1546.87500000000        4134.821    
  -1531.25000000000        767.7611    
  -1515.62500000000        608.5186    
  -1500.00000000000        1071.710    
  -1484.37500000000        1680.229    
  -1468.75000000000        351.7822    
  -1453.12500000000        369.5979    
  -1437.50000000000        247.1441    
  -1421.87500000000        524.7424    
  -1406.25000000000        533.5892    
  -1390.62500000000        465.2780    
  -1375.00000000000        166.1858    
  -1359.37500000000        6646.439    
  -1343.75000000000        1199.927    
  -1328.12500000000        1058.945    
  -1312.50000000000        468.8950    
  -1296.87500000000        1339.410    
  -1281.25000000000        1402.031    
  -1265.62500000000        665.1053    
  -1250.00000000000        1907.579    
  -1234.37500000000        923.1548    
  -1218.75000000000        721.5818    
  -1203.12500000000        1724.860    
  -1187.50000000000        1541.049    
  -1171.87500000000        5277.545    
  -1156.25000000000        5334.448    
  -1140.62500000000        1607.818    
  -1125.00000000000        1198.354    
  -1109.37500000000        616.4175    
  -1093.75000000000        1391.720    
  -1078.12500000000        517.9861    
  -1062.50000000000        412.5513    
  -1046.87500000000        396.4266    
  -1031.25000000000        1023.726    
  -1015.62500000000        1056.292    
  -1000.00000000000        354.1258    
  -984.375000000000        839.1628    
  -968.750000000000        10588.34    
  -953.125000000000        2091.008    
  -937.500000000000        789.2178    
  -921.875000000000        2323.381    
  -906.250000000000        1232.131    
  -890.625000000000        426.0617    
  -875.000000000000        322.4746    
  -859.375000000000        739.3542    
  -843.750000000000        141.6539    
  -828.125000000000        1683.466    
  -812.500000000000        1463.779    
  -796.875000000000        1769.847    
  -781.250000000000        6065.243    
  -765.625000000000        454.3885    
  -750.000000000000        1111.499    
  -734.375000000000        973.2590    
  -718.750000000000        1768.308    
  -703.125000000000        640.5952    
  -687.500000000000        1691.220    
  -671.875000000000        1335.890    
  -656.250000000000        1733.466    
  -640.625000000000        478.4076    
  -625.000000000000        4042.767    
  -609.375000000000        5226.251    
  -593.750000000000        9267.982    
  -578.125000000000        30852.88    
  -562.500000000000        6055.971    
  -546.875000000000        3372.251    
  -531.250000000000        2905.688    
  -515.625000000000        1672.961    
  -500.000000000000        1871.248    
  -484.375000000000        615.1562    
  -468.750000000000        692.7487    
  -453.125000000000        986.2735    
  -437.500000000000        1724.394    
  -421.875000000000        3109.934    
  -406.250000000000        499.7428    
  -390.625000000000        38605.66    
  -375.000000000000        2903.701    
  -359.375000000000        5233.521    
  -343.750000000000        3132.857    
  -328.125000000000        2825.481    
  -312.500000000000        3009.427    
  -296.875000000000        4039.172    
  -281.250000000000        2844.338    
  -265.625000000000        4826.044    
  -250.000000000000        6492.569    
  -234.375000000000        6705.217    
  -218.750000000000        10062.48    
  -203.125000000000        30425.50    
  -187.500000000000        41830.22    
  -171.875000000000        13458.81    
  -156.250000000000        7674.114    
  -140.625000000000        5571.781    
  -125.000000000000        4010.863    
  -109.375000000000        4592.571    
  -93.7500000000000        3306.013    
  -78.1250000000000        2181.741    
  -62.5000000000000        2256.591    
  -46.8750000000000        3238.890    
  -31.2500000000000        2649.990    
  -15.6250000000000        2625.474    
  0.000000000000000E+000   968419.2    
   15.6250000000000        4561.445    
   31.2500000000000        4043.554    
   46.8750000000000        3109.337    
   62.5000000000000        2642.734    
   78.1250000000000        3572.460    
   93.7500000000000        2540.711    
   109.375000000000        3232.470    
   125.000000000000        5056.116    
   140.625000000000        3833.566    
   156.250000000000        6765.247    
   171.875000000000        9757.491    
   187.500000000000        29073.01    
   203.125000000000        21138.29    
   218.750000000000        7766.183    
   234.375000000000        4979.090    
   250.000000000000        4841.419    
   265.625000000000        3899.106    
   281.250000000000        2083.715    
   296.875000000000        2112.992    
   312.500000000000        1942.850    
   328.125000000000        2024.944    
   343.750000000000        2010.072    
   359.375000000000        4448.252    
   375.000000000000        8651.765    
   390.625000000000        28957.15    
   406.250000000000        5130.396    
   421.875000000000        3687.765    
   437.500000000000        3296.565    
   453.125000000000        1930.008    
   468.750000000000        1150.343    
   484.375000000000        1548.506    
   500.000000000000        2989.215    
   515.625000000000        2304.446    
   531.250000000000        3130.786    
   546.875000000000        4615.738    
   562.500000000000        3853.810    
   578.125000000000        34646.52    
   593.750000000000        13556.83    
   609.375000000000        5025.723    
   625.000000000000        3949.450    
   640.625000000000        2664.441    
   656.250000000000        2703.157    
   671.875000000000        3132.341    
   687.500000000000        2816.140    
   703.125000000000        2124.869    
   718.750000000000        2753.593    
   734.375000000000        2689.809    
   750.000000000000        3813.363    
   765.625000000000        9085.602    
   781.250000000000        13108.67    
   796.875000000000        3079.606    
   812.500000000000        1732.154    
   828.125000000000        2347.100    
   843.750000000000        283.1850    
   859.375000000000        109.0256    
   875.000000000000        610.4336    
   890.625000000000        721.7928    
   906.250000000000        1588.290    
   921.875000000000        2156.314    
   937.500000000000        752.0481    
   953.125000000000        423.6651    
   968.750000000000        3813.599    
   984.375000000000        430.3889    
   1000.00000000000        445.2720    
   1015.62500000000        937.1346    
   1031.25000000000        1422.622    
   1046.87500000000        988.2095    
   1062.50000000000        667.3257    
   1078.12500000000        326.5830    
   1093.75000000000        1216.099    
   1109.37500000000        1245.027    
   1125.00000000000        1672.354    
   1140.62500000000        1704.513    
   1156.25000000000        5074.738    
   1171.87500000000        4525.077    
   1187.50000000000        1758.235    
   1203.12500000000        849.8082    
   1218.75000000000        734.2047    
   1234.37500000000        867.4592    
   1250.00000000000        1307.568    
   1265.62500000000        523.0504    
   1281.25000000000        888.5554    
   1296.87500000000        666.3840    
   1312.50000000000        453.9497    
   1328.12500000000        538.2523    
   1343.75000000000        1412.976    
   1359.37500000000        6542.417    
   1375.00000000000        656.8289    
   1390.62500000000        1066.242    
   1406.25000000000        400.4849    
   1421.87500000000        794.2483    
   1437.50000000000        595.4432    
   1453.12500000000        280.8712    
   1468.75000000000        88.67088    
   1484.37500000000        549.3177    
   1500.00000000000        1051.685    
   1515.62500000000        311.0804    
   1531.25000000000        327.3040    
   1546.87500000000        148.7913    
   1562.50000000000        1348.086    
   1578.12500000000        1582.584    
   1593.75000000000        240.4978    
   1609.37500000000        543.4578    
   1625.00000000000        518.6216    
   1640.62500000000        235.4711    
   1656.25000000000        177.6799    
   1671.87500000000        772.2984    
   1687.50000000000        688.8179    
   1703.12500000000        308.6992    
   1718.75000000000        790.4424    
   1734.37500000000        511.8091    
   1750.00000000000        546.6049    
   1765.62500000000        359.2524    
   1781.25000000000        798.3034    
   1796.87500000000        170.6800    
   1812.50000000000        770.6743    
   1828.12500000000        543.5192    
   1843.75000000000        252.4171    
   1859.37500000000        829.4031    
   1875.00000000000        508.3707    
   1890.62500000000        462.7462    
   1906.25000000000        747.6208    
   1921.87500000000        922.3749    
   1937.50000000000        260.8786    
   1953.12500000000        455.6573    
   1968.75000000000        367.6295    
   1984.37500000000        506.0559    
