  -4000.00000000000        220.9424    
  -3968.75000000000        407.0331    
  -3937.50000000000        543.0797    
  -3906.25000000000        242.4364    
  -3875.00000000000        399.5129    
  -3843.75000000000        420.4596    
  -3812.50000000000        307.9012    
  -3781.25000000000        434.7631    
  -3750.00000000000        278.3416    
  -3718.75000000000        340.0662    
  -3687.50000000000        322.9250    
  -3656.25000000000        378.3916    
  -3625.00000000000        187.7440    
  -3593.75000000000        248.1636    
  -3562.50000000000        268.2877    
  -3531.25000000000        100.3075    
  -3500.00000000000        317.4279    
  -3468.75000000000        261.4670    
  -3437.50000000000        172.2755    
  -3406.25000000000        486.1821    
  -3375.00000000000        140.2733    
  -3343.75000000000        133.9940    
  -3312.50000000000        273.8664    
  -3281.25000000000        231.6784    
  -3250.00000000000        199.0993    
  -3218.75000000000        253.6017    
  -3187.50000000000        116.6085    
  -3156.25000000000        287.4373    
  -3125.00000000000        176.4428    
  -3093.75000000000        223.7811    
  -3062.50000000000        253.6103    
  -3031.25000000000        189.5254    
  -3000.00000000000        126.2901    
  -2968.75000000000        123.3707    
  -2937.50000000000        235.4188    
  -2906.25000000000        47.40890    
  -2875.00000000000        150.6411    
  -2843.75000000000        61.36288    
  -2812.50000000000        150.6003    
  -2781.25000000000        56.21394    
  -2750.00000000000        81.14869    
  -2718.75000000000        80.26880    
  -2687.50000000000        144.0181    
  -2656.25000000000        71.06918    
  -2625.00000000000        42.10098    
  -2593.75000000000        108.9582    
  -2562.50000000000        74.41748    
  -2531.25000000000        29.99113    
  -2500.00000000000        164.4959    
  -2468.75000000000        3.634624    
  -2437.50000000000        97.70354    
  -2406.25000000000        67.52273    
  -2375.00000000000        34.47985    
  -2343.75000000000        161.6207    
  -2312.50000000000        105.2897    
  -2281.25000000000        50.55391    
  -2250.00000000000        68.39238    
  -2218.75000000000        86.15605    
  -2187.50000000000        117.3213    
  -2156.25000000000        111.9789    
  -2125.00000000000        75.88588    
  -2093.75000000000        98.16082    
  -2062.50000000000        70.90298    
  -2031.25000000000        18.54175    
  -2000.00000000000        55.46245    
  -1968.75000000000        80.83478    
  -1937.50000000000        53.84078    
  -1906.25000000000        28.60804    
  -1875.00000000000        84.47466    
  -1843.75000000000        118.3313    
  -1812.50000000000        301.3285    
  -1781.25000000000        355.2150    
  -1750.00000000000        173.4621    
  -1718.75000000000        130.8644    
  -1687.50000000000        163.7220    
  -1656.25000000000        201.0466    
  -1625.00000000000        118.2679    
  -1593.75000000000        53.61398    
  -1562.50000000000        245.2463    
  -1531.25000000000        140.7249    
  -1500.00000000000        45.35987    
  -1468.75000000000        85.43188    
  -1437.50000000000        51.37619    
  -1406.25000000000        94.13066    
  -1375.00000000000        147.4859    
  -1343.75000000000        115.8189    
  -1312.50000000000        95.07986    
  -1281.25000000000        92.80005    
  -1250.00000000000        254.5718    
  -1218.75000000000        58.12292    
  -1187.50000000000        54.00923    
  -1156.25000000000        163.1368    
  -1125.00000000000        34.44354    
  -1093.75000000000        92.51302    
  -1062.50000000000        187.4122    
  -1031.25000000000        74.36141    
  -1000.00000000000        99.66029    
  -968.750000000000        106.0409    
  -937.500000000000        52.34190    
  -906.250000000000        195.4528    
  -875.000000000000        106.5249    
  -843.750000000000        139.1098    
  -812.500000000000        251.3670    
  -781.250000000000        318.9206    
  -750.000000000000        225.5385    
  -718.750000000000        275.0446    
  -687.500000000000        263.1440    
  -656.250000000000        472.1004    
  -625.000000000000        37.83989    
  -593.750000000000        335.0616    
  -562.500000000000        129.9046    
  -531.250000000000        207.3447    
  -500.000000000000        348.1388    
  -468.750000000000        92.22070    
  -437.500000000000        282.4336    
  -406.250000000000        329.3647    
  -375.000000000000        748.2621    
  -343.750000000000        1202.252    
  -312.500000000000        625.7183    
  -281.250000000000        888.2430    
  -250.000000000000        452.1842    
  -218.750000000000        84.01642    
  -187.500000000000        415.9467    
  -156.250000000000        1536.512    
  -125.000000000000        1484.576    
  -93.7500000000000        531.3054    
  -62.5000000000000        1462.598    
  -31.2500000000000        2678.387    
  0.000000000000000E+000   7179.697    
   31.2500000000000        2574.711    
   62.5000000000000        1549.302    
   93.7500000000000        579.1415    
   125.000000000000        1554.365    
   156.250000000000        1595.381    
   187.500000000000        399.7112    
   218.750000000000        23.30524    
   250.000000000000        416.5816    
   281.250000000000        820.3680    
   312.500000000000        614.7416    
   343.750000000000        1178.650    
   375.000000000000        696.6931    
   406.250000000000        312.4183    
   437.500000000000        220.8474    
   468.750000000000        93.76427    
   500.000000000000        340.4649    
   531.250000000000        236.4223    
   562.500000000000        143.0057    
   593.750000000000        354.8785    
   625.000000000000        36.09783    
   656.250000000000        472.2368    
   687.500000000000        260.3341    
   718.750000000000        323.9858    
   750.000000000000        252.4722    
   781.250000000000        320.0119    
   812.500000000000        253.2526    
   843.750000000000        130.1389    
   875.000000000000        96.75333    
   906.250000000000        189.4088    
   937.500000000000        43.49128    
   968.750000000000        101.2006    
   1000.00000000000        114.1454    
   1031.25000000000        70.99892    
   1062.50000000000        170.9609    
   1093.75000000000        101.2556    
   1125.00000000000        51.31646    
   1156.25000000000        177.3687    
   1187.50000000000        43.89278    
   1218.75000000000        52.50062    
   1250.00000000000        264.5699    
   1281.25000000000        74.92841    
   1312.50000000000        99.26754    
   1343.75000000000        131.5696    
   1375.00000000000        154.2419    
   1406.25000000000        106.6031    
   1437.50000000000        39.17731    
   1468.75000000000        82.10223    
   1500.00000000000        45.61287    
   1531.25000000000        132.1208    
   1562.50000000000        222.9926    
   1593.75000000000        60.86055    
   1625.00000000000        119.3004    
   1656.25000000000        186.9551    
   1687.50000000000        145.2434    
   1718.75000000000        115.4820    
   1750.00000000000        157.1939    
   1781.25000000000        324.0925    
   1812.50000000000        263.6428    
   1843.75000000000        116.5422    
   1875.00000000000        86.13670    
   1906.25000000000        36.26829    
   1937.50000000000        65.66473    
   1968.75000000000        71.60205    
   2000.00000000000        37.17495    
   2031.25000000000        30.29874    
   2062.50000000000        72.45054    
   2093.75000000000        95.00464    
   2125.00000000000        65.63013    
   2156.25000000000        120.7548    
   2187.50000000000        118.6684    
   2218.75000000000        84.50121    
   2250.00000000000        67.23377    
   2281.25000000000        62.64154    
   2312.50000000000        104.4576    
   2343.75000000000        166.9609    
   2375.00000000000        24.29779    
   2406.25000000000        62.49079    
   2437.50000000000        114.2332    
   2468.75000000000        16.73451    
   2500.00000000000        166.9473    
   2531.25000000000        16.97536    
   2562.50000000000        75.16904    
   2593.75000000000        118.7660    
   2625.00000000000        40.18221    
   2656.25000000000        60.38614    
   2687.50000000000        160.2589    
   2718.75000000000        76.46675    
   2750.00000000000        79.89906    
   2781.25000000000        47.20307    
   2812.50000000000        161.6372    
   2843.75000000000        65.12708    
   2875.00000000000        156.8364    
   2906.25000000000        19.35732    
   2937.50000000000        226.3956    
   2968.75000000000        121.8845    
   3000.00000000000        132.4056    
   3031.25000000000        203.5287    
   3062.50000000000        246.1991    
   3093.75000000000        216.8337    
   3125.00000000000        155.6744    
   3156.25000000000        280.3845    
   3187.50000000000        116.8815    
   3218.75000000000        271.1566    
   3250.00000000000        212.1179    
   3281.25000000000        257.7612    
   3312.50000000000        257.4176    
   3343.75000000000        132.3612    
   3375.00000000000        154.1547    
   3406.25000000000        476.7053    
   3437.50000000000        156.9218    
   3468.75000000000        306.7008    
   3500.00000000000        305.0672    
   3531.25000000000        83.78030    
   3562.50000000000        288.1368    
   3593.75000000000        231.7914    
   3625.00000000000        173.3358    
   3656.25000000000        389.1235    
   3687.50000000000        311.9329    
   3718.75000000000        340.9477    
   3750.00000000000        263.2960    
   3781.25000000000        463.1698    
   3812.50000000000        300.1299    
   3843.75000000000        435.8575    
   3875.00000000000        374.7239    
   3906.25000000000        253.9288    
   3937.50000000000        514.5218    
   3968.75000000000        426.9242    
