  -2000.00000000000        15.01690    
  -1984.37500000000        2.898145    
  -1968.75000000000        2.780639    
  -1953.12500000000        19.02807    
  -1937.50000000000        18.00573    
  -1921.87500000000        22.33506    
  -1906.25000000000        6.787858    
  -1890.62500000000        11.49505    
  -1875.00000000000        7.192438    
  -1859.37500000000        10.83701    
  -1843.75000000000        6.559253    
  -1828.12500000000        15.45414    
  -1812.50000000000        1.108054    
  -1796.87500000000        8.443918    
  -1781.25000000000        11.72651    
  -1765.62500000000        11.87244    
  -1750.00000000000        39.68322    
  -1734.37500000000        2.479014    
  -1718.75000000000        12.66664    
  -1703.12500000000        6.846467    
  -1687.50000000000        3.304980    
  -1671.87500000000        15.98463    
  -1656.25000000000        5.447427    
  -1640.62500000000        8.242876    
  -1625.00000000000        6.334013    
  -1609.37500000000        11.57485    
  -1593.75000000000        6.783047    
  -1578.12500000000        15.40799    
  -1562.50000000000        8.477934    
  -1546.87500000000        27.33629    
  -1531.25000000000        9.872240    
  -1515.62500000000        3.246083    
  -1500.00000000000        29.75866    
  -1484.37500000000        14.44573    
  -1468.75000000000        2.568338    
  -1453.12500000000        4.643258    
  -1437.50000000000        4.969022    
  -1421.87500000000        14.48857    
  -1406.25000000000        12.88218    
  -1390.62500000000        7.420829    
  -1375.00000000000        7.437249    
  -1359.37500000000        14.29220    
  -1343.75000000000        9.133364    
  -1328.12500000000        6.907152    
  -1312.50000000000        5.752831    
  -1296.87500000000        17.61496    
  -1281.25000000000        9.118062    
  -1265.62500000000        3.369227    
  -1250.00000000000        29.60223    
  -1234.37500000000        19.56240    
  -1218.75000000000        13.60768    
  -1203.12500000000        22.29191    
  -1187.50000000000        30.30823    
  -1171.87500000000        97.06357    
  -1156.25000000000        100.9305    
  -1140.62500000000        23.89164    
  -1125.00000000000        10.21829    
  -1109.37500000000        20.11454    
  -1093.75000000000        15.47933    
  -1078.12500000000        3.766810    
  -1062.50000000000        5.710605    
  -1046.87500000000        10.54671    
  -1031.25000000000        7.135651    
  -1015.62500000000        6.322140    
  -1000.00000000000        4.603979    
  -984.375000000000        11.53093    
  -968.750000000000        70.75253    
  -953.125000000000        18.64810    
  -937.500000000000        13.43200    
  -921.875000000000        32.36283    
  -906.250000000000        24.90029    
  -890.625000000000        6.808246    
  -875.000000000000        12.86847    
  -859.375000000000        10.29389    
  -843.750000000000        3.747312    
  -828.125000000000        22.08153    
  -812.500000000000        23.10417    
  -796.875000000000        29.84856    
  -781.250000000000        114.7272    
  -765.625000000000        80.72056    
  -750.000000000000        35.18000    
  -734.375000000000        19.46416    
  -718.750000000000        19.40394    
  -703.125000000000        42.81110    
  -687.500000000000        28.22555    
  -671.875000000000        24.47018    
  -656.250000000000        31.47332    
  -640.625000000000        30.52242    
  -625.000000000000        53.80635    
  -609.375000000000        83.75611    
  -593.750000000000        177.7408    
  -578.125000000000        464.3189    
  -562.500000000000        76.11012    
  -546.875000000000        20.73770    
  -531.250000000000        34.13667    
  -515.625000000000        19.33917    
  -500.000000000000        21.03168    
  -484.375000000000        10.15372    
  -468.750000000000        12.68563    
  -453.125000000000        20.34972    
  -437.500000000000        25.59796    
  -421.875000000000        23.30095    
  -406.250000000000        55.38953    
  -390.625000000000        184.9989    
  -375.000000000000        78.84397    
  -359.375000000000        27.79825    
  -343.750000000000        6.382208    
  -328.125000000000       0.2238947    
  -312.500000000000        22.11337    
  -296.875000000000        20.03584    
  -281.250000000000        9.966187    
  -265.625000000000        17.48714    
  -250.000000000000        31.17006    
  -234.375000000000        23.22426    
  -218.750000000000        52.62423    
  -203.125000000000        215.3416    
  -187.500000000000        239.3594    
  -171.875000000000        80.66113    
  -156.250000000000        40.35654    
  -140.625000000000        35.76970    
  -125.000000000000        36.28783    
  -109.375000000000        15.13023    
  -93.7500000000000        9.708607    
  -78.1250000000000        39.15129    
  -62.5000000000000        26.33222    
  -46.8750000000000        24.57061    
  -31.2500000000000        14.94499    
  -15.6250000000000        49.52032    
  0.000000000000000E+000   10975.19    
   15.6250000000000        52.47755    
   31.2500000000000        20.08867    
   46.8750000000000        29.52433    
   62.5000000000000        22.62964    
   78.1250000000000        39.81881    
   93.7500000000000        10.43084    
   109.375000000000        13.50425    
   125.000000000000        23.75316    
   140.625000000000        27.57021    
   156.250000000000        25.86464    
   171.875000000000        54.15931    
   187.500000000000        173.7261    
   203.125000000000        141.0962    
   218.750000000000        40.03013    
   234.375000000000        13.34952    
   250.000000000000        30.23165    
   265.625000000000        20.06046    
   281.250000000000        14.71988    
   296.875000000000        19.03388    
   312.500000000000        17.51030    
   328.125000000000        12.18422    
   343.750000000000        7.787078    
   359.375000000000        34.62910    
   375.000000000000        84.86301    
   390.625000000000        169.7249    
   406.250000000000        59.22149    
   421.875000000000        27.37418    
   437.500000000000        22.48704    
   453.125000000000        19.64096    
   468.750000000000        14.41791    
   484.375000000000        15.49543    
   500.000000000000        23.89854    
   515.625000000000        33.48259    
   531.250000000000        39.55830    
   546.875000000000        30.97602    
   562.500000000000        80.95280    
   578.125000000000        487.0951    
   593.750000000000        182.6124    
   609.375000000000        85.48210    
   625.000000000000        50.48648    
   640.625000000000        38.28101    
   656.250000000000        40.09863    
   671.875000000000        26.38053    
   687.500000000000        27.15111    
   703.125000000000        39.07611    
   718.750000000000        30.67332    
   734.375000000000        19.90044    
   750.000000000000        25.00484    
   765.625000000000        96.82618    
   781.250000000000        100.5957    
   796.875000000000        18.01217    
   812.500000000000        11.52887    
   828.125000000000        17.86651    
   843.750000000000        7.921846    
   859.375000000000        15.81654    
   875.000000000000        5.742095    
   890.625000000000        12.14438    
   906.250000000000        25.58619    
   921.875000000000        29.35958    
   937.500000000000        17.31837    
   953.125000000000        23.50627    
   968.750000000000        112.8937    
   984.375000000000        14.42411    
   1000.00000000000        9.906777    
   1015.62500000000        4.694632    
   1031.25000000000        15.03030    
   1046.87500000000        2.032160    
   1062.50000000000        6.419870    
   1078.12500000000        17.38612    
   1093.75000000000        29.38829    
   1109.37500000000        22.72741    
   1125.00000000000        17.23140    
   1140.62500000000        20.42579    
   1156.25000000000        88.57951    
   1171.87500000000        69.14851    
   1187.50000000000        24.29640    
   1203.12500000000        22.70286    
   1218.75000000000        4.829269    
   1234.37500000000        11.05752    
   1250.00000000000        31.51707    
   1265.62500000000        7.211986    
   1281.25000000000        16.50756    
   1296.87500000000        23.07043    
   1312.50000000000        5.716208    
   1328.12500000000        9.166530    
   1343.75000000000        5.758403    
   1359.37500000000        20.89562    
   1375.00000000000        16.41640    
   1390.62500000000        2.420305    
   1406.25000000000        4.493165    
   1421.87500000000        11.55564    
   1437.50000000000        11.60188    
   1453.12500000000        8.919016    
   1468.75000000000        6.906984    
   1484.37500000000        12.74659    
   1500.00000000000        19.91286    
   1515.62500000000        10.45512    
   1531.25000000000        8.519118    
   1546.87500000000        57.12433    
   1562.50000000000        17.03716    
   1578.12500000000        11.53606    
   1593.75000000000        7.091275    
   1609.37500000000        8.497517    
   1625.00000000000        4.864019    
   1640.62500000000        14.20515    
   1656.25000000000        6.769709    
   1671.87500000000        16.32182    
   1687.50000000000        9.574125    
   1703.12500000000        6.622225    
   1718.75000000000        9.107565    
   1734.37500000000        11.38500    
   1750.00000000000        10.71313    
   1765.62500000000        11.43479    
   1781.25000000000        10.40445    
   1796.87500000000        1.770546    
   1812.50000000000        8.571284    
   1828.12500000000        14.03258    
   1843.75000000000        6.009929    
   1859.37500000000        13.57031    
   1875.00000000000        11.49169    
   1890.62500000000        17.90135    
   1906.25000000000        6.066065    
   1921.87500000000        20.36250    
   1937.50000000000        13.49771    
   1953.12500000000        8.225001    
   1968.75000000000        15.57038    
   1984.37500000000        4.307793    
