  -2000.00000000000        5.061644    
  -1984.37500000000        2.826819    
  -1968.75000000000        6.239395    
  -1953.12500000000        8.204352    
  -1937.50000000000        10.79409    
  -1921.87500000000        13.58640    
  -1906.25000000000        4.481603    
  -1890.62500000000        9.018981    
  -1875.00000000000        4.494219    
  -1859.37500000000        2.433832    
  -1843.75000000000        3.967996    
  -1828.12500000000        10.00446    
  -1812.50000000000        3.954817    
  -1796.87500000000        3.600606    
  -1781.25000000000        7.852484    
  -1765.62500000000        3.940641    
  -1750.00000000000        22.29711    
  -1734.37500000000        4.972493    
  -1718.75000000000        6.866807    
  -1703.12500000000        2.120585    
  -1687.50000000000        3.499852    
  -1671.87500000000        5.840824    
  -1656.25000000000        3.973472    
  -1640.62500000000        5.553801    
  -1625.00000000000       0.8221133    
  -1609.37500000000        4.881989    
  -1593.75000000000        6.105517    
  -1578.12500000000        10.56986    
  -1562.50000000000        8.440653    
  -1546.87500000000        25.26370    
  -1531.25000000000        6.061437    
  -1515.62500000000        6.580377    
  -1500.00000000000        15.71003    
  -1484.37500000000        7.403801    
  -1468.75000000000        2.457625    
  -1453.12500000000        3.583911    
  -1437.50000000000        3.761744    
  -1421.87500000000        7.744999    
  -1406.25000000000        5.976829    
  -1390.62500000000        5.646167    
  -1375.00000000000        1.027718    
  -1359.37500000000        19.83451    
  -1343.75000000000        7.758770    
  -1328.12500000000        6.059679    
  -1312.50000000000        4.591993    
  -1296.87500000000        13.01847    
  -1281.25000000000        4.469340    
  -1265.62500000000        5.359809    
  -1250.00000000000        22.48637    
  -1234.37500000000        9.431205    
  -1218.75000000000        5.975575    
  -1203.12500000000        15.92690    
  -1187.50000000000        18.39448    
  -1171.87500000000        51.88565    
  -1156.25000000000        49.62783    
  -1140.62500000000        12.16306    
  -1125.00000000000        5.064545    
  -1109.37500000000        10.15509    
  -1093.75000000000        1.929852    
  -1078.12500000000        3.827865    
  -1062.50000000000        2.777141    
  -1046.87500000000        2.436656    
  -1031.25000000000        4.652904    
  -1015.62500000000        3.546225    
  -1000.00000000000        1.659321    
  -984.375000000000        7.272440    
  -968.750000000000        48.93824    
  -953.125000000000        14.55274    
  -937.500000000000        9.399899    
  -921.875000000000        24.20785    
  -906.250000000000        17.18769    
  -890.625000000000        8.194608    
  -875.000000000000        6.506453    
  -859.375000000000        7.001492    
  -843.750000000000        7.075932    
  -828.125000000000        10.36001    
  -812.500000000000        13.50453    
  -796.875000000000        23.43547    
  -781.250000000000        82.28274    
  -765.625000000000        71.08902    
  -750.000000000000        23.60625    
  -734.375000000000        18.47707    
  -718.750000000000        22.35611    
  -703.125000000000        20.34309    
  -687.500000000000        19.80137    
  -671.875000000000        21.61991    
  -656.250000000000        27.18349    
  -640.625000000000        24.56394    
  -625.000000000000        41.03155    
  -609.375000000000        61.60418    
  -593.750000000000        134.5486    
  -578.125000000000        376.3501    
  -562.500000000000        62.67007    
  -546.875000000000        21.65732    
  -531.250000000000        30.90376    
  -515.625000000000        19.95762    
  -500.000000000000        15.85731    
  -484.375000000000        6.421762    
  -468.750000000000        8.951075    
  -453.125000000000        12.48752    
  -437.500000000000        23.13810    
  -421.875000000000        16.37491    
  -406.250000000000        40.72025    
  -390.625000000000        159.2997    
  -375.000000000000        56.25719    
  -359.375000000000        24.53496    
  -343.750000000000        4.782718    
  -328.125000000000        7.187578    
  -312.500000000000        18.23385    
  -296.875000000000        13.31044    
  -281.250000000000        11.73504    
  -265.625000000000        14.90886    
  -250.000000000000        22.47622    
  -234.375000000000        15.41272    
  -218.750000000000        39.43326    
  -203.125000000000        136.7101    
  -187.500000000000        161.5815    
  -171.875000000000        49.96369    
  -156.250000000000        26.41266    
  -140.625000000000        23.35064    
  -125.000000000000        21.83089    
  -109.375000000000        9.004273    
  -93.7500000000000       0.1679377    
  -78.1250000000000        29.39050    
  -62.5000000000000        10.79779    
  -46.8750000000000        20.73667    
  -31.2500000000000        13.93934    
  -15.6250000000000        43.04956    
  0.000000000000000E+000   8688.002    
   15.6250000000000        42.54539    
   31.2500000000000        14.56765    
   46.8750000000000        20.84002    
   62.5000000000000        10.87452    
   78.1250000000000        29.23023    
   93.7500000000000       0.6640812    
   109.375000000000        8.826031    
   125.000000000000        21.92931    
   140.625000000000        23.10577    
   156.250000000000        26.47963    
   171.875000000000        49.40339    
   187.500000000000        160.5376    
   203.125000000000        136.1907    
   218.750000000000        38.45481    
   234.375000000000        15.47169    
   250.000000000000        23.47495    
   265.625000000000        14.71126    
   281.250000000000        11.21167    
   296.875000000000        13.60209    
   312.500000000000        17.66269    
   328.125000000000        6.704397    
   343.750000000000        4.028672    
   359.375000000000        23.54088    
   375.000000000000        56.95415    
   390.625000000000        150.4617    
   406.250000000000        41.10800    
   421.875000000000        17.18836    
   437.500000000000        23.70447    
   453.125000000000        13.07115    
   468.750000000000        9.143055    
   484.375000000000        6.704873    
   500.000000000000        16.58211    
   515.625000000000        20.64369    
   531.250000000000        31.72045    
   546.875000000000        22.66347    
   562.500000000000        65.14275    
   578.125000000000        387.5909    
   593.750000000000        137.2989    
   609.375000000000        63.20061    
   625.000000000000        41.73457    
   640.625000000000        26.59020    
   656.250000000000        28.18333    
   671.875000000000        22.44084    
   687.500000000000        20.74953    
   703.125000000000        20.59575    
   718.750000000000        22.63125    
   734.375000000000        18.71661    
   750.000000000000        23.95552    
   765.625000000000        70.02375    
   781.250000000000        79.42218    
   796.875000000000        22.23156    
   812.500000000000        12.35080    
   828.125000000000        10.50525    
   843.750000000000        6.620939    
   859.375000000000        6.250493    
   875.000000000000        5.861949    
   890.625000000000        8.567489    
   906.250000000000        17.64116    
   921.875000000000        24.60605    
   937.500000000000        9.591082    
   953.125000000000        13.93931    
   968.750000000000        48.10369    
   984.375000000000        7.941865    
   1000.00000000000        1.471811    
   1015.62500000000        3.447881    
   1031.25000000000        4.284302    
   1046.87500000000        1.926270    
   1062.50000000000        2.980161    
   1078.12500000000        3.459450    
   1093.75000000000       0.8401008    
   1109.37500000000        9.705482    
   1125.00000000000        4.381808    
   1140.62500000000        11.35658    
   1156.25000000000        47.87012    
   1171.87500000000        50.31631    
   1187.50000000000        17.80777    
   1203.12500000000        15.22755    
   1218.75000000000        6.749186    
   1234.37500000000        9.073657    
   1250.00000000000        22.72006    
   1265.62500000000        5.664641    
   1281.25000000000        4.091223    
   1296.87500000000        11.95207    
   1312.50000000000        4.824746    
   1328.12500000000        5.709133    
   1343.75000000000        7.200567    
   1359.37500000000        17.00884    
   1375.00000000000        1.607358    
   1390.62500000000        5.612631    
   1406.25000000000        6.420743    
   1421.87500000000        7.925414    
   1437.50000000000        3.328376    
   1453.12500000000        4.035097    
   1468.75000000000        2.773316    
   1484.37500000000        8.335440    
   1500.00000000000        15.28241    
   1515.62500000000        6.981400    
   1531.25000000000        6.569788    
   1546.87500000000        27.79853    
   1562.50000000000        7.377505    
   1578.12500000000        10.47813    
   1593.75000000000        5.757563    
   1609.37500000000        4.647220    
   1625.00000000000       0.8829824    
   1640.62500000000        5.906292    
   1656.25000000000        3.964148    
   1671.87500000000        6.420978    
   1687.50000000000        3.604141    
   1703.12500000000        1.760490    
   1718.75000000000        6.767141    
   1734.37500000000        5.320807    
   1750.00000000000        23.18669    
   1765.62500000000        4.075924    
   1781.25000000000        8.153768    
   1796.87500000000        3.366666    
   1812.50000000000        4.075508    
   1828.12500000000        9.525985    
   1843.75000000000        4.439232    
   1859.37500000000        2.565721    
   1875.00000000000        5.192437    
   1890.62500000000        8.327988    
   1906.25000000000        4.642368    
   1921.87500000000        13.29053    
   1937.50000000000        9.104506    
   1953.12500000000        8.420949    
   1968.75000000000        6.728968    
   1984.37500000000        2.725931    
