  -2000.00000000000        36.37590    
  -1984.37500000000        105.6278    
  -1968.75000000000        41.17344    
  -1953.12500000000        131.6172    
  -1937.50000000000        243.1414    
  -1921.87500000000        61.48191    
  -1906.25000000000        13.83909    
  -1890.62500000000        106.7146    
  -1875.00000000000        104.8583    
  -1859.37500000000        72.05927    
  -1843.75000000000        112.4884    
  -1828.12500000000        68.47270    
  -1812.50000000000        89.84507    
  -1796.87500000000        65.29138    
  -1781.25000000000        31.26618    
  -1765.62500000000        55.43435    
  -1750.00000000000        123.7893    
  -1734.37500000000        120.9503    
  -1718.75000000000        63.00255    
  -1703.12500000000        23.17912    
  -1687.50000000000        88.80974    
  -1671.87500000000        256.4867    
  -1656.25000000000        34.39270    
  -1640.62500000000        66.15796    
  -1625.00000000000        53.32325    
  -1609.37500000000        130.4136    
  -1593.75000000000        50.86082    
  -1578.12500000000        39.82808    
  -1562.50000000000        183.3528    
  -1546.87500000000        307.6043    
  -1531.25000000000        18.30197    
  -1515.62500000000        35.86181    
  -1500.00000000000        61.14588    
  -1484.37500000000        219.7671    
  -1468.75000000000        102.6981    
  -1453.12500000000        66.69617    
  -1437.50000000000        75.77457    
  -1421.87500000000        21.94562    
  -1406.25000000000        28.36090    
  -1390.62500000000        20.41122    
  -1375.00000000000        43.08615    
  -1359.37500000000        261.2776    
  -1343.75000000000        99.74840    
  -1328.12500000000        84.36310    
  -1312.50000000000        16.22922    
  -1296.87500000000        96.94028    
  -1281.25000000000        66.42470    
  -1265.62500000000        28.89495    
  -1250.00000000000        51.26213    
  -1234.37500000000        56.26740    
  -1218.75000000000        8.496539    
  -1203.12500000000        86.43152    
  -1187.50000000000        64.92147    
  -1171.87500000000        252.6745    
  -1156.25000000000        257.0869    
  -1140.62500000000        106.9528    
  -1125.00000000000        50.00909    
  -1109.37500000000        85.83546    
  -1093.75000000000        77.25481    
  -1078.12500000000        31.85089    
  -1062.50000000000        23.11234    
  -1046.87500000000        35.87365    
  -1031.25000000000        60.35225    
  -1015.62500000000        36.19555    
  -1000.00000000000        14.79130    
  -984.375000000000        34.49443    
  -968.750000000000        471.3461    
  -953.125000000000        93.01289    
  -937.500000000000        39.98170    
  -921.875000000000        124.8898    
  -906.250000000000        26.63426    
  -890.625000000000        105.6779    
  -875.000000000000        53.50858    
  -859.375000000000        30.62899    
  -843.750000000000        64.50956    
  -828.125000000000        31.98398    
  -812.500000000000        93.90234    
  -796.875000000000        59.99974    
  -781.250000000000        273.8616    
  -765.625000000000        208.2909    
  -750.000000000000        37.95526    
  -734.375000000000        51.40726    
  -718.750000000000        81.83198    
  -703.125000000000        82.33157    
  -687.500000000000        23.59819    
  -671.875000000000        66.87536    
  -656.250000000000        67.76415    
  -640.625000000000        88.28605    
  -625.000000000000        173.3906    
  -609.375000000000        248.8858    
  -593.750000000000        522.2423    
  -578.125000000000        1592.748    
  -562.500000000000        313.5686    
  -546.875000000000        80.42365    
  -531.250000000000        130.3943    
  -515.625000000000        103.4706    
  -500.000000000000        80.19608    
  -484.375000000000        18.30329    
  -468.750000000000        56.02105    
  -453.125000000000        43.13761    
  -437.500000000000        57.97219    
  -421.875000000000        83.41836    
  -406.250000000000        110.9752    
  -390.625000000000        667.4834    
  -375.000000000000        55.59581    
  -359.375000000000        93.30135    
  -343.750000000000        60.24921    
  -328.125000000000        83.31367    
  -312.500000000000        141.5622    
  -296.875000000000        157.0872    
  -281.250000000000        111.8816    
  -265.625000000000        181.9162    
  -250.000000000000        215.1968    
  -234.375000000000        229.0217    
  -218.750000000000        401.5179    
  -203.125000000000        1349.958    
  -187.500000000000        1662.286    
  -171.875000000000        518.6923    
  -156.250000000000        292.5194    
  -140.625000000000        186.5659    
  -125.000000000000        148.6098    
  -109.375000000000        153.7292    
  -93.7500000000000        115.8434    
  -78.1250000000000        141.3922    
  -62.5000000000000        99.15892    
  -46.8750000000000        76.95596    
  -31.2500000000000        19.20457    
  -15.6250000000000        207.1203    
  0.000000000000000E+000   36463.13    
   15.6250000000000        209.5920    
   31.2500000000000        162.7074    
   46.8750000000000        187.8438    
   62.5000000000000        39.67888    
   78.1250000000000        139.3718    
   93.7500000000000        111.1311    
   109.375000000000        108.0652    
   125.000000000000        145.5385    
   140.625000000000        119.7558    
   156.250000000000        197.9993    
   171.875000000000        296.2856    
   187.500000000000        875.9841    
   203.125000000000        431.6541    
   218.750000000000        272.1708    
   234.375000000000        170.4308    
   250.000000000000        229.3559    
   265.625000000000        70.10581    
   281.250000000000        83.90005    
   296.875000000000        50.98861    
   312.500000000000        87.95676    
   328.125000000000        74.15184    
   343.750000000000        72.75956    
   359.375000000000        141.3460    
   375.000000000000        402.4877    
   390.625000000000        1008.887    
   406.250000000000        208.3957    
   421.875000000000        118.2726    
   437.500000000000        120.1598    
   453.125000000000        78.41940    
   468.750000000000        12.53360    
   484.375000000000        59.51741    
   500.000000000000        85.19975    
   515.625000000000        139.5536    
   531.250000000000        120.0022    
   546.875000000000        151.4111    
   562.500000000000        271.6810    
   578.125000000000        1716.330    
   593.750000000000        660.3205    
   609.375000000000        279.1843    
   625.000000000000        197.3963    
   640.625000000000        130.8971    
   656.250000000000        154.8153    
   671.875000000000        102.3693    
   687.500000000000        118.2725    
   703.125000000000        159.0217    
   718.750000000000        99.53442    
   734.375000000000        119.0602    
   750.000000000000        132.6453    
   765.625000000000        312.2157    
   781.250000000000        471.0849    
   796.875000000000        115.2976    
   812.500000000000        43.60685    
   828.125000000000        37.17588    
   843.750000000000        29.08905    
   859.375000000000        39.41467    
   875.000000000000        41.58623    
   890.625000000000        21.39426    
   906.250000000000        101.9096    
   921.875000000000        78.77734    
   937.500000000000        17.44139    
   953.125000000000        24.70428    
   968.750000000000        226.5263    
   984.375000000000        20.48157    
   1000.00000000000        52.25904    
   1015.62500000000        17.53287    
   1031.25000000000        36.93681    
   1046.87500000000        27.87708    
   1062.50000000000        33.66322    
   1078.12500000000        21.75592    
   1093.75000000000        43.13748    
   1109.37500000000        74.86256    
   1125.00000000000        3.987666    
   1140.62500000000        38.10550    
   1156.25000000000        97.43559    
   1171.87500000000        101.6926    
   1187.50000000000        77.82058    
   1203.12500000000        33.53761    
   1218.75000000000        27.85098    
   1234.37500000000        54.42361    
   1250.00000000000        107.7103    
   1265.62500000000        30.50281    
   1281.25000000000        55.45234    
   1296.87500000000        66.23795    
   1312.50000000000        20.25888    
   1328.12500000000        48.68152    
   1343.75000000000        67.70608    
   1359.37500000000        53.84915    
   1375.00000000000        4.303133    
   1390.62500000000        62.02829    
   1406.25000000000        19.48402    
   1421.87500000000        44.99781    
   1437.50000000000        17.62397    
   1453.12500000000        52.84402    
   1468.75000000000        48.36644    
   1484.37500000000        119.8919    
   1500.00000000000        56.18652    
   1515.62500000000        90.82654    
   1531.25000000000        33.46667    
   1546.87500000000        139.2818    
   1562.50000000000        45.19502    
   1578.12500000000        20.36894    
   1593.75000000000        27.63194    
   1609.37500000000        43.03072    
   1625.00000000000        1.226431    
   1640.62500000000        44.42161    
   1656.25000000000        29.26435    
   1671.87500000000        258.9338    
   1687.50000000000        97.79742    
   1703.12500000000        49.52261    
   1718.75000000000        71.02805    
   1734.37500000000        58.35597    
   1750.00000000000        112.2461    
   1765.62500000000        21.73083    
   1781.25000000000        16.50887    
   1796.87500000000        37.23693    
   1812.50000000000        4.884845    
   1828.12500000000        21.53725    
   1843.75000000000        90.05169    
   1859.37500000000        67.40504    
   1875.00000000000        118.3951    
   1890.62500000000        24.35776    
   1906.25000000000        93.32352    
   1921.87500000000        52.98925    
   1937.50000000000        142.6094    
   1953.12500000000        76.52599    
   1968.75000000000        47.19613    
   1984.37500000000        87.52661    
