  -4000.00000000000        252.8090    
  -3968.75000000000        462.7043    
  -3937.50000000000        643.7839    
  -3906.25000000000        312.9969    
  -3875.00000000000        442.1322    
  -3843.75000000000        449.7121    
  -3812.50000000000        368.0481    
  -3781.25000000000        466.3694    
  -3750.00000000000        307.4614    
  -3718.75000000000        392.0215    
  -3687.50000000000        371.2305    
  -3656.25000000000        457.5208    
  -3625.00000000000        219.4255    
  -3593.75000000000        289.9762    
  -3562.50000000000        306.3353    
  -3531.25000000000        95.98777    
  -3500.00000000000        380.2925    
  -3468.75000000000        285.6637    
  -3437.50000000000        185.9084    
  -3406.25000000000        558.7734    
  -3375.00000000000        169.9150    
  -3343.75000000000        150.3398    
  -3312.50000000000        342.6290    
  -3281.25000000000        275.7222    
  -3250.00000000000        239.6922    
  -3218.75000000000        295.1394    
  -3187.50000000000        124.8447    
  -3156.25000000000        328.8397    
  -3125.00000000000        191.8710    
  -3093.75000000000        257.7331    
  -3062.50000000000        310.0945    
  -3031.25000000000        226.1570    
  -3000.00000000000        119.4126    
  -2968.75000000000        167.0584    
  -2937.50000000000        241.1340    
  -2906.25000000000        42.01812    
  -2875.00000000000        148.1190    
  -2843.75000000000        66.04238    
  -2812.50000000000        178.3129    
  -2781.25000000000        68.06480    
  -2750.00000000000        116.2903    
  -2718.75000000000        103.8131    
  -2687.50000000000        168.7060    
  -2656.25000000000        44.19869    
  -2625.00000000000        42.35725    
  -2593.75000000000        117.2142    
  -2562.50000000000        81.48241    
  -2531.25000000000        45.40303    
  -2500.00000000000        182.7771    
  -2468.75000000000        29.53559    
  -2437.50000000000        118.0914    
  -2406.25000000000        65.43162    
  -2375.00000000000        43.88335    
  -2343.75000000000        182.4695    
  -2312.50000000000        103.1486    
  -2281.25000000000        23.68999    
  -2250.00000000000        79.73070    
  -2218.75000000000        102.3251    
  -2187.50000000000        158.1653    
  -2156.25000000000        121.3823    
  -2125.00000000000        102.8728    
  -2093.75000000000        114.5066    
  -2062.50000000000        81.16142    
  -2031.25000000000        23.87572    
  -2000.00000000000        46.62130    
  -1968.75000000000        87.97047    
  -1937.50000000000        61.52420    
  -1906.25000000000        55.45716    
  -1875.00000000000        115.3036    
  -1843.75000000000        126.2752    
  -1812.50000000000        380.8045    
  -1781.25000000000        404.6431    
  -1750.00000000000        215.8984    
  -1718.75000000000        164.1192    
  -1687.50000000000        227.8589    
  -1656.25000000000        222.0210    
  -1625.00000000000        137.7286    
  -1593.75000000000        66.48549    
  -1562.50000000000        273.0898    
  -1531.25000000000        156.7208    
  -1500.00000000000        56.15638    
  -1468.75000000000        90.19107    
  -1437.50000000000        69.85897    
  -1406.25000000000        103.5659    
  -1375.00000000000        195.9726    
  -1343.75000000000        147.5338    
  -1312.50000000000        110.7402    
  -1281.25000000000        83.94448    
  -1250.00000000000        300.8952    
  -1218.75000000000        53.94928    
  -1187.50000000000        67.02815    
  -1156.25000000000        198.1963    
  -1125.00000000000        76.11666    
  -1093.75000000000        127.5350    
  -1062.50000000000        219.9593    
  -1031.25000000000        94.62418    
  -1000.00000000000        77.75056    
  -968.750000000000        103.3804    
  -937.500000000000        26.11792    
  -906.250000000000        191.8078    
  -875.000000000000        128.6208    
  -843.750000000000        173.5778    
  -812.500000000000        298.7657    
  -781.250000000000        398.3873    
  -750.000000000000        250.1095    
  -718.750000000000        319.8809    
  -687.500000000000        300.4364    
  -656.250000000000        543.3147    
  -625.000000000000        43.37348    
  -593.750000000000        407.9747    
  -562.500000000000        140.2978    
  -531.250000000000        244.1597    
  -500.000000000000        382.2233    
  -468.750000000000        123.0574    
  -437.500000000000        321.1979    
  -406.250000000000        408.1128    
  -375.000000000000        878.6209    
  -343.750000000000        1369.337    
  -312.500000000000        722.9789    
  -281.250000000000        1020.888    
  -250.000000000000        483.6576    
  -218.750000000000        119.3568    
  -187.500000000000        499.6878    
  -156.250000000000        1739.227    
  -125.000000000000        1644.412    
  -93.7500000000000        616.5810    
  -62.5000000000000        1633.075    
  -31.2500000000000        3079.330    
  0.000000000000000E+000   8767.544    
   31.2500000000000        2988.911    
   62.5000000000000        1813.958    
   93.7500000000000        667.1341    
   125.000000000000        1794.727    
   156.250000000000        1869.257    
   187.500000000000        478.2031    
   218.750000000000        11.17680    
   250.000000000000        512.4907    
   281.250000000000        886.2952    
   312.500000000000        700.1440    
   343.750000000000        1289.132    
   375.000000000000        782.1362    
   406.250000000000        354.3549    
   437.500000000000        246.3345    
   468.750000000000        89.08504    
   500.000000000000        397.7336    
   531.250000000000        300.2068    
   562.500000000000        163.2856    
   593.750000000000        423.8963    
   625.000000000000        57.48448    
   656.250000000000        528.7081    
   687.500000000000        308.0097    
   718.750000000000        354.1013    
   750.000000000000        282.0192    
   781.250000000000        364.6996    
   812.500000000000        283.7946    
   843.750000000000        158.8983    
   875.000000000000        106.2875    
   906.250000000000        244.4265    
   937.500000000000        21.51002    
   968.750000000000        114.3314    
   1000.00000000000        147.6061    
   1031.25000000000        103.7402    
   1062.50000000000        216.9399    
   1093.75000000000        117.7881    
   1125.00000000000        61.92456    
   1156.25000000000        206.0650    
   1187.50000000000        53.57143    
   1218.75000000000        86.04854    
   1250.00000000000        308.2675    
   1281.25000000000        91.73042    
   1312.50000000000        112.5694    
   1343.75000000000        147.3795    
   1375.00000000000        151.8945    
   1406.25000000000        116.5122    
   1437.50000000000        53.62488    
   1468.75000000000        100.7524    
   1500.00000000000        64.20827    
   1531.25000000000        139.7237    
   1562.50000000000        255.3457    
   1593.75000000000        52.97520    
   1625.00000000000        132.2791    
   1656.25000000000        217.8488    
   1687.50000000000        191.7169    
   1718.75000000000        122.8007    
   1750.00000000000        189.9916    
   1781.25000000000        373.6559    
   1812.50000000000        281.7571    
   1843.75000000000        104.6939    
   1875.00000000000        103.4579    
   1906.25000000000        34.91522    
   1937.50000000000        62.92393    
   1968.75000000000        93.01073    
   2000.00000000000        36.16064    
   2031.25000000000        49.73155    
   2062.50000000000        84.80164    
   2093.75000000000        106.8075    
   2125.00000000000        94.50076    
   2156.25000000000        175.5343    
   2187.50000000000        116.8205    
   2218.75000000000        99.03796    
   2250.00000000000        64.34717    
   2281.25000000000        49.69222    
   2312.50000000000        117.7475    
   2343.75000000000        193.1834    
   2375.00000000000        54.30922    
   2406.25000000000        73.99158    
   2437.50000000000        123.4830    
   2468.75000000000        7.684305    
   2500.00000000000        193.7382    
   2531.25000000000        36.41752    
   2562.50000000000        87.24183    
   2593.75000000000        127.1290    
   2625.00000000000        73.70715    
   2656.25000000000        64.55170    
   2687.50000000000        216.8577    
   2718.75000000000        80.44865    
   2750.00000000000        79.85433    
   2781.25000000000        50.11469    
   2812.50000000000        209.3158    
   2843.75000000000        67.58695    
   2875.00000000000        174.7675    
   2906.25000000000        43.60587    
   2937.50000000000        267.0411    
   2968.75000000000        136.9605    
   3000.00000000000        140.0426    
   3031.25000000000        233.3814    
   3062.50000000000        287.2566    
   3093.75000000000        256.9140    
   3125.00000000000        166.8197    
   3156.25000000000        290.6064    
   3187.50000000000        143.3688    
   3218.75000000000        317.9933    
   3250.00000000000        278.6491    
   3281.25000000000        314.0367    
   3312.50000000000        270.8983    
   3343.75000000000        177.3936    
   3375.00000000000        184.8406    
   3406.25000000000        534.2366    
   3437.50000000000        179.2683    
   3468.75000000000        358.8361    
   3500.00000000000        341.8408    
   3531.25000000000        84.37702    
   3562.50000000000        333.5637    
   3593.75000000000        236.5264    
   3625.00000000000        193.0440    
   3656.25000000000        449.0432    
   3687.50000000000        370.5549    
   3718.75000000000        413.4742    
   3750.00000000000        263.9572    
   3781.25000000000        523.9093    
   3812.50000000000        354.3201    
   3843.75000000000        491.0664    
   3875.00000000000        395.7202    
   3906.25000000000        313.5782    
   3937.50000000000        569.8618    
   3968.75000000000        483.9567    
