  -4000.00000000000        197.9265    
  -3968.75000000000        364.3598    
  -3937.50000000000        462.4632    
  -3906.25000000000        223.3569    
  -3875.00000000000        332.7072    
  -3843.75000000000        370.8919    
  -3812.50000000000        267.4836    
  -3781.25000000000        386.4436    
  -3750.00000000000        240.8546    
  -3718.75000000000        303.8485    
  -3687.50000000000        279.3117    
  -3656.25000000000        335.6754    
  -3625.00000000000        162.1739    
  -3593.75000000000        214.7463    
  -3562.50000000000        238.3310    
  -3531.25000000000        86.57555    
  -3500.00000000000        275.2781    
  -3468.75000000000        246.9044    
  -3437.50000000000        154.4640    
  -3406.25000000000        423.7953    
  -3375.00000000000        125.7441    
  -3343.75000000000        120.8346    
  -3312.50000000000        235.1007    
  -3281.25000000000        214.0239    
  -3250.00000000000        185.1317    
  -3218.75000000000        226.1986    
  -3187.50000000000        100.4384    
  -3156.25000000000        239.1796    
  -3125.00000000000        145.6983    
  -3093.75000000000        193.6284    
  -3062.50000000000        224.6545    
  -3031.25000000000        174.4360    
  -3000.00000000000        110.8844    
  -2968.75000000000        110.2039    
  -2937.50000000000        195.9516    
  -2906.25000000000        27.31332    
  -2875.00000000000        128.6412    
  -2843.75000000000        54.59338    
  -2812.50000000000        141.1225    
  -2781.25000000000        48.89601    
  -2750.00000000000        72.15337    
  -2718.75000000000        70.78928    
  -2687.50000000000        134.4991    
  -2656.25000000000        54.55686    
  -2625.00000000000        27.79088    
  -2593.75000000000        93.57762    
  -2562.50000000000        62.73928    
  -2531.25000000000        17.87577    
  -2500.00000000000        139.0576    
  -2468.75000000000        13.34731    
  -2437.50000000000        91.66004    
  -2406.25000000000        53.56030    
  -2375.00000000000        21.61525    
  -2343.75000000000        140.5845    
  -2312.50000000000        84.50467    
  -2281.25000000000        41.87928    
  -2250.00000000000        49.04544    
  -2218.75000000000        72.68984    
  -2187.50000000000        100.1939    
  -2156.25000000000        106.4955    
  -2125.00000000000        64.91401    
  -2093.75000000000        89.64698    
  -2062.50000000000        61.32367    
  -2031.25000000000        19.80778    
  -2000.00000000000        48.51085    
  -1968.75000000000        70.46418    
  -1937.50000000000        50.72630    
  -1906.25000000000        38.47729    
  -1875.00000000000        84.04635    
  -1843.75000000000        96.28369    
  -1812.50000000000        241.7917    
  -1781.25000000000        293.0051    
  -1750.00000000000        150.1511    
  -1718.75000000000        103.8080    
  -1687.50000000000        149.9411    
  -1656.25000000000        169.3490    
  -1625.00000000000        99.72263    
  -1593.75000000000        51.08738    
  -1562.50000000000        197.6620    
  -1531.25000000000        115.9134    
  -1500.00000000000        34.14250    
  -1468.75000000000        75.17385    
  -1437.50000000000        46.47036    
  -1406.25000000000        82.34914    
  -1375.00000000000        130.2969    
  -1343.75000000000        108.5610    
  -1312.50000000000        84.42903    
  -1281.25000000000        69.17185    
  -1250.00000000000        224.4047    
  -1218.75000000000        39.60382    
  -1187.50000000000        38.01530    
  -1156.25000000000        143.8078    
  -1125.00000000000        30.04344    
  -1093.75000000000        82.70934    
  -1062.50000000000        160.1792    
  -1031.25000000000        77.83952    
  -1000.00000000000        90.25802    
  -968.750000000000        87.32944    
  -937.500000000000        36.02588    
  -906.250000000000        167.3477    
  -875.000000000000        85.04662    
  -843.750000000000        115.2914    
  -812.500000000000        217.2425    
  -781.250000000000        282.3895    
  -750.000000000000        209.5492    
  -718.750000000000        263.4017    
  -687.500000000000        224.8961    
  -656.250000000000        414.2067    
  -625.000000000000        33.00700    
  -593.750000000000        305.2411    
  -562.500000000000        119.7474    
  -531.250000000000        201.0054    
  -500.000000000000        310.6429    
  -468.750000000000        77.09516    
  -437.500000000000        239.7038    
  -406.250000000000        290.0756    
  -375.000000000000        666.2192    
  -343.750000000000        1058.642    
  -312.500000000000        545.9133    
  -281.250000000000        750.4471    
  -250.000000000000        377.3392    
  -218.750000000000        43.25368    
  -187.500000000000        357.6263    
  -156.250000000000        1360.787    
  -125.000000000000        1324.557    
  -93.7500000000000        471.7297    
  -62.5000000000000        1313.109    
  -31.2500000000000        2316.613    
  0.000000000000000E+000   5737.227    
   31.2500000000000        2293.465    
   62.5000000000000        1333.455    
   93.7500000000000        479.1740    
   125.000000000000        1339.221    
   156.250000000000        1363.748    
   187.500000000000        358.2713    
   218.750000000000        31.77292    
   250.000000000000        381.3175    
   281.250000000000        746.8928    
   312.500000000000        544.6477    
   343.750000000000        1050.907    
   375.000000000000        640.5514    
   406.250000000000        280.2094    
   437.500000000000        231.5748    
   468.750000000000        65.83311    
   500.000000000000        299.2344    
   531.250000000000        193.5696    
   562.500000000000        122.6701    
   593.750000000000        310.5588    
   625.000000000000        37.62885    
   656.250000000000        411.0250    
   687.500000000000        229.1646    
   718.750000000000        272.8713    
   750.000000000000        212.2052    
   781.250000000000        275.8798    
   812.500000000000        218.0293    
   843.750000000000        118.8057    
   875.000000000000        85.77746    
   906.250000000000        165.0950    
   937.500000000000        36.24881    
   968.750000000000        95.63919    
   1000.00000000000        87.05368    
   1031.25000000000        72.64543    
   1062.50000000000        163.5661    
   1093.75000000000        82.89572    
   1125.00000000000        37.62917    
   1156.25000000000        146.1899    
   1187.50000000000        36.84923    
   1218.75000000000        40.28634    
   1250.00000000000        225.5852    
   1281.25000000000        75.60985    
   1312.50000000000        80.92496    
   1343.75000000000        107.3553    
   1375.00000000000        135.9484    
   1406.25000000000        80.00898    
   1437.50000000000        40.25511    
   1468.75000000000        68.94629    
   1500.00000000000        37.40897    
   1531.25000000000        118.3173    
   1562.50000000000        205.5097    
   1593.75000000000        56.62221    
   1625.00000000000        101.7254    
   1656.25000000000        159.3264    
   1687.50000000000        139.5140    
   1718.75000000000        99.72862    
   1750.00000000000        145.6906    
   1781.25000000000        292.0650    
   1812.50000000000        244.4128    
   1843.75000000000        93.22722    
   1875.00000000000        77.85307    
   1906.25000000000        40.33569    
   1937.50000000000        49.36496    
   1968.75000000000        69.26648    
   2000.00000000000        36.92397    
   2031.25000000000        20.80375    
   2062.50000000000        60.50651    
   2093.75000000000        82.30949    
   2125.00000000000        61.81715    
   2156.25000000000        107.7273    
   2187.50000000000        107.0812    
   2218.75000000000        68.65217    
   2250.00000000000        55.28624    
   2281.25000000000        36.53218    
   2312.50000000000        82.20325    
   2343.75000000000        142.8182    
   2375.00000000000        24.80911    
   2406.25000000000        45.83649    
   2437.50000000000        95.36383    
   2468.75000000000        11.21410    
   2500.00000000000        142.1320    
   2531.25000000000        16.25805    
   2562.50000000000        64.88061    
   2593.75000000000        93.50623    
   2625.00000000000        31.09385    
   2656.25000000000        52.08514    
   2687.50000000000        135.9420    
   2718.75000000000        69.87977    
   2750.00000000000        64.43215    
   2781.25000000000        45.94061    
   2812.50000000000        138.0951    
   2843.75000000000        61.05023    
   2875.00000000000        131.1470    
   2906.25000000000        26.81943    
   2937.50000000000        199.8581    
   2968.75000000000        108.3131    
   3000.00000000000        111.6438    
   3031.25000000000        177.2223    
   3062.50000000000        220.4374    
   3093.75000000000        195.8814    
   3125.00000000000        135.2325    
   3156.25000000000        239.8974    
   3187.50000000000        99.91348    
   3218.75000000000        229.4534    
   3250.00000000000        189.1736    
   3281.25000000000        219.6128    
   3312.50000000000        230.0471    
   3343.75000000000        125.7377    
   3375.00000000000        133.3031    
   3406.25000000000        427.0637    
   3437.50000000000        146.0298    
   3468.75000000000        259.0669    
   3500.00000000000        267.0627    
   3531.25000000000        86.85970    
   3562.50000000000        243.0813    
   3593.75000000000        209.6112    
   3625.00000000000        154.1431    
   3656.25000000000        337.7525    
   3687.50000000000        278.8368    
   3718.75000000000        302.2410    
   3750.00000000000        236.1764    
   3781.25000000000        400.2144    
   3812.50000000000        261.5341    
   3843.75000000000        371.9067    
   3875.00000000000        326.5952    
   3906.25000000000        215.6192    
   3937.50000000000        462.7253    
   3968.75000000000        368.1929    
