  -2000.00000000000        5.010054    
  -1984.37500000000        3.933599    
  -1968.75000000000        7.100911    
  -1953.12500000000        7.782042    
  -1937.50000000000        13.99615    
  -1921.87500000000        13.03110    
  -1906.25000000000        4.665523    
  -1890.62500000000        9.072816    
  -1875.00000000000        3.787052    
  -1859.37500000000        3.209410    
  -1843.75000000000        4.918015    
  -1828.12500000000        10.36090    
  -1812.50000000000        5.119908    
  -1796.87500000000        6.054554    
  -1781.25000000000        8.996863    
  -1765.62500000000        5.663963    
  -1750.00000000000        26.69452    
  -1734.37500000000        5.200579    
  -1718.75000000000        7.948311    
  -1703.12500000000        1.814239    
  -1687.50000000000        3.893092    
  -1671.87500000000        10.43877    
  -1656.25000000000        4.513409    
  -1640.62500000000        5.880967    
  -1625.00000000000        1.690636    
  -1609.37500000000        4.230009    
  -1593.75000000000        7.550444    
  -1578.12500000000        8.825781    
  -1562.50000000000        9.129786    
  -1546.87500000000        29.28098    
  -1531.25000000000        8.003876    
  -1515.62500000000        7.284677    
  -1500.00000000000        15.77970    
  -1484.37500000000        5.220981    
  -1468.75000000000        3.738412    
  -1453.12500000000        3.955560    
  -1437.50000000000        2.944051    
  -1421.87500000000        7.433345    
  -1406.25000000000        7.673262    
  -1390.62500000000        6.656169    
  -1375.00000000000        1.849728    
  -1359.37500000000        20.69560    
  -1343.75000000000        6.156198    
  -1328.12500000000        7.300313    
  -1312.50000000000        4.923537    
  -1296.87500000000        13.42424    
  -1281.25000000000        8.260199    
  -1265.62500000000        5.053890    
  -1250.00000000000        23.29439    
  -1234.37500000000        9.013689    
  -1218.75000000000        5.199687    
  -1203.12500000000        15.53607    
  -1187.50000000000        17.14800    
  -1171.87500000000        49.36042    
  -1156.25000000000        44.18960    
  -1140.62500000000        10.25918    
  -1125.00000000000        4.450733    
  -1109.37500000000        8.543449    
  -1093.75000000000        2.157758    
  -1078.12500000000        2.818915    
  -1062.50000000000        3.038163    
  -1046.87500000000        2.643208    
  -1031.25000000000        5.145918    
  -1015.62500000000        4.101199    
  -1000.00000000000        2.182210    
  -984.375000000000        8.885090    
  -968.750000000000        55.62186    
  -953.125000000000        15.64163    
  -937.500000000000        9.167802    
  -921.875000000000        25.17452    
  -906.250000000000        16.59699    
  -890.625000000000        8.751780    
  -875.000000000000        6.992311    
  -859.375000000000        7.209549    
  -843.750000000000        7.059285    
  -828.125000000000        9.726214    
  -812.500000000000        12.31091    
  -796.875000000000        21.34671    
  -781.250000000000        74.20480    
  -765.625000000000        64.25275    
  -750.000000000000        21.36437    
  -734.375000000000        16.41973    
  -718.750000000000        21.18971    
  -703.125000000000        19.92790    
  -687.500000000000        19.66112    
  -671.875000000000        22.38320    
  -656.250000000000        27.14524    
  -640.625000000000        24.56750    
  -625.000000000000        42.01765    
  -609.375000000000        62.84808    
  -593.750000000000        136.9010    
  -578.125000000000        389.8484    
  -562.500000000000        67.18223    
  -546.875000000000        22.65092    
  -531.250000000000        32.90900    
  -515.625000000000        21.38763    
  -500.000000000000        16.91071    
  -484.375000000000        6.814440    
  -468.750000000000        9.857066    
  -453.125000000000        13.63092    
  -437.500000000000        22.55968    
  -421.875000000000        17.08390    
  -406.250000000000        41.57336    
  -390.625000000000        146.0511    
  -375.000000000000        54.18784    
  -359.375000000000        23.15486    
  -343.750000000000        3.400192    
  -328.125000000000        8.610283    
  -312.500000000000        18.96012    
  -296.875000000000        15.65846    
  -281.250000000000        11.91278    
  -265.625000000000        17.33768    
  -250.000000000000        23.89670    
  -234.375000000000        18.57194    
  -218.750000000000        43.31692    
  -203.125000000000        157.2286    
  -187.500000000000        185.4835    
  -171.875000000000        57.39138    
  -156.250000000000        30.65848    
  -140.625000000000        25.97457    
  -125.000000000000        23.20372    
  -109.375000000000        11.80302    
  -93.7500000000000        2.213594    
  -78.1250000000000        30.11468    
  -62.5000000000000        12.78750    
  -46.8750000000000        19.61551    
  -31.2500000000000        12.83571    
  -15.6250000000000        44.37918    
  0.000000000000000E+000   9047.271    
   15.6250000000000        44.35754    
   31.2500000000000        16.06862    
   46.8750000000000        23.20153    
   62.5000000000000        10.26269    
   78.1250000000000        30.20780    
   93.7500000000000        2.527747    
   109.375000000000        8.354656    
   125.000000000000        20.90859    
   140.625000000000        22.47763    
   156.250000000000        24.45819    
   171.875000000000        46.07182    
   187.500000000000        147.3217    
   203.125000000000        126.4920    
   218.750000000000        36.39464    
   234.375000000000        14.27734    
   250.000000000000        23.24251    
   265.625000000000        12.82183    
   281.250000000000        11.58770    
   296.875000000000        13.22007    
   312.500000000000        18.52006    
   328.125000000000        7.057423    
   343.750000000000        4.113237    
   359.375000000000        23.70480    
   375.000000000000        59.27614    
   390.625000000000        157.8342    
   406.250000000000        42.81482    
   421.875000000000        17.88328    
   437.500000000000        23.70141    
   453.125000000000        13.57097    
   468.750000000000        8.848331    
   484.375000000000        7.910893    
   500.000000000000        17.53836    
   515.625000000000        20.98799    
   531.250000000000        31.75074    
   546.875000000000        23.66678    
   562.500000000000        64.44433    
   578.125000000000        386.2923    
   593.750000000000        139.3554    
   609.375000000000        62.14333    
   625.000000000000        41.55974    
   640.625000000000        25.58285    
   656.250000000000        27.51781    
   671.875000000000        22.40212    
   687.500000000000        20.60017    
   703.125000000000        19.83697    
   718.750000000000        22.61968    
   734.375000000000        18.00389    
   750.000000000000        22.97715    
   765.625000000000        66.45095    
   781.250000000000        72.32819    
   796.875000000000        20.75937    
   812.500000000000        12.42494    
   828.125000000000        11.17572    
   843.750000000000        6.023237    
   859.375000000000        5.806083    
   875.000000000000        5.771916    
   890.625000000000        7.978904    
   906.250000000000        17.19948    
   921.875000000000        25.17595    
   937.500000000000        9.532597    
   953.125000000000        15.04485    
   968.750000000000        62.78353    
   984.375000000000        10.31009    
   1000.00000000000        1.876525    
   1015.62500000000        3.569041    
   1031.25000000000        1.436617    
   1046.87500000000        1.363279    
   1062.50000000000        4.034017    
   1078.12500000000        4.270907    
   1093.75000000000        1.869609    
   1109.37500000000        9.031891    
   1125.00000000000        5.062828    
   1140.62500000000        12.83562    
   1156.25000000000        49.80781    
   1171.87500000000        52.15244    
   1187.50000000000        18.15623    
   1203.12500000000        15.33162    
   1218.75000000000        6.184526    
   1234.37500000000        9.329292    
   1250.00000000000        22.73514    
   1265.62500000000        5.196998    
   1281.25000000000        4.059932    
   1296.87500000000        12.88758    
   1312.50000000000        6.208759    
   1328.12500000000        6.161793    
   1343.75000000000        9.269567    
   1359.37500000000        16.09021    
   1375.00000000000        1.003364    
   1390.62500000000        5.335672    
   1406.25000000000        7.087811    
   1421.87500000000        8.058398    
   1437.50000000000        3.516433    
   1453.12500000000        3.549180    
   1468.75000000000        1.102786    
   1484.37500000000        9.491696    
   1500.00000000000        16.55536    
   1515.62500000000        7.853574    
   1531.25000000000        7.744804    
   1546.87500000000        31.51273    
   1562.50000000000        9.398909    
   1578.12500000000        10.27197    
   1593.75000000000        6.545112    
   1609.37500000000        6.493063    
   1625.00000000000        1.142569    
   1640.62500000000        6.590460    
   1656.25000000000        3.464077    
   1671.87500000000        12.29085    
   1687.50000000000        2.943662    
   1703.12500000000        1.822361    
   1718.75000000000        6.684342    
   1734.37500000000        5.388291    
   1750.00000000000        23.23515    
   1765.62500000000        4.053469    
   1781.25000000000        8.009247    
   1796.87500000000        3.267886    
   1812.50000000000        2.236186    
   1828.12500000000        9.104139    
   1843.75000000000        4.131524    
   1859.37500000000        2.411674    
   1875.00000000000        7.404112    
   1890.62500000000        8.300273    
   1906.25000000000        4.151024    
   1921.87500000000        15.12519    
   1937.50000000000        17.52132    
   1953.12500000000        8.987700    
   1968.75000000000        6.675082    
   1984.37500000000        3.917305    
