  -2000.00000000000        5.204381    
  -1984.37500000000        2.805440    
  -1968.75000000000        6.563465    
  -1953.12500000000        8.496799    
  -1937.50000000000        9.100998    
  -1921.87500000000        13.27843    
  -1906.25000000000        4.588585    
  -1890.62500000000        9.061254    
  -1875.00000000000        4.392690    
  -1859.37500000000        2.915787    
  -1843.75000000000        4.422936    
  -1828.12500000000        9.968947    
  -1812.50000000000        3.849541    
  -1796.87500000000        3.545489    
  -1781.25000000000        7.951799    
  -1765.62500000000        4.275566    
  -1750.00000000000        22.95471    
  -1734.37500000000        5.405761    
  -1718.75000000000        6.404621    
  -1703.12500000000        1.467704    
  -1687.50000000000        3.882763    
  -1671.87500000000        5.491681    
  -1656.25000000000        4.090406    
  -1640.62500000000        6.128891    
  -1625.00000000000       0.9847415    
  -1609.37500000000        4.521941    
  -1593.75000000000        5.880568    
  -1578.12500000000        10.91227    
  -1562.50000000000        8.434415    
  -1546.87500000000        25.61215    
  -1531.25000000000        6.377308    
  -1515.62500000000        6.561018    
  -1500.00000000000        15.65584    
  -1484.37500000000        8.056262    
  -1468.75000000000        2.280639    
  -1453.12500000000        3.768966    
  -1437.50000000000        3.110307    
  -1421.87500000000        7.728575    
  -1406.25000000000        6.345113    
  -1390.62500000000        5.286527    
  -1375.00000000000        1.455898    
  -1359.37500000000        19.07276    
  -1343.75000000000        6.803855    
  -1328.12500000000        5.553676    
  -1312.50000000000        4.211676    
  -1296.87500000000        13.31668    
  -1281.25000000000        5.264026    
  -1265.62500000000        6.100941    
  -1250.00000000000        23.06575    
  -1234.37500000000        9.640818    
  -1218.75000000000        6.394577    
  -1203.12500000000        15.86876    
  -1187.50000000000        18.43365    
  -1171.87500000000        52.01424    
  -1156.25000000000        49.45822    
  -1140.62500000000        12.06591    
  -1125.00000000000        4.748518    
  -1109.37500000000        8.620368    
  -1093.75000000000       0.9971787    
  -1078.12500000000        3.833879    
  -1062.50000000000        2.909633    
  -1046.87500000000        1.946869    
  -1031.25000000000        3.939603    
  -1015.62500000000        4.145738    
  -1000.00000000000       0.9540433    
  -984.375000000000        8.328577    
  -968.750000000000        58.44096    
  -953.125000000000        14.30927    
  -937.500000000000        9.698135    
  -921.875000000000        24.67441    
  -906.250000000000        17.29726    
  -890.625000000000        7.144899    
  -875.000000000000        5.732811    
  -859.375000000000        5.987530    
  -843.750000000000        5.869524    
  -828.125000000000        10.49673    
  -812.500000000000        11.07952    
  -796.875000000000        18.78959    
  -781.250000000000        65.72567    
  -765.625000000000        61.59031    
  -750.000000000000        20.33825    
  -734.375000000000        16.39198    
  -718.750000000000        22.12928    
  -703.125000000000        19.41614    
  -687.500000000000        19.53404    
  -671.875000000000        21.45499    
  -656.250000000000        27.08226    
  -640.625000000000        23.84557    
  -625.000000000000        41.93012    
  -609.375000000000        62.90230    
  -593.750000000000        136.4238    
  -578.125000000000        384.8004    
  -562.500000000000        64.75623    
  -546.875000000000        22.89773    
  -531.250000000000        32.00607    
  -515.625000000000        20.68588    
  -500.000000000000        16.42779    
  -484.375000000000        6.863644    
  -468.750000000000        8.806822    
  -453.125000000000        13.12707    
  -437.500000000000        21.23668    
  -421.875000000000        15.68471    
  -406.250000000000        38.48200    
  -390.625000000000        154.6141    
  -375.000000000000        51.91470    
  -359.375000000000        24.26475    
  -343.750000000000        5.244258    
  -328.125000000000        8.726570    
  -312.500000000000        19.04702    
  -296.875000000000        14.94035    
  -281.250000000000        11.90264    
  -265.625000000000        16.54626    
  -250.000000000000        22.81467    
  -234.375000000000        17.26943    
  -218.750000000000        41.37091    
  -203.125000000000        145.6955    
  -187.500000000000        170.1527    
  -171.875000000000        51.71068    
  -156.250000000000        27.35904    
  -140.625000000000        23.60887    
  -125.000000000000        21.54222    
  -109.375000000000        9.818411    
  -93.7500000000000       0.8360873    
  -78.1250000000000        28.57960    
  -62.5000000000000        10.62056    
  -46.8750000000000        19.60577    
  -31.2500000000000        13.48906    
  -15.6250000000000        42.10124    
  0.000000000000000E+000   8764.379    
   15.6250000000000        42.36632    
   31.2500000000000        14.83654    
   46.8750000000000        21.18609    
   62.5000000000000        9.957581    
   78.1250000000000        28.52877    
   93.7500000000000        1.639662    
   109.375000000000        7.669214    
   125.000000000000        20.30666    
   140.625000000000        21.37612    
   156.250000000000        23.66227    
   171.875000000000        44.62590    
   187.500000000000        145.3067    
   203.125000000000        125.9996    
   218.750000000000        35.89239    
   234.375000000000        13.43875    
   250.000000000000        23.67424    
   265.625000000000        13.43726    
   281.250000000000        10.91732    
   296.875000000000        12.28293    
   312.500000000000        18.13130    
   328.125000000000        6.396073    
   343.750000000000        4.700499    
   359.375000000000        24.30567    
   375.000000000000        58.20874    
   390.625000000000        160.4142    
   406.250000000000        42.04003    
   421.875000000000        17.31445    
   437.500000000000        23.26931    
   453.125000000000        13.44824    
   468.750000000000        8.725639    
   484.375000000000        7.266782    
   500.000000000000        16.95951    
   515.625000000000        20.55914    
   531.250000000000        31.20830    
   546.875000000000        23.01491    
   562.500000000000        64.08720    
   578.125000000000        383.6822    
   593.750000000000        136.7615    
   609.375000000000        62.59124    
   625.000000000000        41.55536    
   640.625000000000        25.05841    
   656.250000000000        27.42919    
   671.875000000000        21.81615    
   687.500000000000        20.14002    
   703.125000000000        19.73568    
   718.750000000000        21.84496    
   734.375000000000        17.96777    
   750.000000000000        22.51151    
   765.625000000000        67.56880    
   781.250000000000        75.36275    
   796.875000000000        21.36596    
   812.500000000000        12.43729    
   828.125000000000        10.15923    
   843.750000000000        6.536630    
   859.375000000000        6.283184    
   875.000000000000        6.098235    
   890.625000000000        7.719309    
   906.250000000000        17.29026    
   921.875000000000        24.71633    
   937.500000000000        9.740382    
   953.125000000000        13.74642    
   968.750000000000        46.71951    
   984.375000000000        7.335184    
   1000.00000000000        1.579543    
   1015.62500000000        3.377764    
   1031.25000000000        3.785967    
   1046.87500000000        2.680507    
   1062.50000000000        2.641993    
   1078.12500000000        3.630976    
   1093.75000000000        1.537827    
   1109.37500000000        9.255642    
   1125.00000000000        4.192236    
   1140.62500000000        11.49889    
   1156.25000000000        47.76635    
   1171.87500000000        50.59990    
   1187.50000000000        18.11574    
   1203.12500000000        15.48690    
   1218.75000000000        5.772363    
   1234.37500000000        9.045967    
   1250.00000000000        22.69382    
   1265.62500000000        5.550027    
   1281.25000000000        3.744514    
   1296.87500000000        13.08136    
   1312.50000000000        4.127367    
   1328.12500000000        5.652472    
   1343.75000000000        7.432637    
   1359.37500000000        18.50965    
   1375.00000000000        1.212713    
   1390.62500000000        5.572313    
   1406.25000000000        5.994190    
   1421.87500000000        8.119162    
   1437.50000000000        3.808325    
   1453.12500000000        4.142017    
   1468.75000000000        2.480483    
   1484.37500000000        8.171488    
   1500.00000000000        15.91797    
   1515.62500000000        7.221033    
   1531.25000000000        6.836963    
   1546.87500000000        29.45061    
   1562.50000000000        7.985822    
   1578.12500000000        10.38221    
   1593.75000000000        5.964086    
   1609.37500000000        4.092851    
   1625.00000000000       0.7344893    
   1640.62500000000        5.301195    
   1656.25000000000        3.792731    
   1671.87500000000        6.412252    
   1687.50000000000        3.636566    
   1703.12500000000        2.006679    
   1718.75000000000        6.788939    
   1734.37500000000        4.975001    
   1750.00000000000        21.89690    
   1765.62500000000        3.695000    
   1781.25000000000        7.789181    
   1796.87500000000        2.767681    
   1812.50000000000        3.970192    
   1828.12500000000        9.833969    
   1843.75000000000        3.918773    
   1859.37500000000        1.793912    
   1875.00000000000        5.541715    
   1890.62500000000        8.519134    
   1906.25000000000        4.683603    
   1921.87500000000        13.56852    
   1937.50000000000        9.129813    
   1953.12500000000        7.901210    
   1968.75000000000        5.718705    
   1984.37500000000        2.754595    
