  -4000.00000000000        224.2650    
  -3968.75000000000        395.4609    
  -3937.50000000000        517.0961    
  -3906.25000000000        241.8954    
  -3875.00000000000        367.7365    
  -3843.75000000000        403.8647    
  -3812.50000000000        295.8150    
  -3781.25000000000        417.4160    
  -3750.00000000000        260.6878    
  -3718.75000000000        322.3083    
  -3687.50000000000        309.5687    
  -3656.25000000000        375.3839    
  -3625.00000000000        171.0876    
  -3593.75000000000        253.2639    
  -3562.50000000000        261.5626    
  -3531.25000000000        95.13830    
  -3500.00000000000        307.8937    
  -3468.75000000000        265.5034    
  -3437.50000000000        166.2995    
  -3406.25000000000        465.3720    
  -3375.00000000000        145.7455    
  -3343.75000000000        133.6569    
  -3312.50000000000        263.0273    
  -3281.25000000000        236.1831    
  -3250.00000000000        194.2804    
  -3218.75000000000        242.5056    
  -3187.50000000000        107.4712    
  -3156.25000000000        268.1787    
  -3125.00000000000        169.3502    
  -3093.75000000000        208.5446    
  -3062.50000000000        238.9161    
  -3031.25000000000        179.4880    
  -3000.00000000000        121.8004    
  -2968.75000000000        127.3051    
  -2937.50000000000        218.7776    
  -2906.25000000000        26.82861    
  -2875.00000000000        141.4408    
  -2843.75000000000        68.81049    
  -2812.50000000000        157.1080    
  -2781.25000000000        55.91986    
  -2750.00000000000        73.54112    
  -2718.75000000000        81.96450    
  -2687.50000000000        144.0126    
  -2656.25000000000        66.73421    
  -2625.00000000000        36.31324    
  -2593.75000000000        106.0206    
  -2562.50000000000        64.73851    
  -2531.25000000000        35.16453    
  -2500.00000000000        154.2734    
  -2468.75000000000        19.93391    
  -2437.50000000000        104.9735    
  -2406.25000000000        61.65675    
  -2375.00000000000        16.99404    
  -2343.75000000000        136.9569    
  -2312.50000000000        97.73294    
  -2281.25000000000        37.39015    
  -2250.00000000000        56.81458    
  -2218.75000000000        79.80231    
  -2187.50000000000        112.9138    
  -2156.25000000000        117.1290    
  -2125.00000000000        69.89827    
  -2093.75000000000        96.84698    
  -2062.50000000000        73.03471    
  -2031.25000000000        19.52412    
  -2000.00000000000        49.78901    
  -1968.75000000000        84.96944    
  -1937.50000000000        44.45718    
  -1906.25000000000        32.27776    
  -1875.00000000000        93.07929    
  -1843.75000000000        104.2910    
  -1812.50000000000        282.5144    
  -1781.25000000000        339.0851    
  -1750.00000000000        168.0357    
  -1718.75000000000        116.9381    
  -1687.50000000000        159.5993    
  -1656.25000000000        195.9654    
  -1625.00000000000        108.4196    
  -1593.75000000000        74.14350    
  -1562.50000000000        218.3472    
  -1531.25000000000        126.4674    
  -1500.00000000000        47.78461    
  -1468.75000000000        79.65076    
  -1437.50000000000        51.50069    
  -1406.25000000000        83.42578    
  -1375.00000000000        137.0778    
  -1343.75000000000        120.4681    
  -1312.50000000000        93.96359    
  -1281.25000000000        90.15473    
  -1250.00000000000        240.6997    
  -1218.75000000000        46.78014    
  -1187.50000000000        46.17340    
  -1156.25000000000        154.8997    
  -1125.00000000000        39.71040    
  -1093.75000000000        95.79387    
  -1062.50000000000        190.3430    
  -1031.25000000000        79.78710    
  -1000.00000000000        97.78000    
  -968.750000000000        91.29317    
  -937.500000000000        40.12222    
  -906.250000000000        175.7254    
  -875.000000000000        92.18917    
  -843.750000000000        140.0524    
  -812.500000000000        231.6356    
  -781.250000000000        304.2081    
  -750.000000000000        227.4968    
  -718.750000000000        287.5964    
  -687.500000000000        259.3533    
  -656.250000000000        442.9265    
  -625.000000000000        42.99863    
  -593.750000000000        324.3101    
  -562.500000000000        138.3993    
  -531.250000000000        208.0934    
  -500.000000000000        329.1935    
  -468.750000000000        90.90820    
  -437.500000000000        274.5211    
  -406.250000000000        320.3474    
  -375.000000000000        717.5276    
  -343.750000000000        1172.337    
  -312.500000000000        613.5972    
  -281.250000000000        850.3296    
  -250.000000000000        432.7990    
  -218.750000000000        63.72934    
  -187.500000000000        389.6528    
  -156.250000000000        1464.564    
  -125.000000000000        1431.903    
  -93.7500000000000        514.2705    
  -62.5000000000000        1408.443    
  -31.2500000000000        2578.415    
  0.000000000000000E+000   6646.272    
   31.2500000000000        2512.136    
   62.5000000000000        1477.820    
   93.7500000000000        551.7888    
   125.000000000000        1493.855    
   156.250000000000        1533.801    
   187.500000000000        404.2249    
   218.750000000000        11.12289    
   250.000000000000        410.4168    
   281.250000000000        791.9072    
   312.500000000000        586.8069    
   343.750000000000        1135.174    
   375.000000000000        689.6154    
   406.250000000000        301.6172    
   437.500000000000        225.9201    
   468.750000000000        79.24760    
   500.000000000000        337.8315    
   531.250000000000        218.0171    
   562.500000000000        146.7956    
   593.750000000000        345.1649    
   625.000000000000        37.28941    
   656.250000000000        454.8654    
   687.500000000000        259.8891    
   718.750000000000        304.1891    
   750.000000000000        230.3198    
   781.250000000000        305.9037    
   812.500000000000        237.4522    
   843.750000000000        126.6202    
   875.000000000000        100.1883    
   906.250000000000        176.1958    
   937.500000000000        30.90711    
   968.750000000000        115.1650    
   1000.00000000000        112.6885    
   1031.25000000000        79.94720    
   1062.50000000000        176.6268    
   1093.75000000000        94.78332    
   1125.00000000000        38.94501    
   1156.25000000000        161.6202    
   1187.50000000000        44.77118    
   1218.75000000000        41.63184    
   1250.00000000000        256.0641    
   1281.25000000000        71.52464    
   1312.50000000000        91.82157    
   1343.75000000000        124.3697    
   1375.00000000000        143.6045    
   1406.25000000000        96.38113    
   1437.50000000000        51.07491    
   1468.75000000000        72.72593    
   1500.00000000000        47.07949    
   1531.25000000000        115.4960    
   1562.50000000000        219.4265    
   1593.75000000000        54.92193    
   1625.00000000000        112.7227    
   1656.25000000000        172.6537    
   1687.50000000000        156.6786    
   1718.75000000000        108.4705    
   1750.00000000000        154.6963    
   1781.25000000000        314.5947    
   1812.50000000000        254.0416    
   1843.75000000000        98.04942    
   1875.00000000000        81.33366    
   1906.25000000000        38.97311    
   1937.50000000000        51.58694    
   1968.75000000000        69.90163    
   2000.00000000000        58.12614    
   2031.25000000000        14.67852    
   2062.50000000000        75.79449    
   2093.75000000000        96.42093    
   2125.00000000000        61.05407    
   2156.25000000000        117.4438    
   2187.50000000000        116.6768    
   2218.75000000000        76.15363    
   2250.00000000000        49.64044    
   2281.25000000000        57.02906    
   2312.50000000000        91.72839    
   2343.75000000000        165.4145    
   2375.00000000000        26.05214    
   2406.25000000000        56.13890    
   2437.50000000000        112.3197    
   2468.75000000000        10.25177    
   2500.00000000000        146.4648    
   2531.25000000000        24.98394    
   2562.50000000000        66.27331    
   2593.75000000000        100.6134    
   2625.00000000000        34.33529    
   2656.25000000000        69.37521    
   2687.50000000000        157.4350    
   2718.75000000000        74.44057    
   2750.00000000000        79.22097    
   2781.25000000000        40.54481    
   2812.50000000000        158.1085    
   2843.75000000000        71.21825    
   2875.00000000000        154.3238    
   2906.25000000000        25.15731    
   2937.50000000000        224.2232    
   2968.75000000000        116.5153    
   3000.00000000000        117.6611    
   3031.25000000000        199.0421    
   3062.50000000000        242.8571    
   3093.75000000000        205.4098    
   3125.00000000000        154.3060    
   3156.25000000000        268.4418    
   3187.50000000000        125.6374    
   3218.75000000000        257.5105    
   3250.00000000000        222.7110    
   3281.25000000000        247.9776    
   3312.50000000000        247.4104    
   3343.75000000000        135.6752    
   3375.00000000000        138.9455    
   3406.25000000000        461.0625    
   3437.50000000000        166.7538    
   3468.75000000000        299.5699    
   3500.00000000000        292.9743    
   3531.25000000000        91.21813    
   3562.50000000000        268.1717    
   3593.75000000000        221.1042    
   3625.00000000000        168.7634    
   3656.25000000000        375.6909    
   3687.50000000000        305.0575    
   3718.75000000000        332.1367    
   3750.00000000000        249.2706    
   3781.25000000000        445.1826    
   3812.50000000000        286.6302    
   3843.75000000000        415.9510    
   3875.00000000000        361.1418    
   3906.25000000000        231.7898    
   3937.50000000000        495.7384    
   3968.75000000000        404.4750    
