  -2000.00000000000        15.85182    
  -1984.37500000000        49.76445    
  -1968.75000000000        10.60288    
  -1953.12500000000        33.40350    
  -1937.50000000000        113.2484    
  -1921.87500000000        46.86595    
  -1906.25000000000        26.64206    
  -1890.62500000000        112.4100    
  -1875.00000000000        89.92925    
  -1859.37500000000        87.51631    
  -1843.75000000000        27.19308    
  -1828.12500000000        79.34174    
  -1812.50000000000        43.81225    
  -1796.87500000000        67.49990    
  -1781.25000000000        69.12022    
  -1765.62500000000        37.13456    
  -1750.00000000000        120.7586    
  -1734.37500000000        73.36775    
  -1718.75000000000        53.89368    
  -1703.12500000000        22.06853    
  -1687.50000000000        51.15654    
  -1671.87500000000        154.9034    
  -1656.25000000000        51.33524    
  -1640.62500000000        25.75430    
  -1625.00000000000        36.17513    
  -1609.37500000000        24.82952    
  -1593.75000000000        16.83683    
  -1578.12500000000        78.73120    
  -1562.50000000000        82.56204    
  -1546.87500000000        227.1516    
  -1531.25000000000        107.5587    
  -1515.62500000000        49.09289    
  -1500.00000000000        157.1904    
  -1484.37500000000        35.09182    
  -1468.75000000000        27.72051    
  -1453.12500000000        16.55887    
  -1437.50000000000        71.37003    
  -1421.87500000000        90.83156    
  -1406.25000000000        38.99438    
  -1390.62500000000        27.93235    
  -1375.00000000000        59.21415    
  -1359.37500000000        227.1940    
  -1343.75000000000        123.1652    
  -1328.12500000000        53.78241    
  -1312.50000000000        71.72773    
  -1296.87500000000        120.0696    
  -1281.25000000000        154.9530    
  -1265.62500000000        81.19430    
  -1250.00000000000        172.1025    
  -1234.37500000000        87.39388    
  -1218.75000000000        115.1667    
  -1203.12500000000        142.6468    
  -1187.50000000000        224.2367    
  -1171.87500000000        614.9944    
  -1156.25000000000        527.8728    
  -1140.62500000000        28.46160    
  -1125.00000000000        87.11817    
  -1109.37500000000        70.37323    
  -1093.75000000000        39.34884    
  -1078.12500000000        104.6378    
  -1062.50000000000        2.165641    
  -1046.87500000000        87.76790    
  -1031.25000000000        75.39355    
  -1015.62500000000        106.7600    
  -1000.00000000000        66.96727    
  -984.375000000000        44.16524    
  -968.750000000000        473.1598    
  -953.125000000000        105.5764    
  -937.500000000000        76.74988    
  -921.875000000000        129.0519    
  -906.250000000000        122.0004    
  -890.625000000000        39.31865    
  -875.000000000000        35.08880    
  -859.375000000000        33.66271    
  -843.750000000000        27.74058    
  -828.125000000000        165.7184    
  -812.500000000000        120.4359    
  -796.875000000000        230.7058    
  -781.250000000000        503.7795    
  -765.625000000000        430.6104    
  -750.000000000000        191.6364    
  -734.375000000000        147.8132    
  -718.750000000000        120.7648    
  -703.125000000000        206.2569    
  -687.500000000000        130.1230    
  -671.875000000000        169.3968    
  -656.250000000000        157.2363    
  -640.625000000000        182.1927    
  -625.000000000000        358.8220    
  -609.375000000000        470.6789    
  -593.750000000000        755.8872    
  -578.125000000000        2329.298    
  -562.500000000000        431.3522    
  -546.875000000000        131.7084    
  -531.250000000000        154.5468    
  -515.625000000000        200.5945    
  -500.000000000000        81.60176    
  -484.375000000000        53.31704    
  -468.750000000000        75.77567    
  -453.125000000000        81.20132    
  -437.500000000000        119.4642    
  -421.875000000000        119.7456    
  -406.250000000000        90.77766    
  -390.625000000000        1068.872    
  -375.000000000000        54.06898    
  -359.375000000000        125.6808    
  -343.750000000000        76.29002    
  -328.125000000000        65.49025    
  -312.500000000000        195.7890    
  -296.875000000000        223.1556    
  -281.250000000000        132.4773    
  -265.625000000000        371.5456    
  -250.000000000000        372.5821    
  -234.375000000000        369.8174    
  -218.750000000000        584.6020    
  -203.125000000000        1972.771    
  -187.500000000000        2598.264    
  -171.875000000000        843.5428    
  -156.250000000000        483.7739    
  -140.625000000000        299.7252    
  -125.000000000000        374.3572    
  -109.375000000000        281.8418    
  -93.7500000000000        217.9689    
  -78.1250000000000        222.1479    
  -62.5000000000000        137.7358    
  -46.8750000000000        128.1834    
  -31.2500000000000        103.7314    
  -15.6250000000000        223.9173    
  0.000000000000000E+000   45486.02    
   15.6250000000000        288.1077    
   31.2500000000000        182.6136    
   46.8750000000000        283.8479    
   62.5000000000000        133.0665    
   78.1250000000000        131.2193    
   93.7500000000000        170.7852    
   109.375000000000        198.6188    
   125.000000000000        251.8624    
   140.625000000000        204.6806    
   156.250000000000        367.0256    
   171.875000000000        508.6966    
   187.500000000000        1476.873    
   203.125000000000        788.9471    
   218.750000000000        456.4297    
   234.375000000000        296.4769    
   250.000000000000        395.4630    
   265.625000000000        96.70473    
   281.250000000000        123.0346    
   296.875000000000        57.70580    
   312.500000000000        122.2470    
   328.125000000000        123.4542    
   343.750000000000        143.8247    
   359.375000000000        230.3189    
   375.000000000000        559.4091    
   390.625000000000        1630.116    
   406.250000000000        284.5971    
   421.875000000000        186.5311    
   437.500000000000        285.4072    
   453.125000000000        57.95121    
   468.750000000000        77.00636    
   484.375000000000        99.47407    
   500.000000000000        134.3754    
   515.625000000000        119.0840    
   531.250000000000        177.4485    
   546.875000000000        234.5329    
   562.500000000000        355.8795    
   578.125000000000        2573.072    
   593.750000000000        1073.869    
   609.375000000000        435.1269    
   625.000000000000        275.1493    
   640.625000000000        232.3627    
   656.250000000000        259.1704    
   671.875000000000        222.1454    
   687.500000000000        237.3681    
   703.125000000000        191.9955    
   718.750000000000        231.3572    
   734.375000000000        349.5850    
   750.000000000000        346.3122    
   765.625000000000        1025.693    
   781.250000000000        1239.442    
   796.875000000000        362.1226    
   812.500000000000        221.0984    
   828.125000000000        30.69475    
   843.750000000000        214.9338    
   859.375000000000        63.39944    
   875.000000000000        65.41136    
   890.625000000000        79.74653    
   906.250000000000        167.0452    
   921.875000000000        86.31019    
   937.500000000000        36.70677    
   953.125000000000        136.1447    
   968.750000000000        683.6539    
   984.375000000000        41.18394    
   1000.00000000000        32.91480    
   1015.62500000000        66.14838    
   1031.25000000000        88.56124    
   1046.87500000000        58.15068    
   1062.50000000000        18.18520    
   1078.12500000000        99.17265    
   1093.75000000000        121.0414    
   1109.37500000000        210.0975    
   1125.00000000000        125.2041    
   1140.62500000000        272.5376    
   1156.25000000000        766.3698    
   1171.87500000000        498.3948    
   1187.50000000000        172.0689    
   1203.12500000000        70.62938    
   1218.75000000000        26.41715    
   1234.37500000000        42.17003    
   1250.00000000000        170.1203    
   1265.62500000000        45.67652    
   1281.25000000000        62.25932    
   1296.87500000000        5.499838    
   1312.50000000000        58.63928    
   1328.12500000000        86.99396    
   1343.75000000000        93.58927    
   1359.37500000000        333.7888    
   1375.00000000000        57.14325    
   1390.62500000000        78.69825    
   1406.25000000000        23.29581    
   1421.87500000000        104.6400    
   1437.50000000000        20.86679    
   1453.12500000000        37.91668    
   1468.75000000000        67.63340    
   1484.37500000000        74.22077    
   1500.00000000000        125.2993    
   1515.62500000000        76.94276    
   1531.25000000000        37.45315    
   1546.87500000000        204.9609    
   1562.50000000000        30.41870    
   1578.12500000000        86.19068    
   1593.75000000000        30.72902    
   1609.37500000000        11.88357    
   1625.00000000000        5.976569    
   1640.62500000000        56.76448    
   1656.25000000000        15.53347    
   1671.87500000000        117.5927    
   1687.50000000000        81.59329    
   1703.12500000000        11.10031    
   1718.75000000000        50.46249    
   1734.37500000000        28.20573    
   1750.00000000000        142.3410    
   1765.62500000000        53.32305    
   1781.25000000000        57.62141    
   1796.87500000000        54.47417    
   1812.50000000000        88.06223    
   1828.12500000000        105.8417    
   1843.75000000000        36.55418    
   1859.37500000000        53.15911    
   1875.00000000000        100.7724    
   1890.62500000000        44.43624    
   1906.25000000000        58.53650    
   1921.87500000000        66.67417    
   1937.50000000000        70.08271    
   1953.12500000000        76.42644    
   1968.75000000000        73.74463    
   1984.37500000000        26.43211    
