  -4000.00000000000        283.1560    
  -3968.75000000000        528.6293    
  -3937.50000000000        649.7791    
  -3906.25000000000        310.4213    
  -3875.00000000000        467.3279    
  -3843.75000000000        502.2985    
  -3812.50000000000        369.0975    
  -3781.25000000000        503.1302    
  -3750.00000000000        335.9909    
  -3718.75000000000        400.8373    
  -3687.50000000000        407.9481    
  -3656.25000000000        444.5031    
  -3625.00000000000        227.0857    
  -3593.75000000000        329.6085    
  -3562.50000000000        300.5424    
  -3531.25000000000        107.2489    
  -3500.00000000000        406.8518    
  -3468.75000000000        277.7758    
  -3437.50000000000        174.6319    
  -3406.25000000000        630.3108    
  -3375.00000000000        180.1991    
  -3343.75000000000        191.8083    
  -3312.50000000000        327.3417    
  -3281.25000000000        275.9878    
  -3250.00000000000        237.7939    
  -3218.75000000000        306.6777    
  -3187.50000000000        115.8356    
  -3156.25000000000        333.7203    
  -3125.00000000000        247.1673    
  -3093.75000000000        271.7608    
  -3062.50000000000        314.8351    
  -3031.25000000000        209.6587    
  -3000.00000000000        164.8106    
  -2968.75000000000        176.5670    
  -2937.50000000000        263.5971    
  -2906.25000000000        43.49190    
  -2875.00000000000        156.3916    
  -2843.75000000000        76.08272    
  -2812.50000000000        189.1927    
  -2781.25000000000        76.83617    
  -2750.00000000000        79.88203    
  -2718.75000000000        110.9761    
  -2687.50000000000        170.4468    
  -2656.25000000000        76.32018    
  -2625.00000000000        25.59249    
  -2593.75000000000        120.7176    
  -2562.50000000000        79.38387    
  -2531.25000000000        39.28917    
  -2500.00000000000        188.4978    
  -2468.75000000000        34.59378    
  -2437.50000000000        119.9608    
  -2406.25000000000        45.84787    
  -2375.00000000000        25.92405    
  -2343.75000000000        160.8208    
  -2312.50000000000        137.2939    
  -2281.25000000000        36.17933    
  -2250.00000000000        85.15851    
  -2218.75000000000        87.86612    
  -2187.50000000000        143.3712    
  -2156.25000000000        135.8389    
  -2125.00000000000        95.31152    
  -2093.75000000000        109.5536    
  -2062.50000000000        89.38100    
  -2031.25000000000        28.87530    
  -2000.00000000000        69.96858    
  -1968.75000000000        84.82754    
  -1937.50000000000        67.16181    
  -1906.25000000000        15.52799    
  -1875.00000000000        88.03008    
  -1843.75000000000        142.8833    
  -1812.50000000000        397.4177    
  -1781.25000000000        423.0842    
  -1750.00000000000        191.1003    
  -1718.75000000000        151.5676    
  -1687.50000000000        206.4757    
  -1656.25000000000        246.2284    
  -1625.00000000000        153.6365    
  -1593.75000000000        89.39853    
  -1562.50000000000        265.5377    
  -1531.25000000000        188.9372    
  -1500.00000000000        62.65627    
  -1468.75000000000        95.73989    
  -1437.50000000000        69.79063    
  -1406.25000000000        102.3373    
  -1375.00000000000        193.3006    
  -1343.75000000000        129.0716    
  -1312.50000000000        123.4686    
  -1281.25000000000        83.68049    
  -1250.00000000000        316.4423    
  -1218.75000000000        57.19373    
  -1187.50000000000        66.12369    
  -1156.25000000000        194.0370    
  -1125.00000000000        44.93217    
  -1093.75000000000        127.7040    
  -1062.50000000000        233.9165    
  -1031.25000000000        97.73354    
  -1000.00000000000        102.9944    
  -968.750000000000        106.8041    
  -937.500000000000        58.09864    
  -906.250000000000        217.5258    
  -875.000000000000        112.1766    
  -843.750000000000        184.2099    
  -812.500000000000        245.4581    
  -781.250000000000        380.8220    
  -750.000000000000        292.1674    
  -718.750000000000        340.8364    
  -687.500000000000        346.5013    
  -656.250000000000        542.5554    
  -625.000000000000        45.12607    
  -593.750000000000        388.4250    
  -562.500000000000        123.6754    
  -531.250000000000        252.4803    
  -500.000000000000        434.4698    
  -468.750000000000        106.9634    
  -437.500000000000        325.8895    
  -406.250000000000        402.2828    
  -375.000000000000        929.8149    
  -343.750000000000        1510.169    
  -312.500000000000        766.2582    
  -281.250000000000        1130.845    
  -250.000000000000        557.2831    
  -218.750000000000        144.2518    
  -187.500000000000        471.0481    
  -156.250000000000        1801.394    
  -125.000000000000        1734.525    
  -93.7500000000000        686.9036    
  -62.5000000000000        1768.420    
  -31.2500000000000        3267.601    
  0.000000000000000E+000   9416.012    
   31.2500000000000        3181.792    
   62.5000000000000        1900.870    
   93.7500000000000        686.1270    
   125.000000000000        1910.089    
   156.250000000000        1912.045    
   187.500000000000        470.5476    
   218.750000000000        54.39172    
   250.000000000000        472.6059    
   281.250000000000        998.0401    
   312.500000000000        732.2619    
   343.750000000000        1406.469    
   375.000000000000        849.1482    
   406.250000000000        389.9371    
   437.500000000000        256.8448    
   468.750000000000        73.56799    
   500.000000000000        421.9395    
   531.250000000000        326.4320    
   562.500000000000        128.2987    
   593.750000000000        475.1878    
   625.000000000000        59.63543    
   656.250000000000        580.4993    
   687.500000000000        321.9708    
   718.750000000000        347.5899    
   750.000000000000        320.2849    
   781.250000000000        358.7601    
   812.500000000000        320.3990    
   843.750000000000        167.0453    
   875.000000000000        120.2478    
   906.250000000000        241.7545    
   937.500000000000        52.82627    
   968.750000000000        124.4895    
   1000.00000000000        145.9843    
   1031.25000000000        93.45031    
   1062.50000000000        213.1005    
   1093.75000000000        104.6583    
   1125.00000000000        52.15160    
   1156.25000000000        184.2198    
   1187.50000000000        47.31956    
   1218.75000000000        82.25517    
   1250.00000000000        296.7597    
   1281.25000000000        78.85720    
   1312.50000000000        114.2237    
   1343.75000000000        174.6249    
   1375.00000000000        175.0415    
   1406.25000000000        99.95683    
   1437.50000000000        49.35682    
   1468.75000000000        119.8091    
   1500.00000000000        48.06319    
   1531.25000000000        169.3646    
   1562.50000000000        244.2991    
   1593.75000000000        74.78963    
   1625.00000000000        109.6499    
   1656.25000000000        209.3721    
   1687.50000000000        177.0555    
   1718.75000000000        116.7113    
   1750.00000000000        181.3454    
   1781.25000000000        365.5191    
   1812.50000000000        308.3692    
   1843.75000000000        136.9746    
   1875.00000000000        120.9062    
   1906.25000000000        14.26153    
   1937.50000000000        31.60692    
   1968.75000000000        84.57244    
   2000.00000000000        65.24846    
   2031.25000000000        39.70813    
   2062.50000000000        82.27340    
   2093.75000000000        106.8827    
   2125.00000000000        100.5095    
   2156.25000000000        153.5884    
   2187.50000000000        135.2936    
   2218.75000000000        90.49179    
   2250.00000000000        65.18681    
   2281.25000000000        66.46320    
   2312.50000000000        125.2437    
   2343.75000000000        231.4213    
   2375.00000000000        35.21367    
   2406.25000000000        70.48517    
   2437.50000000000        135.8865    
   2468.75000000000        17.17692    
   2500.00000000000        222.2851    
   2531.25000000000        35.14167    
   2562.50000000000        97.87696    
   2593.75000000000        129.8709    
   2625.00000000000        50.58273    
   2656.25000000000        54.05611    
   2687.50000000000        190.8192    
   2718.75000000000        125.6658    
   2750.00000000000        65.07391    
   2781.25000000000        53.86024    
   2812.50000000000        211.7887    
   2843.75000000000        73.84326    
   2875.00000000000        208.2225    
   2906.25000000000        31.53775    
   2937.50000000000        292.9789    
   2968.75000000000        123.8451    
   3000.00000000000        166.2144    
   3031.25000000000        257.0190    
   3062.50000000000        300.4822    
   3093.75000000000        226.5487    
   3125.00000000000        205.6459    
   3156.25000000000        310.1110    
   3187.50000000000        151.2542    
   3218.75000000000        324.3897    
   3250.00000000000        271.0672    
   3281.25000000000        338.3470    
   3312.50000000000        290.7086    
   3343.75000000000        168.7324    
   3375.00000000000        200.0945    
   3406.25000000000        580.8545    
   3437.50000000000        200.4100    
   3468.75000000000        375.7643    
   3500.00000000000        350.9847    
   3531.25000000000        138.5947    
   3562.50000000000        349.8165    
   3593.75000000000        260.8147    
   3625.00000000000        209.9553    
   3656.25000000000        493.0754    
   3687.50000000000        375.0773    
   3718.75000000000        418.6012    
   3750.00000000000        304.6969    
   3781.25000000000        616.6848    
   3812.50000000000        346.3358    
   3843.75000000000        540.0314    
   3875.00000000000        460.2533    
   3906.25000000000        302.2111    
   3937.50000000000        607.8860    
   3968.75000000000        501.2366    
