  -2000.00000000000        61.04976    
  -1984.37500000000        59.61269    
  -1968.75000000000        33.29118    
  -1953.12500000000        137.9541    
  -1937.50000000000        303.5177    
  -1921.87500000000        85.81258    
  -1906.25000000000        215.8785    
  -1890.62500000000        147.2090    
  -1875.00000000000        110.4713    
  -1859.37500000000        198.4746    
  -1843.75000000000        69.94307    
  -1828.12500000000        82.37679    
  -1812.50000000000        183.6766    
  -1796.87500000000        83.61157    
  -1781.25000000000        80.51047    
  -1765.62500000000        24.96647    
  -1750.00000000000        247.0520    
  -1734.37500000000        77.87843    
  -1718.75000000000        182.3761    
  -1703.12500000000        127.6710    
  -1687.50000000000        111.7430    
  -1671.87500000000        90.67030    
  -1656.25000000000        95.67287    
  -1640.62500000000        67.99446    
  -1625.00000000000        22.93559    
  -1609.37500000000        169.7568    
  -1593.75000000000        29.25587    
  -1578.12500000000        266.3999    
  -1562.50000000000        276.0039    
  -1546.87500000000        623.5305    
  -1531.25000000000        309.0665    
  -1515.62500000000        81.52234    
  -1500.00000000000        140.7743    
  -1484.37500000000        87.86882    
  -1468.75000000000        155.9300    
  -1453.12500000000        141.4842    
  -1437.50000000000        99.46419    
  -1421.87500000000        271.3109    
  -1406.25000000000        56.48347    
  -1390.62500000000        239.2993    
  -1375.00000000000        8.137480    
  -1359.37500000000        952.4833    
  -1343.75000000000        167.1953    
  -1328.12500000000        165.1425    
  -1312.50000000000        31.06870    
  -1296.87500000000        240.4239    
  -1281.25000000000        248.4397    
  -1265.62500000000        101.1367    
  -1250.00000000000        334.4543    
  -1234.37500000000        217.6428    
  -1218.75000000000        101.7125    
  -1203.12500000000        372.6595    
  -1187.50000000000        164.9073    
  -1171.87500000000        921.5916    
  -1156.25000000000        1095.222    
  -1140.62500000000        199.5911    
  -1125.00000000000        282.9505    
  -1109.37500000000        99.65419    
  -1093.75000000000        400.7051    
  -1078.12500000000        49.97042    
  -1062.50000000000        270.7189    
  -1046.87500000000        95.01273    
  -1031.25000000000        187.9810    
  -1015.62500000000        207.3331    
  -1000.00000000000        87.80769    
  -984.375000000000        203.7106    
  -968.750000000000        2260.463    
  -953.125000000000        475.6358    
  -937.500000000000        112.5735    
  -921.875000000000        517.5840    
  -906.250000000000        320.8483    
  -890.625000000000        115.9684    
  -875.000000000000        175.4218    
  -859.375000000000        389.7120    
  -843.750000000000        28.26950    
  -828.125000000000        373.8992    
  -812.500000000000        398.5516    
  -796.875000000000        247.3148    
  -781.250000000000        1701.296    
  -765.625000000000        1161.072    
  -750.000000000000        559.3709    
  -734.375000000000        580.4620    
  -718.750000000000        246.2476    
  -703.125000000000        356.3103    
  -687.500000000000        541.9021    
  -671.875000000000        592.8710    
  -656.250000000000        553.8952    
  -640.625000000000        475.4780    
  -625.000000000000        1067.731    
  -609.375000000000        1152.128    
  -593.750000000000        2536.591    
  -578.125000000000        8844.651    
  -562.500000000000        1346.326    
  -546.875000000000        1039.575    
  -531.250000000000        654.2600    
  -515.625000000000        651.6574    
  -500.000000000000        645.3298    
  -484.375000000000        415.8932    
  -468.750000000000        452.9987    
  -453.125000000000        373.0123    
  -437.500000000000        751.1135    
  -421.875000000000        1133.898    
  -406.250000000000        1011.822    
  -390.625000000000        11765.80    
  -375.000000000000        2671.732    
  -359.375000000000        1674.813    
  -343.750000000000        1397.963    
  -328.125000000000        1254.299    
  -312.500000000000        1315.488    
  -296.875000000000        1587.750    
  -281.250000000000        1535.010    
  -265.625000000000        2249.455    
  -250.000000000000        3350.345    
  -234.375000000000        3573.292    
  -218.750000000000        5896.810    
  -203.125000000000        16587.16    
  -187.500000000000        24060.09    
  -171.875000000000        7651.376    
  -156.250000000000        4527.811    
  -140.625000000000        2717.565    
  -125.000000000000        2757.748    
  -109.375000000000        2495.048    
  -93.7500000000000        2167.214    
  -78.1250000000000        1627.291    
  -62.5000000000000        1392.623    
  -46.8750000000000        1918.913    
  -31.2500000000000        1410.784    
  -15.6250000000000        2177.498    
  0.000000000000000E+000   62962.98    
   15.6250000000000        1509.778    
   31.2500000000000        1507.547    
   46.8750000000000        2016.584    
   62.5000000000000        1378.676    
   78.1250000000000        1639.244    
   93.7500000000000        2050.900    
   109.375000000000        2164.118    
   125.000000000000        2605.907    
   140.625000000000        2278.111    
   156.250000000000        4212.140    
   171.875000000000        6612.359    
   187.500000000000        21422.79    
   203.125000000000        14519.20    
   218.750000000000        5149.631    
   234.375000000000        3276.166    
   250.000000000000        2928.673    
   265.625000000000        1927.274    
   281.250000000000        1263.856    
   296.875000000000        1417.294    
   312.500000000000        893.9111    
   328.125000000000        1118.674    
   343.750000000000        1174.793    
   359.375000000000        1544.264    
   375.000000000000        3332.676    
   390.625000000000        12572.15    
   406.250000000000        1634.945    
   421.875000000000        1374.401    
   437.500000000000        1222.205    
   453.125000000000        519.6924    
   468.750000000000        428.6939    
   484.375000000000        458.4854    
   500.000000000000        794.0900    
   515.625000000000        738.1121    
   531.250000000000        726.3043    
   546.875000000000        1186.745    
   562.500000000000        1294.900    
   578.125000000000        8851.825    
   593.750000000000        3058.945    
   609.375000000000        1182.428    
   625.000000000000        1006.471    
   640.625000000000        489.8721    
   656.250000000000        489.5357    
   671.875000000000        578.0010    
   687.500000000000        610.4407    
   703.125000000000        316.5078    
   718.750000000000        96.82301    
   734.375000000000        717.3551    
   750.000000000000        787.2110    
   765.625000000000        2176.608    
   781.250000000000        3179.484    
   796.875000000000        822.6593    
   812.500000000000        518.2883    
   828.125000000000        500.8413    
   843.750000000000        248.5879    
   859.375000000000        415.0554    
   875.000000000000        213.1508    
   890.625000000000        230.0800    
   906.250000000000        471.5896    
   921.875000000000        498.9617    
   937.500000000000        57.20828    
   953.125000000000        299.0973    
   968.750000000000        1580.095    
   984.375000000000        96.77379    
   1000.00000000000        81.42252    
   1015.62500000000        72.34489    
   1031.25000000000        290.6283    
   1046.87500000000        219.9507    
   1062.50000000000        220.1857    
   1078.12500000000        155.7502    
   1093.75000000000        296.3910    
   1109.37500000000        391.3737    
   1125.00000000000        200.8394    
   1140.62500000000        160.4332    
   1156.25000000000        775.9210    
   1171.87500000000        627.9531    
   1187.50000000000        280.6228    
   1203.12500000000        212.5672    
   1218.75000000000        112.5712    
   1234.37500000000        213.0565    
   1250.00000000000        171.3125    
   1265.62500000000        108.5402    
   1281.25000000000        231.9625    
   1296.87500000000        265.0778    
   1312.50000000000        65.73515    
   1328.12500000000        136.7657    
   1343.75000000000        281.9497    
   1359.37500000000        631.8193    
   1375.00000000000        69.01839    
   1390.62500000000        263.3117    
   1406.25000000000        66.48373    
   1421.87500000000        220.3844    
   1437.50000000000        122.6301    
   1453.12500000000        54.56173    
   1468.75000000000        71.50131    
   1484.37500000000        138.5391    
   1500.00000000000        162.0969    
   1515.62500000000        230.3580    
   1531.25000000000        107.9804    
   1546.87500000000        351.8879    
   1562.50000000000        152.6573    
   1578.12500000000        212.0411    
   1593.75000000000        33.16288    
   1609.37500000000        208.9455    
   1625.00000000000        99.43974    
   1640.62500000000        24.39794    
   1656.25000000000        15.08924    
   1671.87500000000        12.75891    
   1687.50000000000        45.76704    
   1703.12500000000        4.561596    
   1718.75000000000        205.6751    
   1734.37500000000        101.5695    
   1750.00000000000        141.1230    
   1765.62500000000        64.62897    
   1781.25000000000        199.6077    
   1796.87500000000        87.33154    
   1812.50000000000        154.7574    
   1828.12500000000        108.6709    
   1843.75000000000        13.62191    
   1859.37500000000        52.61585    
   1875.00000000000        158.0034    
   1890.62500000000        40.52658    
   1906.25000000000        136.6051    
   1921.87500000000        145.8081    
   1937.50000000000        230.9176    
   1953.12500000000        164.5618    
   1968.75000000000        70.23029    
   1984.37500000000        118.6749    
