  -2000.00000000000        9.850233    
  -1984.37500000000        10.81134    
  -1968.75000000000        10.33085    
  -1953.12500000000        14.77784    
  -1937.50000000000        37.05946    
  -1921.87500000000        19.60581    
  -1906.25000000000        6.654739    
  -1890.62500000000        15.36643    
  -1875.00000000000        6.164305    
  -1859.37500000000        2.224083    
  -1843.75000000000        8.745415    
  -1828.12500000000        15.78434    
  -1812.50000000000        5.939231    
  -1796.87500000000        3.199610    
  -1781.25000000000        13.86694    
  -1765.62500000000        6.998737    
  -1750.00000000000        51.22761    
  -1734.37500000000        30.41817    
  -1718.75000000000        10.29110    
  -1703.12500000000        5.289921    
  -1687.50000000000        7.055161    
  -1671.87500000000        13.12289    
  -1656.25000000000        10.42086    
  -1640.62500000000        9.170158    
  -1625.00000000000        5.806561    
  -1609.37500000000        12.05675    
  -1593.75000000000        8.087306    
  -1578.12500000000        11.80576    
  -1562.50000000000        24.09599    
  -1546.87500000000        43.62492    
  -1531.25000000000        16.66075    
  -1515.62500000000        17.80054    
  -1500.00000000000        25.12236    
  -1484.37500000000        12.76248    
  -1468.75000000000        1.926557    
  -1453.12500000000        5.589141    
  -1437.50000000000        3.613415    
  -1421.87500000000        29.24822    
  -1406.25000000000        13.48257    
  -1390.62500000000        9.686247    
  -1375.00000000000        1.785362    
  -1359.37500000000        29.19071    
  -1343.75000000000        12.48535    
  -1328.12500000000        8.065018    
  -1312.50000000000        5.897049    
  -1296.87500000000        25.96110    
  -1281.25000000000        3.680056    
  -1265.62500000000        11.30098    
  -1250.00000000000        29.52244    
  -1234.37500000000        26.84079    
  -1218.75000000000        3.329053    
  -1203.12500000000        20.72405    
  -1187.50000000000        23.03235    
  -1171.87500000000        53.86583    
  -1156.25000000000        70.26993    
  -1140.62500000000        11.15649    
  -1125.00000000000        5.822892    
  -1109.37500000000        19.23109    
  -1093.75000000000        35.40265    
  -1078.12500000000        6.006858    
  -1062.50000000000        1.629804    
  -1046.87500000000        5.802823    
  -1031.25000000000        10.28198    
  -1015.62500000000        5.654099    
  -1000.00000000000        7.101180    
  -984.375000000000        7.722887    
  -968.750000000000        95.64587    
  -953.125000000000        14.06516    
  -937.500000000000        13.22328    
  -921.875000000000        37.62684    
  -906.250000000000        42.51027    
  -890.625000000000        3.461152    
  -875.000000000000        6.319000    
  -859.375000000000        16.52240    
  -843.750000000000        11.73020    
  -828.125000000000        2.370716    
  -812.500000000000        19.48621    
  -796.875000000000        29.70580    
  -781.250000000000        100.0526    
  -765.625000000000        84.83157    
  -750.000000000000        32.52584    
  -734.375000000000        30.00012    
  -718.750000000000        34.56481    
  -703.125000000000        24.93866    
  -687.500000000000        20.21110    
  -671.875000000000        29.55951    
  -656.250000000000        41.77927    
  -640.625000000000        29.12410    
  -625.000000000000        64.84325    
  -609.375000000000        81.44321    
  -593.750000000000        189.4713    
  -578.125000000000        544.3085    
  -562.500000000000        97.22280    
  -546.875000000000        26.55012    
  -531.250000000000        47.89422    
  -515.625000000000        29.43953    
  -500.000000000000        28.99919    
  -484.375000000000        6.706474    
  -468.750000000000        14.00887    
  -453.125000000000        28.31660    
  -437.500000000000        30.43221    
  -421.875000000000        15.07519    
  -406.250000000000        48.04278    
  -390.625000000000        183.1275    
  -375.000000000000        69.10206    
  -359.375000000000        33.93872    
  -343.750000000000        8.063513    
  -328.125000000000        14.27002    
  -312.500000000000        26.09217    
  -296.875000000000        23.94666    
  -281.250000000000        15.82469    
  -265.625000000000        20.76373    
  -250.000000000000        46.61593    
  -234.375000000000        26.71467    
  -218.750000000000        69.84329    
  -203.125000000000        268.5341    
  -187.500000000000        323.5753    
  -171.875000000000        98.00609    
  -156.250000000000        58.58298    
  -140.625000000000        50.34761    
  -125.000000000000        47.03893    
  -109.375000000000        19.74877    
  -93.7500000000000        17.24395    
  -78.1250000000000        42.66368    
  -62.5000000000000        8.653805    
  -46.8750000000000        31.44401    
  -31.2500000000000        17.83336    
  -15.6250000000000        58.75109    
  0.000000000000000E+000   12295.10    
   15.6250000000000        66.94407    
   31.2500000000000        25.73173    
   46.8750000000000        36.25532    
   62.5000000000000        17.27091    
   78.1250000000000        42.18441    
   93.7500000000000        14.75114    
   109.375000000000        13.10973    
   125.000000000000        30.88450    
   140.625000000000        31.30783    
   156.250000000000        37.23628    
   171.875000000000        72.77035    
   187.500000000000        196.6773    
   203.125000000000        152.4325    
   218.750000000000        60.15680    
   234.375000000000        25.71154    
   250.000000000000        37.60621    
   265.625000000000        16.15496    
   281.250000000000        21.28023    
   296.875000000000        9.486854    
   312.500000000000        20.18804    
   328.125000000000        5.823446    
   343.750000000000        5.067022    
   359.375000000000        38.64315    
   375.000000000000        100.0811    
   390.625000000000        278.2503    
   406.250000000000        71.36163    
   421.875000000000        35.67575    
   437.500000000000        42.01581    
   453.125000000000        21.63970    
   468.750000000000        17.82664    
   484.375000000000        6.222030    
   500.000000000000        21.35977    
   515.625000000000        67.20463    
   531.250000000000        54.15803    
   546.875000000000        47.32983    
   562.500000000000        94.93077    
   578.125000000000        589.9892    
   593.750000000000        203.6804    
   609.375000000000        84.29552    
   625.000000000000        59.25699    
   640.625000000000        34.65104    
   656.250000000000        45.38572    
   671.875000000000        31.26113    
   687.500000000000        35.45795    
   703.125000000000        24.16245    
   718.750000000000        26.04251    
   734.375000000000        27.90966    
   750.000000000000        31.48177    
   765.625000000000        118.2003    
   781.250000000000        94.51788    
   796.875000000000        24.85195    
   812.500000000000        17.03650    
   828.125000000000        17.88605    
   843.750000000000        21.64450    
   859.375000000000        3.871887    
   875.000000000000        8.262111    
   890.625000000000        14.14161    
   906.250000000000        22.75427    
   921.875000000000        35.55718    
   937.500000000000        16.14865    
   953.125000000000        19.15414    
   968.750000000000        59.26434    
   984.375000000000        18.10656    
   1000.00000000000        6.045768    
   1015.62500000000        4.773900    
   1031.25000000000        4.324602    
   1046.87500000000        7.872852    
   1062.50000000000        7.275216    
   1078.12500000000        10.77404    
   1093.75000000000        26.04300    
   1109.37500000000        11.29010    
   1125.00000000000        6.161220    
   1140.62500000000        19.37822    
   1156.25000000000        63.71515    
   1171.87500000000        94.06280    
   1187.50000000000        22.65558    
   1203.12500000000        22.36336    
   1218.75000000000        13.55963    
   1234.37500000000        4.015370    
   1250.00000000000        31.01408    
   1265.62500000000        7.202804    
   1281.25000000000        20.40369    
   1296.87500000000        19.64597    
   1312.50000000000        9.656697    
   1328.12500000000        2.074124    
   1343.75000000000        16.95937    
   1359.37500000000        31.92418    
   1375.00000000000        7.316704    
   1390.62500000000        13.44837    
   1406.25000000000        14.07125    
   1421.87500000000        16.41734    
   1437.50000000000        6.147646    
   1453.12500000000        10.95209    
   1468.75000000000        6.676425    
   1484.37500000000        18.94908    
   1500.00000000000        24.46741    
   1515.62500000000        4.977284    
   1531.25000000000        12.28108    
   1546.87500000000        52.13710    
   1562.50000000000        18.71157    
   1578.12500000000        21.49956    
   1593.75000000000        8.905257    
   1609.37500000000        4.755259    
   1625.00000000000        4.292347    
   1640.62500000000        7.821653    
   1656.25000000000        8.450067    
   1671.87500000000        26.56321    
   1687.50000000000        15.57238    
   1703.12500000000        1.323976    
   1718.75000000000        14.13116    
   1734.37500000000        17.14207    
   1750.00000000000        29.22528    
   1765.62500000000        5.939034    
   1781.25000000000        10.57543    
   1796.87500000000        6.247138    
   1812.50000000000        10.53918    
   1828.12500000000        12.00317    
   1843.75000000000        2.210156    
   1859.37500000000        9.731399    
   1875.00000000000        3.388009    
   1890.62500000000        21.45366    
   1906.25000000000        8.929655    
   1921.87500000000        25.31289    
   1937.50000000000        15.41031    
   1953.12500000000        13.58693    
   1968.75000000000        11.87022    
   1984.37500000000        4.761813    
