  -4000.00000000000        220.4563    
  -3968.75000000000        396.2773    
  -3937.50000000000        524.9066    
  -3906.25000000000        247.9429    
  -3875.00000000000        365.8255    
  -3843.75000000000        403.9108    
  -3812.50000000000        295.9879    
  -3781.25000000000        423.9099    
  -3750.00000000000        267.6886    
  -3718.75000000000        334.8368    
  -3687.50000000000        312.1365    
  -3656.25000000000        374.6312    
  -3625.00000000000        173.4854    
  -3593.75000000000        250.0346    
  -3562.50000000000        253.8993    
  -3531.25000000000        88.06512    
  -3500.00000000000        304.0777    
  -3468.75000000000        271.6898    
  -3437.50000000000        166.7822    
  -3406.25000000000        459.3993    
  -3375.00000000000        142.4624    
  -3343.75000000000        134.9176    
  -3312.50000000000        263.6624    
  -3281.25000000000        229.7835    
  -3250.00000000000        195.5074    
  -3218.75000000000        238.9782    
  -3187.50000000000        107.4966    
  -3156.25000000000        268.1075    
  -3125.00000000000        166.7727    
  -3093.75000000000        199.6637    
  -3062.50000000000        254.7839    
  -3031.25000000000        193.1121    
  -3000.00000000000        121.6318    
  -2968.75000000000        127.3156    
  -2937.50000000000        224.2785    
  -2906.25000000000        33.65005    
  -2875.00000000000        136.1807    
  -2843.75000000000        67.01080    
  -2812.50000000000        153.3225    
  -2781.25000000000        50.54774    
  -2750.00000000000        76.70184    
  -2718.75000000000        84.95900    
  -2687.50000000000        144.0381    
  -2656.25000000000        65.52389    
  -2625.00000000000        40.25026    
  -2593.75000000000        114.1185    
  -2562.50000000000        66.86743    
  -2531.25000000000        25.26061    
  -2500.00000000000        154.9837    
  -2468.75000000000        15.37574    
  -2437.50000000000        103.2843    
  -2406.25000000000        56.20813    
  -2375.00000000000        15.43051    
  -2343.75000000000        148.6009    
  -2312.50000000000        101.9608    
  -2281.25000000000        43.17334    
  -2250.00000000000        64.65984    
  -2218.75000000000        74.09600    
  -2187.50000000000        115.7478    
  -2156.25000000000        126.1986    
  -2125.00000000000        81.71951    
  -2093.75000000000        90.12981    
  -2062.50000000000        75.50667    
  -2031.25000000000        27.45910    
  -2000.00000000000        58.10933    
  -1968.75000000000        72.83316    
  -1937.50000000000        51.26196    
  -1906.25000000000        30.65207    
  -1875.00000000000        82.79049    
  -1843.75000000000        110.0270    
  -1812.50000000000        290.7785    
  -1781.25000000000        342.7899    
  -1750.00000000000        164.9954    
  -1718.75000000000        106.9548    
  -1687.50000000000        166.3636    
  -1656.25000000000        196.6739    
  -1625.00000000000        114.0541    
  -1593.75000000000        59.78136    
  -1562.50000000000        229.9659    
  -1531.25000000000        141.1159    
  -1500.00000000000        48.03090    
  -1468.75000000000        93.39127    
  -1437.50000000000        49.84187    
  -1406.25000000000        88.86795    
  -1375.00000000000        138.6863    
  -1343.75000000000        118.3908    
  -1312.50000000000        89.35995    
  -1281.25000000000        87.01109    
  -1250.00000000000        241.9277    
  -1218.75000000000        47.97693    
  -1187.50000000000        48.58484    
  -1156.25000000000        161.9216    
  -1125.00000000000        26.44847    
  -1093.75000000000        95.21649    
  -1062.50000000000        183.2786    
  -1031.25000000000        61.78648    
  -1000.00000000000        112.9740    
  -968.750000000000        87.78256    
  -937.500000000000        49.99144    
  -906.250000000000        190.1099    
  -875.000000000000        104.7698    
  -843.750000000000        143.8296    
  -812.500000000000        246.2496    
  -781.250000000000        300.7807    
  -750.000000000000        223.5950    
  -718.750000000000        286.3569    
  -687.500000000000        254.1655    
  -656.250000000000        455.0566    
  -625.000000000000        46.14280    
  -593.750000000000        310.6639    
  -562.500000000000        119.9988    
  -531.250000000000        208.1586    
  -500.000000000000        327.8167    
  -468.750000000000        97.29958    
  -437.500000000000        267.8831    
  -406.250000000000        319.3534    
  -375.000000000000        730.1593    
  -343.750000000000        1169.020    
  -312.500000000000        607.4817    
  -281.250000000000        858.2187    
  -250.000000000000        423.1071    
  -218.750000000000        69.46788    
  -187.500000000000        414.7909    
  -156.250000000000        1465.646    
  -125.000000000000        1443.317    
  -93.7500000000000        524.8369    
  -62.5000000000000        1422.841    
  -31.2500000000000        2580.841    
  0.000000000000000E+000   6511.698    
   31.2500000000000        2507.620    
   62.5000000000000        1485.178    
   93.7500000000000        546.7971    
   125.000000000000        1499.071    
   156.250000000000        1543.864    
   187.500000000000        393.9757    
   218.750000000000        32.44924    
   250.000000000000        423.4355    
   281.250000000000        805.9968    
   312.500000000000        602.6498    
   343.750000000000        1143.507    
   375.000000000000        668.1266    
   406.250000000000        316.8081    
   437.500000000000        225.0997    
   468.750000000000        79.93428    
   500.000000000000        333.4109    
   531.250000000000        233.5829    
   562.500000000000        147.6255    
   593.750000000000        349.0368    
   625.000000000000        54.68418    
   656.250000000000        450.5046    
   687.500000000000        253.5983    
   718.750000000000        300.7691    
   750.000000000000        232.3478    
   781.250000000000        304.3086    
   812.500000000000        245.9262    
   843.750000000000        132.9112    
   875.000000000000        101.4899    
   906.250000000000        177.7515    
   937.500000000000        43.21307    
   968.750000000000        103.7226    
   1000.00000000000        102.6160    
   1031.25000000000        75.28767    
   1062.50000000000        178.2820    
   1093.75000000000        100.0642    
   1125.00000000000        48.80873    
   1156.25000000000        156.9572    
   1187.50000000000        41.39384    
   1218.75000000000        54.21500    
   1250.00000000000        257.4195    
   1281.25000000000        67.08213    
   1312.50000000000        94.89534    
   1343.75000000000        109.1830    
   1375.00000000000        142.7715    
   1406.25000000000        100.5765    
   1437.50000000000        40.06167    
   1468.75000000000        82.24251    
   1500.00000000000        45.89251    
   1531.25000000000        133.6945    
   1562.50000000000        223.2322    
   1593.75000000000        62.97769    
   1625.00000000000        111.2910    
   1656.25000000000        174.8574    
   1687.50000000000        156.2795    
   1718.75000000000        105.2610    
   1750.00000000000        161.5771    
   1781.25000000000        296.1890    
   1812.50000000000        266.5434    
   1843.75000000000        91.92968    
   1875.00000000000        94.17004    
   1906.25000000000        38.75619    
   1937.50000000000        61.25693    
   1968.75000000000        64.13258    
   2000.00000000000        46.97492    
   2031.25000000000        24.55893    
   2062.50000000000        74.49265    
   2093.75000000000        83.13514    
   2125.00000000000        67.09505    
   2156.25000000000        117.5846    
   2187.50000000000        113.1984    
   2218.75000000000        79.44276    
   2250.00000000000        55.48415    
   2281.25000000000        41.98785    
   2312.50000000000        95.17917    
   2343.75000000000        159.6104    
   2375.00000000000        25.02146    
   2406.25000000000        55.42320    
   2437.50000000000        104.9595    
   2468.75000000000        11.90440    
   2500.00000000000        154.6029    
   2531.25000000000        22.17517    
   2562.50000000000        81.55154    
   2593.75000000000        97.92296    
   2625.00000000000        38.73238    
   2656.25000000000        62.91984    
   2687.50000000000        141.9306    
   2718.75000000000        74.38247    
   2750.00000000000        79.54861    
   2781.25000000000        51.70330    
   2812.50000000000        162.3631    
   2843.75000000000        63.69742    
   2875.00000000000        145.4119    
   2906.25000000000        28.45107    
   2937.50000000000        218.9752    
   2968.75000000000        109.6321    
   3000.00000000000        133.0489    
   3031.25000000000        199.1234    
   3062.50000000000        233.9609    
   3093.75000000000        197.4349    
   3125.00000000000        140.5317    
   3156.25000000000        270.8936    
   3187.50000000000        119.0058    
   3218.75000000000        263.1664    
   3250.00000000000        213.4052    
   3281.25000000000        240.4924    
   3312.50000000000        243.9846    
   3343.75000000000        145.5216    
   3375.00000000000        135.1654    
   3406.25000000000        477.4331    
   3437.50000000000        171.5395    
   3468.75000000000        292.4412    
   3500.00000000000        289.7198    
   3531.25000000000        90.32372    
   3562.50000000000        279.0292    
   3593.75000000000        212.1183    
   3625.00000000000        166.1669    
   3656.25000000000        374.3440    
   3687.50000000000        305.5915    
   3718.75000000000        342.1573    
   3750.00000000000        254.4442    
   3781.25000000000        447.7933    
   3812.50000000000        292.4010    
   3843.75000000000        431.6777    
   3875.00000000000        359.8234    
   3906.25000000000        232.0015    
   3937.50000000000        497.8243    
   3968.75000000000        404.7514    
