  -2000.00000000000        12.16626    
  -1984.37500000000        14.69802    
  -1968.75000000000        1.073273    
  -1953.12500000000        12.64882    
  -1937.50000000000        34.15076    
  -1921.87500000000        33.38960    
  -1906.25000000000        16.19497    
  -1890.62500000000        23.39420    
  -1875.00000000000        22.32026    
  -1859.37500000000        3.943507    
  -1843.75000000000        9.226896    
  -1828.12500000000        16.56626    
  -1812.50000000000        5.191660    
  -1796.87500000000        3.106390    
  -1781.25000000000        12.78711    
  -1765.62500000000        8.881371    
  -1750.00000000000        76.36245    
  -1734.37500000000        11.63697    
  -1718.75000000000        17.41395    
  -1703.12500000000        10.57169    
  -1687.50000000000        9.020949    
  -1671.87500000000        38.24434    
  -1656.25000000000        14.50508    
  -1640.62500000000        14.48160    
  -1625.00000000000        10.63064    
  -1609.37500000000        10.84500    
  -1593.75000000000        15.95878    
  -1578.12500000000        29.88750    
  -1562.50000000000        35.27309    
  -1546.87500000000        62.11290    
  -1531.25000000000        15.19596    
  -1515.62500000000        15.82244    
  -1500.00000000000        32.54299    
  -1484.37500000000        25.75412    
  -1468.75000000000        14.77248    
  -1453.12500000000        3.708724    
  -1437.50000000000        7.363122    
  -1421.87500000000        31.08495    
  -1406.25000000000        13.70844    
  -1390.62500000000        4.684476    
  -1375.00000000000        4.435258    
  -1359.37500000000        58.98309    
  -1343.75000000000        26.35848    
  -1328.12500000000        18.04882    
  -1312.50000000000        11.11482    
  -1296.87500000000        27.62461    
  -1281.25000000000        26.73151    
  -1265.62500000000        18.55631    
  -1250.00000000000        52.10305    
  -1234.37500000000        39.32863    
  -1218.75000000000        5.444815    
  -1203.12500000000        35.71460    
  -1187.50000000000        38.54023    
  -1171.87500000000        108.0042    
  -1156.25000000000        86.87188    
  -1140.62500000000        25.29249    
  -1125.00000000000        13.99048    
  -1109.37500000000        6.996128    
  -1093.75000000000        40.32904    
  -1078.12500000000        13.95771    
  -1062.50000000000        9.785146    
  -1046.87500000000        12.19032    
  -1031.25000000000        22.13662    
  -1015.62500000000        25.86914    
  -1000.00000000000        8.540725    
  -984.375000000000        30.80177    
  -968.750000000000        193.6298    
  -953.125000000000        43.42998    
  -937.500000000000        21.11034    
  -921.875000000000        37.44123    
  -906.250000000000        46.95806    
  -890.625000000000        32.23819    
  -875.000000000000        16.31594    
  -859.375000000000        25.58164    
  -843.750000000000        7.106178    
  -828.125000000000        19.27292    
  -812.500000000000        37.61214    
  -796.875000000000        28.21659    
  -781.250000000000        112.6432    
  -765.625000000000        73.57422    
  -750.000000000000        15.12469    
  -734.375000000000        16.14503    
  -718.750000000000        48.41461    
  -703.125000000000        74.97250    
  -687.500000000000        20.00696    
  -671.875000000000        42.41771    
  -656.250000000000        25.09471    
  -640.625000000000        44.31861    
  -625.000000000000        98.62959    
  -609.375000000000        128.8469    
  -593.750000000000        266.6917    
  -578.125000000000        741.3528    
  -562.500000000000        125.6951    
  -546.875000000000        32.53278    
  -531.250000000000        61.73731    
  -515.625000000000        35.78653    
  -500.000000000000        41.14712    
  -484.375000000000        15.30862    
  -468.750000000000        8.981324    
  -453.125000000000        35.46571    
  -437.500000000000        28.14828    
  -421.875000000000        31.52181    
  -406.250000000000        36.59781    
  -390.625000000000        332.0296    
  -375.000000000000        52.93769    
  -359.375000000000        54.11567    
  -343.750000000000        24.96772    
  -328.125000000000        21.25214    
  -312.500000000000        71.10506    
  -296.875000000000        51.57411    
  -281.250000000000        25.91750    
  -265.625000000000        69.60859    
  -250.000000000000        67.66455    
  -234.375000000000        75.40759    
  -218.750000000000        127.2407    
  -203.125000000000        502.6581    
  -187.500000000000        558.3732    
  -171.875000000000        176.1604    
  -156.250000000000        92.23132    
  -140.625000000000        85.94517    
  -125.000000000000        79.60219    
  -109.375000000000        45.01531    
  -93.7500000000000        23.28856    
  -78.1250000000000        64.00121    
  -62.5000000000000        39.39029    
  -46.8750000000000        30.87296    
  -31.2500000000000        22.82556    
  -15.6250000000000        107.3751    
  0.000000000000000E+000   17841.81    
   15.6250000000000        80.75676    
   31.2500000000000        56.90512    
   46.8750000000000        63.77644    
   62.5000000000000        36.23296    
   78.1250000000000        52.48156    
   93.7500000000000        27.22515    
   109.375000000000        32.17894    
   125.000000000000        30.17297    
   140.625000000000        38.65517    
   156.250000000000        41.69167    
   171.875000000000        99.12637    
   187.500000000000        257.0238    
   203.125000000000        122.5344    
   218.750000000000        88.54292    
   234.375000000000        42.87468    
   250.000000000000        74.49270    
   265.625000000000        20.17100    
   281.250000000000        20.66747    
   296.875000000000        14.19025    
   312.500000000000        43.66190    
   328.125000000000        49.52179    
   343.750000000000        25.99340    
   359.375000000000        59.47507    
   375.000000000000        170.5193    
   390.625000000000        487.2538    
   406.250000000000        103.6555    
   421.875000000000        53.08654    
   437.500000000000        58.68335    
   453.125000000000        38.88571    
   468.750000000000        20.38861    
   484.375000000000        27.74940    
   500.000000000000        36.76957    
   515.625000000000        79.65973    
   531.250000000000        81.83134    
   546.875000000000        64.99265    
   562.500000000000        120.6119    
   578.125000000000        798.5483    
   593.750000000000        273.6541    
   609.375000000000        110.9930    
   625.000000000000        77.85615    
   640.625000000000        34.18935    
   656.250000000000        106.4040    
   671.875000000000        69.68936    
   687.500000000000        75.92707    
   703.125000000000        10.33330    
   718.750000000000        43.70771    
   734.375000000000        42.07767    
   750.000000000000        58.94156    
   765.625000000000        144.1105    
   781.250000000000        189.9575    
   796.875000000000        60.00652    
   812.500000000000        31.42867    
   828.125000000000        21.46262    
   843.750000000000        32.70633    
   859.375000000000        13.98665    
   875.000000000000        9.010984    
   890.625000000000        27.76515    
   906.250000000000        63.46037    
   921.875000000000        48.82091    
   937.500000000000        22.88652    
   953.125000000000        26.15006    
   968.750000000000        92.27867    
   984.375000000000        15.36483    
   1000.00000000000        4.989860    
   1015.62500000000        3.673472    
   1031.25000000000        14.52722    
   1046.87500000000        11.06532    
   1062.50000000000        8.198650    
   1078.12500000000        4.616090    
   1093.75000000000        7.176497    
   1109.37500000000        16.10303    
   1125.00000000000        10.67013    
   1140.62500000000        31.26810    
   1156.25000000000        94.88579    
   1171.87500000000        91.48527    
   1187.50000000000        34.36967    
   1203.12500000000        24.01160    
   1218.75000000000        14.49710    
   1234.37500000000        30.98008    
   1250.00000000000        53.19467    
   1265.62500000000        16.24439    
   1281.25000000000        12.39735    
   1296.87500000000        37.28807    
   1312.50000000000        10.63465    
   1328.12500000000        8.451842    
   1343.75000000000        22.83136    
   1359.37500000000        24.38505    
   1375.00000000000        12.71520    
   1390.62500000000        18.60691    
   1406.25000000000        11.89346    
   1421.87500000000        13.49405    
   1437.50000000000        4.139549    
   1453.12500000000        10.28495    
   1468.75000000000        7.273974    
   1484.37500000000        14.14932    
   1500.00000000000        30.80143    
   1515.62500000000        14.23719    
   1531.25000000000        7.465388    
   1546.87500000000        61.27879    
   1562.50000000000        19.19385    
   1578.12500000000        35.04879    
   1593.75000000000        5.127756    
   1609.37500000000        24.69032    
   1625.00000000000        7.034297    
   1640.62500000000        11.18549    
   1656.25000000000        16.16740    
   1671.87500000000        24.47364    
   1687.50000000000        6.367658    
   1703.12500000000        7.060032    
   1718.75000000000        25.34226    
   1734.37500000000        18.16751    
   1750.00000000000        82.68167    
   1765.62500000000        12.48924    
   1781.25000000000        12.83282    
   1796.87500000000        7.615406    
   1812.50000000000        13.05624    
   1828.12500000000        17.87842    
   1843.75000000000        11.90822    
   1859.37500000000        8.607079    
   1875.00000000000        25.86995    
   1890.62500000000        11.58573    
   1906.25000000000        16.66385    
   1921.87500000000        30.38832    
   1937.50000000000        38.18303    
   1953.12500000000        9.886611    
   1968.75000000000        14.55489    
   1984.37500000000        5.189793    
