  -4000.00000000000        220.6138    
  -3968.75000000000        395.8533    
  -3937.50000000000        519.1776    
  -3906.25000000000        230.6321    
  -3875.00000000000        355.0694    
  -3843.75000000000        401.9117    
  -3812.50000000000        293.7844    
  -3781.25000000000        417.3779    
  -3750.00000000000        263.4783    
  -3718.75000000000        333.6657    
  -3687.50000000000        307.2325    
  -3656.25000000000        370.9602    
  -3625.00000000000        177.4571    
  -3593.75000000000        247.0711    
  -3562.50000000000        255.4543    
  -3531.25000000000        91.68298    
  -3500.00000000000        292.8402    
  -3468.75000000000        256.9158    
  -3437.50000000000        159.4275    
  -3406.25000000000        451.0992    
  -3375.00000000000        131.8571    
  -3343.75000000000        132.2201    
  -3312.50000000000        256.5225    
  -3281.25000000000        228.5234    
  -3250.00000000000        193.6302    
  -3218.75000000000        238.5107    
  -3187.50000000000        109.1544    
  -3156.25000000000        262.5248    
  -3125.00000000000        152.5672    
  -3093.75000000000        210.3183    
  -3062.50000000000        236.8106    
  -3031.25000000000        185.9135    
  -3000.00000000000        114.8807    
  -2968.75000000000        113.2591    
  -2937.50000000000        214.9353    
  -2906.25000000000        27.82110    
  -2875.00000000000        137.9679    
  -2843.75000000000        70.64458    
  -2812.50000000000        143.7222    
  -2781.25000000000        48.35315    
  -2750.00000000000        79.25510    
  -2718.75000000000        79.97535    
  -2687.50000000000        141.0393    
  -2656.25000000000        64.20750    
  -2625.00000000000        35.03490    
  -2593.75000000000        98.90565    
  -2562.50000000000        64.51315    
  -2531.25000000000        16.80306    
  -2500.00000000000        154.4262    
  -2468.75000000000        24.42223    
  -2437.50000000000        98.15489    
  -2406.25000000000        62.76091    
  -2375.00000000000        26.60999    
  -2343.75000000000        135.5010    
  -2312.50000000000        95.53654    
  -2281.25000000000        48.20573    
  -2250.00000000000        58.49017    
  -2218.75000000000        80.31091    
  -2187.50000000000        111.4072    
  -2156.25000000000        111.3040    
  -2125.00000000000        75.36565    
  -2093.75000000000        88.51432    
  -2062.50000000000        72.61765    
  -2031.25000000000        13.14917    
  -2000.00000000000        46.43634    
  -1968.75000000000        75.61869    
  -1937.50000000000        60.04330    
  -1906.25000000000        27.40500    
  -1875.00000000000        89.29154    
  -1843.75000000000        102.9319    
  -1812.50000000000        279.6295    
  -1781.25000000000        326.5045    
  -1750.00000000000        169.0018    
  -1718.75000000000        119.7094    
  -1687.50000000000        151.7516    
  -1656.25000000000        179.4658    
  -1625.00000000000        110.6151    
  -1593.75000000000        55.83326    
  -1562.50000000000        217.5862    
  -1531.25000000000        138.1129    
  -1500.00000000000        36.16975    
  -1468.75000000000        85.70502    
  -1437.50000000000        52.98086    
  -1406.25000000000        79.88197    
  -1375.00000000000        140.3739    
  -1343.75000000000        113.0166    
  -1312.50000000000        97.79304    
  -1281.25000000000        86.49409    
  -1250.00000000000        232.9312    
  -1218.75000000000        46.84990    
  -1187.50000000000        50.38220    
  -1156.25000000000        166.6459    
  -1125.00000000000        39.16221    
  -1093.75000000000        106.6202    
  -1062.50000000000        181.3756    
  -1031.25000000000        68.73258    
  -1000.00000000000        93.69496    
  -968.750000000000        93.62009    
  -937.500000000000        38.42823    
  -906.250000000000        173.7261    
  -875.000000000000        97.53399    
  -843.750000000000        135.2169    
  -812.500000000000        235.0951    
  -781.250000000000        297.3120    
  -750.000000000000        233.8927    
  -718.750000000000        283.9037    
  -687.500000000000        256.8991    
  -656.250000000000        431.4712    
  -625.000000000000        32.45362    
  -593.750000000000        317.1886    
  -562.500000000000        122.2827    
  -531.250000000000        203.4857    
  -500.000000000000        324.8845    
  -468.750000000000        80.65701    
  -437.500000000000        277.4742    
  -406.250000000000        321.5905    
  -375.000000000000        712.5013    
  -343.750000000000        1147.090    
  -312.500000000000        591.1187    
  -281.250000000000        832.0051    
  -250.000000000000        432.9961    
  -218.750000000000        70.13728    
  -187.500000000000        389.2082    
  -156.250000000000        1426.656    
  -125.000000000000        1430.846    
  -93.7500000000000        502.9184    
  -62.5000000000000        1380.110    
  -31.2500000000000        2521.109    
  0.000000000000000E+000   6652.778    
   31.2500000000000        2476.635    
   62.5000000000000        1463.542    
   93.7500000000000        532.5563    
   125.000000000000        1480.511    
   156.250000000000        1496.561    
   187.500000000000        385.9105    
   218.750000000000        13.74122    
   250.000000000000        407.3943    
   281.250000000000        783.5038    
   312.500000000000        594.0286    
   343.750000000000        1123.798    
   375.000000000000        675.5300    
   406.250000000000        295.0992    
   437.500000000000        239.2017    
   468.750000000000        69.26288    
   500.000000000000        327.5574    
   531.250000000000        222.3080    
   562.500000000000        138.0725    
   593.750000000000        328.2601    
   625.000000000000        38.17536    
   656.250000000000        446.1776    
   687.500000000000        245.6818    
   718.750000000000        303.9068    
   750.000000000000        228.4642    
   781.250000000000        298.5960    
   812.500000000000        240.9112    
   843.750000000000        136.4011    
   875.000000000000        93.21626    
   906.250000000000        175.8791    
   937.500000000000        32.60069    
   968.750000000000        114.7056    
   1000.00000000000        104.7665    
   1031.25000000000        76.75435    
   1062.50000000000        177.0126    
   1093.75000000000        102.9035    
   1125.00000000000        29.82463    
   1156.25000000000        158.0141    
   1187.50000000000        47.35673    
   1218.75000000000        45.35772    
   1250.00000000000        249.8654    
   1281.25000000000        61.44666    
   1312.50000000000        87.64426    
   1343.75000000000        119.0145    
   1375.00000000000        149.5774    
   1406.25000000000        93.92006    
   1437.50000000000        52.73047    
   1468.75000000000        74.40386    
   1500.00000000000        45.45771    
   1531.25000000000        125.5986    
   1562.50000000000        220.6784    
   1593.75000000000        60.82510    
   1625.00000000000        108.7729    
   1656.25000000000        174.8887    
   1687.50000000000        152.3937    
   1718.75000000000        108.3125    
   1750.00000000000        158.8664    
   1781.25000000000        302.5410    
   1812.50000000000        263.8064    
   1843.75000000000        99.62518    
   1875.00000000000        89.36092    
   1906.25000000000        41.77286    
   1937.50000000000        60.62323    
   1968.75000000000        68.96783    
   2000.00000000000        44.78403    
   2031.25000000000        25.78227    
   2062.50000000000        70.40047    
   2093.75000000000        80.17627    
   2125.00000000000        68.60111    
   2156.25000000000        116.0363    
   2187.50000000000        117.6010    
   2218.75000000000        88.09458    
   2250.00000000000        59.15678    
   2281.25000000000        48.46648    
   2312.50000000000        90.47212    
   2343.75000000000        158.4788    
   2375.00000000000        27.31600    
   2406.25000000000        50.10477    
   2437.50000000000        102.0992    
   2468.75000000000        15.84296    
   2500.00000000000        152.1442    
   2531.25000000000        18.23481    
   2562.50000000000        68.95679    
   2593.75000000000        95.55895    
   2625.00000000000        30.52787    
   2656.25000000000        56.07483    
   2687.50000000000        154.3931    
   2718.75000000000        73.09991    
   2750.00000000000        72.64474    
   2781.25000000000        48.69498    
   2812.50000000000        148.7612    
   2843.75000000000        58.66365    
   2875.00000000000        147.8438    
   2906.25000000000        21.25039    
   2937.50000000000        208.6342    
   2968.75000000000        109.7210    
   3000.00000000000        124.6802    
   3031.25000000000        199.9889    
   3062.50000000000        237.9466    
   3093.75000000000        207.7286    
   3125.00000000000        148.3031    
   3156.25000000000        260.3336    
   3187.50000000000        111.7153    
   3218.75000000000        261.5002    
   3250.00000000000        206.2167    
   3281.25000000000        247.9091    
   3312.50000000000        251.4056    
   3343.75000000000        134.8854    
   3375.00000000000        137.6157    
   3406.25000000000        457.7052    
   3437.50000000000        158.0675    
   3468.75000000000        281.0238    
   3500.00000000000        293.3580    
   3531.25000000000        93.46039    
   3562.50000000000        267.8588    
   3593.75000000000        217.1471    
   3625.00000000000        164.3803    
   3656.25000000000        363.8111    
   3687.50000000000        301.9840    
   3718.75000000000        326.1232    
   3750.00000000000        245.7496    
   3781.25000000000        432.3374    
   3812.50000000000        277.4038    
   3843.75000000000        406.3300    
   3875.00000000000        345.4305    
   3906.25000000000        230.6447    
   3937.50000000000        493.0500    
   3968.75000000000        396.8720    
