  -4000.00000000000        196.7984    
  -3968.75000000000        363.1914    
  -3937.50000000000        462.7052    
  -3906.25000000000        214.9091    
  -3875.00000000000        330.5792    
  -3843.75000000000        368.2585    
  -3812.50000000000        264.1116    
  -3781.25000000000        388.9201    
  -3750.00000000000        237.1544    
  -3718.75000000000        301.7696    
  -3687.50000000000        278.8788    
  -3656.25000000000        339.7846    
  -3625.00000000000        157.4278    
  -3593.75000000000        215.2442    
  -3562.50000000000        239.5367    
  -3531.25000000000        85.18013    
  -3500.00000000000        272.5768    
  -3468.75000000000        250.7668    
  -3437.50000000000        148.3015    
  -3406.25000000000        419.7941    
  -3375.00000000000        127.9559    
  -3343.75000000000        120.2653    
  -3312.50000000000        237.2082    
  -3281.25000000000        213.9557    
  -3250.00000000000        185.9370    
  -3218.75000000000        226.9467    
  -3187.50000000000        101.5213    
  -3156.25000000000        239.8257    
  -3125.00000000000        142.7389    
  -3093.75000000000        186.6326    
  -3062.50000000000        220.4563    
  -3031.25000000000        173.4368    
  -3000.00000000000        107.7268    
  -2968.75000000000        109.9005    
  -2937.50000000000        195.3428    
  -2906.25000000000        30.31686    
  -2875.00000000000        131.9707    
  -2843.75000000000        57.91420    
  -2812.50000000000        140.5544    
  -2781.25000000000        46.79935    
  -2750.00000000000        69.04848    
  -2718.75000000000        71.27437    
  -2687.50000000000        128.8450    
  -2656.25000000000        54.97435    
  -2625.00000000000        31.40255    
  -2593.75000000000        97.65761    
  -2562.50000000000        62.78608    
  -2531.25000000000        16.60217    
  -2500.00000000000        136.5608    
  -2468.75000000000        12.48617    
  -2437.50000000000        93.98592    
  -2406.25000000000        53.79671    
  -2375.00000000000        20.37599    
  -2343.75000000000        138.8924    
  -2312.50000000000        88.99760    
  -2281.25000000000        42.75482    
  -2250.00000000000        50.47951    
  -2218.75000000000        75.98862    
  -2187.50000000000        106.7652    
  -2156.25000000000        106.7193    
  -2125.00000000000        64.94113    
  -2093.75000000000        79.52609    
  -2062.50000000000        64.42958    
  -2031.25000000000        17.97206    
  -2000.00000000000        44.17518    
  -1968.75000000000        63.59408    
  -1937.50000000000        47.06604    
  -1906.25000000000        37.95444    
  -1875.00000000000        79.69302    
  -1843.75000000000        90.05162    
  -1812.50000000000        250.1304    
  -1781.25000000000        294.7500    
  -1750.00000000000        149.8177    
  -1718.75000000000        103.5223    
  -1687.50000000000        136.7520    
  -1656.25000000000        170.3994    
  -1625.00000000000        102.4202    
  -1593.75000000000        54.00404    
  -1562.50000000000        200.4795    
  -1531.25000000000        119.1344    
  -1500.00000000000        34.46009    
  -1468.75000000000        70.09179    
  -1437.50000000000        39.08284    
  -1406.25000000000        80.32691    
  -1375.00000000000        127.2027    
  -1343.75000000000        103.4206    
  -1312.50000000000        83.65289    
  -1281.25000000000        71.54996    
  -1250.00000000000        216.9512    
  -1218.75000000000        37.88383    
  -1187.50000000000        37.35463    
  -1156.25000000000        139.5346    
  -1125.00000000000        30.00126    
  -1093.75000000000        85.69430    
  -1062.50000000000        167.7601    
  -1031.25000000000        64.70671    
  -1000.00000000000        92.26064    
  -968.750000000000        85.25301    
  -937.500000000000        32.78390    
  -906.250000000000        162.9951    
  -875.000000000000        79.72237    
  -843.750000000000        123.8568    
  -812.500000000000        210.4540    
  -781.250000000000        279.2202    
  -750.000000000000        210.7854    
  -718.750000000000        264.8889    
  -687.500000000000        232.4133    
  -656.250000000000        404.7052    
  -625.000000000000        35.38409    
  -593.750000000000        299.6927    
  -562.500000000000        119.3382    
  -531.250000000000        191.2936    
  -500.000000000000        304.3766    
  -468.750000000000        74.93254    
  -437.500000000000        233.7109    
  -406.250000000000        286.3930    
  -375.000000000000        641.8866    
  -343.750000000000        1052.009    
  -312.500000000000        547.1680    
  -281.250000000000        749.6990    
  -250.000000000000        393.4525    
  -218.750000000000        41.47757    
  -187.500000000000        352.1737    
  -156.250000000000        1340.986    
  -125.000000000000        1321.301    
  -93.7500000000000        470.5121    
  -62.5000000000000        1300.954    
  -31.2500000000000        2314.194    
  0.000000000000000E+000   6021.083    
   31.2500000000000        2284.373    
   62.5000000000000        1319.194    
   93.7500000000000        481.7454    
   125.000000000000        1338.665    
   156.250000000000        1363.806    
   187.500000000000        355.1781    
   218.750000000000        21.00795    
   250.000000000000        376.5428    
   281.250000000000        738.9753    
   312.500000000000        546.2204    
   343.750000000000        1040.188    
   375.000000000000        632.5380    
   406.250000000000        281.4477    
   437.500000000000        216.5458    
   468.750000000000        71.99426    
   500.000000000000        303.5635    
   531.250000000000        202.2585    
   562.500000000000        126.9795    
   593.750000000000        301.5932    
   625.000000000000        36.24315    
   656.250000000000        408.2094    
   687.500000000000        226.2105    
   718.750000000000        272.3715    
   750.000000000000        210.8202    
   781.250000000000        273.0788    
   812.500000000000        220.8527    
   843.750000000000        119.2882    
   875.000000000000        88.79169    
   906.250000000000        162.6474    
   937.500000000000        34.95629    
   968.750000000000        92.25348    
   1000.00000000000        98.60658    
   1031.25000000000        65.68415    
   1062.50000000000        166.6964    
   1093.75000000000        95.46431    
   1125.00000000000        30.63509    
   1156.25000000000        143.5420    
   1187.50000000000        38.59391    
   1218.75000000000        41.70508    
   1250.00000000000        226.0130    
   1281.25000000000        69.32616    
   1312.50000000000        85.63375    
   1343.75000000000        104.7326    
   1375.00000000000        127.3170    
   1406.25000000000        80.57720    
   1437.50000000000        46.68215    
   1468.75000000000        76.13853    
   1500.00000000000        35.30975    
   1531.25000000000        117.3556    
   1562.50000000000        198.1922    
   1593.75000000000        51.49255    
   1625.00000000000        102.2993    
   1656.25000000000        163.7216    
   1687.50000000000        144.8941    
   1718.75000000000        99.30055    
   1750.00000000000        144.1038    
   1781.25000000000        284.6552    
   1812.50000000000        238.1137    
   1843.75000000000        93.62379    
   1875.00000000000        76.22763    
   1906.25000000000        33.28108    
   1937.50000000000        48.43368    
   1968.75000000000        69.16512    
   2000.00000000000        39.73807    
   2031.25000000000        18.66871    
   2062.50000000000        66.02096    
   2093.75000000000        82.47163    
   2125.00000000000        65.89062    
   2156.25000000000        102.5921    
   2187.50000000000        102.8406    
   2218.75000000000        70.70129    
   2250.00000000000        47.66246    
   2281.25000000000        44.71629    
   2312.50000000000        84.59425    
   2343.75000000000        141.2409    
   2375.00000000000        25.16773    
   2406.25000000000        51.69729    
   2437.50000000000        88.21123    
   2468.75000000000        11.34538    
   2500.00000000000        139.4298    
   2531.25000000000        20.20747    
   2562.50000000000        59.98701    
   2593.75000000000        96.37743    
   2625.00000000000        36.66419    
   2656.25000000000        52.46463    
   2687.50000000000        135.2034    
   2718.75000000000        70.37881    
   2750.00000000000        70.66779    
   2781.25000000000        46.95277    
   2812.50000000000        142.6603    
   2843.75000000000        58.00660    
   2875.00000000000        128.4581    
   2906.25000000000        26.47623    
   2937.50000000000        195.2152    
   2968.75000000000        107.4344    
   3000.00000000000        110.9218    
   3031.25000000000        175.9549    
   3062.50000000000        219.8045    
   3093.75000000000        189.6119    
   3125.00000000000        137.7245    
   3156.25000000000        240.8343    
   3187.50000000000        100.9610    
   3218.75000000000        235.4646    
   3250.00000000000        190.2301    
   3281.25000000000        219.5657    
   3312.50000000000        233.3296    
   3343.75000000000        123.0737    
   3375.00000000000        128.0764    
   3406.25000000000        420.0493    
   3437.50000000000        146.6445    
   3468.75000000000        260.8079    
   3500.00000000000        267.8346    
   3531.25000000000        82.53728    
   3562.50000000000        244.5145    
   3593.75000000000        208.4975    
   3625.00000000000        153.6524    
   3656.25000000000        338.9461    
   3687.50000000000        275.6592    
   3718.75000000000        301.7114    
   3750.00000000000        235.0221    
   3781.25000000000        396.5752    
   3812.50000000000        261.6676    
   3843.75000000000        373.1454    
   3875.00000000000        323.9181    
   3906.25000000000        215.6208    
   3937.50000000000        459.4052    
   3968.75000000000        364.9698    
