  -2000.00000000000        9.330617    
  -1984.37500000000        4.163274    
  -1968.75000000000        5.241765    
  -1953.12500000000        19.53975    
  -1937.50000000000        38.33406    
  -1921.87500000000        16.55069    
  -1906.25000000000        2.241445    
  -1890.62500000000        10.53578    
  -1875.00000000000        7.046830    
  -1859.37500000000        5.097397    
  -1843.75000000000        6.867330    
  -1828.12500000000        16.70670    
  -1812.50000000000        7.402723    
  -1796.87500000000        11.32068    
  -1781.25000000000        15.82936    
  -1765.62500000000        7.691355    
  -1750.00000000000        38.88354    
  -1734.37500000000        9.712178    
  -1718.75000000000        6.505794    
  -1703.12500000000        4.271315    
  -1687.50000000000        5.230671    
  -1671.87500000000        9.297204    
  -1656.25000000000        3.345444    
  -1640.62500000000        4.591897    
  -1625.00000000000        14.55534    
  -1609.37500000000        11.32456    
  -1593.75000000000        9.807856    
  -1578.12500000000        14.99379    
  -1562.50000000000        7.048987    
  -1546.87500000000        43.24385    
  -1531.25000000000        4.857937    
  -1515.62500000000        4.668843    
  -1500.00000000000        17.61026    
  -1484.37500000000        6.636238    
  -1468.75000000000        13.40388    
  -1453.12500000000        5.710488    
  -1437.50000000000        8.294640    
  -1421.87500000000        17.42944    
  -1406.25000000000        7.398526    
  -1390.62500000000        4.028998    
  -1375.00000000000        17.35422    
  -1359.37500000000        19.34964    
  -1343.75000000000        16.25080    
  -1328.12500000000        10.74475    
  -1312.50000000000        7.950375    
  -1296.87500000000        26.76483    
  -1281.25000000000        21.70980    
  -1265.62500000000       0.9100810    
  -1250.00000000000        31.32701    
  -1234.37500000000        19.62544    
  -1218.75000000000        5.187589    
  -1203.12500000000        20.31896    
  -1187.50000000000        17.74651    
  -1171.87500000000        69.83867    
  -1156.25000000000        77.15542    
  -1140.62500000000        13.98787    
  -1125.00000000000        8.134433    
  -1109.37500000000        24.41463    
  -1093.75000000000        3.852030    
  -1078.12500000000        1.590159    
  -1062.50000000000        1.374242    
  -1046.87500000000        7.400260    
  -1031.25000000000        3.102988    
  -1015.62500000000        8.964180    
  -1000.00000000000        10.00917    
  -984.375000000000        12.25161    
  -968.750000000000        65.16499    
  -953.125000000000        13.79364    
  -937.500000000000        6.081484    
  -921.875000000000        27.78365    
  -906.250000000000        26.99861    
  -890.625000000000        19.51563    
  -875.000000000000        10.38029    
  -859.375000000000        16.91994    
  -843.750000000000        18.02868    
  -828.125000000000        13.08337    
  -812.500000000000        24.70431    
  -796.875000000000        36.57008    
  -781.250000000000        158.6418    
  -765.625000000000        109.2473    
  -750.000000000000        45.15370    
  -734.375000000000        20.76328    
  -718.750000000000        29.84187    
  -703.125000000000        40.53242    
  -687.500000000000        31.29778    
  -671.875000000000        32.07938    
  -656.250000000000        41.03842    
  -640.625000000000        29.25547    
  -625.000000000000        50.70037    
  -609.375000000000        80.88381    
  -593.750000000000        176.6444    
  -578.125000000000        499.3920    
  -562.500000000000        80.31221    
  -546.875000000000        28.50234    
  -531.250000000000        36.44816    
  -515.625000000000        42.79832    
  -500.000000000000        18.30901    
  -484.375000000000        9.311397    
  -468.750000000000        14.29855    
  -453.125000000000        13.13089    
  -437.500000000000        35.67004    
  -421.875000000000        21.98893    
  -406.250000000000        52.56609    
  -390.625000000000        160.1952    
  -375.000000000000        59.16592    
  -359.375000000000        18.36505    
  -343.750000000000        2.527658    
  -328.125000000000        10.62719    
  -312.500000000000        17.36925    
  -296.875000000000        18.04471    
  -281.250000000000        7.802646    
  -265.625000000000        20.01874    
  -250.000000000000        38.45953    
  -234.375000000000        24.14948    
  -218.750000000000        52.45663    
  -203.125000000000        232.5560    
  -187.500000000000        238.4701    
  -171.875000000000        79.22718    
  -156.250000000000        42.05132    
  -140.625000000000        32.71730    
  -125.000000000000        32.83631    
  -109.375000000000        16.09781    
  -93.7500000000000        6.377880    
  -78.1250000000000        40.94635    
  -62.5000000000000        16.19783    
  -46.8750000000000        22.90150    
  -31.2500000000000        6.297091    
  -15.6250000000000        51.55504    
  0.000000000000000E+000   12109.34    
   15.6250000000000        59.57317    
   31.2500000000000        25.04748    
   46.8750000000000        29.53156    
   62.5000000000000        8.922412    
   78.1250000000000        43.21592    
   93.7500000000000        10.82376    
   109.375000000000        3.118880    
   125.000000000000        23.62020    
   140.625000000000        28.02744    
   156.250000000000        28.16282    
   171.875000000000        36.85528    
   187.500000000000        141.5703    
   203.125000000000        117.7402    
   218.750000000000        34.48708    
   234.375000000000        6.203229    
   250.000000000000        35.22384    
   265.625000000000        13.86884    
   281.250000000000        12.85512    
   296.875000000000        19.97388    
   312.500000000000        6.540502    
   328.125000000000        15.99927    
   343.750000000000        10.34702    
   359.375000000000        28.73241    
   375.000000000000        93.87831    
   390.625000000000        182.6073    
   406.250000000000        69.07224    
   421.875000000000        32.03779    
   437.500000000000        31.07363    
   453.125000000000        20.92439    
   468.750000000000        11.37313    
   484.375000000000        7.299142    
   500.000000000000        26.75417    
   515.625000000000        33.23770    
   531.250000000000        44.30298    
   546.875000000000        40.83474    
   562.500000000000        88.10457    
   578.125000000000        515.5809    
   593.750000000000        207.8653    
   609.375000000000        88.94640    
   625.000000000000        49.96043    
   640.625000000000        29.29588    
   656.250000000000        49.49769    
   671.875000000000        33.03934    
   687.500000000000        32.52524    
   703.125000000000        38.52072    
   718.750000000000        23.02624    
   734.375000000000        24.81443    
   750.000000000000        24.45537    
   765.625000000000        70.52885    
   781.250000000000        86.85787    
   796.875000000000        16.44237    
   812.500000000000        9.979715    
   828.125000000000        3.465863    
   843.750000000000        7.236926    
   859.375000000000        7.410980    
   875.000000000000        5.324287    
   890.625000000000        11.60157    
   906.250000000000        40.87836    
   921.875000000000        34.57829    
   937.500000000000        12.72511    
   953.125000000000        24.28603    
   968.750000000000        127.2140    
   984.375000000000        10.52296    
   1000.00000000000        10.11446    
   1015.62500000000        14.27461    
   1031.25000000000       0.6417614    
   1046.87500000000        8.714609    
   1062.50000000000        7.131203    
   1078.12500000000        5.711977    
   1093.75000000000        19.39679    
   1109.37500000000        12.78430    
   1125.00000000000        2.653999    
   1140.62500000000        12.94809    
   1156.25000000000        54.76728    
   1171.87500000000        55.25928    
   1187.50000000000        15.93640    
   1203.12500000000        20.93806    
   1218.75000000000        9.856134    
   1234.37500000000        19.04045    
   1250.00000000000        22.80064    
   1265.62500000000        6.558480    
   1281.25000000000        25.78029    
   1296.87500000000        33.78550    
   1312.50000000000        17.53355    
   1328.12500000000        14.02598    
   1343.75000000000        21.03499    
   1359.37500000000        36.79532    
   1375.00000000000        15.66605    
   1390.62500000000        10.57924    
   1406.25000000000        13.57835    
   1421.87500000000        9.263114    
   1437.50000000000        11.32245    
   1453.12500000000        9.752198    
   1468.75000000000        3.180284    
   1484.37500000000        15.62042    
   1500.00000000000        20.30860    
   1515.62500000000        5.177496    
   1531.25000000000        2.918149    
   1546.87500000000        7.794842    
   1562.50000000000        34.44331    
   1578.12500000000        24.96860    
   1593.75000000000        12.36615    
   1609.37500000000        11.69790    
   1625.00000000000        10.16470    
   1640.62500000000        11.39575    
   1656.25000000000        24.45854    
   1671.87500000000        17.82329    
   1687.50000000000        2.957205    
   1703.12500000000        2.135718    
   1718.75000000000        14.44809    
   1734.37500000000        12.60896    
   1750.00000000000        31.93408    
   1765.62500000000        11.42646    
   1781.25000000000        7.624692    
   1796.87500000000        6.155473    
   1812.50000000000        7.110402    
   1828.12500000000        9.733604    
   1843.75000000000        2.922934    
   1859.37500000000        13.61667    
   1875.00000000000        5.808336    
   1890.62500000000        15.38028    
   1906.25000000000        13.92498    
   1921.87500000000        16.52783    
   1937.50000000000        24.93697    
   1953.12500000000        7.805544    
   1968.75000000000        9.742698    
   1984.37500000000        2.666692    
