  -2000.00000000000        5.416315    
  -1984.37500000000        2.767005    
  -1968.75000000000        6.555386    
  -1953.12500000000        8.155394    
  -1937.50000000000        8.961545    
  -1921.87500000000        13.64764    
  -1906.25000000000        4.557901    
  -1890.62500000000        9.011858    
  -1875.00000000000        4.049803    
  -1859.37500000000        2.832200    
  -1843.75000000000        4.275231    
  -1828.12500000000        10.44271    
  -1812.50000000000        4.125034    
  -1796.87500000000        3.378068    
  -1781.25000000000        7.890683    
  -1765.62500000000        3.867662    
  -1750.00000000000        22.15207    
  -1734.37500000000        4.636550    
  -1718.75000000000        6.734582    
  -1703.12500000000        1.875416    
  -1687.50000000000        3.565423    
  -1671.87500000000        6.121410    
  -1656.25000000000        3.894620    
  -1640.62500000000        5.994858    
  -1625.00000000000       0.7783340    
  -1609.37500000000        4.307457    
  -1593.75000000000        6.108309    
  -1578.12500000000        10.87822    
  -1562.50000000000        8.588777    
  -1546.87500000000        24.63042    
  -1531.25000000000        6.261021    
  -1515.62500000000        6.535521    
  -1500.00000000000        16.73358    
  -1484.37500000000        7.804777    
  -1468.75000000000        2.383790    
  -1453.12500000000        3.658858    
  -1437.50000000000        3.400345    
  -1421.87500000000        8.193644    
  -1406.25000000000        6.473495    
  -1390.62500000000        5.701030    
  -1375.00000000000        1.016376    
  -1359.37500000000        20.14102    
  -1343.75000000000        8.077903    
  -1328.12500000000        6.274509    
  -1312.50000000000        5.170382    
  -1296.87500000000        12.43676    
  -1281.25000000000        3.960627    
  -1265.62500000000        5.762773    
  -1250.00000000000        23.14797    
  -1234.37500000000        9.898287    
  -1218.75000000000        6.883526    
  -1203.12500000000        16.78411    
  -1187.50000000000        20.23447    
  -1171.87500000000        57.23045    
  -1156.25000000000        56.22370    
  -1140.62500000000        14.14986    
  -1125.00000000000        6.044115    
  -1109.37500000000        9.800316    
  -1093.75000000000        1.337298    
  -1078.12500000000        4.413837    
  -1062.50000000000        3.512873    
  -1046.87500000000        1.957024    
  -1031.25000000000        3.860399    
  -1015.62500000000        4.254749    
  -1000.00000000000       0.9242256    
  -984.375000000000        8.217869    
  -968.750000000000        50.53497    
  -953.125000000000        13.56944    
  -937.500000000000        9.227315    
  -921.875000000000        24.25492    
  -906.250000000000        17.47691    
  -890.625000000000        7.224256    
  -875.000000000000        5.572623    
  -859.375000000000        6.025865    
  -843.750000000000        5.902467    
  -828.125000000000        11.62977    
  -812.500000000000        11.65839    
  -796.875000000000        20.20513    
  -781.250000000000        71.01828    
  -765.625000000000        64.64763    
  -750.000000000000        21.84506    
  -734.375000000000        17.37462    
  -718.750000000000        21.86172    
  -703.125000000000        19.86045    
  -687.500000000000        19.39277    
  -671.875000000000        21.54016    
  -656.250000000000        27.35410    
  -640.625000000000        26.02222    
  -625.000000000000        40.87140    
  -609.375000000000        62.26013    
  -593.750000000000        134.8472    
  -578.125000000000        381.1935    
  -562.500000000000        64.05473    
  -546.875000000000        22.42622    
  -531.250000000000        31.29243    
  -515.625000000000        20.32067    
  -500.000000000000        15.71995    
  -484.375000000000        6.778182    
  -468.750000000000        8.790752    
  -453.125000000000        13.07886    
  -437.500000000000        22.16777    
  -421.875000000000        16.07702    
  -406.250000000000        41.12737    
  -390.625000000000        163.1588    
  -375.000000000000        57.47080    
  -359.375000000000        25.25471    
  -343.750000000000        5.088457    
  -328.125000000000        6.836833    
  -312.500000000000        18.22370    
  -296.875000000000        13.66963    
  -281.250000000000        11.25308    
  -265.625000000000        14.64372    
  -250.000000000000        23.21912    
  -234.375000000000        14.70642    
  -218.750000000000        38.23750    
  -203.125000000000        135.1904    
  -187.500000000000        157.2007    
  -171.875000000000        48.85554    
  -156.250000000000        25.15812    
  -140.625000000000        22.46597    
  -125.000000000000        20.74206    
  -109.375000000000        9.035499    
  -93.7500000000000       0.8216609    
  -78.1250000000000        28.30855    
  -62.5000000000000        10.89427    
  -46.8750000000000        20.20270    
  -31.2500000000000        13.55067    
  -15.6250000000000        42.21090    
  0.000000000000000E+000   8759.402    
   15.6250000000000        42.37207    
   31.2500000000000        13.79067    
   46.8750000000000        20.70989    
   62.5000000000000        10.11812    
   78.1250000000000        28.30232    
   93.7500000000000        1.389445    
   109.375000000000        7.690430    
   125.000000000000        20.71535    
   140.625000000000        21.90245    
   156.250000000000        24.58540    
   171.875000000000        45.93562    
   187.500000000000        151.1891    
   203.125000000000        131.4915    
   218.750000000000        36.87648    
   234.375000000000        14.30893    
   250.000000000000        23.23121    
   265.625000000000        14.25337    
   281.250000000000        11.09020    
   296.875000000000        13.11567    
   312.500000000000        17.61705    
   328.125000000000        6.810690    
   343.750000000000        4.374865    
   359.375000000000        24.50456    
   375.000000000000        56.06415    
   390.625000000000        157.4469    
   406.250000000000        40.67394    
   421.875000000000        16.41665    
   437.500000000000        23.12946    
   453.125000000000        12.85577    
   468.750000000000        8.319914    
   484.375000000000        6.877625    
   500.000000000000        16.69851    
   515.625000000000        19.96901    
   531.250000000000        31.00320    
   546.875000000000        22.55013    
   562.500000000000        63.26009    
   578.125000000000        380.5699    
   593.750000000000        136.2814    
   609.375000000000        62.56038    
   625.000000000000        41.29121    
   640.625000000000        26.12844    
   656.250000000000        27.84611    
   671.875000000000        22.30488    
   687.500000000000        20.41369    
   703.125000000000        20.46501    
   718.750000000000        22.83122    
   734.375000000000        18.55803    
   750.000000000000        23.41666    
   765.625000000000        68.87074    
   781.250000000000        77.16221    
   796.875000000000        21.52473    
   812.500000000000        11.86178    
   828.125000000000        9.741419    
   843.750000000000        6.304639    
   859.375000000000        6.189039    
   875.000000000000        5.848197    
   890.625000000000        7.897198    
   906.250000000000        17.38053    
   921.875000000000        24.19942    
   937.500000000000        9.469159    
   953.125000000000        13.65713    
   968.750000000000        42.46002    
   984.375000000000        7.933068    
   1000.00000000000        1.197007    
   1015.62500000000        3.768237    
   1031.25000000000        4.840598    
   1046.87500000000        2.213037    
   1062.50000000000        2.786044    
   1078.12500000000        3.370975    
   1093.75000000000        1.352648    
   1109.37500000000        9.952470    
   1125.00000000000        4.562953    
   1140.62500000000        11.79720    
   1156.25000000000        48.54982    
   1171.87500000000        51.34324    
   1187.50000000000        18.23179    
   1203.12500000000        15.63761    
   1218.75000000000        6.005559    
   1234.37500000000        9.075927    
   1250.00000000000        22.57524    
   1265.62500000000        5.594953    
   1281.25000000000        3.855675    
   1296.87500000000        12.39504    
   1312.50000000000        4.612612    
   1328.12500000000        5.933844    
   1343.75000000000        7.215239    
   1359.37500000000        20.28763    
   1375.00000000000        1.449649    
   1390.62500000000        5.603692    
   1406.25000000000        6.635481    
   1421.87500000000        7.875408    
   1437.50000000000        3.144828    
   1453.12500000000        3.783979    
   1468.75000000000        2.533470    
   1484.37500000000        7.922198    
   1500.00000000000        16.05200    
   1515.62500000000        6.769448    
   1531.25000000000        6.358364    
   1546.87500000000        26.62064    
   1562.50000000000        8.051990    
   1578.12500000000        10.50722    
   1593.75000000000        5.886536    
   1609.37500000000        4.638547    
   1625.00000000000       0.5363083    
   1640.62500000000        5.716082    
   1656.25000000000        3.813899    
   1671.87500000000        5.117448    
   1687.50000000000        3.964895    
   1703.12500000000        2.090366    
   1718.75000000000        6.785487    
   1734.37500000000        5.879145    
   1750.00000000000        23.75308    
   1765.62500000000        4.216609    
   1781.25000000000        8.495090    
   1796.87500000000        3.702393    
   1812.50000000000        4.080420    
   1828.12500000000        10.21264    
   1843.75000000000        4.221219    
   1859.37500000000        2.767696    
   1875.00000000000        4.465947    
   1890.62500000000        8.581441    
   1906.25000000000        4.534946    
   1921.87500000000        13.30572    
   1937.50000000000        8.900388    
   1953.12500000000        8.578652    
   1968.75000000000        6.499423    
   1984.37500000000        2.847272    
