  -2000.00000000000        10.96068    
  -1984.37500000000        5.034971    
  -1968.75000000000        16.78476    
  -1953.12500000000        14.42204    
  -1937.50000000000        14.14127    
  -1921.87500000000        13.09836    
  -1906.25000000000        10.75623    
  -1890.62500000000        20.32866    
  -1875.00000000000        29.33843    
  -1859.37500000000        20.79975    
  -1843.75000000000        9.621303    
  -1828.12500000000        10.42199    
  -1812.50000000000        17.17827    
  -1796.87500000000        6.884214    
  -1781.25000000000        6.251178    
  -1765.62500000000        7.704857    
  -1750.00000000000        32.59253    
  -1734.37500000000        10.11466    
  -1718.75000000000        10.34509    
  -1703.12500000000        1.501298    
  -1687.50000000000        12.32503    
  -1671.87500000000        15.29719    
  -1656.25000000000        6.697586    
  -1640.62500000000        11.96630    
  -1625.00000000000        11.28898    
  -1609.37500000000        2.349283    
  -1593.75000000000        7.283875    
  -1578.12500000000        8.704257    
  -1562.50000000000        12.43412    
  -1546.87500000000        22.96452    
  -1531.25000000000        6.387852    
  -1515.62500000000        3.153914    
  -1500.00000000000        16.10311    
  -1484.37500000000        9.671405    
  -1468.75000000000        18.63494    
  -1453.12500000000        2.741431    
  -1437.50000000000        8.511917    
  -1421.87500000000        3.711051    
  -1406.25000000000        14.00227    
  -1390.62500000000        8.409083    
  -1375.00000000000        1.328922    
  -1359.37500000000        28.20570    
  -1343.75000000000        11.08495    
  -1328.12500000000        6.436009    
  -1312.50000000000        8.183089    
  -1296.87500000000        17.27363    
  -1281.25000000000        11.56333    
  -1265.62500000000        7.465846    
  -1250.00000000000        28.59788    
  -1234.37500000000        18.11182    
  -1218.75000000000        7.332325    
  -1203.12500000000        13.56486    
  -1187.50000000000        23.19738    
  -1171.87500000000        67.13571    
  -1156.25000000000        60.29015    
  -1140.62500000000        13.38393    
  -1125.00000000000        10.53185    
  -1109.37500000000        9.889821    
  -1093.75000000000        8.970574    
  -1078.12500000000        1.464529    
  -1062.50000000000        1.660421    
  -1046.87500000000        10.12742    
  -1031.25000000000        6.203638    
  -1015.62500000000        7.436298    
  -1000.00000000000        3.229414    
  -984.375000000000        7.045680    
  -968.750000000000        60.25641    
  -953.125000000000        20.58423    
  -937.500000000000        9.486315    
  -921.875000000000        28.30424    
  -906.250000000000        20.15039    
  -890.625000000000        1.836247    
  -875.000000000000        5.558035    
  -859.375000000000        4.692706    
  -843.750000000000        13.52433    
  -828.125000000000        19.69531    
  -812.500000000000        12.72321    
  -796.875000000000        24.84566    
  -781.250000000000        73.38297    
  -765.625000000000        61.73556    
  -750.000000000000        24.62740    
  -734.375000000000        16.00603    
  -718.750000000000        24.88172    
  -703.125000000000        27.86138    
  -687.500000000000        19.57487    
  -671.875000000000        23.45756    
  -656.250000000000        32.31456    
  -640.625000000000        32.09039    
  -625.000000000000        50.97213    
  -609.375000000000        70.76727    
  -593.750000000000        153.2037    
  -578.125000000000        450.0896    
  -562.500000000000        78.16465    
  -546.875000000000        24.61057    
  -531.250000000000        34.40251    
  -515.625000000000        26.46355    
  -500.000000000000        19.10752    
  -484.375000000000        8.220984    
  -468.750000000000        13.90450    
  -453.125000000000        8.388659    
  -437.500000000000        19.44719    
  -421.875000000000        16.29355    
  -406.250000000000        37.77277    
  -390.625000000000        182.5167    
  -375.000000000000        45.81993    
  -359.375000000000        27.95240    
  -343.750000000000        7.279130    
  -328.125000000000        7.154909    
  -312.500000000000        25.28601    
  -296.875000000000        24.30169    
  -281.250000000000        15.55771    
  -265.625000000000        20.46958    
  -250.000000000000        30.81825    
  -234.375000000000        27.18423    
  -218.750000000000        50.89626    
  -203.125000000000        204.8379    
  -187.500000000000        234.7438    
  -171.875000000000        75.06223    
  -156.250000000000        37.49290    
  -140.625000000000        31.61789    
  -125.000000000000        24.01912    
  -109.375000000000        19.91869    
  -93.7500000000000        4.845558    
  -78.1250000000000        36.08907    
  -62.5000000000000        7.205829    
  -46.8750000000000        19.41916    
  -31.2500000000000        11.23456    
  -15.6250000000000        45.94737    
  0.000000000000000E+000   10513.99    
   15.6250000000000        47.83016    
   31.2500000000000        17.57174    
   46.8750000000000        26.78943    
   62.5000000000000        16.62707    
   78.1250000000000        31.06730    
   93.7500000000000        9.252295    
   109.375000000000        5.607747    
   125.000000000000        23.25826    
   140.625000000000        21.26106    
   156.250000000000        21.06476    
   171.875000000000        44.36816    
   187.500000000000        135.3509    
   203.125000000000        120.9280    
   218.750000000000        37.41346    
   234.375000000000        15.05323    
   250.000000000000        30.16097    
   265.625000000000        14.50383    
   281.250000000000        14.94683    
   296.875000000000        10.72771    
   312.500000000000        21.50253    
   328.125000000000        8.728546    
   343.750000000000        9.957224    
   359.375000000000        34.41739    
   375.000000000000        78.54175    
   390.625000000000        216.6035    
   406.250000000000        56.40305    
   421.875000000000        21.98232    
   437.500000000000        27.55363    
   453.125000000000        20.52780    
   468.750000000000        15.62963    
   484.375000000000        10.21450    
   500.000000000000        24.26531    
   515.625000000000        28.85007    
   531.250000000000        39.45724    
   546.875000000000        28.76829    
   562.500000000000        74.42203    
   578.125000000000        461.8366    
   593.750000000000        163.5469    
   609.375000000000        74.72969    
   625.000000000000        46.00496    
   640.625000000000        30.14492    
   656.250000000000        39.49548    
   671.875000000000        31.63771    
   687.500000000000        21.80352    
   703.125000000000        40.38533    
   718.750000000000        27.01224    
   734.375000000000        21.30597    
   750.000000000000        30.92086    
   765.625000000000        90.39429    
   781.250000000000        100.1652    
   796.875000000000        22.67669    
   812.500000000000        12.37368    
   828.125000000000        10.51490    
   843.750000000000        5.655886    
   859.375000000000        10.74933    
   875.000000000000        5.540927    
   890.625000000000        13.35896    
   906.250000000000        25.23101    
   921.875000000000        30.96688    
   937.500000000000        9.028727    
   953.125000000000        9.591005    
   968.750000000000        53.36957    
   984.375000000000        6.240331    
   1000.00000000000        1.974192    
   1015.62500000000        6.510532    
   1031.25000000000        12.19407    
   1046.87500000000        11.58652    
   1062.50000000000        2.257660    
   1078.12500000000        10.67846    
   1093.75000000000        21.89969    
   1109.37500000000        15.15690    
   1125.00000000000        4.299835    
   1140.62500000000        13.42608    
   1156.25000000000        58.76844    
   1171.87500000000        64.34844    
   1187.50000000000        24.25133    
   1203.12500000000        21.23353    
   1218.75000000000        11.22552    
   1234.37500000000        12.91002    
   1250.00000000000        24.37519    
   1265.62500000000        3.372240    
   1281.25000000000        1.421077    
   1296.87500000000        17.82948    
   1312.50000000000        15.69341    
   1328.12500000000        8.467929    
   1343.75000000000        14.24837    
   1359.37500000000        44.97626    
   1375.00000000000        9.107876    
   1390.62500000000        10.49858    
   1406.25000000000        17.36825    
   1421.87500000000        11.38289    
   1437.50000000000        7.891584    
   1453.12500000000        6.354029    
   1468.75000000000        6.928826    
   1484.37500000000        14.14729    
   1500.00000000000        20.81415    
   1515.62500000000        9.917480    
   1531.25000000000        3.716943    
   1546.87500000000        43.97821    
   1562.50000000000        14.46986    
   1578.12500000000        15.87284    
   1593.75000000000        10.34822    
   1609.37500000000        8.254803    
   1625.00000000000       0.9827225    
   1640.62500000000        6.699844    
   1656.25000000000        5.980622    
   1671.87500000000        8.130355    
   1687.50000000000        7.743812    
   1703.12500000000        3.605494    
   1718.75000000000        8.902349    
   1734.37500000000        8.489238    
   1750.00000000000        21.39280    
   1765.62500000000        7.664390    
   1781.25000000000        11.71212    
   1796.87500000000        9.752200    
   1812.50000000000        9.646314    
   1828.12500000000        18.73533    
   1843.75000000000        9.644403    
   1859.37500000000        10.36283    
   1875.00000000000        17.63175    
   1890.62500000000        11.80480    
   1906.25000000000        8.259332    
   1921.87500000000        18.09770    
   1937.50000000000        18.14689    
   1953.12500000000        19.45848    
   1968.75000000000        10.88491    
   1984.37500000000        2.296478    
