  -4000.00000000000        228.3935    
  -3968.75000000000        464.1455    
  -3937.50000000000        564.4279    
  -3906.25000000000        254.8100    
  -3875.00000000000        396.0623    
  -3843.75000000000        443.1331    
  -3812.50000000000        324.3893    
  -3781.25000000000        463.2949    
  -3750.00000000000        294.1813    
  -3718.75000000000        367.3922    
  -3687.50000000000        335.3712    
  -3656.25000000000        408.3180    
  -3625.00000000000        211.6010    
  -3593.75000000000        274.9560    
  -3562.50000000000        260.9777    
  -3531.25000000000        91.88560    
  -3500.00000000000        329.7570    
  -3468.75000000000        303.4305    
  -3437.50000000000        180.3090    
  -3406.25000000000        512.2511    
  -3375.00000000000        147.4333    
  -3343.75000000000        143.5062    
  -3312.50000000000        297.6279    
  -3281.25000000000        254.9195    
  -3250.00000000000        191.8869    
  -3218.75000000000        258.5477    
  -3187.50000000000        120.3646    
  -3156.25000000000        279.1063    
  -3125.00000000000        197.7126    
  -3093.75000000000        223.9372    
  -3062.50000000000        277.2103    
  -3031.25000000000        202.0357    
  -3000.00000000000        127.8223    
  -2968.75000000000        131.2868    
  -2937.50000000000        233.8055    
  -2906.25000000000        32.53899    
  -2875.00000000000        158.3693    
  -2843.75000000000        78.62368    
  -2812.50000000000        149.8584    
  -2781.25000000000        54.14465    
  -2750.00000000000        74.75822    
  -2718.75000000000        97.35612    
  -2687.50000000000        155.3471    
  -2656.25000000000        66.96377    
  -2625.00000000000        48.80218    
  -2593.75000000000        122.8851    
  -2562.50000000000        73.74674    
  -2531.25000000000        12.28585    
  -2500.00000000000        176.9218    
  -2468.75000000000        29.59332    
  -2437.50000000000        107.1943    
  -2406.25000000000        63.58004    
  -2375.00000000000        29.38832    
  -2343.75000000000        157.3311    
  -2312.50000000000        95.49949    
  -2281.25000000000        55.01018    
  -2250.00000000000        60.99947    
  -2218.75000000000        88.70441    
  -2187.50000000000        118.1122    
  -2156.25000000000        136.5797    
  -2125.00000000000        83.72879    
  -2093.75000000000        105.2353    
  -2062.50000000000        74.47888    
  -2031.25000000000        14.99075    
  -2000.00000000000        61.09726    
  -1968.75000000000        88.73188    
  -1937.50000000000        62.24509    
  -1906.25000000000        38.35038    
  -1875.00000000000        91.09061    
  -1843.75000000000        121.9086    
  -1812.50000000000        314.6770    
  -1781.25000000000        360.4702    
  -1750.00000000000        176.4294    
  -1718.75000000000        133.7903    
  -1687.50000000000        173.8832    
  -1656.25000000000        212.5167    
  -1625.00000000000        130.0629    
  -1593.75000000000        73.39845    
  -1562.50000000000        244.5711    
  -1531.25000000000        136.4189    
  -1500.00000000000        47.78253    
  -1468.75000000000        92.45495    
  -1437.50000000000        68.61649    
  -1406.25000000000        105.7401    
  -1375.00000000000        155.1379    
  -1343.75000000000        128.0091    
  -1312.50000000000        105.7162    
  -1281.25000000000        103.9247    
  -1250.00000000000        268.5000    
  -1218.75000000000        42.00859    
  -1187.50000000000        57.14752    
  -1156.25000000000        167.1707    
  -1125.00000000000        41.45892    
  -1093.75000000000        92.63511    
  -1062.50000000000        195.1189    
  -1031.25000000000        78.95950    
  -1000.00000000000        101.9415    
  -968.750000000000        90.23379    
  -937.500000000000        55.44816    
  -906.250000000000        191.4307    
  -875.000000000000        107.7049    
  -843.750000000000        146.1732    
  -812.500000000000        277.6051    
  -781.250000000000        317.3945    
  -750.000000000000        244.1988    
  -718.750000000000        330.7314    
  -687.500000000000        272.5622    
  -656.250000000000        501.6419    
  -625.000000000000        39.29017    
  -593.750000000000        343.1894    
  -562.500000000000        124.4037    
  -531.250000000000        218.0230    
  -500.000000000000        349.0771    
  -468.750000000000        91.79411    
  -437.500000000000        311.5708    
  -406.250000000000        342.3549    
  -375.000000000000        804.2168    
  -343.750000000000        1275.141    
  -312.500000000000        655.5125    
  -281.250000000000        914.7902    
  -250.000000000000        456.6783    
  -218.750000000000        73.47052    
  -187.500000000000        430.5722    
  -156.250000000000        1580.059    
  -125.000000000000        1558.885    
  -93.7500000000000        566.7089    
  -62.5000000000000        1541.123    
  -31.2500000000000        2806.301    
  0.000000000000000E+000   7174.742    
   31.2500000000000        2712.977    
   62.5000000000000        1614.102    
   93.7500000000000        609.8216    
   125.000000000000        1658.924    
   156.250000000000        1686.798    
   187.500000000000        433.8216    
   218.750000000000        35.27353    
   250.000000000000        449.8131    
   281.250000000000        878.2598    
   312.500000000000        640.6954    
   343.750000000000        1237.136    
   375.000000000000        724.8094    
   406.250000000000        326.7586    
   437.500000000000        261.2028    
   468.750000000000        77.67394    
   500.000000000000        357.0568    
   531.250000000000        249.5509    
   562.500000000000        149.4843    
   593.750000000000        364.3000    
   625.000000000000        65.08725    
   656.250000000000        495.0361    
   687.500000000000        282.1393    
   718.750000000000        349.8988    
   750.000000000000        251.5120    
   781.250000000000        341.5061    
   812.500000000000        248.3233    
   843.750000000000        138.9529    
   875.000000000000        97.80676    
   906.250000000000        198.5054    
   937.500000000000        22.14312    
   968.750000000000        111.6362    
   1000.00000000000        119.7362    
   1031.25000000000        85.60059    
   1062.50000000000        187.7122    
   1093.75000000000        99.54431    
   1125.00000000000        37.78180    
   1156.25000000000        181.3832    
   1187.50000000000        46.48098    
   1218.75000000000        41.24221    
   1250.00000000000        285.2327    
   1281.25000000000        89.00657    
   1312.50000000000        106.6726    
   1343.75000000000        127.0603    
   1375.00000000000        164.9713    
   1406.25000000000        100.1812    
   1437.50000000000        49.18483    
   1468.75000000000        77.88147    
   1500.00000000000        46.06820    
   1531.25000000000        128.5258    
   1562.50000000000        229.2580    
   1593.75000000000        62.96683    
   1625.00000000000        113.0767    
   1656.25000000000        188.1085    
   1687.50000000000        183.4432    
   1718.75000000000        110.0875    
   1750.00000000000        169.1108    
   1781.25000000000        333.6917    
   1812.50000000000        266.6168    
   1843.75000000000        113.2180    
   1875.00000000000        98.71161    
   1906.25000000000        37.75450    
   1937.50000000000        65.88526    
   1968.75000000000        71.32150    
   2000.00000000000        37.66753    
   2031.25000000000        16.06514    
   2062.50000000000        67.97784    
   2093.75000000000        105.6912    
   2125.00000000000        84.22548    
   2156.25000000000        117.6667    
   2187.50000000000        113.4455    
   2218.75000000000        93.39766    
   2250.00000000000        67.69810    
   2281.25000000000        48.17648    
   2312.50000000000        108.1049    
   2343.75000000000        178.1305    
   2375.00000000000        23.21474    
   2406.25000000000        63.91319    
   2437.50000000000        98.11455    
   2468.75000000000        12.12599    
   2500.00000000000        167.1216    
   2531.25000000000        26.05773    
   2562.50000000000        93.22851    
   2593.75000000000        121.3565    
   2625.00000000000        66.57978    
   2656.25000000000        73.45258    
   2687.50000000000        169.5217    
   2718.75000000000        79.51802    
   2750.00000000000        73.11144    
   2781.25000000000        49.32298    
   2812.50000000000        180.9914    
   2843.75000000000        62.94342    
   2875.00000000000        166.7303    
   2906.25000000000        19.35615    
   2937.50000000000        245.7784    
   2968.75000000000        127.1965    
   3000.00000000000        139.7463    
   3031.25000000000        216.9997    
   3062.50000000000        282.9091    
   3093.75000000000        230.9989    
   3125.00000000000        160.6923    
   3156.25000000000        286.9523    
   3187.50000000000        106.2760    
   3218.75000000000        312.1306    
   3250.00000000000        239.6417    
   3281.25000000000        287.3538    
   3312.50000000000        283.0803    
   3343.75000000000        137.0942    
   3375.00000000000        153.4040    
   3406.25000000000        506.6310    
   3437.50000000000        179.1101    
   3468.75000000000        333.3817    
   3500.00000000000        307.5974    
   3531.25000000000        123.7357    
   3562.50000000000        296.3770    
   3593.75000000000        228.1798    
   3625.00000000000        167.7612    
   3656.25000000000        413.9862    
   3687.50000000000        344.2126    
   3718.75000000000        371.3356    
   3750.00000000000        256.4542    
   3781.25000000000        491.5180    
   3812.50000000000        299.2003    
   3843.75000000000        447.0493    
   3875.00000000000        385.7688    
   3906.25000000000        270.0050    
   3937.50000000000        538.7336    
   3968.75000000000        461.7044    
