  -4000.00000000000        220.6776    
  -3968.75000000000        400.2692    
  -3937.50000000000        536.3073    
  -3906.25000000000        253.4449    
  -3875.00000000000        380.4055    
  -3843.75000000000        413.8871    
  -3812.50000000000        301.3417    
  -3781.25000000000        431.8678    
  -3750.00000000000        293.5058    
  -3718.75000000000        344.6476    
  -3687.50000000000        330.3335    
  -3656.25000000000        386.2715    
  -3625.00000000000        193.4541    
  -3593.75000000000        246.7243    
  -3562.50000000000        268.0615    
  -3531.25000000000        101.2545    
  -3500.00000000000        323.3370    
  -3468.75000000000        269.3554    
  -3437.50000000000        167.5158    
  -3406.25000000000        482.5940    
  -3375.00000000000        138.7325    
  -3343.75000000000        129.5925    
  -3312.50000000000        282.4833    
  -3281.25000000000        253.2456    
  -3250.00000000000        188.9052    
  -3218.75000000000        253.5871    
  -3187.50000000000        115.9285    
  -3156.25000000000        289.9768    
  -3125.00000000000        176.4442    
  -3093.75000000000        213.4573    
  -3062.50000000000        256.1507    
  -3031.25000000000        194.0813    
  -3000.00000000000        117.5119    
  -2968.75000000000        122.0630    
  -2937.50000000000        218.3522    
  -2906.25000000000        38.80275    
  -2875.00000000000        140.3253    
  -2843.75000000000        66.83718    
  -2812.50000000000        156.0551    
  -2781.25000000000        58.96972    
  -2750.00000000000        73.40965    
  -2718.75000000000        86.74889    
  -2687.50000000000        139.2565    
  -2656.25000000000        53.81360    
  -2625.00000000000        33.52737    
  -2593.75000000000        114.3182    
  -2562.50000000000        68.82805    
  -2531.25000000000        22.24856    
  -2500.00000000000        154.8151    
  -2468.75000000000        22.05518    
  -2437.50000000000        104.9278    
  -2406.25000000000        66.79622    
  -2375.00000000000        24.96620    
  -2343.75000000000        152.3461    
  -2312.50000000000        107.0208    
  -2281.25000000000        40.45454    
  -2250.00000000000        77.19372    
  -2218.75000000000        84.80030    
  -2187.50000000000        129.1361    
  -2156.25000000000        131.2862    
  -2125.00000000000        78.52121    
  -2093.75000000000        100.2889    
  -2062.50000000000        59.88981    
  -2031.25000000000        22.66498    
  -2000.00000000000        56.14699    
  -1968.75000000000        77.27611    
  -1937.50000000000        52.33081    
  -1906.25000000000        33.19061    
  -1875.00000000000        92.88174    
  -1843.75000000000        111.6080    
  -1812.50000000000        299.1030    
  -1781.25000000000        344.6306    
  -1750.00000000000        170.7233    
  -1718.75000000000        119.8906    
  -1687.50000000000        154.3785    
  -1656.25000000000        191.9178    
  -1625.00000000000        104.0838    
  -1593.75000000000        55.38568    
  -1562.50000000000        231.2796    
  -1531.25000000000        143.1701    
  -1500.00000000000        32.05754    
  -1468.75000000000        78.00639    
  -1437.50000000000        57.23500    
  -1406.25000000000        82.68700    
  -1375.00000000000        155.0137    
  -1343.75000000000        114.0927    
  -1312.50000000000        101.6755    
  -1281.25000000000        90.38804    
  -1250.00000000000        252.4916    
  -1218.75000000000        49.12824    
  -1187.50000000000        55.64359    
  -1156.25000000000        156.5658    
  -1125.00000000000        34.64589    
  -1093.75000000000        95.36038    
  -1062.50000000000        198.1610    
  -1031.25000000000        77.72796    
  -1000.00000000000        94.68710    
  -968.750000000000        105.8909    
  -937.500000000000        40.26518    
  -906.250000000000        181.7935    
  -875.000000000000        94.99059    
  -843.750000000000        150.2015    
  -812.500000000000        244.4860    
  -781.250000000000        307.7004    
  -750.000000000000        248.2142    
  -718.750000000000        292.9884    
  -687.500000000000        268.5832    
  -656.250000000000        463.7756    
  -625.000000000000        50.94025    
  -593.750000000000        342.8477    
  -562.500000000000        127.0676    
  -531.250000000000        226.2834    
  -500.000000000000        350.5646    
  -468.750000000000        92.02997    
  -437.500000000000        293.1532    
  -406.250000000000        340.8647    
  -375.000000000000        746.5475    
  -343.750000000000        1219.035    
  -312.500000000000        630.2448    
  -281.250000000000        869.6500    
  -250.000000000000        454.3714    
  -218.750000000000        60.70251    
  -187.500000000000        422.6042    
  -156.250000000000        1471.617    
  -125.000000000000        1500.547    
  -93.7500000000000        543.9374    
  -62.5000000000000        1454.971    
  -31.2500000000000        2665.917    
  0.000000000000000E+000   6929.390    
   31.2500000000000        2599.064    
   62.5000000000000        1538.918    
   93.7500000000000        570.6304    
   125.000000000000        1558.554    
   156.250000000000        1590.798    
   187.500000000000        418.1562    
   218.750000000000        15.76758    
   250.000000000000        424.1483    
   281.250000000000        812.4208    
   312.500000000000        625.3546    
   343.750000000000        1183.856    
   375.000000000000        704.6771    
   406.250000000000        316.0931    
   437.500000000000        229.9872    
   468.750000000000        85.88996    
   500.000000000000        343.5950    
   531.250000000000        233.3011    
   562.500000000000        150.3549    
   593.750000000000        351.6865    
   625.000000000000        48.50407    
   656.250000000000        477.8166    
   687.500000000000        269.8935    
   718.750000000000        328.5439    
   750.000000000000        237.9037    
   781.250000000000        319.5560    
   812.500000000000        245.2725    
   843.750000000000        139.4855    
   875.000000000000        100.7672    
   906.250000000000        193.8166    
   937.500000000000        50.99227    
   968.750000000000        108.2868    
   1000.00000000000        102.0084    
   1031.25000000000        82.26564    
   1062.50000000000        181.8146    
   1093.75000000000        113.5497    
   1125.00000000000        42.29083    
   1156.25000000000        154.8524    
   1187.50000000000        37.64740    
   1218.75000000000        47.63538    
   1250.00000000000        257.9205    
   1281.25000000000        74.26331    
   1312.50000000000        90.71088    
   1343.75000000000        112.4105    
   1375.00000000000        157.2165    
   1406.25000000000        95.82151    
   1437.50000000000        44.44057    
   1468.75000000000        84.78904    
   1500.00000000000        38.16763    
   1531.25000000000        138.3409    
   1562.50000000000        224.8680    
   1593.75000000000        64.86192    
   1625.00000000000        119.2805    
   1656.25000000000        176.2356    
   1687.50000000000        162.2375    
   1718.75000000000        115.2463    
   1750.00000000000        166.5466    
   1781.25000000000        313.1741    
   1812.50000000000        261.6555    
   1843.75000000000        99.54224    
   1875.00000000000        95.30497    
   1906.25000000000        46.52666    
   1937.50000000000        62.99397    
   1968.75000000000        79.68347    
   2000.00000000000        44.79379    
   2031.25000000000        20.53872    
   2062.50000000000        75.64509    
   2093.75000000000        96.07481    
   2125.00000000000        73.49005    
   2156.25000000000        127.2828    
   2187.50000000000        108.2369    
   2218.75000000000        86.51736    
   2250.00000000000        64.68712    
   2281.25000000000        54.89742    
   2312.50000000000        95.57706    
   2343.75000000000        171.4666    
   2375.00000000000        28.53152    
   2406.25000000000        53.55108    
   2437.50000000000        102.6951    
   2468.75000000000        9.414327    
   2500.00000000000        164.8354    
   2531.25000000000        12.93785    
   2562.50000000000        75.08495    
   2593.75000000000        111.0072    
   2625.00000000000        41.73142    
   2656.25000000000        53.80198    
   2687.50000000000        158.7584    
   2718.75000000000        88.99633    
   2750.00000000000        76.05402    
   2781.25000000000        41.79305    
   2812.50000000000        163.9517    
   2843.75000000000        68.57845    
   2875.00000000000        145.6911    
   2906.25000000000        27.98347    
   2937.50000000000        227.1594    
   2968.75000000000        115.5384    
   3000.00000000000        135.3456    
   3031.25000000000        208.7542    
   3062.50000000000        250.3670    
   3093.75000000000        220.4191    
   3125.00000000000        152.7604    
   3156.25000000000        274.4380    
   3187.50000000000        119.6459    
   3218.75000000000        282.2707    
   3250.00000000000        228.7787    
   3281.25000000000        250.8018    
   3312.50000000000        263.9370    
   3343.75000000000        141.5483    
   3375.00000000000        152.5088    
   3406.25000000000        475.9932    
   3437.50000000000        167.2394    
   3468.75000000000        311.6559    
   3500.00000000000        300.2614    
   3531.25000000000        95.67452    
   3562.50000000000        290.1656    
   3593.75000000000        225.0998    
   3625.00000000000        168.8854    
   3656.25000000000        391.5466    
   3687.50000000000        313.7723    
   3718.75000000000        348.2167    
   3750.00000000000        272.3560    
   3781.25000000000        456.7867    
   3812.50000000000        292.3065    
   3843.75000000000        438.2027    
   3875.00000000000        364.1216    
   3906.25000000000        243.5857    
   3937.50000000000        516.1663    
   3968.75000000000        423.2374    
