  -2000.00000000000        4.373262    
  -1984.37500000000        2.866950    
  -1968.75000000000        6.341410    
  -1953.12500000000        7.312136    
  -1937.50000000000        11.61970    
  -1921.87500000000        13.04228    
  -1906.25000000000        6.789898    
  -1890.62500000000        7.961697    
  -1875.00000000000        7.966413    
  -1859.37500000000        15.49793    
  -1843.75000000000        6.662813    
  -1828.12500000000        12.05086    
  -1812.50000000000        8.854336    
  -1796.87500000000        5.960620    
  -1781.25000000000        8.649911    
  -1765.62500000000        4.276689    
  -1750.00000000000        23.69204    
  -1734.37500000000        3.652492    
  -1718.75000000000        8.404949    
  -1703.12500000000        2.851036    
  -1687.50000000000        5.462508    
  -1671.87500000000        8.185360    
  -1656.25000000000        3.639526    
  -1640.62500000000        5.876926    
  -1625.00000000000        5.242538    
  -1609.37500000000        7.490235    
  -1593.75000000000        5.947817    
  -1578.12500000000        13.45887    
  -1562.50000000000        11.60537    
  -1546.87500000000        24.75601    
  -1531.25000000000        6.133236    
  -1515.62500000000        8.869055    
  -1500.00000000000        16.58627    
  -1484.37500000000       0.3596586    
  -1468.75000000000        3.766616    
  -1453.12500000000        5.433026    
  -1437.50000000000        3.903107    
  -1421.87500000000        8.408790    
  -1406.25000000000        10.32456    
  -1390.62500000000        7.440428    
  -1375.00000000000        4.962708    
  -1359.37500000000        12.41240    
  -1343.75000000000        6.264209    
  -1328.12500000000        5.793802    
  -1312.50000000000        6.849052    
  -1296.87500000000        18.36143    
  -1281.25000000000        9.649996    
  -1265.62500000000        6.236804    
  -1250.00000000000        24.66168    
  -1234.37500000000        13.63033    
  -1218.75000000000        3.680209    
  -1203.12500000000        14.97912    
  -1187.50000000000        17.94504    
  -1171.87500000000        52.37578    
  -1156.25000000000        49.31948    
  -1140.62500000000        12.03731    
  -1125.00000000000        5.788002    
  -1109.37500000000        10.46381    
  -1093.75000000000        3.860964    
  -1078.12500000000        5.173573    
  -1062.50000000000        3.645569    
  -1046.87500000000        4.510955    
  -1031.25000000000        6.235713    
  -1015.62500000000        4.206963    
  -1000.00000000000        2.270227    
  -984.375000000000        9.662072    
  -968.750000000000        46.33314    
  -953.125000000000        17.60936    
  -937.500000000000        10.90979    
  -921.875000000000        25.22635    
  -906.250000000000        22.85066    
  -890.625000000000        7.205173    
  -875.000000000000        6.088434    
  -859.375000000000        10.09389    
  -843.750000000000        5.107964    
  -828.125000000000        11.16558    
  -812.500000000000        12.54629    
  -796.875000000000        22.52787    
  -781.250000000000        82.75341    
  -765.625000000000        73.78315    
  -750.000000000000        23.55956    
  -734.375000000000        18.64028    
  -718.750000000000        22.67055    
  -703.125000000000        19.91488    
  -687.500000000000        22.16095    
  -671.875000000000        24.44495    
  -656.250000000000        29.86914    
  -640.625000000000        28.33071    
  -625.000000000000        46.32309    
  -609.375000000000        68.89255    
  -593.750000000000        148.5470    
  -578.125000000000        419.7342    
  -562.500000000000        70.34861    
  -546.875000000000        24.12617    
  -531.250000000000        36.11783    
  -515.625000000000        18.71879    
  -500.000000000000        14.81171    
  -484.375000000000        7.654994    
  -468.750000000000        11.27981    
  -453.125000000000        17.02150    
  -437.500000000000        24.50823    
  -421.875000000000        17.02491    
  -406.250000000000        45.08652    
  -390.625000000000        171.6991    
  -375.000000000000        58.26687    
  -359.375000000000        24.34212    
  -343.750000000000        4.148777    
  -328.125000000000        10.97140    
  -312.500000000000        24.82972    
  -296.875000000000        16.97071    
  -281.250000000000        12.80407    
  -265.625000000000        23.54279    
  -250.000000000000        25.62402    
  -234.375000000000        22.49776    
  -218.750000000000        51.58601    
  -203.125000000000        190.4493    
  -187.500000000000        229.3438    
  -171.875000000000        70.99271    
  -156.250000000000        36.84845    
  -140.625000000000        30.44572    
  -125.000000000000        32.62354    
  -109.375000000000        15.06751    
  -93.7500000000000        5.322834    
  -78.1250000000000        35.55791    
  -62.5000000000000        15.46412    
  -46.8750000000000        21.12834    
  -31.2500000000000        11.71698    
  -15.6250000000000        44.78259    
  0.000000000000000E+000   9591.082    
   15.6250000000000        48.47609    
   31.2500000000000        21.59989    
   46.8750000000000        29.77366    
   62.5000000000000        12.02374    
   78.1250000000000        32.34783    
   93.7500000000000        7.065598    
   109.375000000000        7.279935    
   125.000000000000        23.26103    
   140.625000000000        25.23559    
   156.250000000000        26.84886    
   171.875000000000        47.70194    
   187.500000000000        154.2279    
   203.125000000000        127.1654    
   218.750000000000        43.64433    
   234.375000000000        16.38919    
   250.000000000000        24.07852    
   265.625000000000        17.57269    
   281.250000000000        12.24228    
   296.875000000000        14.17626    
   312.500000000000        21.89240    
   328.125000000000        9.420515    
   343.750000000000        6.721268    
   359.375000000000        27.27712    
   375.000000000000        69.10944    
   390.625000000000        171.4564    
   406.250000000000        45.42953    
   421.875000000000        21.33157    
   437.500000000000        26.78673    
   453.125000000000        18.18458    
   468.750000000000        10.37531    
   484.375000000000        8.770213    
   500.000000000000        19.06337    
   515.625000000000        23.45831    
   531.250000000000        35.97288    
   546.875000000000        25.16852    
   562.500000000000        70.01946    
   578.125000000000        422.9319    
   593.750000000000        152.5314    
   609.375000000000        68.99477    
   625.000000000000        45.35010    
   640.625000000000        29.85548    
   656.250000000000        29.71619    
   671.875000000000        23.42148    
   687.500000000000        22.31792    
   703.125000000000        23.44010    
   718.750000000000        27.56110    
   734.375000000000        20.35771    
   750.000000000000        23.60405    
   765.625000000000        75.89118    
   781.250000000000        83.96517    
   796.875000000000        23.72619    
   812.500000000000        12.07986    
   828.125000000000        10.24460    
   843.750000000000        4.515053    
   859.375000000000        6.982331    
   875.000000000000        5.923685    
   890.625000000000        8.343914    
   906.250000000000        24.10090    
   921.875000000000        24.17524    
   937.500000000000        9.636482    
   953.125000000000        11.44742    
   968.750000000000        64.19411    
   984.375000000000        7.178371    
   1000.00000000000        1.642608    
   1015.62500000000        1.691859    
   1031.25000000000        1.840072    
   1046.87500000000        4.630406    
   1062.50000000000        6.873255    
   1078.12500000000        6.337313    
   1093.75000000000        4.016503    
   1109.37500000000        10.62123    
   1125.00000000000        5.588355    
   1140.62500000000        9.127951    
   1156.25000000000        44.33831    
   1171.87500000000        48.63038    
   1187.50000000000        17.43397    
   1203.12500000000        12.28419    
   1218.75000000000        7.055303    
   1234.37500000000        11.84570    
   1250.00000000000        24.61353    
   1265.62500000000        5.377860    
   1281.25000000000       0.6441750    
   1296.87500000000        10.98395    
   1312.50000000000        5.759973    
   1328.12500000000        6.927567    
   1343.75000000000        4.417674    
   1359.37500000000        11.82036    
   1375.00000000000        4.888828    
   1390.62500000000        5.218074    
   1406.25000000000        5.205838    
   1421.87500000000        10.67448    
   1437.50000000000        3.391093    
   1453.12500000000        4.953874    
   1468.75000000000        4.534915    
   1484.37500000000        8.886362    
   1500.00000000000        16.55243    
   1515.62500000000        7.232069    
   1531.25000000000        6.622783    
   1546.87500000000        29.22094    
   1562.50000000000        5.217968    
   1578.12500000000        13.07288    
   1593.75000000000        6.043256    
   1609.37500000000        5.695281    
   1625.00000000000       0.2708976    
   1640.62500000000        6.337945    
   1656.25000000000        3.762828    
   1671.87500000000        5.468258    
   1687.50000000000        4.490456    
   1703.12500000000        4.325268    
   1718.75000000000        7.667067    
   1734.37500000000        8.877239    
   1750.00000000000        20.37206    
   1765.62500000000        3.082378    
   1781.25000000000        9.529606    
   1796.87500000000        6.983888    
   1812.50000000000        1.515471    
   1828.12500000000        5.850097    
   1843.75000000000        3.096601    
   1859.37500000000        6.265456    
   1875.00000000000        14.11361    
   1890.62500000000        9.317838    
   1906.25000000000        5.753745    
   1921.87500000000        14.44312    
   1937.50000000000        9.929088    
   1953.12500000000        13.21893    
   1968.75000000000        6.944046    
   1984.37500000000        4.560828    
