  -4000.00000000000        195.1918    
  -3968.75000000000        360.8080    
  -3937.50000000000        457.2813    
  -3906.25000000000        214.1164    
  -3875.00000000000        325.1453    
  -3843.75000000000        366.0511    
  -3812.50000000000        261.2826    
  -3781.25000000000        388.2925    
  -3750.00000000000        235.0138    
  -3718.75000000000        299.8097    
  -3687.50000000000        275.4155    
  -3656.25000000000        336.0322    
  -3625.00000000000        154.6471    
  -3593.75000000000        211.1440    
  -3562.50000000000        238.1813    
  -3531.25000000000        82.31248    
  -3500.00000000000        269.2533    
  -3468.75000000000        252.9521    
  -3437.50000000000        145.6636    
  -3406.25000000000        416.9781    
  -3375.00000000000        126.3056    
  -3343.75000000000        121.6856    
  -3312.50000000000        231.4488    
  -3281.25000000000        212.6103    
  -3250.00000000000        183.5463    
  -3218.75000000000        226.0664    
  -3187.50000000000        100.2612    
  -3156.25000000000        238.8268    
  -3125.00000000000        140.5547    
  -3093.75000000000        188.7991    
  -3062.50000000000        219.6212    
  -3031.25000000000        172.9572    
  -3000.00000000000        107.6210    
  -2968.75000000000        107.4888    
  -2937.50000000000        194.0912    
  -2906.25000000000        25.61899    
  -2875.00000000000        128.4859    
  -2843.75000000000        59.76655    
  -2812.50000000000        137.4706    
  -2781.25000000000        47.26429    
  -2750.00000000000        67.96843    
  -2718.75000000000        70.01089    
  -2687.50000000000        131.9105    
  -2656.25000000000        52.63517    
  -2625.00000000000        33.34631    
  -2593.75000000000        94.10738    
  -2562.50000000000        61.94044    
  -2531.25000000000        18.46822    
  -2500.00000000000        137.2547    
  -2468.75000000000        12.47727    
  -2437.50000000000        91.40221    
  -2406.25000000000        51.78988    
  -2375.00000000000        21.88187    
  -2343.75000000000        138.0591    
  -2312.50000000000        84.90864    
  -2281.25000000000        40.55993    
  -2250.00000000000        50.06684    
  -2218.75000000000        71.83274    
  -2187.50000000000        102.2607    
  -2156.25000000000        106.0670    
  -2125.00000000000        64.82667    
  -2093.75000000000        82.29897    
  -2062.50000000000        64.65367    
  -2031.25000000000        19.69288    
  -2000.00000000000        42.50666    
  -1968.75000000000        65.45772    
  -1937.50000000000        47.33083    
  -1906.25000000000        31.54840    
  -1875.00000000000        79.51337    
  -1843.75000000000        93.35470    
  -1812.50000000000        243.8148    
  -1781.25000000000        288.4081    
  -1750.00000000000        144.9005    
  -1718.75000000000        103.0189    
  -1687.50000000000        140.7192    
  -1656.25000000000        162.3067    
  -1625.00000000000        100.2478    
  -1593.75000000000        54.14915    
  -1562.50000000000        201.7968    
  -1531.25000000000        118.6609    
  -1500.00000000000        34.32862    
  -1468.75000000000        71.94613    
  -1437.50000000000        44.14177    
  -1406.25000000000        81.41258    
  -1375.00000000000        128.8098    
  -1343.75000000000        107.4583    
  -1312.50000000000        82.68274    
  -1281.25000000000        71.05939    
  -1250.00000000000        220.7395    
  -1218.75000000000        43.07994    
  -1187.50000000000        40.04536    
  -1156.25000000000        144.6071    
  -1125.00000000000        31.60466    
  -1093.75000000000        88.10969    
  -1062.50000000000        157.9108    
  -1031.25000000000        66.65442    
  -1000.00000000000        86.87895    
  -968.750000000000        86.85839    
  -937.500000000000        38.80415    
  -906.250000000000        161.6503    
  -875.000000000000        84.00391    
  -843.750000000000        115.4858    
  -812.500000000000        210.1975    
  -781.250000000000        272.6610    
  -750.000000000000        211.6517    
  -718.750000000000        268.6838    
  -687.500000000000        220.0295    
  -656.250000000000        411.3546    
  -625.000000000000        42.62865    
  -593.750000000000        304.3281    
  -562.500000000000        116.5195    
  -531.250000000000        196.5314    
  -500.000000000000        294.2952    
  -468.750000000000        69.52767    
  -437.500000000000        222.9152    
  -406.250000000000        281.5414    
  -375.000000000000        645.0200    
  -343.750000000000        1039.354    
  -312.500000000000        543.2359    
  -281.250000000000        744.3449    
  -250.000000000000        372.4167    
  -218.750000000000        28.34735    
  -187.500000000000        360.0416    
  -156.250000000000        1342.207    
  -125.000000000000        1308.612    
  -93.7500000000000        473.4106    
  -62.5000000000000        1299.938    
  -31.2500000000000        2256.141    
  0.000000000000000E+000   5848.655    
   31.2500000000000        2290.492    
   62.5000000000000        1299.468    
   93.7500000000000        471.1229    
   125.000000000000        1317.062    
   156.250000000000        1342.013    
   187.500000000000        354.9891    
   218.750000000000        26.93424    
   250.000000000000        391.0037    
   281.250000000000        735.2325    
   312.500000000000        541.6732    
   343.750000000000        1038.858    
   375.000000000000        632.5847    
   406.250000000000        275.3156    
   437.500000000000        216.8300    
   468.750000000000        62.49694    
   500.000000000000        300.0363    
   531.250000000000        198.7600    
   562.500000000000        122.3838    
   593.750000000000        292.0143    
   625.000000000000        24.38198    
   656.250000000000        401.0492    
   687.500000000000        224.4679    
   718.750000000000        256.9113    
   750.000000000000        212.0794    
   781.250000000000        271.6221    
   812.500000000000        210.7887    
   843.750000000000        125.4979    
   875.000000000000        91.48906    
   906.250000000000        165.5513    
   937.500000000000        34.33789    
   968.750000000000        83.53641    
   1000.00000000000        95.49076    
   1031.25000000000        72.30764    
   1062.50000000000        163.1843    
   1093.75000000000        95.34915    
   1125.00000000000        37.97853    
   1156.25000000000        145.2906    
   1187.50000000000        39.49658    
   1218.75000000000        40.81410    
   1250.00000000000        220.9441    
   1281.25000000000        68.90048    
   1312.50000000000        85.01640    
   1343.75000000000        108.8087    
   1375.00000000000        130.7393    
   1406.25000000000        84.11386    
   1437.50000000000        45.35974    
   1468.75000000000        71.74414    
   1500.00000000000        31.74246    
   1531.25000000000        114.0904    
   1562.50000000000        200.0720    
   1593.75000000000        51.97234    
   1625.00000000000        103.6417    
   1656.25000000000        164.4857    
   1687.50000000000        139.9406    
   1718.75000000000        101.9951    
   1750.00000000000        145.2851    
   1781.25000000000        288.2021    
   1812.50000000000        240.9606    
   1843.75000000000        90.50122    
   1875.00000000000        77.85812    
   1906.25000000000        32.03869    
   1937.50000000000        48.90700    
   1968.75000000000        66.55785    
   2000.00000000000        43.36135    
   2031.25000000000        18.33623    
   2062.50000000000        64.75659    
   2093.75000000000        80.78765    
   2125.00000000000        64.73216    
   2156.25000000000        105.5466    
   2187.50000000000        102.6022    
   2218.75000000000        71.94215    
   2250.00000000000        51.36747    
   2281.25000000000        38.83411    
   2312.50000000000        84.51356    
   2343.75000000000        140.4144    
   2375.00000000000        21.68926    
   2406.25000000000        52.06213    
   2437.50000000000        92.11662    
   2468.75000000000        11.10082    
   2500.00000000000        137.2259    
   2531.25000000000        17.73051    
   2562.50000000000        62.65363    
   2593.75000000000        94.19164    
   2625.00000000000        35.11050    
   2656.25000000000        53.73032    
   2687.50000000000        132.5692    
   2718.75000000000        70.15048    
   2750.00000000000        68.43108    
   2781.25000000000        45.60559    
   2812.50000000000        138.3990    
   2843.75000000000        59.42059    
   2875.00000000000        129.8555    
   2906.25000000000        26.91111    
   2937.50000000000        194.7234    
   2968.75000000000        106.1145    
   3000.00000000000        109.5842    
   3031.25000000000        175.0183    
   3062.50000000000        219.2155    
   3093.75000000000        188.5028    
   3125.00000000000        137.9403    
   3156.25000000000        237.9107    
   3187.50000000000        100.7782    
   3218.75000000000        226.9235    
   3250.00000000000        185.6246    
   3281.25000000000        214.5419    
   3312.50000000000        230.5576    
   3343.75000000000        122.2882    
   3375.00000000000        125.4289    
   3406.25000000000        418.0839    
   3437.50000000000        146.1143    
   3468.75000000000        253.6613    
   3500.00000000000        267.0934    
   3531.25000000000        83.16637    
   3562.50000000000        238.9376    
   3593.75000000000        208.5828    
   3625.00000000000        153.3702    
   3656.25000000000        335.3902    
   3687.50000000000        273.7611    
   3718.75000000000        299.5108    
   3750.00000000000        233.2396    
   3781.25000000000        391.1038    
   3812.50000000000        260.9860    
   3843.75000000000        366.8562    
   3875.00000000000        324.3427    
   3906.25000000000        213.6680    
   3937.50000000000        455.0012    
   3968.75000000000        361.2716    
