  -4000.00000000000        197.0503    
  -3968.75000000000        360.8515    
  -3937.50000000000        459.5264    
  -3906.25000000000        214.8454    
  -3875.00000000000        329.0613    
  -3843.75000000000        367.2079    
  -3812.50000000000        263.8933    
  -3781.25000000000        389.5555    
  -3750.00000000000        236.0861    
  -3718.75000000000        301.5455    
  -3687.50000000000        276.9251    
  -3656.25000000000        336.6479    
  -3625.00000000000        157.0372    
  -3593.75000000000        213.3438    
  -3562.50000000000        236.2892    
  -3531.25000000000        85.50864    
  -3500.00000000000        269.6214    
  -3468.75000000000        251.9413    
  -3437.50000000000        147.5132    
  -3406.25000000000        420.0697    
  -3375.00000000000        125.2184    
  -3343.75000000000        122.7510    
  -3312.50000000000        234.3838    
  -3281.25000000000        213.6330    
  -3250.00000000000        184.2072    
  -3218.75000000000        225.0707    
  -3187.50000000000        100.6209    
  -3156.25000000000        240.1285    
  -3125.00000000000        141.2256    
  -3093.75000000000        190.1200    
  -3062.50000000000        219.5184    
  -3031.25000000000        172.3155    
  -3000.00000000000        105.0906    
  -2968.75000000000        108.3519    
  -2937.50000000000        196.7285    
  -2906.25000000000        25.77999    
  -2875.00000000000        127.7487    
  -2843.75000000000        60.01029    
  -2812.50000000000        138.1948    
  -2781.25000000000        49.36649    
  -2750.00000000000        68.00674    
  -2718.75000000000        70.38545    
  -2687.50000000000        131.7039    
  -2656.25000000000        52.67043    
  -2625.00000000000        34.26572    
  -2593.75000000000        96.89575    
  -2562.50000000000        61.50246    
  -2531.25000000000        19.02879    
  -2500.00000000000        136.9681    
  -2468.75000000000        11.97123    
  -2437.50000000000        94.91378    
  -2406.25000000000        51.78575    
  -2375.00000000000        22.92190    
  -2343.75000000000        138.0834    
  -2312.50000000000        90.41473    
  -2281.25000000000        37.15886    
  -2250.00000000000        55.25971    
  -2218.75000000000        72.25494    
  -2187.50000000000        105.6403    
  -2156.25000000000        102.9364    
  -2125.00000000000        62.62281    
  -2093.75000000000        80.23934    
  -2062.50000000000        67.44223    
  -2031.25000000000        16.66543    
  -2000.00000000000        43.97459    
  -1968.75000000000        64.44417    
  -1937.50000000000        48.14836    
  -1906.25000000000        31.85364    
  -1875.00000000000        75.34072    
  -1843.75000000000        93.43369    
  -1812.50000000000        251.0553    
  -1781.25000000000        288.7869    
  -1750.00000000000        144.6454    
  -1718.75000000000        105.6651    
  -1687.50000000000        146.2785    
  -1656.25000000000        165.1036    
  -1625.00000000000        100.8703    
  -1593.75000000000        54.78357    
  -1562.50000000000        204.6245    
  -1531.25000000000        121.6894    
  -1500.00000000000        36.14294    
  -1468.75000000000        78.61904    
  -1437.50000000000        48.73355    
  -1406.25000000000        75.68064    
  -1375.00000000000        131.2851    
  -1343.75000000000        106.4135    
  -1312.50000000000        82.80151    
  -1281.25000000000        72.08425    
  -1250.00000000000        225.3499    
  -1218.75000000000        45.70406    
  -1187.50000000000        35.57636    
  -1156.25000000000        146.7506    
  -1125.00000000000        28.66080    
  -1093.75000000000        90.12043    
  -1062.50000000000        164.4870    
  -1031.25000000000        69.89067    
  -1000.00000000000        89.17733    
  -968.750000000000        89.36692    
  -937.500000000000        33.40647    
  -906.250000000000        163.8841    
  -875.000000000000        86.73647    
  -843.750000000000        124.4566    
  -812.500000000000        220.2748    
  -781.250000000000        273.9751    
  -750.000000000000        207.9417    
  -718.750000000000        267.5671    
  -687.500000000000        231.8694    
  -656.250000000000        401.2138    
  -625.000000000000        31.98599    
  -593.750000000000        305.0963    
  -562.500000000000        115.5584    
  -531.250000000000        192.7896    
  -500.000000000000        300.4069    
  -468.750000000000        77.17650    
  -437.500000000000        229.5477    
  -406.250000000000        275.6718    
  -375.000000000000        641.9285    
  -343.750000000000        1050.801    
  -312.500000000000        541.8634    
  -281.250000000000        754.9185    
  -250.000000000000        381.3991    
  -218.750000000000        37.51745    
  -187.500000000000        344.4792    
  -156.250000000000        1352.597    
  -125.000000000000        1314.565    
  -93.7500000000000        473.6813    
  -62.5000000000000        1293.901    
  -31.2500000000000        2286.858    
  0.000000000000000E+000   6019.509    
   31.2500000000000        2269.540    
   62.5000000000000        1309.220    
   93.7500000000000        472.4315    
   125.000000000000        1335.568    
   156.250000000000        1352.676    
   187.500000000000        353.0208    
   218.750000000000        32.17164    
   250.000000000000        380.3493    
   281.250000000000        742.2258    
   312.500000000000        539.0284    
   343.750000000000        1032.284    
   375.000000000000        635.4025    
   406.250000000000        275.0597    
   437.500000000000        221.0040    
   468.750000000000        73.03056    
   500.000000000000        301.2755    
   531.250000000000        194.2003    
   562.500000000000        116.7168    
   593.750000000000        306.7831    
   625.000000000000        36.77347    
   656.250000000000        403.2711    
   687.500000000000        229.6375    
   718.750000000000        275.3148    
   750.000000000000        206.9674    
   781.250000000000        272.2082    
   812.500000000000        214.7306    
   843.750000000000        124.5145    
   875.000000000000        85.87424    
   906.250000000000        161.1401    
   937.500000000000        36.57836    
   968.750000000000        94.59497    
   1000.00000000000        93.87575    
   1031.25000000000        65.48859    
   1062.50000000000        157.8529    
   1093.75000000000        87.64452    
   1125.00000000000        31.99788    
   1156.25000000000        138.7674    
   1187.50000000000        37.58932    
   1218.75000000000        46.77458    
   1250.00000000000        223.8006    
   1281.25000000000        70.33387    
   1312.50000000000        80.49429    
   1343.75000000000        105.1796    
   1375.00000000000        132.0555    
   1406.25000000000        85.79117    
   1437.50000000000        36.71153    
   1468.75000000000        67.67046    
   1500.00000000000        31.91640    
   1531.25000000000        113.1575    
   1562.50000000000        199.8842    
   1593.75000000000        58.70413    
   1625.00000000000        101.5494    
   1656.25000000000        162.1622    
   1687.50000000000        137.2985    
   1718.75000000000        101.7774    
   1750.00000000000        149.2929    
   1781.25000000000        290.2983    
   1812.50000000000        243.7731    
   1843.75000000000        87.59127    
   1875.00000000000        78.11135    
   1906.25000000000        29.52610    
   1937.50000000000        47.41364    
   1968.75000000000        70.36203    
   2000.00000000000        41.15353    
   2031.25000000000        18.45084    
   2062.50000000000        65.65249    
   2093.75000000000        78.58815    
   2125.00000000000        66.38824    
   2156.25000000000        103.9222    
   2187.50000000000        102.1289    
   2218.75000000000        72.38491    
   2250.00000000000        50.21793    
   2281.25000000000        42.43802    
   2312.50000000000        84.61919    
   2343.75000000000        143.9430    
   2375.00000000000        19.89289    
   2406.25000000000        51.04628    
   2437.50000000000        91.30090    
   2468.75000000000        13.13348    
   2500.00000000000        139.3365    
   2531.25000000000        18.48061    
   2562.50000000000        64.30403    
   2593.75000000000        93.66354    
   2625.00000000000        36.03978    
   2656.25000000000        54.00895    
   2687.50000000000        131.5405    
   2718.75000000000        71.04447    
   2750.00000000000        68.13255    
   2781.25000000000        47.52806    
   2812.50000000000        138.6295    
   2843.75000000000        59.57030    
   2875.00000000000        131.1192    
   2906.25000000000        25.81960    
   2937.50000000000        194.5630    
   2968.75000000000        104.5813    
   3000.00000000000        112.1185    
   3031.25000000000        175.8443    
   3062.50000000000        219.5425    
   3093.75000000000        187.5578    
   3125.00000000000        138.9046    
   3156.25000000000        236.9021    
   3187.50000000000        101.3359    
   3218.75000000000        228.9462    
   3250.00000000000        188.4140    
   3281.25000000000        216.3098    
   3312.50000000000        232.0018    
   3343.75000000000        121.8711    
   3375.00000000000        127.6128    
   3406.25000000000        419.2119    
   3437.50000000000        146.7169    
   3468.75000000000        256.5501    
   3500.00000000000        266.8655    
   3531.25000000000        83.77512    
   3562.50000000000        240.4119    
   3593.75000000000        209.5280    
   3625.00000000000        152.3318    
   3656.25000000000        337.6617    
   3687.50000000000        275.3164    
   3718.75000000000        302.1888    
   3750.00000000000        232.4200    
   3781.25000000000        394.1333    
   3812.50000000000        263.2352    
   3843.75000000000        369.7013    
   3875.00000000000        324.7804    
   3906.25000000000        215.5229    
   3937.50000000000        456.0209    
   3968.75000000000        363.2068    
