  -4000.00000000000        284.2836    
  -3968.75000000000        493.9477    
  -3937.50000000000        684.1808    
  -3906.25000000000        306.7472    
  -3875.00000000000        503.4897    
  -3843.75000000000        496.7560    
  -3812.50000000000        384.8684    
  -3781.25000000000        541.1663    
  -3750.00000000000        307.9696    
  -3718.75000000000        432.3528    
  -3687.50000000000        393.0140    
  -3656.25000000000        466.6945    
  -3625.00000000000        235.4255    
  -3593.75000000000        332.0091    
  -3562.50000000000        309.0291    
  -3531.25000000000        140.0224    
  -3500.00000000000        390.9885    
  -3468.75000000000        295.1884    
  -3437.50000000000        177.1442    
  -3406.25000000000        587.3248    
  -3375.00000000000        174.7798    
  -3343.75000000000        184.3078    
  -3312.50000000000        353.4488    
  -3281.25000000000        281.1153    
  -3250.00000000000        261.5350    
  -3218.75000000000        285.9905    
  -3187.50000000000        121.3020    
  -3156.25000000000        368.7017    
  -3125.00000000000        215.9076    
  -3093.75000000000        250.0791    
  -3062.50000000000        286.3112    
  -3031.25000000000        226.1291    
  -3000.00000000000        157.7531    
  -2968.75000000000        155.0188    
  -2937.50000000000        275.6940    
  -2906.25000000000        15.36298    
  -2875.00000000000        141.1196    
  -2843.75000000000        82.73707    
  -2812.50000000000        205.1116    
  -2781.25000000000        69.82845    
  -2750.00000000000        94.15842    
  -2718.75000000000        115.8187    
  -2687.50000000000        179.7020    
  -2656.25000000000        80.83802    
  -2625.00000000000        30.67661    
  -2593.75000000000        133.2858    
  -2562.50000000000        108.3602    
  -2531.25000000000        49.48416    
  -2500.00000000000        185.0282    
  -2468.75000000000        36.97380    
  -2437.50000000000        123.1581    
  -2406.25000000000        83.81190    
  -2375.00000000000        27.33041    
  -2343.75000000000        199.3205    
  -2312.50000000000        103.0935    
  -2281.25000000000        28.56674    
  -2250.00000000000        71.42783    
  -2218.75000000000        85.32849    
  -2187.50000000000        152.1492    
  -2156.25000000000        161.3260    
  -2125.00000000000        101.0760    
  -2093.75000000000        120.2865    
  -2062.50000000000        91.07005    
  -2031.25000000000        13.11411    
  -2000.00000000000        102.8245    
  -1968.75000000000        68.60052    
  -1937.50000000000        66.51177    
  -1906.25000000000        37.85664    
  -1875.00000000000        112.4267    
  -1843.75000000000        144.4411    
  -1812.50000000000        375.1180    
  -1781.25000000000        436.0087    
  -1750.00000000000        212.3009    
  -1718.75000000000        138.7032    
  -1687.50000000000        201.7104    
  -1656.25000000000        234.6869    
  -1625.00000000000        121.2378    
  -1593.75000000000        47.48779    
  -1562.50000000000        267.4281    
  -1531.25000000000        161.5255    
  -1500.00000000000        72.19237    
  -1468.75000000000        135.3174    
  -1437.50000000000        86.23638    
  -1406.25000000000        110.3570    
  -1375.00000000000        194.0461    
  -1343.75000000000        153.3900    
  -1312.50000000000        105.1717    
  -1281.25000000000        117.9335    
  -1250.00000000000        301.1160    
  -1218.75000000000        46.78276    
  -1187.50000000000        57.02446    
  -1156.25000000000        186.0204    
  -1125.00000000000        26.17075    
  -1093.75000000000        105.1125    
  -1062.50000000000        271.3955    
  -1031.25000000000        84.21060    
  -1000.00000000000        131.8038    
  -968.750000000000        101.5020    
  -937.500000000000        47.17646    
  -906.250000000000        241.9805    
  -875.000000000000        113.3120    
  -843.750000000000        221.1392    
  -812.500000000000        270.2442    
  -781.250000000000        393.3040    
  -750.000000000000        310.6422    
  -718.750000000000        360.2686    
  -687.500000000000        338.4754    
  -656.250000000000        544.7650    
  -625.000000000000        49.68137    
  -593.750000000000        383.4304    
  -562.500000000000        120.3891    
  -531.250000000000        243.3145    
  -500.000000000000        428.6449    
  -468.750000000000        120.5805    
  -437.500000000000        376.0181    
  -406.250000000000        414.2810    
  -375.000000000000        934.8564    
  -343.750000000000        1508.191    
  -312.500000000000        770.0850    
  -281.250000000000        1143.757    
  -250.000000000000        542.7932    
  -218.750000000000        179.5212    
  -187.500000000000        511.0239    
  -156.250000000000        1783.047    
  -125.000000000000        1826.303    
  -93.7500000000000        660.1824    
  -62.5000000000000        1711.661    
  -31.2500000000000        3294.215    
  0.000000000000000E+000   8717.711    
   31.2500000000000        3253.734    
   62.5000000000000        1932.259    
   93.7500000000000        668.9346    
   125.000000000000        1891.173    
   156.250000000000        1959.551    
   187.500000000000        516.5953    
   218.750000000000        50.79657    
   250.000000000000        504.4586    
   281.250000000000        1013.954    
   312.500000000000        750.5775    
   343.750000000000        1438.682    
   375.000000000000        849.3738    
   406.250000000000        375.7724    
   437.500000000000        266.7117    
   468.750000000000        81.92522    
   500.000000000000        467.9207    
   531.250000000000        311.3300    
   562.500000000000        201.2556    
   593.750000000000        433.0575    
   625.000000000000        79.58614    
   656.250000000000        544.7779    
   687.500000000000        305.3207    
   718.750000000000        360.6031    
   750.000000000000        322.5523    
   781.250000000000        398.5042    
   812.500000000000        384.9894    
   843.750000000000        178.8712    
   875.000000000000        108.6537    
   906.250000000000        238.0274    
   937.500000000000        60.46929    
   968.750000000000        152.8080    
   1000.00000000000        142.7758    
   1031.25000000000        126.7163    
   1062.50000000000        225.1420    
   1093.75000000000        142.7558    
   1125.00000000000        82.35387    
   1156.25000000000        195.9386    
   1187.50000000000        39.59462    
   1218.75000000000        57.27588    
   1250.00000000000        323.9153    
   1281.25000000000        54.56251    
   1312.50000000000        98.20867    
   1343.75000000000        149.7672    
   1375.00000000000        173.8506    
   1406.25000000000        120.9259    
   1437.50000000000        41.96253    
   1468.75000000000        109.6252    
   1500.00000000000        62.72260    
   1531.25000000000        174.1422    
   1562.50000000000        283.4242    
   1593.75000000000        55.34479    
   1625.00000000000        144.4056    
   1656.25000000000        207.8373    
   1687.50000000000        214.5726    
   1718.75000000000        142.2224    
   1750.00000000000        198.2845    
   1781.25000000000        401.5443    
   1812.50000000000        326.7941    
   1843.75000000000        110.5884    
   1875.00000000000        98.84402    
   1906.25000000000        60.52391    
   1937.50000000000        73.40321    
   1968.75000000000        105.3408    
   2000.00000000000        50.92064    
   2031.25000000000        37.86535    
   2062.50000000000        84.11047    
   2093.75000000000        112.8218    
   2125.00000000000        92.57722    
   2156.25000000000        169.2759    
   2187.50000000000        148.6650    
   2218.75000000000        130.3167    
   2250.00000000000        82.35013    
   2281.25000000000        66.84711    
   2312.50000000000        98.71365    
   2343.75000000000        196.5235    
   2375.00000000000        28.96077    
   2406.25000000000        75.21542    
   2437.50000000000        136.9465    
   2468.75000000000        11.05100    
   2500.00000000000        225.4912    
   2531.25000000000        16.00681    
   2562.50000000000        82.44173    
   2593.75000000000        113.7932    
   2625.00000000000        53.97855    
   2656.25000000000        68.23699    
   2687.50000000000        235.2772    
   2718.75000000000        107.6706    
   2750.00000000000        91.14751    
   2781.25000000000        86.43007    
   2812.50000000000        193.9105    
   2843.75000000000        83.11833    
   2875.00000000000        180.6888    
   2906.25000000000        61.48211    
   2937.50000000000        244.9699    
   2968.75000000000        117.2193    
   3000.00000000000        178.6014    
   3031.25000000000        273.0804    
   3062.50000000000        283.0210    
   3093.75000000000        259.7877    
   3125.00000000000        192.7330    
   3156.25000000000        312.7300    
   3187.50000000000        161.7504    
   3218.75000000000        330.0244    
   3250.00000000000        262.4907    
   3281.25000000000        317.1759    
   3312.50000000000        309.8256    
   3343.75000000000        177.4715    
   3375.00000000000        163.8547    
   3406.25000000000        610.3182    
   3437.50000000000        194.6886    
   3468.75000000000        396.6136    
   3500.00000000000        369.6227    
   3531.25000000000        102.9485    
   3562.50000000000        328.7672    
   3593.75000000000        281.1584    
   3625.00000000000        192.5433    
   3656.25000000000        448.6702    
   3687.50000000000        356.4515    
   3718.75000000000        410.2603    
   3750.00000000000        311.6540    
   3781.25000000000        603.7433    
   3812.50000000000        360.8972    
   3843.75000000000        549.4222    
   3875.00000000000        452.6889    
   3906.25000000000        284.3205    
   3937.50000000000        607.9180    
   3968.75000000000        511.8397    
