  -2000.00000000000        20.02584    
  -1984.37500000000        12.22493    
  -1968.75000000000        7.826242    
  -1953.12500000000        19.54432    
  -1937.50000000000        40.56469    
  -1921.87500000000        28.06290    
  -1906.25000000000        9.757269    
  -1890.62500000000        27.78527    
  -1875.00000000000        10.85730    
  -1859.37500000000        5.586681    
  -1843.75000000000        13.70706    
  -1828.12500000000        22.24539    
  -1812.50000000000        19.02102    
  -1796.87500000000        5.834822    
  -1781.25000000000        14.71903    
  -1765.62500000000        5.139760    
  -1750.00000000000        29.19486    
  -1734.37500000000        8.046593    
  -1718.75000000000        11.08496    
  -1703.12500000000        4.908230    
  -1687.50000000000        27.49415    
  -1671.87500000000        21.03516    
  -1656.25000000000        21.22936    
  -1640.62500000000        13.47165    
  -1625.00000000000        15.41923    
  -1609.37500000000        20.57773    
  -1593.75000000000        20.80024    
  -1578.12500000000        20.78821    
  -1562.50000000000        40.35231    
  -1546.87500000000        79.67471    
  -1531.25000000000        20.39499    
  -1515.62500000000        29.49752    
  -1500.00000000000        35.72475    
  -1484.37500000000        49.99562    
  -1468.75000000000        14.64189    
  -1453.12500000000        8.758828    
  -1437.50000000000        1.809293    
  -1421.87500000000        14.09246    
  -1406.25000000000        7.436419    
  -1390.62500000000        5.671880    
  -1375.00000000000        16.57634    
  -1359.37500000000        74.52772    
  -1343.75000000000        22.42075    
  -1328.12500000000        24.03802    
  -1312.50000000000        6.735888    
  -1296.87500000000        30.53818    
  -1281.25000000000        42.29889    
  -1265.62500000000        22.40079    
  -1250.00000000000        50.85778    
  -1234.37500000000        31.32910    
  -1218.75000000000        18.19503    
  -1203.12500000000        40.78067    
  -1187.50000000000        50.66704    
  -1171.87500000000        104.9122    
  -1156.25000000000        119.0161    
  -1140.62500000000        34.32256    
  -1125.00000000000        15.27098    
  -1109.37500000000        22.68439    
  -1093.75000000000        16.44415    
  -1078.12500000000        10.96563    
  -1062.50000000000        12.97201    
  -1046.87500000000        28.44834    
  -1031.25000000000        2.852904    
  -1015.62500000000        17.25819    
  -1000.00000000000        2.491229    
  -984.375000000000        30.26737    
  -968.750000000000        116.3454    
  -953.125000000000        47.41100    
  -937.500000000000        15.76076    
  -921.875000000000        51.99837    
  -906.250000000000        35.75634    
  -890.625000000000        29.32404    
  -875.000000000000        3.995827    
  -859.375000000000        20.25900    
  -843.750000000000        32.43736    
  -828.125000000000        7.508008    
  -812.500000000000        23.29696    
  -796.875000000000        41.67656    
  -781.250000000000        120.5031    
  -765.625000000000        131.2712    
  -750.000000000000        45.27106    
  -734.375000000000        30.37707    
  -718.750000000000        61.82477    
  -703.125000000000        64.50058    
  -687.500000000000        34.93596    
  -671.875000000000        51.01830    
  -656.250000000000        53.72695    
  -640.625000000000        52.67636    
  -625.000000000000        96.13851    
  -609.375000000000        130.3127    
  -593.750000000000        272.2214    
  -578.125000000000        795.8351    
  -562.500000000000        139.9645    
  -546.875000000000        36.01701    
  -531.250000000000        59.29724    
  -515.625000000000        43.67706    
  -500.000000000000        34.58548    
  -484.375000000000        16.66378    
  -468.750000000000        22.35142    
  -453.125000000000        29.48349    
  -437.500000000000        33.11449    
  -421.875000000000        28.14511    
  -406.250000000000        75.04678    
  -390.625000000000        297.5581    
  -375.000000000000        60.70342    
  -359.375000000000        53.20731    
  -343.750000000000        22.81020    
  -328.125000000000        27.51032    
  -312.500000000000        46.46297    
  -296.875000000000        54.08732    
  -281.250000000000        30.32098    
  -265.625000000000        61.18729    
  -250.000000000000        78.01509    
  -234.375000000000        72.12514    
  -218.750000000000        145.9338    
  -203.125000000000        540.7126    
  -187.500000000000        678.7717    
  -171.875000000000        190.5552    
  -156.250000000000        100.1615    
  -140.625000000000        82.19638    
  -125.000000000000        71.24302    
  -109.375000000000        46.61517    
  -93.7500000000000        36.63342    
  -78.1250000000000        61.07547    
  -62.5000000000000        54.49821    
  -46.8750000000000        31.38086    
  -31.2500000000000        8.545606    
  -15.6250000000000        98.13243    
  0.000000000000000E+000   18836.80    
   15.6250000000000        108.1363    
   31.2500000000000        52.09991    
   46.8750000000000        79.95592    
   62.5000000000000        6.754766    
   78.1250000000000        77.47498    
   93.7500000000000        39.30993    
   109.375000000000        23.54113    
   125.000000000000        48.34193    
   140.625000000000        49.32311    
   156.250000000000        52.85354    
   171.875000000000        93.30536    
   187.500000000000        260.3641    
   203.125000000000        116.1850    
   218.750000000000        91.76173    
   234.375000000000        54.91446    
   250.000000000000        85.33677    
   265.625000000000        28.51939    
   281.250000000000        32.80291    
   296.875000000000        13.38577    
   312.500000000000        30.39592    
   328.125000000000        30.25775    
   343.750000000000        21.88336    
   359.375000000000        65.08715    
   375.000000000000        154.0284    
   390.625000000000        420.1438    
   406.250000000000        110.5070    
   421.875000000000        50.09120    
   437.500000000000        63.49978    
   453.125000000000        23.11472    
   468.750000000000        20.35527    
   484.375000000000        15.29928    
   500.000000000000        38.71819    
   515.625000000000        64.89227    
   531.250000000000        79.02876    
   546.875000000000        64.40839    
   562.500000000000        145.4702    
   578.125000000000        874.0065    
   593.750000000000        341.6920    
   609.375000000000        144.4481    
   625.000000000000        91.75607    
   640.625000000000        63.45710    
   656.250000000000        78.54752    
   671.875000000000        62.33273    
   687.500000000000        62.25336    
   703.125000000000        53.54627    
   718.750000000000        41.53086    
   734.375000000000        59.06979    
   750.000000000000        63.21778    
   765.625000000000        182.2154    
   781.250000000000        215.0580    
   796.875000000000        46.13596    
   812.500000000000        23.78988    
   828.125000000000        23.96206    
   843.750000000000        21.71556    
   859.375000000000        1.055488    
   875.000000000000       0.6670135    
   890.625000000000        14.79250    
   906.250000000000        40.86377    
   921.875000000000        50.53357    
   937.500000000000        14.50332    
   953.125000000000        13.97626    
   968.750000000000        81.02012    
   984.375000000000        7.129642    
   1000.00000000000        1.593848    
   1015.62500000000        10.38968    
   1031.25000000000        14.29760    
   1046.87500000000        25.98464    
   1062.50000000000        4.717458    
   1078.12500000000        9.008952    
   1093.75000000000        7.840111    
   1109.37500000000        19.24085    
   1125.00000000000        3.252960    
   1140.62500000000        8.080303    
   1156.25000000000        65.59129    
   1171.87500000000        68.89798    
   1187.50000000000        38.94647    
   1203.12500000000        22.26524    
   1218.75000000000        19.93722    
   1234.37500000000        6.830434    
   1250.00000000000        49.99532    
   1265.62500000000        15.57562    
   1281.25000000000        9.092951    
   1296.87500000000        26.67159    
   1312.50000000000        4.203084    
   1328.12500000000        1.886382    
   1343.75000000000        2.729887    
   1359.37500000000        55.49514    
   1375.00000000000        12.55891    
   1390.62500000000        14.73472    
   1406.25000000000        9.858959    
   1421.87500000000        22.88210    
   1437.50000000000        12.50390    
   1453.12500000000        17.08653    
   1468.75000000000        16.23957    
   1484.37500000000        27.26875    
   1500.00000000000        27.87446    
   1515.62500000000        21.51985    
   1531.25000000000        19.81396    
   1546.87500000000        70.17075    
   1562.50000000000        28.51181    
   1578.12500000000        22.36858    
   1593.75000000000        10.70820    
   1609.37500000000        7.014041    
   1625.00000000000        2.271485    
   1640.62500000000        12.69692    
   1656.25000000000        16.78793    
   1671.87500000000        20.65081    
   1687.50000000000        12.81987    
   1703.12500000000        5.412113    
   1718.75000000000        24.10831    
   1734.37500000000        22.75809    
   1750.00000000000        29.57053    
   1765.62500000000        14.53658    
   1781.25000000000        11.89995    
   1796.87500000000        6.329025    
   1812.50000000000        12.72978    
   1828.12500000000        18.87491    
   1843.75000000000        10.12773    
   1859.37500000000        10.66161    
   1875.00000000000        23.45156    
   1890.62500000000        24.24209    
   1906.25000000000        15.08832    
   1921.87500000000        21.78391    
   1937.50000000000        16.07745    
   1953.12500000000        15.85330    
   1968.75000000000        10.74376    
   1984.37500000000        3.610762    
