  -2000.00000000000        102.9382    
  -1984.37500000000        157.1188    
  -1968.75000000000        111.5752    
  -1953.12500000000        300.3662    
  -1937.50000000000        843.0038    
  -1921.87500000000        309.7670    
  -1906.25000000000        97.64876    
  -1890.62500000000        266.0486    
  -1875.00000000000        242.3481    
  -1859.37500000000        251.1655    
  -1843.75000000000        151.7808    
  -1828.12500000000        385.1179    
  -1812.50000000000        210.3116    
  -1796.87500000000        134.1491    
  -1781.25000000000        166.2818    
  -1765.62500000000        295.6959    
  -1750.00000000000        1178.182    
  -1734.37500000000        281.3083    
  -1718.75000000000        89.74257    
  -1703.12500000000        25.42482    
  -1687.50000000000        150.3903    
  -1671.87500000000        162.4427    
  -1656.25000000000        106.1180    
  -1640.62500000000        183.0992    
  -1625.00000000000        84.45023    
  -1609.37500000000        270.6245    
  -1593.75000000000        165.0367    
  -1578.12500000000        13.63296    
  -1562.50000000000        444.6071    
  -1546.87500000000        1574.604    
  -1531.25000000000        494.1646    
  -1515.62500000000        234.8423    
  -1500.00000000000        568.9484    
  -1484.37500000000        109.5082    
  -1468.75000000000        138.9042    
  -1453.12500000000        23.42323    
  -1437.50000000000        152.6630    
  -1421.87500000000        279.8260    
  -1406.25000000000        306.9848    
  -1390.62500000000        122.9144    
  -1375.00000000000        51.62787    
  -1359.37500000000        1509.850    
  -1343.75000000000        441.4510    
  -1328.12500000000        279.5583    
  -1312.50000000000        127.6647    
  -1296.87500000000        540.9015    
  -1281.25000000000        472.4160    
  -1265.62500000000        165.6759    
  -1250.00000000000        540.2875    
  -1234.37500000000        436.8242    
  -1218.75000000000        141.9806    
  -1203.12500000000        670.7645    
  -1187.50000000000        681.5872    
  -1171.87500000000        2110.553    
  -1156.25000000000        2210.597    
  -1140.62500000000        563.9741    
  -1125.00000000000        434.6538    
  -1109.37500000000        321.8042    
  -1093.75000000000        279.9194    
  -1078.12500000000        42.17135    
  -1062.50000000000        151.2029    
  -1046.87500000000        60.57513    
  -1031.25000000000        312.6079    
  -1015.62500000000        323.0777    
  -1000.00000000000        202.1737    
  -984.375000000000        115.0100    
  -968.750000000000        3528.190    
  -953.125000000000        624.3380    
  -937.500000000000        204.7491    
  -921.875000000000        484.9297    
  -906.250000000000        252.0645    
  -890.625000000000        296.5932    
  -875.000000000000        192.8204    
  -859.375000000000        560.3660    
  -843.750000000000        228.9304    
  -828.125000000000        673.4005    
  -812.500000000000        606.1791    
  -796.875000000000        766.6042    
  -781.250000000000        3062.878    
  -765.625000000000        762.0979    
  -750.000000000000        477.6671    
  -734.375000000000        429.4396    
  -718.750000000000        50.10556    
  -703.125000000000        100.6288    
  -687.500000000000        236.2451    
  -671.875000000000        507.9684    
  -656.250000000000        221.6355    
  -640.625000000000        22.58471    
  -625.000000000000        1078.912    
  -609.375000000000        1383.927    
  -593.750000000000        1580.776    
  -578.125000000000        6812.745    
  -562.500000000000        1753.764    
  -546.875000000000        25.67734    
  -531.250000000000        889.5533    
  -515.625000000000        463.4818    
  -500.000000000000        314.2532    
  -484.375000000000        333.9590    
  -468.750000000000        469.2636    
  -453.125000000000        645.4310    
  -437.500000000000        232.9942    
  -421.875000000000        384.3622    
  -406.250000000000        1506.084    
  -390.625000000000        3658.502    
  -375.000000000000        1341.755    
  -359.375000000000        762.7359    
  -343.750000000000        1170.823    
  -328.125000000000        1250.103    
  -312.500000000000        888.1854    
  -296.875000000000        1766.745    
  -281.250000000000        1490.627    
  -265.625000000000        2295.059    
  -250.000000000000        2968.783    
  -234.375000000000        3499.111    
  -218.750000000000        5906.666    
  -203.125000000000        17964.97    
  -187.500000000000        25209.38    
  -171.875000000000        8168.170    
  -156.250000000000        4877.679    
  -140.625000000000        2801.402    
  -125.000000000000        3015.044    
  -109.375000000000        2463.093    
  -93.7500000000000        2179.935    
  -78.1250000000000        1825.687    
  -62.5000000000000        1740.004    
  -46.8750000000000        1415.061    
  -31.2500000000000        1218.977    
  -15.6250000000000        2069.107    
  0.000000000000000E+000   250640.8    
   15.6250000000000        2893.029    
   31.2500000000000        1916.272    
   46.8750000000000        2305.394    
   62.5000000000000        1351.709    
   78.1250000000000        1550.447    
   93.7500000000000        2195.252    
   109.375000000000        2398.239    
   125.000000000000        2801.630    
   140.625000000000        2309.480    
   156.250000000000        4043.767    
   171.875000000000        6767.342    
   187.500000000000        19985.05    
   203.125000000000        12902.17    
   218.750000000000        5327.867    
   234.375000000000        3308.414    
   250.000000000000        3107.169    
   265.625000000000        1440.014    
   281.250000000000        1391.825    
   296.875000000000        1322.429    
   312.500000000000        1186.874    
   328.125000000000        988.3084    
   343.750000000000        1110.834    
   359.375000000000        1256.770    
   375.000000000000        2987.683    
   390.625000000000        6888.722    
   406.250000000000        788.1888    
   421.875000000000        647.4598    
   437.500000000000        1171.424    
   453.125000000000        346.4663    
   468.750000000000        572.9314    
   484.375000000000        174.5862    
   500.000000000000        682.4200    
   515.625000000000        479.4859    
   531.250000000000        474.5268    
   546.875000000000        812.2625    
   562.500000000000        1014.145    
   578.125000000000        10070.64    
   593.750000000000        4646.089    
   609.375000000000        1682.361    
   625.000000000000        1233.391    
   640.625000000000        777.6567    
   656.250000000000        989.1670    
   671.875000000000        995.2311    
   687.500000000000        1092.874    
   703.125000000000        710.9962    
   718.750000000000        762.8457    
   734.375000000000        1042.803    
   750.000000000000        1395.346    
   765.625000000000        3869.474    
   781.250000000000        4792.042    
   796.875000000000        996.8470    
   812.500000000000        585.8563    
   828.125000000000        561.6865    
   843.750000000000        268.4971    
   859.375000000000        253.5969    
   875.000000000000        227.0795    
   890.625000000000        322.2371    
   906.250000000000        583.8812    
   921.875000000000        635.8989    
   937.500000000000        224.7876    
   953.125000000000        122.5985    
   968.750000000000        1155.339    
   984.375000000000        224.3311    
   1000.00000000000        133.2449    
   1015.62500000000        256.2622    
   1031.25000000000        175.6209    
   1046.87500000000        98.58981    
   1062.50000000000        203.3721    
   1078.12500000000        65.16036    
   1093.75000000000        331.8458    
   1109.37500000000        489.1706    
   1125.00000000000        214.9670    
   1140.62500000000        124.5201    
   1156.25000000000        969.2717    
   1171.87500000000        665.2825    
   1187.50000000000        219.3925    
   1203.12500000000        197.0588    
   1218.75000000000        36.21952    
   1234.37500000000        146.7774    
   1250.00000000000        474.1032    
   1265.62500000000        27.57633    
   1281.25000000000        104.8113    
   1296.87500000000        180.4881    
   1312.50000000000        110.9276    
   1328.12500000000        40.30420    
   1343.75000000000        106.4560    
   1359.37500000000        1042.956    
   1375.00000000000        24.82576    
   1390.62500000000        280.1169    
   1406.25000000000        81.96691    
   1421.87500000000        235.4636    
   1437.50000000000        103.0006    
   1453.12500000000        169.9466    
   1468.75000000000        110.7657    
   1484.37500000000        247.3571    
   1500.00000000000        229.2541    
   1515.62500000000        259.1890    
   1531.25000000000        133.9224    
   1546.87500000000        187.0136    
   1562.50000000000        342.5146    
   1578.12500000000        411.1367    
   1593.75000000000        207.6670    
   1609.37500000000        185.3188    
   1625.00000000000        125.4014    
   1640.62500000000        180.6514    
   1656.25000000000        198.2257    
   1671.87500000000        382.0994    
   1687.50000000000        219.9966    
   1703.12500000000        95.32365    
   1718.75000000000        372.9529    
   1734.37500000000        113.2710    
   1750.00000000000        676.4801    
   1765.62500000000        178.2073    
   1781.25000000000        265.5067    
   1796.87500000000        46.20097    
   1812.50000000000        224.7500    
   1828.12500000000        82.17329    
   1843.75000000000        171.6152    
   1859.37500000000        108.7854    
   1875.00000000000        163.1149    
   1890.62500000000        123.8388    
   1906.25000000000        188.1599    
   1921.87500000000        433.5503    
   1937.50000000000        230.4749    
   1953.12500000000        268.6259    
   1968.75000000000        180.2597    
   1984.37500000000        60.13140    
