  -4000.00000000000        219.4098    
  -3968.75000000000        409.2445    
  -3937.50000000000        531.0054    
  -3906.25000000000        239.9829    
  -3875.00000000000        364.4525    
  -3843.75000000000        398.7094    
  -3812.50000000000        297.0922    
  -3781.25000000000        407.1482    
  -3750.00000000000        278.6013    
  -3718.75000000000        342.3081    
  -3687.50000000000        311.4723    
  -3656.25000000000        366.0291    
  -3625.00000000000        187.1909    
  -3593.75000000000        249.3232    
  -3562.50000000000        275.7775    
  -3531.25000000000        95.42551    
  -3500.00000000000        312.1631    
  -3468.75000000000        268.1468    
  -3437.50000000000        160.7684    
  -3406.25000000000        461.6843    
  -3375.00000000000        131.8628    
  -3343.75000000000        136.7771    
  -3312.50000000000        273.7170    
  -3281.25000000000        235.2051    
  -3250.00000000000        202.9122    
  -3218.75000000000        248.5850    
  -3187.50000000000        108.6433    
  -3156.25000000000        272.7438    
  -3125.00000000000        153.0258    
  -3093.75000000000        208.8046    
  -3062.50000000000        243.6029    
  -3031.25000000000        185.3287    
  -3000.00000000000        108.8878    
  -2968.75000000000        115.4656    
  -2937.50000000000        211.4848    
  -2906.25000000000        32.62844    
  -2875.00000000000        136.1178    
  -2843.75000000000        70.77070    
  -2812.50000000000        150.0923    
  -2781.25000000000        58.26867    
  -2750.00000000000        73.20988    
  -2718.75000000000        81.53696    
  -2687.50000000000        135.9563    
  -2656.25000000000        66.49168    
  -2625.00000000000        35.98621    
  -2593.75000000000        101.4161    
  -2562.50000000000        62.03590    
  -2531.25000000000        23.16468    
  -2500.00000000000        149.4212    
  -2468.75000000000        23.25430    
  -2437.50000000000        100.3009    
  -2406.25000000000        59.97879    
  -2375.00000000000        18.39323    
  -2343.75000000000        140.2046    
  -2312.50000000000        97.27436    
  -2281.25000000000        39.82544    
  -2250.00000000000        56.80770    
  -2218.75000000000        70.68649    
  -2187.50000000000        118.2231    
  -2156.25000000000        126.3811    
  -2125.00000000000        66.41312    
  -2093.75000000000        93.55329    
  -2062.50000000000        77.68140    
  -2031.25000000000        20.74302    
  -2000.00000000000        57.68671    
  -1968.75000000000        75.63831    
  -1937.50000000000        59.99635    
  -1906.25000000000        49.71630    
  -1875.00000000000        92.65499    
  -1843.75000000000        108.1045    
  -1812.50000000000        282.2561    
  -1781.25000000000        341.7837    
  -1750.00000000000        168.9590    
  -1718.75000000000        127.3107    
  -1687.50000000000        157.7820    
  -1656.25000000000        192.7308    
  -1625.00000000000        115.5525    
  -1593.75000000000        56.17628    
  -1562.50000000000        222.9707    
  -1531.25000000000        130.1344    
  -1500.00000000000        48.06298    
  -1468.75000000000        66.12369    
  -1437.50000000000        39.61798    
  -1406.25000000000        90.26418    
  -1375.00000000000        142.9387    
  -1343.75000000000        116.3124    
  -1312.50000000000        103.3063    
  -1281.25000000000        90.27080    
  -1250.00000000000        238.6033    
  -1218.75000000000        46.34605    
  -1187.50000000000        41.34870    
  -1156.25000000000        151.3202    
  -1125.00000000000        34.89670    
  -1093.75000000000        90.38242    
  -1062.50000000000        184.9172    
  -1031.25000000000        70.32217    
  -1000.00000000000        106.8329    
  -968.750000000000        110.2576    
  -937.500000000000        42.13652    
  -906.250000000000        178.7164    
  -875.000000000000        87.86024    
  -843.750000000000        136.5162    
  -812.500000000000        231.0797    
  -781.250000000000        298.0590    
  -750.000000000000        214.4716    
  -718.750000000000        286.3336    
  -687.500000000000        254.7975    
  -656.250000000000        448.3423    
  -625.000000000000        42.60911    
  -593.750000000000        330.4077    
  -562.500000000000        124.5654    
  -531.250000000000        215.5777    
  -500.000000000000        338.8549    
  -468.750000000000        86.26922    
  -437.500000000000        274.1209    
  -406.250000000000        331.6958    
  -375.000000000000        742.4487    
  -343.750000000000        1180.408    
  -312.500000000000        612.8138    
  -281.250000000000        846.6063    
  -250.000000000000        445.8666    
  -218.750000000000        62.00382    
  -187.500000000000        396.2918    
  -156.250000000000        1451.794    
  -125.000000000000        1458.997    
  -93.7500000000000        524.5447    
  -62.5000000000000        1409.018    
  -31.2500000000000        2582.378    
  0.000000000000000E+000   6722.229    
   31.2500000000000        2521.622    
   62.5000000000000        1491.834    
   93.7500000000000        551.4298    
   125.000000000000        1514.861    
   156.250000000000        1532.654    
   187.500000000000        385.6895    
   218.750000000000        24.36407    
   250.000000000000        404.6244    
   281.250000000000        798.8845    
   312.500000000000        605.3274    
   343.750000000000        1155.441    
   375.000000000000        679.1483    
   406.250000000000        320.8978    
   437.500000000000        242.2903    
   468.750000000000        82.97691    
   500.000000000000        332.3520    
   531.250000000000        230.2970    
   562.500000000000        149.5388    
   593.750000000000        339.9033    
   625.000000000000        49.39263    
   656.250000000000        457.5137    
   687.500000000000        251.9297    
   718.750000000000        299.4420    
   750.000000000000        225.6344    
   781.250000000000        301.8593    
   812.500000000000        244.5547    
   843.750000000000        130.4185    
   875.000000000000        95.64123    
   906.250000000000        170.2410    
   937.500000000000        39.06591    
   968.750000000000        101.4527    
   1000.00000000000        108.0292    
   1031.25000000000        72.00775    
   1062.50000000000        172.7117    
   1093.75000000000        97.01463    
   1125.00000000000        56.45520    
   1156.25000000000        152.8160    
   1187.50000000000        41.35095    
   1218.75000000000        40.45205    
   1250.00000000000        253.1685    
   1281.25000000000        76.41081    
   1312.50000000000        88.78669    
   1343.75000000000        123.9948    
   1375.00000000000        158.0890    
   1406.25000000000        89.70171    
   1437.50000000000        43.22353    
   1468.75000000000        70.09457    
   1500.00000000000        44.61563    
   1531.25000000000        114.1614    
   1562.50000000000        224.2943    
   1593.75000000000        71.75189    
   1625.00000000000        105.9217    
   1656.25000000000        162.9989    
   1687.50000000000        154.1738    
   1718.75000000000        104.5327    
   1750.00000000000        151.4771    
   1781.25000000000        315.1948    
   1812.50000000000        268.6481    
   1843.75000000000        103.6543    
   1875.00000000000        87.12119    
   1906.25000000000        28.89479    
   1937.50000000000        37.25986    
   1968.75000000000        80.84815    
   2000.00000000000        32.54893    
   2031.25000000000        11.89102    
   2062.50000000000        73.45541    
   2093.75000000000        90.92174    
   2125.00000000000        69.52658    
   2156.25000000000        128.7714    
   2187.50000000000        113.5527    
   2218.75000000000        81.33099    
   2250.00000000000        57.81308    
   2281.25000000000        49.01958    
   2312.50000000000        92.39351    
   2343.75000000000        157.9857    
   2375.00000000000        32.71225    
   2406.25000000000        47.45097    
   2437.50000000000        111.2351    
   2468.75000000000        12.02326    
   2500.00000000000        167.5234    
   2531.25000000000        24.16498    
   2562.50000000000        74.74791    
   2593.75000000000        98.88077    
   2625.00000000000        37.04473    
   2656.25000000000        55.97859    
   2687.50000000000        151.0279    
   2718.75000000000        78.59364    
   2750.00000000000        73.03835    
   2781.25000000000        54.31906    
   2812.50000000000        155.9329    
   2843.75000000000        74.23167    
   2875.00000000000        149.2512    
   2906.25000000000        28.38719    
   2937.50000000000        218.9960    
   2968.75000000000        112.8299    
   3000.00000000000        126.0926    
   3031.25000000000        205.0494    
   3062.50000000000        238.3042    
   3093.75000000000        212.2400    
   3125.00000000000        148.9165    
   3156.25000000000        270.7404    
   3187.50000000000        107.0437    
   3218.75000000000        267.2446    
   3250.00000000000        211.3683    
   3281.25000000000        246.6254    
   3312.50000000000        249.0294    
   3343.75000000000        130.6896    
   3375.00000000000        149.8056    
   3406.25000000000        468.4836    
   3437.50000000000        157.7041    
   3468.75000000000        301.4739    
   3500.00000000000        300.4750    
   3531.25000000000        105.0537    
   3562.50000000000        284.5719    
   3593.75000000000        227.8109    
   3625.00000000000        159.3209    
   3656.25000000000        381.4429    
   3687.50000000000        295.1114    
   3718.75000000000        340.7145    
   3750.00000000000        256.7172    
   3781.25000000000        452.0271    
   3812.50000000000        279.8581    
   3843.75000000000        432.9850    
   3875.00000000000        352.6305    
   3906.25000000000        246.6835    
   3937.50000000000        498.1934    
   3968.75000000000        405.6172    
