  -2000.00000000000        14.93024    
  -1984.37500000000        9.983219    
  -1968.75000000000        11.59212    
  -1953.12500000000        16.46014    
  -1937.50000000000        26.49344    
  -1921.87500000000        27.29041    
  -1906.25000000000        5.040766    
  -1890.62500000000        23.79323    
  -1875.00000000000        3.966074    
  -1859.37500000000        5.276591    
  -1843.75000000000        8.284763    
  -1828.12500000000        19.81547    
  -1812.50000000000        6.920824    
  -1796.87500000000        19.48437    
  -1781.25000000000        3.809755    
  -1765.62500000000        8.211140    
  -1750.00000000000        38.61752    
  -1734.37500000000        7.507580    
  -1718.75000000000        7.073514    
  -1703.12500000000        2.802662    
  -1687.50000000000        17.94687    
  -1671.87500000000        12.13357    
  -1656.25000000000        4.294466    
  -1640.62500000000        13.05759    
  -1625.00000000000        10.16552    
  -1609.37500000000        10.63132    
  -1593.75000000000        8.415522    
  -1578.12500000000        15.87281    
  -1562.50000000000        20.74331    
  -1546.87500000000        40.43906    
  -1531.25000000000        11.33549    
  -1515.62500000000        11.03600    
  -1500.00000000000        21.69899    
  -1484.37500000000        22.53933    
  -1468.75000000000        6.592618    
  -1453.12500000000        7.811140    
  -1437.50000000000        9.795979    
  -1421.87500000000        15.44818    
  -1406.25000000000        12.92268    
  -1390.62500000000        11.31761    
  -1375.00000000000        14.51037    
  -1359.37500000000        113.1015    
  -1343.75000000000        37.92917    
  -1328.12500000000        21.09232    
  -1312.50000000000        6.508874    
  -1296.87500000000        27.14392    
  -1281.25000000000        12.41919    
  -1265.62500000000        7.847380    
  -1250.00000000000        40.71514    
  -1234.37500000000        11.64206    
  -1218.75000000000        17.97491    
  -1203.12500000000        31.29217    
  -1187.50000000000        38.05971    
  -1171.87500000000        78.03259    
  -1156.25000000000        88.32507    
  -1140.62500000000        23.97392    
  -1125.00000000000        16.68594    
  -1109.37500000000        17.26804    
  -1093.75000000000        11.77081    
  -1078.12500000000        3.000698    
  -1062.50000000000        2.363516    
  -1046.87500000000        11.99894    
  -1031.25000000000        12.33965    
  -1015.62500000000        19.81743    
  -1000.00000000000        4.229681    
  -984.375000000000        26.87852    
  -968.750000000000        47.54470    
  -953.125000000000        26.30352    
  -937.500000000000        17.60671    
  -921.875000000000        46.81371    
  -906.250000000000        19.62497    
  -890.625000000000        19.71327    
  -875.000000000000        16.76797    
  -859.375000000000        14.10153    
  -843.750000000000        22.92985    
  -828.125000000000        6.782422    
  -812.500000000000        26.01344    
  -796.875000000000        40.56739    
  -781.250000000000        137.9737    
  -765.625000000000        105.3068    
  -750.000000000000        45.21110    
  -734.375000000000        30.79640    
  -718.750000000000        41.13779    
  -703.125000000000        45.98817    
  -687.500000000000        24.30386    
  -671.875000000000        33.88745    
  -656.250000000000        44.14676    
  -640.625000000000        56.45459    
  -625.000000000000        76.69125    
  -609.375000000000        109.7252    
  -593.750000000000        230.6453    
  -578.125000000000        645.0253    
  -562.500000000000        101.2862    
  -546.875000000000        31.10956    
  -531.250000000000        41.95384    
  -515.625000000000        26.20748    
  -500.000000000000        40.48550    
  -484.375000000000        17.83351    
  -468.750000000000        11.26492    
  -453.125000000000        16.11390    
  -437.500000000000        46.54022    
  -421.875000000000        25.95884    
  -406.250000000000        72.77452    
  -390.625000000000        222.2515    
  -375.000000000000        94.42043    
  -359.375000000000        37.80589    
  -343.750000000000        4.213223    
  -328.125000000000        11.35479    
  -312.500000000000        37.52058    
  -296.875000000000        32.33060    
  -281.250000000000        11.72724    
  -265.625000000000        31.34840    
  -250.000000000000        66.42631    
  -234.375000000000        48.28401    
  -218.750000000000        75.32375    
  -203.125000000000        332.6093    
  -187.500000000000        365.0174    
  -171.875000000000        108.1332    
  -156.250000000000        59.68584    
  -140.625000000000        39.04081    
  -125.000000000000        32.50075    
  -109.375000000000        25.26077    
  -93.7500000000000        14.54268    
  -78.1250000000000        42.08224    
  -62.5000000000000        33.42297    
  -46.8750000000000        13.87643    
  -31.2500000000000        11.44978    
  -15.6250000000000        58.32226    
  0.000000000000000E+000   16041.52    
   15.6250000000000        76.02927    
   31.2500000000000        46.82206    
   46.8750000000000        39.80988    
   62.5000000000000        4.857275    
   78.1250000000000        51.34177    
   93.7500000000000        18.07293    
   109.375000000000        15.55085    
   125.000000000000        24.03894    
   140.625000000000        29.11449    
   156.250000000000        13.68976    
   171.875000000000        26.30900    
   187.500000000000        95.96986    
   203.125000000000        90.33513    
   218.750000000000        28.99449    
   234.375000000000        10.96370    
   250.000000000000        56.45932    
   265.625000000000       0.6695201    
   281.250000000000        14.65580    
   296.875000000000        13.85532    
   312.500000000000        18.38328    
   328.125000000000        5.263902    
   343.750000000000        11.73524    
   359.375000000000        34.62795    
   375.000000000000        113.3972    
   390.625000000000        232.3560    
   406.250000000000        81.73645    
   421.875000000000        30.29925    
   437.500000000000        42.70942    
   453.125000000000        14.18122    
   468.750000000000        19.24919    
   484.375000000000        11.58424    
   500.000000000000        27.26702    
   515.625000000000        41.81479    
   531.250000000000        50.31361    
   546.875000000000        39.78428    
   562.500000000000        98.58728    
   578.125000000000        654.3352    
   593.750000000000        243.4602    
   609.375000000000        101.6812    
   625.000000000000        65.34122    
   640.625000000000        55.28707    
   656.250000000000        46.55316    
   671.875000000000        46.45716    
   687.500000000000        37.54678    
   703.125000000000        47.37617    
   718.750000000000        41.78019    
   734.375000000000        46.19912    
   750.000000000000        46.76734    
   765.625000000000        126.5796    
   781.250000000000        157.2697    
   796.875000000000        39.64374    
   812.500000000000        20.32176    
   828.125000000000        21.08812    
   843.750000000000        3.926400    
   859.375000000000        13.20618    
   875.000000000000        8.963886    
   890.625000000000        12.45391    
   906.250000000000        53.44630    
   921.875000000000        38.73259    
   937.500000000000        14.03949    
   953.125000000000        19.31425    
   968.750000000000        96.96812    
   984.375000000000        9.537572    
   1000.00000000000        1.414334    
   1015.62500000000        6.058324    
   1031.25000000000        21.24167    
   1046.87500000000        2.715760    
   1062.50000000000        3.799181    
   1078.12500000000        13.31143    
   1093.75000000000        15.66849    
   1109.37500000000        19.34782    
   1125.00000000000        11.16315    
   1140.62500000000        12.81620    
   1156.25000000000        53.73795    
   1171.87500000000        62.06742    
   1187.50000000000        23.80632    
   1203.12500000000        14.44435    
   1218.75000000000        26.46513    
   1234.37500000000        22.24088    
   1250.00000000000        31.19633    
   1265.62500000000        8.415570    
   1281.25000000000        9.994179    
   1296.87500000000        22.89997    
   1312.50000000000        10.94786    
   1328.12500000000        15.10565    
   1343.75000000000        13.35416    
   1359.37500000000        80.96017    
   1375.00000000000        10.14442    
   1390.62500000000        15.16468    
   1406.25000000000        7.802858    
   1421.87500000000        21.54008    
   1437.50000000000        8.349216    
   1453.12500000000        7.239265    
   1468.75000000000        10.31422    
   1484.37500000000        18.53913    
   1500.00000000000        16.94532    
   1515.62500000000        19.58369    
   1531.25000000000        16.61635    
   1546.87500000000        72.97185    
   1562.50000000000        5.599849    
   1578.12500000000        17.18152    
   1593.75000000000        9.573573    
   1609.37500000000        9.777536    
   1625.00000000000        10.37247    
   1640.62500000000        13.23256    
   1656.25000000000        1.678244    
   1671.87500000000        12.77288    
   1687.50000000000        23.28964    
   1703.12500000000        12.12658    
   1718.75000000000        14.15719    
   1734.37500000000        21.60410    
   1750.00000000000        34.51223    
   1765.62500000000        7.268962    
   1781.25000000000        16.21918    
   1796.87500000000        10.13475    
   1812.50000000000        7.045770    
   1828.12500000000        11.73304    
   1843.75000000000        13.30784    
   1859.37500000000        10.70161    
   1875.00000000000        26.28204    
   1890.62500000000        10.49662    
   1906.25000000000        7.442885    
   1921.87500000000        26.35508    
   1937.50000000000        23.40843    
   1953.12500000000        17.26602    
   1968.75000000000        14.77734    
   1984.37500000000        11.61156    
