  -4000.00000000000        258.2269    
  -3968.75000000000        408.0066    
  -3937.50000000000        595.2222    
  -3906.25000000000        276.0088    
  -3875.00000000000        433.1407    
  -3843.75000000000        442.7163    
  -3812.50000000000        347.3938    
  -3781.25000000000        468.9738    
  -3750.00000000000        290.1206    
  -3718.75000000000        350.7476    
  -3687.50000000000        374.8292    
  -3656.25000000000        420.8249    
  -3625.00000000000        217.6032    
  -3593.75000000000        295.6530    
  -3562.50000000000        281.8752    
  -3531.25000000000        110.5746    
  -3500.00000000000        353.8073    
  -3468.75000000000        262.0089    
  -3437.50000000000        212.5837    
  -3406.25000000000        527.9966    
  -3375.00000000000        152.8939    
  -3343.75000000000        133.9316    
  -3312.50000000000        318.3380    
  -3281.25000000000        259.7070    
  -3250.00000000000        229.8334    
  -3218.75000000000        270.0528    
  -3187.50000000000        103.4241    
  -3156.25000000000        307.2899    
  -3125.00000000000        187.8496    
  -3093.75000000000        246.2957    
  -3062.50000000000        292.5826    
  -3031.25000000000        217.0183    
  -3000.00000000000        121.2464    
  -2968.75000000000        162.5717    
  -2937.50000000000        251.9155    
  -2906.25000000000        34.51999    
  -2875.00000000000        149.5915    
  -2843.75000000000        89.03062    
  -2812.50000000000        159.7868    
  -2781.25000000000        56.39042    
  -2750.00000000000        99.23566    
  -2718.75000000000        83.17072    
  -2687.50000000000        145.8125    
  -2656.25000000000        90.79411    
  -2625.00000000000        54.72198    
  -2593.75000000000        112.9347    
  -2562.50000000000        49.23245    
  -2531.25000000000        31.80428    
  -2500.00000000000        169.6787    
  -2468.75000000000        26.42641    
  -2437.50000000000        124.7683    
  -2406.25000000000        78.58665    
  -2375.00000000000        29.99861    
  -2343.75000000000        177.2070    
  -2312.50000000000        139.1278    
  -2281.25000000000        34.29101    
  -2250.00000000000        84.51312    
  -2218.75000000000        70.83215    
  -2187.50000000000        122.7672    
  -2156.25000000000        127.7122    
  -2125.00000000000        79.28802    
  -2093.75000000000        101.0255    
  -2062.50000000000        96.32335    
  -2031.25000000000        16.17111    
  -2000.00000000000        65.16943    
  -1968.75000000000        76.84653    
  -1937.50000000000        81.38226    
  -1906.25000000000        50.72275    
  -1875.00000000000        88.37473    
  -1843.75000000000        134.2758    
  -1812.50000000000        340.6492    
  -1781.25000000000        363.7157    
  -1750.00000000000        198.7048    
  -1718.75000000000        150.2269    
  -1687.50000000000        188.9701    
  -1656.25000000000        201.5347    
  -1625.00000000000        121.7354    
  -1593.75000000000        74.94459    
  -1562.50000000000        243.8177    
  -1531.25000000000        165.8829    
  -1500.00000000000        55.37413    
  -1468.75000000000        102.2813    
  -1437.50000000000        71.26285    
  -1406.25000000000        105.5717    
  -1375.00000000000        142.5144    
  -1343.75000000000        138.3531    
  -1312.50000000000        125.9538    
  -1281.25000000000        88.32349    
  -1250.00000000000        248.2808    
  -1218.75000000000        57.33191    
  -1187.50000000000        42.26173    
  -1156.25000000000        150.2597    
  -1125.00000000000        19.07004    
  -1093.75000000000        94.89784    
  -1062.50000000000        214.9400    
  -1031.25000000000        75.69026    
  -1000.00000000000        94.44527    
  -968.750000000000        100.1840    
  -937.500000000000        46.21044    
  -906.250000000000        228.0731    
  -875.000000000000        106.6313    
  -843.750000000000        154.2417    
  -812.500000000000        259.3311    
  -781.250000000000        357.3342    
  -750.000000000000        253.6750    
  -718.750000000000        325.4861    
  -687.500000000000        298.6869    
  -656.250000000000        506.2178    
  -625.000000000000        35.89832    
  -593.750000000000        374.5642    
  -562.500000000000        156.5401    
  -531.250000000000        217.4460    
  -500.000000000000        384.1452    
  -468.750000000000        102.4139    
  -437.500000000000        311.3997    
  -406.250000000000        369.0606    
  -375.000000000000        840.7943    
  -343.750000000000        1313.345    
  -312.500000000000        693.3459    
  -281.250000000000        957.1503    
  -250.000000000000        503.5294    
  -218.750000000000        75.93430    
  -187.500000000000        476.7525    
  -156.250000000000        1617.918    
  -125.000000000000        1591.252    
  -93.7500000000000        618.9031    
  -62.5000000000000        1600.279    
  -31.2500000000000        2940.376    
  0.000000000000000E+000   7908.016    
   31.2500000000000        2837.533    
   62.5000000000000        1677.398    
   93.7500000000000        663.7532    
   125.000000000000        1696.331    
   156.250000000000        1758.599    
   187.500000000000        406.7414    
   218.750000000000        34.05827    
   250.000000000000        437.8585    
   281.250000000000        883.8892    
   312.500000000000        691.0039    
   343.750000000000        1287.984    
   375.000000000000        767.1038    
   406.250000000000        350.3740    
   437.500000000000        239.7520    
   468.750000000000        96.21680    
   500.000000000000        339.0746    
   531.250000000000        259.4251    
   562.500000000000        173.4906    
   593.750000000000        398.0580    
   625.000000000000        49.10243    
   656.250000000000        503.9882    
   687.500000000000        300.1408    
   718.750000000000        370.1769    
   750.000000000000        271.8527    
   781.250000000000        348.7491    
   812.500000000000        272.1127    
   843.750000000000        168.3440    
   875.000000000000        112.6126    
   906.250000000000        197.5267    
   937.500000000000        49.25134    
   968.750000000000        90.01388    
   1000.00000000000        143.6295    
   1031.25000000000        80.36789    
   1062.50000000000        215.8952    
   1093.75000000000        96.13947    
   1125.00000000000        42.13883    
   1156.25000000000        186.9977    
   1187.50000000000        56.75053    
   1218.75000000000        61.73460    
   1250.00000000000        280.7019    
   1281.25000000000        89.46890    
   1312.50000000000        89.29581    
   1343.75000000000        129.7831    
   1375.00000000000        171.7388    
   1406.25000000000        100.8850    
   1437.50000000000        36.82196    
   1468.75000000000        86.39114    
   1500.00000000000        64.50417    
   1531.25000000000        152.3267    
   1562.50000000000        246.7282    
   1593.75000000000        66.53663    
   1625.00000000000        127.5588    
   1656.25000000000        176.6714    
   1687.50000000000        163.9697    
   1718.75000000000        128.8638    
   1750.00000000000        186.2915    
   1781.25000000000        352.0102    
   1812.50000000000        289.9890    
   1843.75000000000        110.9044    
   1875.00000000000        105.1864    
   1906.25000000000        49.75151    
   1937.50000000000        65.82861    
   1968.75000000000        67.04932    
   2000.00000000000        54.06062    
   2031.25000000000        27.57588    
   2062.50000000000        86.03514    
   2093.75000000000        88.53626    
   2125.00000000000        92.75432    
   2156.25000000000        128.5431    
   2187.50000000000        132.1052    
   2218.75000000000        97.58812    
   2250.00000000000        56.50136    
   2281.25000000000        31.77315    
   2312.50000000000        94.88809    
   2343.75000000000        215.3436    
   2375.00000000000        40.23460    
   2406.25000000000        63.70818    
   2437.50000000000        108.5387    
   2468.75000000000        8.753952    
   2500.00000000000        186.5894    
   2531.25000000000        34.64798    
   2562.50000000000        102.9618    
   2593.75000000000        130.1399    
   2625.00000000000        43.26002    
   2656.25000000000        83.38017    
   2687.50000000000        181.1678    
   2718.75000000000        85.64935    
   2750.00000000000        77.99815    
   2781.25000000000        46.50216    
   2812.50000000000        189.1846    
   2843.75000000000        74.38633    
   2875.00000000000        164.2969    
   2906.25000000000        30.62609    
   2937.50000000000        252.7683    
   2968.75000000000        128.6121    
   3000.00000000000        146.2886    
   3031.25000000000        238.3181    
   3062.50000000000        269.9588    
   3093.75000000000        223.1561    
   3125.00000000000        137.1546    
   3156.25000000000        305.9009    
   3187.50000000000        145.8117    
   3218.75000000000        284.6169    
   3250.00000000000        243.2335    
   3281.25000000000        285.3174    
   3312.50000000000        301.2951    
   3343.75000000000        127.3410    
   3375.00000000000        160.4449    
   3406.25000000000        524.9003    
   3437.50000000000        188.4958    
   3468.75000000000        350.0067    
   3500.00000000000        336.8542    
   3531.25000000000        102.4786    
   3562.50000000000        303.2414    
   3593.75000000000        241.2632    
   3625.00000000000        178.6446    
   3656.25000000000        423.9044    
   3687.50000000000        353.1388    
   3718.75000000000        360.7283    
   3750.00000000000        285.4910    
   3781.25000000000        527.0278    
   3812.50000000000        326.0443    
   3843.75000000000        475.1866    
   3875.00000000000        391.6787    
   3906.25000000000        276.5667    
   3937.50000000000        568.1776    
   3968.75000000000        458.6042    
