  -2000.00000000000        58.48691    
  -1984.37500000000        82.52161    
  -1968.75000000000        68.89403    
  -1953.12500000000        126.9033    
  -1937.50000000000        174.5609    
  -1921.87500000000        99.31121    
  -1906.25000000000        77.29703    
  -1890.62500000000        112.1041    
  -1875.00000000000        71.70753    
  -1859.37500000000        56.51793    
  -1843.75000000000        16.31151    
  -1828.12500000000        108.1136    
  -1812.50000000000        17.68667    
  -1796.87500000000        52.58495    
  -1781.25000000000        85.39423    
  -1765.62500000000        115.9818    
  -1750.00000000000        253.5992    
  -1734.37500000000        19.66039    
  -1718.75000000000        73.51682    
  -1703.12500000000        40.82755    
  -1687.50000000000        126.6652    
  -1671.87500000000        67.61212    
  -1656.25000000000        49.78804    
  -1640.62500000000        86.27516    
  -1625.00000000000        97.96629    
  -1609.37500000000        29.77374    
  -1593.75000000000        41.25190    
  -1578.12500000000        63.23536    
  -1562.50000000000        167.1876    
  -1546.87500000000        414.1657    
  -1531.25000000000        156.9006    
  -1515.62500000000        37.30693    
  -1500.00000000000        231.3257    
  -1484.37500000000        34.73767    
  -1468.75000000000        9.740078    
  -1453.12500000000        48.23096    
  -1437.50000000000        44.82303    
  -1421.87500000000        97.19225    
  -1406.25000000000        58.47055    
  -1390.62500000000        71.05565    
  -1375.00000000000        42.01044    
  -1359.37500000000        949.4465    
  -1343.75000000000        184.6177    
  -1328.12500000000        74.11050    
  -1312.50000000000        98.15063    
  -1296.87500000000        116.5804    
  -1281.25000000000        59.34183    
  -1265.62500000000        110.2533    
  -1250.00000000000        214.7840    
  -1234.37500000000        115.0359    
  -1218.75000000000        58.73363    
  -1203.12500000000        220.0309    
  -1187.50000000000        222.2520    
  -1171.87500000000        714.7976    
  -1156.25000000000        622.9205    
  -1140.62500000000        210.7128    
  -1125.00000000000        125.5109    
  -1109.37500000000        46.26204    
  -1093.75000000000        84.51839    
  -1078.12500000000        40.62118    
  -1062.50000000000        14.06744    
  -1046.87500000000        47.41758    
  -1031.25000000000        192.3917    
  -1015.62500000000        82.34560    
  -1000.00000000000        40.34214    
  -984.375000000000        170.5862    
  -968.750000000000        885.2481    
  -953.125000000000        241.1451    
  -937.500000000000        47.40324    
  -921.875000000000        260.0067    
  -906.250000000000        113.8981    
  -890.625000000000        52.16957    
  -875.000000000000        38.16595    
  -859.375000000000        116.8444    
  -843.750000000000        81.61258    
  -828.125000000000        140.0312    
  -812.500000000000        124.2486    
  -796.875000000000        143.1378    
  -781.250000000000        244.8357    
  -765.625000000000        98.11192    
  -750.000000000000        74.74839    
  -734.375000000000        129.9268    
  -718.750000000000        226.0296    
  -703.125000000000        192.9129    
  -687.500000000000        116.9605    
  -671.875000000000        176.1074    
  -656.250000000000        197.7142    
  -640.625000000000        271.4156    
  -625.000000000000        434.6656    
  -609.375000000000        664.5447    
  -593.750000000000        1158.248    
  -578.125000000000        4040.311    
  -562.500000000000        759.0536    
  -546.875000000000        254.6488    
  -531.250000000000        290.3552    
  -515.625000000000        253.8246    
  -500.000000000000        138.5996    
  -484.375000000000        91.04704    
  -468.750000000000        132.6090    
  -453.125000000000        63.22122    
  -437.500000000000        60.81747    
  -421.875000000000        250.0592    
  -406.250000000000        216.6125    
  -390.625000000000        2561.018    
  -375.000000000000        166.5195    
  -359.375000000000        374.9088    
  -343.750000000000        280.7964    
  -328.125000000000        295.6280    
  -312.500000000000        213.5331    
  -296.875000000000        472.0785    
  -281.250000000000        350.1269    
  -265.625000000000        621.9113    
  -250.000000000000        781.4598    
  -234.375000000000        864.8182    
  -218.750000000000        1280.501    
  -203.125000000000        4519.261    
  -187.500000000000        5897.453    
  -171.875000000000        1867.576    
  -156.250000000000        1123.430    
  -140.625000000000        703.4053    
  -125.000000000000        661.5200    
  -109.375000000000        570.8922    
  -93.7500000000000        498.4889    
  -78.1250000000000        413.4074    
  -62.5000000000000        279.1183    
  -46.8750000000000        320.8900    
  -31.2500000000000        242.7808    
  -15.6250000000000        486.8575    
  0.000000000000000E+000   76300.05    
   15.6250000000000        704.9373    
   31.2500000000000        455.2869    
   46.8750000000000        574.6251    
   62.5000000000000        243.7642    
   78.1250000000000        307.1184    
   93.7500000000000        431.4582    
   109.375000000000        501.8056    
   125.000000000000        620.5699    
   140.625000000000        506.8244    
   156.250000000000        773.7759    
   171.875000000000        1355.999    
   187.500000000000        4400.055    
   203.125000000000        2441.161    
   218.750000000000        1189.145    
   234.375000000000        763.2087    
   250.000000000000        844.9399    
   265.625000000000        354.6662    
   281.250000000000        370.0602    
   296.875000000000        304.8502    
   312.500000000000        290.1415    
   328.125000000000        264.4186    
   343.750000000000        295.4968    
   359.375000000000        564.0548    
   375.000000000000        1210.256    
   390.625000000000        3584.908    
   406.250000000000        646.7374    
   421.875000000000        367.9480    
   437.500000000000        395.7849    
   453.125000000000        148.0685    
   468.750000000000        80.42732    
   484.375000000000        152.4993    
   500.000000000000        283.7140    
   515.625000000000        269.9048    
   531.250000000000        244.6142    
   546.875000000000        382.8742    
   562.500000000000        632.6003    
   578.125000000000        4443.934    
   593.750000000000        1607.624    
   609.375000000000        626.4272    
   625.000000000000        470.0090    
   640.625000000000        414.5045    
   656.250000000000        364.0195    
   671.875000000000        345.4668    
   687.500000000000        335.2616    
   703.125000000000        365.1652    
   718.750000000000        267.8370    
   734.375000000000        384.6199    
   750.000000000000        465.5484    
   765.625000000000        1136.369    
   781.250000000000        1468.001    
   796.875000000000        336.3961    
   812.500000000000        190.1398    
   828.125000000000        178.4869    
   843.750000000000        83.01840    
   859.375000000000        25.02894    
   875.000000000000        71.06947    
   890.625000000000        118.4526    
   906.250000000000        248.5060    
   921.875000000000        221.9613    
   937.500000000000        13.31939    
   953.125000000000        56.30747    
   968.750000000000        665.1540    
   984.375000000000        140.2937    
   1000.00000000000        56.35280    
   1015.62500000000        173.5823    
   1031.25000000000        87.11646    
   1046.87500000000        68.98808    
   1062.50000000000        97.97863    
   1078.12500000000        71.00755    
   1093.75000000000        117.8969    
   1109.37500000000        189.8523    
   1125.00000000000        98.50842    
   1140.62500000000        248.4494    
   1156.25000000000        739.7056    
   1171.87500000000        612.7242    
   1187.50000000000        271.7195    
   1203.12500000000        194.0667    
   1218.75000000000        83.80346    
   1234.37500000000        139.4650    
   1250.00000000000        270.2759    
   1265.62500000000        74.63529    
   1281.25000000000        200.9444    
   1296.87500000000        91.84490    
   1312.50000000000        134.2319    
   1328.12500000000        109.2074    
   1343.75000000000        231.5798    
   1359.37500000000        879.2124    
   1375.00000000000        122.7204    
   1390.62500000000        124.3025    
   1406.25000000000        123.2651    
   1421.87500000000        104.8180    
   1437.50000000000        79.75415    
   1453.12500000000        62.15457    
   1468.75000000000        102.8082    
   1484.37500000000        105.0394    
   1500.00000000000        192.1003    
   1515.62500000000        83.10020    
   1531.25000000000        60.46970    
   1546.87500000000        420.8473    
   1562.50000000000        92.40741    
   1578.12500000000        93.51690    
   1593.75000000000        74.50249    
   1609.37500000000        70.15411    
   1625.00000000000        24.32506    
   1640.62500000000        78.00000    
   1656.25000000000        45.37361    
   1671.87500000000        94.46381    
   1687.50000000000        90.76636    
   1703.12500000000        39.40817    
   1718.75000000000        116.6740    
   1734.37500000000        28.57268    
   1750.00000000000        52.98112    
   1765.62500000000        46.48096    
   1781.25000000000        94.39450    
   1796.87500000000        30.35089    
   1812.50000000000        110.9481    
   1828.12500000000        81.80003    
   1843.75000000000        75.43710    
   1859.37500000000        32.62568    
   1875.00000000000        103.3665    
   1890.62500000000        51.15564    
   1906.25000000000        89.98104    
   1921.87500000000        146.9226    
   1937.50000000000        155.1045    
   1953.12500000000        79.92233    
   1968.75000000000        83.80522    
   1984.37500000000        46.18238    
