  -2000.00000000000        5.077705    
  -1984.37500000000        2.881033    
  -1968.75000000000        6.927886    
  -1953.12500000000        11.05124    
  -1937.50000000000        13.88824    
  -1921.87500000000        14.45975    
  -1906.25000000000        4.509049    
  -1890.62500000000        11.97440    
  -1875.00000000000        5.205448    
  -1859.37500000000        5.788836    
  -1843.75000000000        3.469035    
  -1828.12500000000        10.12569    
  -1812.50000000000        2.963455    
  -1796.87500000000        2.749412    
  -1781.25000000000        7.375129    
  -1765.62500000000        2.836913    
  -1750.00000000000        23.03368    
  -1734.37500000000        7.152966    
  -1718.75000000000        8.083978    
  -1703.12500000000        3.579416    
  -1687.50000000000        4.861831    
  -1671.87500000000        13.50386    
  -1656.25000000000        2.532192    
  -1640.62500000000        7.616395    
  -1625.00000000000        3.045445    
  -1609.37500000000        2.354111    
  -1593.75000000000        7.148443    
  -1578.12500000000        11.00300    
  -1562.50000000000        13.33171    
  -1546.87500000000        34.96219    
  -1531.25000000000        9.448604    
  -1515.62500000000        6.965567    
  -1500.00000000000        18.17660    
  -1484.37500000000        6.322659    
  -1468.75000000000        3.126860    
  -1453.12500000000        3.858577    
  -1437.50000000000        4.694832    
  -1421.87500000000        15.70466    
  -1406.25000000000        5.646956    
  -1390.62500000000        4.694009    
  -1375.00000000000        1.614184    
  -1359.37500000000        11.65558    
  -1343.75000000000        8.026339    
  -1328.12500000000        4.133155    
  -1312.50000000000        2.342209    
  -1296.87500000000        12.98241    
  -1281.25000000000        8.298208    
  -1265.62500000000        4.723063    
  -1250.00000000000        21.42105    
  -1234.37500000000        7.989109    
  -1218.75000000000        6.498894    
  -1203.12500000000        16.88459    
  -1187.50000000000        17.78909    
  -1171.87500000000        54.20361    
  -1156.25000000000        48.64130    
  -1140.62500000000        11.12673    
  -1125.00000000000        5.809992    
  -1109.37500000000        11.42742    
  -1093.75000000000        12.40302    
  -1078.12500000000        1.323223    
  -1062.50000000000        2.156513    
  -1046.87500000000        1.935349    
  -1031.25000000000        5.150437    
  -1015.62500000000        1.631450    
  -1000.00000000000        3.561437    
  -984.375000000000        9.264838    
  -968.750000000000        64.40533    
  -953.125000000000        15.55483    
  -937.500000000000        11.58965    
  -921.875000000000        28.39407    
  -906.250000000000        19.24952    
  -890.625000000000        10.99916    
  -875.000000000000        7.361807    
  -859.375000000000        9.062241    
  -843.750000000000        9.947478    
  -828.125000000000        10.98484    
  -812.500000000000        16.30603    
  -796.875000000000        25.44123    
  -781.250000000000        81.95448    
  -765.625000000000        70.66394    
  -750.000000000000        24.38990    
  -734.375000000000        17.40453    
  -718.750000000000        23.21795    
  -703.125000000000        19.90511    
  -687.500000000000        21.00118    
  -671.875000000000        21.50318    
  -656.250000000000        27.19328    
  -640.625000000000        26.47753    
  -625.000000000000        44.77492    
  -609.375000000000        66.25498    
  -593.750000000000        140.5233    
  -578.125000000000        411.2875    
  -562.500000000000        72.09666    
  -546.875000000000        23.09150    
  -531.250000000000        34.49814    
  -515.625000000000        22.56196    
  -500.000000000000        17.28861    
  -484.375000000000        7.617230    
  -468.750000000000        10.77868    
  -453.125000000000        13.90873    
  -437.500000000000        23.45205    
  -421.875000000000        15.74527    
  -406.250000000000        44.10035    
  -390.625000000000        158.3968    
  -375.000000000000        54.94907    
  -359.375000000000        23.92602    
  -343.750000000000        5.219608    
  -328.125000000000        7.665811    
  -312.500000000000        23.50460    
  -296.875000000000        16.36751    
  -281.250000000000        13.90080    
  -265.625000000000        22.00008    
  -250.000000000000        26.90649    
  -234.375000000000        18.75450    
  -218.750000000000        43.55907    
  -203.125000000000        168.0213    
  -187.500000000000        199.2169    
  -171.875000000000        61.23174    
  -156.250000000000        32.35585    
  -140.625000000000        26.94619    
  -125.000000000000        23.16916    
  -109.375000000000        12.52095    
  -93.7500000000000        3.111523    
  -78.1250000000000        28.70259    
  -62.5000000000000        17.24290    
  -46.8750000000000        20.91410    
  -31.2500000000000        13.45204    
  -15.6250000000000        44.29697    
  0.000000000000000E+000   9337.771    
   15.6250000000000        46.02426    
   31.2500000000000        18.82979    
   46.8750000000000        25.35147    
   62.5000000000000        9.190702    
   78.1250000000000        28.71373    
   93.7500000000000        4.038339    
   109.375000000000        9.494435    
   125.000000000000        22.77208    
   140.625000000000        23.12316    
   156.250000000000        25.84203    
   171.875000000000        47.55357    
   187.500000000000        152.8735    
   203.125000000000        131.5609    
   218.750000000000        38.13780    
   234.375000000000        15.78617    
   250.000000000000        24.06710    
   265.625000000000        14.26780    
   281.250000000000        12.87684    
   296.875000000000        13.92182    
   312.500000000000        23.34099    
   328.125000000000        4.764889    
   343.750000000000        5.724866    
   359.375000000000        25.75072    
   375.000000000000        65.08276    
   390.625000000000        175.2523    
   406.250000000000        46.88707    
   421.875000000000        19.66519    
   437.500000000000        25.44946    
   453.125000000000        18.28122    
   468.750000000000        8.434367    
   484.375000000000        7.688395    
   500.000000000000        21.04318    
   515.625000000000        24.36197    
   531.250000000000        35.28467    
   546.875000000000        25.25136    
   562.500000000000        69.39915    
   578.125000000000        412.8235    
   593.750000000000        146.3722    
   609.375000000000        65.84734    
   625.000000000000        42.91203    
   640.625000000000        26.83482    
   656.250000000000        26.01054    
   671.875000000000        23.03705    
   687.500000000000        22.49939    
   703.125000000000        17.36160    
   718.750000000000        22.13255    
   734.375000000000        18.12817    
   750.000000000000        23.12366    
   765.625000000000        71.17074    
   781.250000000000        77.48180    
   796.875000000000        21.24315    
   812.500000000000        11.48203    
   828.125000000000        10.95973    
   843.750000000000        7.975029    
   859.375000000000        6.339302    
   875.000000000000        6.411608    
   890.625000000000        12.20284    
   906.250000000000        16.91568    
   921.875000000000        26.86047    
   937.500000000000        11.20472    
   953.125000000000        14.39279    
   968.750000000000        59.60738    
   984.375000000000        9.115791    
   1000.00000000000        3.304486    
   1015.62500000000        1.973372    
   1031.25000000000        3.675037    
   1046.87500000000        4.227442    
   1062.50000000000        4.068635    
   1078.12500000000        3.480987    
   1093.75000000000        5.621523    
   1109.37500000000        8.271544    
   1125.00000000000        2.168755    
   1140.62500000000        9.866639    
   1156.25000000000        41.42297    
   1171.87500000000        46.69654    
   1187.50000000000        16.04428    
   1203.12500000000        13.95474    
   1218.75000000000        4.307554    
   1234.37500000000        6.237999    
   1250.00000000000        22.86407    
   1265.62500000000        5.831208    
   1281.25000000000        5.114848    
   1296.87500000000        16.50405    
   1312.50000000000        5.591668    
   1328.12500000000        8.603865    
   1343.75000000000        6.562854    
   1359.37500000000        7.586535    
   1375.00000000000        1.052264    
   1390.62500000000        6.978417    
   1406.25000000000        8.352624    
   1421.87500000000        12.79760    
   1437.50000000000        2.557336    
   1453.12500000000        5.571953    
   1468.75000000000        5.382998    
   1484.37500000000        2.158643    
   1500.00000000000        15.78275    
   1515.62500000000        6.693323    
   1531.25000000000        9.968929    
   1546.87500000000        34.26755    
   1562.50000000000        13.04998    
   1578.12500000000        12.39518    
   1593.75000000000        5.802542    
   1609.37500000000        6.186515    
   1625.00000000000        4.473332    
   1640.62500000000        6.537080    
   1656.25000000000        3.585227    
   1671.87500000000        6.444455    
   1687.50000000000        3.242248    
   1703.12500000000        1.418051    
   1718.75000000000        6.315129    
   1734.37500000000        4.010550    
   1750.00000000000        20.34078    
   1765.62500000000        2.995478    
   1781.25000000000        10.36044    
   1796.87500000000        2.227272    
   1812.50000000000        6.347591    
   1828.12500000000        10.58884    
   1843.75000000000        5.887320    
   1859.37500000000        4.808986    
   1875.00000000000        4.188535    
   1890.62500000000        9.596918    
   1906.25000000000        5.548709    
   1921.87500000000        14.70798    
   1937.50000000000        15.11882    
   1953.12500000000        10.62480    
   1968.75000000000        9.217654    
   1984.37500000000        4.569964    
