  -4000.00000000000        212.0480    
  -3968.75000000000        377.1472    
  -3937.50000000000        489.1546    
  -3906.25000000000        228.4603    
  -3875.00000000000        347.1215    
  -3843.75000000000        382.1360    
  -3812.50000000000        277.6550    
  -3781.25000000000        405.5369    
  -3750.00000000000        251.5542    
  -3718.75000000000        312.6813    
  -3687.50000000000        290.9129    
  -3656.25000000000        356.6210    
  -3625.00000000000        169.2212    
  -3593.75000000000        236.1056    
  -3562.50000000000        242.1746    
  -3531.25000000000        86.82854    
  -3500.00000000000        293.6105    
  -3468.75000000000        262.6719    
  -3437.50000000000        158.3960    
  -3406.25000000000        437.5465    
  -3375.00000000000        130.5965    
  -3343.75000000000        134.5371    
  -3312.50000000000        243.1827    
  -3281.25000000000        225.7550    
  -3250.00000000000        186.2295    
  -3218.75000000000        231.0229    
  -3187.50000000000        108.5222    
  -3156.25000000000        261.9030    
  -3125.00000000000        153.4987    
  -3093.75000000000        206.4342    
  -3062.50000000000        231.1255    
  -3031.25000000000        182.3039    
  -3000.00000000000        116.6918    
  -2968.75000000000        113.5209    
  -2937.50000000000        208.5642    
  -2906.25000000000        18.44817    
  -2875.00000000000        137.1457    
  -2843.75000000000        61.91667    
  -2812.50000000000        144.1254    
  -2781.25000000000        53.67099    
  -2750.00000000000        66.98634    
  -2718.75000000000        79.58703    
  -2687.50000000000        133.2754    
  -2656.25000000000        54.73934    
  -2625.00000000000        30.79888    
  -2593.75000000000        99.22118    
  -2562.50000000000        63.87205    
  -2531.25000000000        16.62586    
  -2500.00000000000        144.0131    
  -2468.75000000000        14.52619    
  -2437.50000000000        96.85658    
  -2406.25000000000        54.72052    
  -2375.00000000000        21.21441    
  -2343.75000000000        144.9810    
  -2312.50000000000        95.77909    
  -2281.25000000000        40.07436    
  -2250.00000000000        53.56776    
  -2218.75000000000        71.77689    
  -2187.50000000000        114.9490    
  -2156.25000000000        114.5181    
  -2125.00000000000        73.54398    
  -2093.75000000000        87.67728    
  -2062.50000000000        82.25410    
  -2031.25000000000        19.53058    
  -2000.00000000000        36.53174    
  -1968.75000000000        61.98766    
  -1937.50000000000        50.29365    
  -1906.25000000000        32.79984    
  -1875.00000000000        82.55098    
  -1843.75000000000        96.77420    
  -1812.50000000000        268.0004    
  -1781.25000000000        314.8560    
  -1750.00000000000        154.2038    
  -1718.75000000000        111.9759    
  -1687.50000000000        148.0526    
  -1656.25000000000        180.3132    
  -1625.00000000000        103.8350    
  -1593.75000000000        62.52819    
  -1562.50000000000        213.4371    
  -1531.25000000000        122.8086    
  -1500.00000000000        36.62857    
  -1468.75000000000        80.43049    
  -1437.50000000000        48.09278    
  -1406.25000000000        86.69991    
  -1375.00000000000        135.8351    
  -1343.75000000000        109.2870    
  -1312.50000000000        89.76351    
  -1281.25000000000        84.22496    
  -1250.00000000000        234.7329    
  -1218.75000000000        49.39074    
  -1187.50000000000        44.86895    
  -1156.25000000000        152.7457    
  -1125.00000000000        29.34349    
  -1093.75000000000        90.84189    
  -1062.50000000000        175.7178    
  -1031.25000000000        68.73113    
  -1000.00000000000        99.60789    
  -968.750000000000        97.39173    
  -937.500000000000        28.03164    
  -906.250000000000        167.1396    
  -875.000000000000        89.49105    
  -843.750000000000        135.6264    
  -812.500000000000        228.5848    
  -781.250000000000        299.7642    
  -750.000000000000        206.7553    
  -718.750000000000        272.5691    
  -687.500000000000        244.5928    
  -656.250000000000        446.6139    
  -625.000000000000        47.84745    
  -593.750000000000        319.1542    
  -562.500000000000        118.9105    
  -531.250000000000        202.1014    
  -500.000000000000        324.8725    
  -468.750000000000        84.40916    
  -437.500000000000        249.6825    
  -406.250000000000        289.2375    
  -375.000000000000        703.8381    
  -343.750000000000        1125.456    
  -312.500000000000        577.7122    
  -281.250000000000        803.1552    
  -250.000000000000        415.9047    
  -218.750000000000        39.33925    
  -187.500000000000        376.3699    
  -156.250000000000        1403.818    
  -125.000000000000        1380.803    
  -93.7500000000000        502.3525    
  -62.5000000000000        1354.609    
  -31.2500000000000        2444.571    
  0.000000000000000E+000   6580.310    
   31.2500000000000        2408.150    
   62.5000000000000        1409.379    
   93.7500000000000        508.0444    
   125.000000000000        1422.235    
   156.250000000000        1453.926    
   187.500000000000        371.7003    
   218.750000000000        14.05277    
   250.000000000000        384.1693    
   281.250000000000        782.3945    
   312.500000000000        566.9591    
   343.750000000000        1097.392    
   375.000000000000        657.6705    
   406.250000000000        286.0932    
   437.500000000000        230.0205    
   468.750000000000        79.53347    
   500.000000000000        321.6701    
   531.250000000000        211.6654    
   562.500000000000        134.7565    
   593.750000000000        321.9393    
   625.000000000000        48.45623    
   656.250000000000        430.5038    
   687.500000000000        243.1536    
   718.750000000000        285.7509    
   750.000000000000        231.9032    
   781.250000000000        284.1488    
   812.500000000000        232.5684    
   843.750000000000        131.5467    
   875.000000000000        85.77852    
   906.250000000000        167.0499    
   937.500000000000        39.02302    
   968.750000000000        90.08587    
   1000.00000000000        99.31963    
   1031.25000000000        76.53690    
   1062.50000000000        171.7022    
   1093.75000000000        90.66322    
   1125.00000000000        37.15536    
   1156.25000000000        152.9979    
   1187.50000000000        46.97516    
   1218.75000000000        42.55662    
   1250.00000000000        240.5570    
   1281.25000000000        64.25964    
   1312.50000000000        85.58679    
   1343.75000000000        113.0334    
   1375.00000000000        145.7498    
   1406.25000000000        91.57059    
   1437.50000000000        44.00231    
   1468.75000000000        83.32262    
   1500.00000000000        37.72131    
   1531.25000000000        128.6853    
   1562.50000000000        208.7698    
   1593.75000000000        58.61850    
   1625.00000000000        107.5562    
   1656.25000000000        165.7067    
   1687.50000000000        140.6758    
   1718.75000000000        106.8663    
   1750.00000000000        155.5139    
   1781.25000000000        299.1298    
   1812.50000000000        252.6036    
   1843.75000000000        94.12117    
   1875.00000000000        81.79165    
   1906.25000000000        38.93230    
   1937.50000000000        45.74624    
   1968.75000000000        68.56625    
   2000.00000000000        46.04930    
   2031.25000000000        27.63896    
   2062.50000000000        69.66337    
   2093.75000000000        88.29173    
   2125.00000000000        68.92941    
   2156.25000000000        106.1007    
   2187.50000000000        113.3883    
   2218.75000000000        75.92329    
   2250.00000000000        52.93707    
   2281.25000000000        47.64693    
   2312.50000000000        86.62217    
   2343.75000000000        150.1545    
   2375.00000000000        30.05694    
   2406.25000000000        51.53969    
   2437.50000000000        106.2391    
   2468.75000000000        12.51223    
   2500.00000000000        146.4398    
   2531.25000000000        17.63053    
   2562.50000000000        59.73296    
   2593.75000000000        93.68220    
   2625.00000000000        36.63456    
   2656.25000000000        58.94599    
   2687.50000000000        141.8413    
   2718.75000000000        70.96383    
   2750.00000000000        70.45499    
   2781.25000000000        50.49702    
   2812.50000000000        153.6594    
   2843.75000000000        59.29130    
   2875.00000000000        137.6853    
   2906.25000000000        32.52955    
   2937.50000000000        211.8756    
   2968.75000000000        105.8398    
   3000.00000000000        116.4609    
   3031.25000000000        185.6185    
   3062.50000000000        230.5178    
   3093.75000000000        198.2205    
   3125.00000000000        144.0035    
   3156.25000000000        248.8578    
   3187.50000000000        112.5143    
   3218.75000000000        248.6673    
   3250.00000000000        198.3229    
   3281.25000000000        228.4421    
   3312.50000000000        242.5950    
   3343.75000000000        138.1358    
   3375.00000000000        140.8866    
   3406.25000000000        453.9047    
   3437.50000000000        154.6071    
   3468.75000000000        285.0436    
   3500.00000000000        278.5873    
   3531.25000000000        90.50776    
   3562.50000000000        255.8602    
   3593.75000000000        215.7245    
   3625.00000000000        157.2163    
   3656.25000000000        356.1448    
   3687.50000000000        286.5907    
   3718.75000000000        318.6346    
   3750.00000000000        248.0346    
   3781.25000000000        429.3495    
   3812.50000000000        274.6519    
   3843.75000000000        396.6741    
   3875.00000000000        343.9101    
   3906.25000000000        224.6120    
   3937.50000000000        481.0998    
   3968.75000000000        390.0920    
