  -4000.00000000000        210.6039    
  -3968.75000000000        402.8183    
  -3937.50000000000        517.4491    
  -3906.25000000000        246.4865    
  -3875.00000000000        366.7684    
  -3843.75000000000        407.9080    
  -3812.50000000000        306.3249    
  -3781.25000000000        425.3414    
  -3750.00000000000        273.6984    
  -3718.75000000000        341.2314    
  -3687.50000000000        312.4122    
  -3656.25000000000        379.9845    
  -3625.00000000000        188.1998    
  -3593.75000000000        252.2721    
  -3562.50000000000        253.9108    
  -3531.25000000000        85.92011    
  -3500.00000000000        299.9079    
  -3468.75000000000        266.4903    
  -3437.50000000000        165.6631    
  -3406.25000000000        465.6937    
  -3375.00000000000        141.9125    
  -3343.75000000000        135.9413    
  -3312.50000000000        273.4080    
  -3281.25000000000        226.6179    
  -3250.00000000000        203.3191    
  -3218.75000000000        245.6151    
  -3187.50000000000        105.5911    
  -3156.25000000000        271.4396    
  -3125.00000000000        170.7433    
  -3093.75000000000        210.0319    
  -3062.50000000000        241.3733    
  -3031.25000000000        193.0584    
  -3000.00000000000        113.4566    
  -2968.75000000000        133.6890    
  -2937.50000000000        228.8972    
  -2906.25000000000        27.27310    
  -2875.00000000000        139.6979    
  -2843.75000000000        67.54295    
  -2812.50000000000        147.4564    
  -2781.25000000000        45.75496    
  -2750.00000000000        75.64027    
  -2718.75000000000        74.38744    
  -2687.50000000000        136.9420    
  -2656.25000000000        70.72723    
  -2625.00000000000        34.75929    
  -2593.75000000000        109.0154    
  -2562.50000000000        68.37064    
  -2531.25000000000        24.86597    
  -2500.00000000000        153.3095    
  -2468.75000000000        7.353265    
  -2437.50000000000        96.00796    
  -2406.25000000000        68.25562    
  -2375.00000000000        20.75818    
  -2343.75000000000        154.4631    
  -2312.50000000000        100.2281    
  -2281.25000000000        32.84965    
  -2250.00000000000        47.54699    
  -2218.75000000000        83.75342    
  -2187.50000000000        113.8756    
  -2156.25000000000        117.8414    
  -2125.00000000000        77.51306    
  -2093.75000000000        101.1472    
  -2062.50000000000        67.57996    
  -2031.25000000000        15.45699    
  -2000.00000000000        57.75912    
  -1968.75000000000        75.01830    
  -1937.50000000000        51.11961    
  -1906.25000000000        31.27630    
  -1875.00000000000        90.32053    
  -1843.75000000000        111.6095    
  -1812.50000000000        293.4367    
  -1781.25000000000        342.7899    
  -1750.00000000000        166.8743    
  -1718.75000000000        124.1105    
  -1687.50000000000        164.5552    
  -1656.25000000000        185.1049    
  -1625.00000000000        112.5185    
  -1593.75000000000        64.83398    
  -1562.50000000000        230.3116    
  -1531.25000000000        140.3601    
  -1500.00000000000        39.95118    
  -1468.75000000000        84.21910    
  -1437.50000000000        65.56941    
  -1406.25000000000        90.70872    
  -1375.00000000000        138.8676    
  -1343.75000000000        115.7857    
  -1312.50000000000        97.44149    
  -1281.25000000000        85.85709    
  -1250.00000000000        255.8236    
  -1218.75000000000        37.15910    
  -1187.50000000000        43.86292    
  -1156.25000000000        150.3833    
  -1125.00000000000        30.94608    
  -1093.75000000000        111.1491    
  -1062.50000000000        185.5335    
  -1031.25000000000        78.60023    
  -1000.00000000000        96.40434    
  -968.750000000000        113.7842    
  -937.500000000000        40.61906    
  -906.250000000000        179.5584    
  -875.000000000000        98.99520    
  -843.750000000000        143.4235    
  -812.500000000000        231.5455    
  -781.250000000000        307.0068    
  -750.000000000000        231.0739    
  -718.750000000000        299.7615    
  -687.500000000000        259.0368    
  -656.250000000000        448.0614    
  -625.000000000000        35.99072    
  -593.750000000000        322.8497    
  -562.500000000000        115.2365    
  -531.250000000000        205.1861    
  -500.000000000000        333.9550    
  -468.750000000000        86.40182    
  -437.500000000000        280.5293    
  -406.250000000000        331.5914    
  -375.000000000000        737.8452    
  -343.750000000000        1179.338    
  -312.500000000000        607.2739    
  -281.250000000000        864.8651    
  -250.000000000000        429.3532    
  -218.750000000000        65.27851    
  -187.500000000000        406.9306    
  -156.250000000000        1473.681    
  -125.000000000000        1452.810    
  -93.7500000000000        511.7581    
  -62.5000000000000        1426.105    
  -31.2500000000000        2590.560    
  0.000000000000000E+000   6908.345    
   31.2500000000000        2524.602    
   62.5000000000000        1496.514    
   93.7500000000000        552.3722    
   125.000000000000        1526.799    
   156.250000000000        1531.095    
   187.500000000000        415.9237    
   218.750000000000        3.828245    
   250.000000000000        426.2814    
   281.250000000000        795.0888    
   312.500000000000        600.5444    
   343.750000000000        1151.025    
   375.000000000000        682.5901    
   406.250000000000        302.9719    
   437.500000000000        224.1169    
   468.750000000000        77.03068    
   500.000000000000        334.6685    
   531.250000000000        229.5697    
   562.500000000000        134.8884    
   593.750000000000        325.3596    
   625.000000000000        50.86282    
   656.250000000000        473.3639    
   687.500000000000        259.5138    
   718.750000000000        311.9435    
   750.000000000000        230.4106    
   781.250000000000        308.1105    
   812.500000000000        236.8771    
   843.750000000000        123.2651    
   875.000000000000        88.57370    
   906.250000000000        180.2213    
   937.500000000000        38.82679    
   968.750000000000        103.4290    
   1000.00000000000        117.2245    
   1031.25000000000        68.48965    
   1062.50000000000        177.9907    
   1093.75000000000        104.5161    
   1125.00000000000        42.72164    
   1156.25000000000        165.3482    
   1187.50000000000        49.15134    
   1218.75000000000        61.61259    
   1250.00000000000        247.9434    
   1281.25000000000        68.80678    
   1312.50000000000        84.59072    
   1343.75000000000        120.3637    
   1375.00000000000        151.2220    
   1406.25000000000        98.57608    
   1437.50000000000        46.19351    
   1468.75000000000        89.17506    
   1500.00000000000        29.99703    
   1531.25000000000        125.6265    
   1562.50000000000        216.6808    
   1593.75000000000        65.52709    
   1625.00000000000        112.0034    
   1656.25000000000        172.5676    
   1687.50000000000        152.8743    
   1718.75000000000        102.0327    
   1750.00000000000        152.6607    
   1781.25000000000        321.3819    
   1812.50000000000        261.8003    
   1843.75000000000        100.7771    
   1875.00000000000        83.48424    
   1906.25000000000        52.17380    
   1937.50000000000        47.06293    
   1968.75000000000        75.91116    
   2000.00000000000        43.68979    
   2031.25000000000        27.67960    
   2062.50000000000        65.89851    
   2093.75000000000        87.59432    
   2125.00000000000        77.91624    
   2156.25000000000        118.6494    
   2187.50000000000        115.1271    
   2218.75000000000        74.59096    
   2250.00000000000        62.75730    
   2281.25000000000        45.04771    
   2312.50000000000        87.83220    
   2343.75000000000        172.8450    
   2375.00000000000        31.69711    
   2406.25000000000        59.10748    
   2437.50000000000        110.7565    
   2468.75000000000        7.748611    
   2500.00000000000        156.5432    
   2531.25000000000        11.58983    
   2562.50000000000        75.20840    
   2593.75000000000        105.1215    
   2625.00000000000        54.29108    
   2656.25000000000        59.26659    
   2687.50000000000        150.2294    
   2718.75000000000        83.30350    
   2750.00000000000        68.94411    
   2781.25000000000        44.73547    
   2812.50000000000        160.6342    
   2843.75000000000        70.49160    
   2875.00000000000        153.1151    
   2906.25000000000        16.66250    
   2937.50000000000        213.9239    
   2968.75000000000        107.3945    
   3000.00000000000        132.3328    
   3031.25000000000        203.9514    
   3062.50000000000        243.7035    
   3093.75000000000        209.9224    
   3125.00000000000        141.8513    
   3156.25000000000        269.1045    
   3187.50000000000        119.6543    
   3218.75000000000        278.2245    
   3250.00000000000        222.8964    
   3281.25000000000        246.2563    
   3312.50000000000        254.9331    
   3343.75000000000        136.4661    
   3375.00000000000        144.7872    
   3406.25000000000        463.7278    
   3437.50000000000        159.8332    
   3468.75000000000        300.0555    
   3500.00000000000        289.5464    
   3531.25000000000        99.27648    
   3562.50000000000        278.0245    
   3593.75000000000        215.7599    
   3625.00000000000        166.7292    
   3656.25000000000        378.2800    
   3687.50000000000        305.3801    
   3718.75000000000        331.5594    
   3750.00000000000        259.6189    
   3781.25000000000        450.8496    
   3812.50000000000        291.1530    
   3843.75000000000        416.8111    
   3875.00000000000        365.0888    
   3906.25000000000        247.0289    
   3937.50000000000        507.5551    
   3968.75000000000        412.6837    
