  -2000.00000000000        55.80407    
  -1984.37500000000        25.21413    
  -1968.75000000000        65.16913    
  -1953.12500000000        63.87874    
  -1937.50000000000        127.6016    
  -1921.87500000000        70.41369    
  -1906.25000000000        13.16509    
  -1890.62500000000        54.72281    
  -1875.00000000000        107.4671    
  -1859.37500000000        37.03603    
  -1843.75000000000        21.05496    
  -1828.12500000000        97.76064    
  -1812.50000000000        49.26424    
  -1796.87500000000        11.12613    
  -1781.25000000000        27.77236    
  -1765.62500000000        35.68675    
  -1750.00000000000        179.3046    
  -1734.37500000000        11.52267    
  -1718.75000000000        14.54777    
  -1703.12500000000        30.40783    
  -1687.50000000000        3.655289    
  -1671.87500000000        41.53876    
  -1656.25000000000        32.60987    
  -1640.62500000000        31.89610    
  -1625.00000000000        21.88295    
  -1609.37500000000        52.22403    
  -1593.75000000000        34.10947    
  -1578.12500000000        44.55052    
  -1562.50000000000        22.76561    
  -1546.87500000000        298.6074    
  -1531.25000000000        63.66394    
  -1515.62500000000        53.18458    
  -1500.00000000000        118.9022    
  -1484.37500000000        73.40120    
  -1468.75000000000        46.38080    
  -1453.12500000000        11.04035    
  -1437.50000000000        45.69430    
  -1421.87500000000        68.59045    
  -1406.25000000000        63.75456    
  -1390.62500000000        55.13941    
  -1375.00000000000        67.76266    
  -1359.37500000000        284.4504    
  -1343.75000000000        75.66907    
  -1328.12500000000        38.56406    
  -1312.50000000000        74.83191    
  -1296.87500000000        81.27115    
  -1281.25000000000        99.98752    
  -1265.62500000000        61.51878    
  -1250.00000000000        103.4443    
  -1234.37500000000        130.4362    
  -1218.75000000000        48.81489    
  -1203.12500000000        78.99815    
  -1187.50000000000        139.6709    
  -1171.87500000000        395.0258    
  -1156.25000000000        551.0571    
  -1140.62500000000        246.5920    
  -1125.00000000000        143.9442    
  -1109.37500000000        132.5183    
  -1093.75000000000        207.1212    
  -1078.12500000000        6.282914    
  -1062.50000000000        99.52168    
  -1046.87500000000        90.50508    
  -1031.25000000000        105.3666    
  -1015.62500000000        79.48291    
  -1000.00000000000        133.9535    
  -984.375000000000        80.23598    
  -968.750000000000        664.5435    
  -953.125000000000        330.7796    
  -937.500000000000        78.45385    
  -921.875000000000        238.3800    
  -906.250000000000        93.83649    
  -890.625000000000        117.1985    
  -875.000000000000        39.11132    
  -859.375000000000        113.5939    
  -843.750000000000        118.1065    
  -828.125000000000        152.1640    
  -812.500000000000        127.1306    
  -796.875000000000        259.6198    
  -781.250000000000        702.4866    
  -765.625000000000        295.0043    
  -750.000000000000        126.3048    
  -734.375000000000        84.42912    
  -718.750000000000        79.57851    
  -703.125000000000        66.04962    
  -687.500000000000        45.78162    
  -671.875000000000        82.75700    
  -656.250000000000        140.0021    
  -640.625000000000        79.28116    
  -625.000000000000        214.0303    
  -609.375000000000        307.2698    
  -593.750000000000        614.0570    
  -578.125000000000        1993.761    
  -562.500000000000        404.0976    
  -546.875000000000        125.6883    
  -531.250000000000        212.1970    
  -515.625000000000        149.2751    
  -500.000000000000        141.8458    
  -484.375000000000        66.17464    
  -468.750000000000        93.97063    
  -453.125000000000        79.86481    
  -437.500000000000        12.67561    
  -421.875000000000        87.06769    
  -406.250000000000        166.3855    
  -390.625000000000        1099.107    
  -375.000000000000        89.50636    
  -359.375000000000        175.3125    
  -343.750000000000        140.7309    
  -328.125000000000        164.3561    
  -312.500000000000        180.6466    
  -296.875000000000        295.8446    
  -281.250000000000        181.6502    
  -265.625000000000        381.0155    
  -250.000000000000        426.7015    
  -234.375000000000        456.1091    
  -218.750000000000        804.9044    
  -203.125000000000        2669.929    
  -187.500000000000        3430.208    
  -171.875000000000        1111.400    
  -156.250000000000        596.5879    
  -140.625000000000        379.5508    
  -125.000000000000        378.4695    
  -109.375000000000        353.6154    
  -93.7500000000000        276.2199    
  -78.1250000000000        256.7125    
  -62.5000000000000        179.8380    
  -46.8750000000000        148.1962    
  -31.2500000000000        90.88992    
  -15.6250000000000        310.1686    
  0.000000000000000E+000   53221.49    
   15.6250000000000        399.2139    
   31.2500000000000        246.5510    
   46.8750000000000        355.8361    
   62.5000000000000        151.6288    
   78.1250000000000        202.8431    
   93.7500000000000        260.4893    
   109.375000000000        234.0427    
   125.000000000000        370.1423    
   140.625000000000        243.6570    
   156.250000000000        425.1158    
   171.875000000000        686.0676    
   187.500000000000        2163.640    
   203.125000000000        1204.944    
   218.750000000000        586.4142    
   234.375000000000        418.4247    
   250.000000000000        423.8564    
   265.625000000000        153.3485    
   281.250000000000        185.2920    
   296.875000000000        130.6973    
   312.500000000000        160.7632    
   328.125000000000        154.7259    
   343.750000000000        176.1455    
   359.375000000000        257.0371    
   375.000000000000        685.9459    
   390.625000000000        1801.130    
   406.250000000000        323.4040    
   421.875000000000        214.2913    
   437.500000000000        166.9956    
   453.125000000000        146.8638    
   468.750000000000        83.32439    
   484.375000000000        54.38615    
   500.000000000000        186.1639    
   515.625000000000        131.5891    
   531.250000000000        150.8745    
   546.875000000000        223.4154    
   562.500000000000        338.1222    
   578.125000000000        2175.442    
   593.750000000000        873.9398    
   609.375000000000        341.7840    
   625.000000000000        250.1485    
   640.625000000000        149.6682    
   656.250000000000        242.3373    
   671.875000000000        190.8316    
   687.500000000000        182.2146    
   703.125000000000        148.8843    
   718.750000000000        92.64000    
   734.375000000000        143.3738    
   750.000000000000        157.9019    
   765.625000000000        424.1885    
   781.250000000000        445.9491    
   796.875000000000        99.43089    
   812.500000000000        113.1503    
   828.125000000000        131.3459    
   843.750000000000        39.62370    
   859.375000000000        50.03726    
   875.000000000000        50.54520    
   890.625000000000        77.96548    
   906.250000000000        68.71694    
   921.875000000000        210.5950    
   937.500000000000        69.17755    
   953.125000000000        95.61866    
   968.750000000000        179.7480    
   984.375000000000        84.56268    
   1000.00000000000        31.66782    
   1015.62500000000        54.75285    
   1031.25000000000        20.54330    
   1046.87500000000        24.70174    
   1062.50000000000        98.50297    
   1078.12500000000        43.55611    
   1093.75000000000        201.9807    
   1109.37500000000        77.71149    
   1125.00000000000        121.1088    
   1140.62500000000        154.9588    
   1156.25000000000        555.9630    
   1171.87500000000        411.5141    
   1187.50000000000        133.1293    
   1203.12500000000        108.9543    
   1218.75000000000        97.11357    
   1234.37500000000        36.86031    
   1250.00000000000        112.3536    
   1265.62500000000        38.28836    
   1281.25000000000        25.38871    
   1296.87500000000        35.44340    
   1312.50000000000        19.65240    
   1328.12500000000        27.27133    
   1343.75000000000        26.89403    
   1359.37500000000        155.6129    
   1375.00000000000        51.94880    
   1390.62500000000        51.26900    
   1406.25000000000        17.80847    
   1421.87500000000        7.381374    
   1437.50000000000        80.81955    
   1453.12500000000        41.19095    
   1468.75000000000        60.72645    
   1484.37500000000        95.58827    
   1500.00000000000        107.7405    
   1515.62500000000        23.01469    
   1531.25000000000        45.93015    
   1546.87500000000        50.21294    
   1562.50000000000        82.92653    
   1578.12500000000        81.74595    
   1593.75000000000        29.07206    
   1609.37500000000        37.04582    
   1625.00000000000        23.22218    
   1640.62500000000        25.80984    
   1656.25000000000        17.68332    
   1671.87500000000        83.38384    
   1687.50000000000        28.07047    
   1703.12500000000        16.52574    
   1718.75000000000        57.45530    
   1734.37500000000        7.841188    
   1750.00000000000        63.32827    
   1765.62500000000        43.58266    
   1781.25000000000        41.63326    
   1796.87500000000        27.96333    
   1812.50000000000        4.814382    
   1828.12500000000        55.92614    
   1843.75000000000        43.86192    
   1859.37500000000        14.54815    
   1875.00000000000        63.37626    
   1890.62500000000        59.58021    
   1906.25000000000        46.81574    
   1921.87500000000        66.21911    
   1937.50000000000        23.15422    
   1953.12500000000        50.26906    
   1968.75000000000        39.30329    
   1984.37500000000        18.45584    
