  -2000.00000000000        15.90967    
  -1984.37500000000        11.74463    
  -1968.75000000000        16.92122    
  -1953.12500000000        38.52442    
  -1937.50000000000        24.83816    
  -1921.87500000000        39.43429    
  -1906.25000000000        12.35858    
  -1890.62500000000        8.294701    
  -1875.00000000000        19.48336    
  -1859.37500000000        16.57524    
  -1843.75000000000        2.649490    
  -1828.12500000000        27.70400    
  -1812.50000000000        16.60837    
  -1796.87500000000        14.10825    
  -1781.25000000000        28.47707    
  -1765.62500000000        17.18806    
  -1750.00000000000        62.55708    
  -1734.37500000000        18.15784    
  -1718.75000000000        10.95277    
  -1703.12500000000        10.04515    
  -1687.50000000000        20.82096    
  -1671.87500000000        57.34629    
  -1656.25000000000        13.55017    
  -1640.62500000000        23.59209    
  -1625.00000000000        8.858956    
  -1609.37500000000        16.81329    
  -1593.75000000000        8.873927    
  -1578.12500000000        17.54621    
  -1562.50000000000        19.69789    
  -1546.87500000000        13.65779    
  -1531.25000000000        16.55717    
  -1515.62500000000        13.28973    
  -1500.00000000000        31.76481    
  -1484.37500000000        24.86939    
  -1468.75000000000        27.17216    
  -1453.12500000000        11.80253    
  -1437.50000000000        2.086809    
  -1421.87500000000        28.01607    
  -1406.25000000000        21.71716    
  -1390.62500000000        6.809170    
  -1375.00000000000        10.58854    
  -1359.37500000000        49.41380    
  -1343.75000000000        28.88019    
  -1328.12500000000        12.97382    
  -1312.50000000000        11.88810    
  -1296.87500000000        31.89131    
  -1281.25000000000        28.49859    
  -1265.62500000000        25.35290    
  -1250.00000000000        52.14024    
  -1234.37500000000        28.58835    
  -1218.75000000000        32.22777    
  -1203.12500000000        36.06300    
  -1187.50000000000        44.89654    
  -1171.87500000000        127.7112    
  -1156.25000000000        108.6126    
  -1140.62500000000        33.41394    
  -1125.00000000000        17.21240    
  -1109.37500000000        15.98134    
  -1093.75000000000        42.44049    
  -1078.12500000000        13.75791    
  -1062.50000000000        18.68701    
  -1046.87500000000        32.51564    
  -1031.25000000000        37.25490    
  -1015.62500000000       0.9155442    
  -1000.00000000000        13.90605    
  -984.375000000000        16.49801    
  -968.750000000000        157.6469    
  -953.125000000000        46.90279    
  -937.500000000000        32.32111    
  -921.875000000000        47.22461    
  -906.250000000000        36.26764    
  -890.625000000000        10.30409    
  -875.000000000000        10.39227    
  -859.375000000000        27.12701    
  -843.750000000000        13.13339    
  -828.125000000000        33.63183    
  -812.500000000000        29.41198    
  -796.875000000000        60.84955    
  -781.250000000000        165.5530    
  -765.625000000000        154.8895    
  -750.000000000000        19.46282    
  -734.375000000000        30.79203    
  -718.750000000000        43.12584    
  -703.125000000000        66.83894    
  -687.500000000000        20.80772    
  -671.875000000000        36.58298    
  -656.250000000000        45.03267    
  -640.625000000000        28.75218    
  -625.000000000000        86.22288    
  -609.375000000000        116.1635    
  -593.750000000000        230.2985    
  -578.125000000000        687.0981    
  -562.500000000000        126.9850    
  -546.875000000000        54.30211    
  -531.250000000000        52.31308    
  -515.625000000000        37.42685    
  -500.000000000000        31.22931    
  -484.375000000000        19.00925    
  -468.750000000000        19.62558    
  -453.125000000000        45.47366    
  -437.500000000000        40.59205    
  -421.875000000000        26.32727    
  -406.250000000000        75.55218    
  -390.625000000000        306.7209    
  -375.000000000000        73.02905    
  -359.375000000000        38.09393    
  -343.750000000000        16.44904    
  -328.125000000000        24.92486    
  -312.500000000000        34.59600    
  -296.875000000000        31.84064    
  -281.250000000000        17.40129    
  -265.625000000000        56.73848    
  -250.000000000000        47.09895    
  -234.375000000000        51.91693    
  -218.750000000000        116.8140    
  -203.125000000000        419.3702    
  -187.500000000000        481.6201    
  -171.875000000000        162.4428    
  -156.250000000000        77.79106    
  -140.625000000000        64.87344    
  -125.000000000000        66.06683    
  -109.375000000000        33.93832    
  -93.7500000000000        13.75016    
  -78.1250000000000        40.82132    
  -62.5000000000000        46.88021    
  -46.8750000000000        9.644244    
  -31.2500000000000        14.57991    
  -15.6250000000000        64.60510    
  0.000000000000000E+000   16368.60    
   15.6250000000000        59.22742    
   31.2500000000000        46.65687    
   46.8750000000000        38.68237    
   62.5000000000000        14.18386    
   78.1250000000000        49.72770    
   93.7500000000000        18.55440    
   109.375000000000       0.6128271    
   125.000000000000        83.45052    
   140.625000000000        46.58198    
   156.250000000000        32.06155    
   171.875000000000        46.18108    
   187.500000000000        140.9929    
   203.125000000000        108.3880    
   218.750000000000        45.50473    
   234.375000000000        21.63881    
   250.000000000000        55.46574    
   265.625000000000        21.65055    
   281.250000000000        16.68483    
   296.875000000000        12.57337    
   312.500000000000        36.52660    
   328.125000000000        14.60690    
   343.750000000000        5.975669    
   359.375000000000        47.38391    
   375.000000000000        133.5465    
   390.625000000000        391.6595    
   406.250000000000        88.42205    
   421.875000000000        37.78775    
   437.500000000000        64.34679    
   453.125000000000        74.43289    
   468.750000000000        33.50758    
   484.375000000000        19.19103    
   500.000000000000        26.09651    
   515.625000000000        58.01223    
   531.250000000000        43.55053    
   546.875000000000        47.52962    
   562.500000000000        105.0993    
   578.125000000000        724.1301    
   593.750000000000        256.5600    
   609.375000000000        118.2524    
   625.000000000000        91.94987    
   640.625000000000        44.18319    
   656.250000000000        41.29435    
   671.875000000000        40.84595    
   687.500000000000        35.99401    
   703.125000000000        23.25726    
   718.750000000000        32.79614    
   734.375000000000        34.85569    
   750.000000000000        43.91515    
   765.625000000000        118.4674    
   781.250000000000        119.1216    
   796.875000000000        37.85232    
   812.500000000000        37.61317    
   828.125000000000        22.16277    
   843.750000000000        26.08081    
   859.375000000000        8.894460    
   875.000000000000        20.09717    
   890.625000000000        15.97694    
   906.250000000000        56.01069    
   921.875000000000        35.19771    
   937.500000000000        8.339380    
   953.125000000000        21.44570    
   968.750000000000        93.53129    
   984.375000000000        12.23074    
   1000.00000000000        11.25113    
   1015.62500000000        6.915704    
   1031.25000000000        17.59235    
   1046.87500000000        11.34965    
   1062.50000000000        2.479191    
   1078.12500000000        12.18375    
   1093.75000000000        47.62297    
   1109.37500000000        18.19739    
   1125.00000000000       0.4562131    
   1140.62500000000        5.907558    
   1156.25000000000        83.31053    
   1171.87500000000        110.3366    
   1187.50000000000        24.91960    
   1203.12500000000        28.77867    
   1218.75000000000        6.259344    
   1234.37500000000        35.56746    
   1250.00000000000        47.61591    
   1265.62500000000        16.75944    
   1281.25000000000        35.37717    
   1296.87500000000        26.60777    
   1312.50000000000        22.70543    
   1328.12500000000        31.68060    
   1343.75000000000        27.47099    
   1359.37500000000        44.94280    
   1375.00000000000        5.755019    
   1390.62500000000        28.95440    
   1406.25000000000        19.65513    
   1421.87500000000        39.63386    
   1437.50000000000        5.765788    
   1453.12500000000        17.54274    
   1468.75000000000        19.94886    
   1484.37500000000        50.69439    
   1500.00000000000        25.23079    
   1515.62500000000        15.09011    
   1531.25000000000        33.91859    
   1546.87500000000        102.8138    
   1562.50000000000        21.61651    
   1578.12500000000        16.09834    
   1593.75000000000        21.89252    
   1609.37500000000        24.16778    
   1625.00000000000        23.43015    
   1640.62500000000        22.05504    
   1656.25000000000        15.19432    
   1671.87500000000        11.46319    
   1687.50000000000        17.11849    
   1703.12500000000        6.631519    
   1718.75000000000        24.64016    
   1734.37500000000        36.71021    
   1750.00000000000        49.94650    
   1765.62500000000        7.488329    
   1781.25000000000        10.00179    
   1796.87500000000        17.36720    
   1812.50000000000        35.41600    
   1828.12500000000        14.86756    
   1843.75000000000        10.61869    
   1859.37500000000        4.743596    
   1875.00000000000        8.218682    
   1890.62500000000        21.09254    
   1906.25000000000        15.77324    
   1921.87500000000        26.42106    
   1937.50000000000        15.86099    
   1953.12500000000        26.51296    
   1968.75000000000        21.88693    
   1984.37500000000        21.65384    
