  -4000.00000000000        195.4532    
  -3968.75000000000        360.2708    
  -3937.50000000000        455.7188    
  -3906.25000000000        214.1703    
  -3875.00000000000        324.0959    
  -3843.75000000000        365.8036    
  -3812.50000000000        261.2690    
  -3781.25000000000        388.1477    
  -3750.00000000000        234.3517    
  -3718.75000000000        299.7034    
  -3687.50000000000        274.2987    
  -3656.25000000000        334.9344    
  -3625.00000000000        154.3515    
  -3593.75000000000        209.9976    
  -3562.50000000000        237.6341    
  -3531.25000000000        82.99869    
  -3500.00000000000        268.3275    
  -3468.75000000000        252.5162    
  -3437.50000000000        145.9424    
  -3406.25000000000        416.5620    
  -3375.00000000000        126.1031    
  -3343.75000000000        121.1305    
  -3312.50000000000        231.0800    
  -3281.25000000000        214.1297    
  -3250.00000000000        184.0937    
  -3218.75000000000        225.5419    
  -3187.50000000000        100.6999    
  -3156.25000000000        238.2684    
  -3125.00000000000        139.9193    
  -3093.75000000000        188.8643    
  -3062.50000000000        218.7770    
  -3031.25000000000        173.8760    
  -3000.00000000000        107.9364    
  -2968.75000000000        106.6169    
  -2937.50000000000        194.6898    
  -2906.25000000000        26.34223    
  -2875.00000000000        128.7342    
  -2843.75000000000        59.73335    
  -2812.50000000000        138.0846    
  -2781.25000000000        47.10678    
  -2750.00000000000        68.28394    
  -2718.75000000000        70.06065    
  -2687.50000000000        132.1141    
  -2656.25000000000        53.08807    
  -2625.00000000000        33.75377    
  -2593.75000000000        94.57482    
  -2562.50000000000        61.71754    
  -2531.25000000000        18.03911    
  -2500.00000000000        137.5535    
  -2468.75000000000        12.09622    
  -2437.50000000000        92.25111    
  -2406.25000000000        51.54466    
  -2375.00000000000        22.13259    
  -2343.75000000000        138.5848    
  -2312.50000000000        84.46548    
  -2281.25000000000        39.61977    
  -2250.00000000000        50.41798    
  -2218.75000000000        71.41776    
  -2187.50000000000        102.7978    
  -2156.25000000000        105.2414    
  -2125.00000000000        63.84709    
  -2093.75000000000        82.30885    
  -2062.50000000000        64.34026    
  -2031.25000000000        18.80443    
  -2000.00000000000        42.68672    
  -1968.75000000000        66.14803    
  -1937.50000000000        48.91349    
  -1906.25000000000        31.99086    
  -1875.00000000000        78.64804    
  -1843.75000000000        91.93209    
  -1812.50000000000        242.9219    
  -1781.25000000000        288.8997    
  -1750.00000000000        145.0175    
  -1718.75000000000        101.7553    
  -1687.50000000000        140.6245    
  -1656.25000000000        163.1693    
  -1625.00000000000        100.5582    
  -1593.75000000000        53.41248    
  -1562.50000000000        199.1061    
  -1531.25000000000        115.1909    
  -1500.00000000000        35.28968    
  -1468.75000000000        71.80113    
  -1437.50000000000        43.54946    
  -1406.25000000000        81.80093    
  -1375.00000000000        129.3497    
  -1343.75000000000        104.8291    
  -1312.50000000000        83.21922    
  -1281.25000000000        70.45329    
  -1250.00000000000        221.7479    
  -1218.75000000000        42.25056    
  -1187.50000000000        38.48358    
  -1156.25000000000        142.0549    
  -1125.00000000000        32.66803    
  -1093.75000000000        87.66124    
  -1062.50000000000        162.0569    
  -1031.25000000000        67.27792    
  -1000.00000000000        91.31033    
  -968.750000000000        89.18061    
  -937.500000000000        35.27149    
  -906.250000000000        161.4999    
  -875.000000000000        86.01167    
  -843.750000000000        121.7058    
  -812.500000000000        214.9776    
  -781.250000000000        272.1297    
  -750.000000000000        208.5041    
  -718.750000000000        266.9762    
  -687.500000000000        227.2972    
  -656.250000000000        405.5861    
  -625.000000000000        35.72888    
  -593.750000000000        297.5600    
  -562.500000000000        116.5880    
  -531.250000000000        193.1543    
  -500.000000000000        297.4669    
  -468.750000000000        73.37328    
  -437.500000000000        223.9689    
  -406.250000000000        281.7331    
  -375.000000000000        630.5864    
  -343.750000000000        1034.990    
  -312.500000000000        542.7090    
  -281.250000000000        741.9469    
  -250.000000000000        374.9164    
  -218.750000000000        31.74521    
  -187.500000000000        367.5430    
  -156.250000000000        1342.740    
  -125.000000000000        1323.902    
  -93.7500000000000        468.1788    
  -62.5000000000000        1295.696    
  -31.2500000000000        2276.251    
  0.000000000000000E+000   6025.781    
   31.2500000000000        2279.164    
   62.5000000000000        1297.804    
   93.7500000000000        471.3212    
   125.000000000000        1315.221    
   156.250000000000        1320.663    
   187.500000000000        355.4464    
   218.750000000000        34.28323    
   250.000000000000        386.0882    
   281.250000000000        742.1219    
   312.500000000000        541.1942    
   343.750000000000        1036.148    
   375.000000000000        635.4678    
   406.250000000000        276.9629    
   437.500000000000        222.7716    
   468.750000000000        72.59390    
   500.000000000000        299.2309    
   531.250000000000        194.4319    
   562.500000000000        117.4408    
   593.750000000000        298.0738    
   625.000000000000        36.23377    
   656.250000000000        406.5876    
   687.500000000000        228.3999    
   718.750000000000        266.5436    
   750.000000000000        208.4520    
   781.250000000000        271.6061    
   812.500000000000        214.4427    
   843.750000000000        121.4660    
   875.000000000000        85.17992    
   906.250000000000        161.9062    
   937.500000000000        35.01122    
   968.750000000000        89.72939    
   1000.00000000000        91.01026    
   1031.25000000000        67.86530    
   1062.50000000000        161.3060    
   1093.75000000000        87.75771    
   1125.00000000000        32.67440    
   1156.25000000000        141.9946    
   1187.50000000000        38.29926    
   1218.75000000000        42.12282    
   1250.00000000000        221.7500    
   1281.25000000000        70.48685    
   1312.50000000000        83.50153    
   1343.75000000000        105.4552    
   1375.00000000000        129.4637    
   1406.25000000000        82.18287    
   1437.50000000000        42.84393    
   1468.75000000000        71.78139    
   1500.00000000000        35.22420    
   1531.25000000000        115.2328    
   1562.50000000000        198.5708    
   1593.75000000000        53.06945    
   1625.00000000000        100.1958    
   1656.25000000000        162.2847    
   1687.50000000000        140.2014    
   1718.75000000000        101.4984    
   1750.00000000000        145.1309    
   1781.25000000000        288.1547    
   1812.50000000000        242.2454    
   1843.75000000000        91.53673    
   1875.00000000000        78.45795    
   1906.25000000000        31.96775    
   1937.50000000000        49.01277    
   1968.75000000000        66.44997    
   2000.00000000000        42.17630    
   2031.25000000000        18.45456    
   2062.50000000000        64.28569    
   2093.75000000000        82.44102    
   2125.00000000000        63.92221    
   2156.25000000000        105.3145    
   2187.50000000000        102.4589    
   2218.75000000000        71.12614    
   2250.00000000000        50.42233    
   2281.25000000000        40.01047    
   2312.50000000000        84.31476    
   2343.75000000000        139.1183    
   2375.00000000000        22.17143    
   2406.25000000000        51.28821    
   2437.50000000000        92.38191    
   2468.75000000000        11.99400    
   2500.00000000000        137.3334    
   2531.25000000000        18.24640    
   2562.50000000000        61.96928    
   2593.75000000000        94.70966    
   2625.00000000000        33.68134    
   2656.25000000000        52.82643    
   2687.50000000000        132.5510    
   2718.75000000000        69.81632    
   2750.00000000000        68.43038    
   2781.25000000000        46.91890    
   2812.50000000000        138.2906    
   2843.75000000000        59.36548    
   2875.00000000000        128.6512    
   2906.25000000000        26.07450    
   2937.50000000000        194.7920    
   2968.75000000000        106.3353    
   3000.00000000000        108.6148    
   3031.25000000000        174.0466    
   3062.50000000000        218.6148    
   3093.75000000000        188.8083    
   3125.00000000000        139.3062    
   3156.25000000000        237.9292    
   3187.50000000000        100.7315    
   3218.75000000000        226.0894    
   3250.00000000000        184.4992    
   3281.25000000000        214.4163    
   3312.50000000000        230.5011    
   3343.75000000000        121.5800    
   3375.00000000000        126.0015    
   3406.25000000000        416.4822    
   3437.50000000000        145.7995    
   3468.75000000000        253.3619    
   3500.00000000000        267.6840    
   3531.25000000000        83.03576    
   3562.50000000000        238.1152    
   3593.75000000000        209.4556    
   3625.00000000000        154.0151    
   3656.25000000000        334.6772    
   3687.50000000000        274.1053    
   3718.75000000000        299.2192    
   3750.00000000000        233.6787    
   3781.25000000000        389.0629    
   3812.50000000000        260.8710    
   3843.75000000000        366.5000    
   3875.00000000000        323.8838    
   3906.25000000000        214.2200    
   3937.50000000000        455.0482    
   3968.75000000000        360.7010    
