  -2000.00000000000        368.1656    
  -1984.37500000000        517.4656    
  -1968.75000000000        664.5421    
  -1953.12500000000        940.7501    
  -1937.50000000000        2113.962    
  -1921.87500000000        584.3936    
  -1906.25000000000        427.8316    
  -1890.62500000000        268.7863    
  -1875.00000000000        869.1119    
  -1859.37500000000        803.1937    
  -1843.75000000000        113.6898    
  -1828.12500000000        1509.428    
  -1812.50000000000        526.2637    
  -1796.87500000000        526.0624    
  -1781.25000000000        599.3591    
  -1765.62500000000        1234.025    
  -1750.00000000000        3321.000    
  -1734.37500000000        1081.238    
  -1718.75000000000        562.7446    
  -1703.12500000000        175.0568    
  -1687.50000000000        1080.101    
  -1671.87500000000        469.9706    
  -1656.25000000000        218.9301    
  -1640.62500000000        672.3450    
  -1625.00000000000        622.4615    
  -1609.37500000000        1108.910    
  -1593.75000000000        671.1150    
  -1578.12500000000        938.8808    
  -1562.50000000000        1627.668    
  -1546.87500000000        6117.245    
  -1531.25000000000        1917.738    
  -1515.62500000000        684.4213    
  -1500.00000000000        2434.055    
  -1484.37500000000        588.6923    
  -1468.75000000000        497.8546    
  -1453.12500000000        459.3902    
  -1437.50000000000        1156.033    
  -1421.87500000000        570.5853    
  -1406.25000000000        1009.926    
  -1390.62500000000        722.5984    
  -1375.00000000000        280.7249    
  -1359.37500000000        8470.005    
  -1343.75000000000        2139.747    
  -1328.12500000000        1438.045    
  -1312.50000000000        1293.898    
  -1296.87500000000        1663.264    
  -1281.25000000000        1517.129    
  -1265.62500000000        808.4381    
  -1250.00000000000        1931.914    
  -1234.37500000000        2161.739    
  -1218.75000000000        910.6696    
  -1203.12500000000        3015.749    
  -1187.50000000000        2662.610    
  -1171.87500000000        10014.48    
  -1156.25000000000        10668.96    
  -1140.62500000000        2976.292    
  -1125.00000000000        1684.200    
  -1109.37500000000        1595.873    
  -1093.75000000000        1218.342    
  -1078.12500000000        327.4822    
  -1062.50000000000        160.0132    
  -1046.87500000000        1108.305    
  -1031.25000000000        1531.720    
  -1015.62500000000        1303.505    
  -1000.00000000000        602.0768    
  -984.375000000000        1084.317    
  -968.750000000000        18616.66    
  -953.125000000000        2903.884    
  -937.500000000000        458.3426    
  -921.875000000000        1640.560    
  -906.250000000000        478.2767    
  -890.625000000000        1021.413    
  -875.000000000000        1354.632    
  -859.375000000000        1244.515    
  -843.750000000000        1382.775    
  -828.125000000000        4427.522    
  -812.500000000000        3989.091    
  -796.875000000000        5412.812    
  -781.250000000000        22906.53    
  -765.625000000000        12639.68    
  -750.000000000000        5860.406    
  -734.375000000000        3838.756    
  -718.750000000000        2170.349    
  -703.125000000000        1648.188    
  -687.500000000000        2662.155    
  -671.875000000000        1741.953    
  -656.250000000000        1294.783    
  -640.625000000000        1599.903    
  -625.000000000000        3578.762    
  -609.375000000000        2998.482    
  -593.750000000000        7792.134    
  -578.125000000000        16672.63    
  -562.500000000000        8198.127    
  -546.875000000000        1841.175    
  -531.250000000000        4774.027    
  -515.625000000000        2128.351    
  -500.000000000000        1291.202    
  -484.375000000000        2762.115    
  -468.750000000000        2710.392    
  -453.125000000000        3230.884    
  -437.500000000000        2096.598    
  -421.875000000000        2869.803    
  -406.250000000000        5050.830    
  -390.625000000000        26623.75    
  -375.000000000000        8752.223    
  -359.375000000000        5643.111    
  -343.750000000000        5432.754    
  -328.125000000000        5675.934    
  -312.500000000000        4609.122    
  -296.875000000000        7688.194    
  -281.250000000000        6579.083    
  -265.625000000000        9778.939    
  -250.000000000000        12344.87    
  -234.375000000000        15628.00    
  -218.750000000000        24851.07    
  -203.125000000000        75409.22    
  -187.500000000000        104586.7    
  -171.875000000000        32537.38    
  -156.250000000000        18710.92    
  -140.625000000000        11215.91    
  -125.000000000000        11081.82    
  -109.375000000000        11489.71    
  -93.7500000000000        8636.595    
  -78.1250000000000        6355.440    
  -62.5000000000000        6524.565    
  -46.8750000000000        6563.956    
  -31.2500000000000        5264.601    
  -15.6250000000000        4855.763    
  0.000000000000000E+000   698992.7    
   15.6250000000000        7289.513    
   31.2500000000000        6064.587    
   46.8750000000000        9378.274    
   62.5000000000000        5326.077    
   78.1250000000000        7268.380    
   93.7500000000000        9294.987    
   109.375000000000        10441.79    
   125.000000000000        11614.59    
   140.625000000000        9774.596    
   156.250000000000        17163.54    
   171.875000000000        28624.52    
   187.500000000000        88060.52    
   203.125000000000        54989.48    
   218.750000000000        22307.60    
   234.375000000000        15320.04    
   250.000000000000        11865.27    
   265.625000000000        8059.721    
   281.250000000000        6769.616    
   296.875000000000        6366.159    
   312.500000000000        4643.381    
   328.125000000000        5199.070    
   343.750000000000        5568.431    
   359.375000000000        7467.737    
   375.000000000000        13555.53    
   390.625000000000        39329.27    
   406.250000000000        4949.436    
   421.875000000000        3581.626    
   437.500000000000        3813.986    
   453.125000000000        2418.240    
   468.750000000000        1904.211    
   484.375000000000        527.5280    
   500.000000000000        1655.142    
   515.625000000000        1060.085    
   531.250000000000        2606.865    
   546.875000000000        3080.881    
   562.500000000000        3153.098    
   578.125000000000        10621.55    
   593.750000000000        7868.988    
   609.375000000000        2916.670    
   625.000000000000        3024.476    
   640.625000000000        1712.460    
   656.250000000000        1621.471    
   671.875000000000        2619.199    
   687.500000000000        3894.718    
   703.125000000000        1817.402    
   718.750000000000        1511.865    
   734.375000000000        3555.687    
   750.000000000000        3980.938    
   765.625000000000        14487.41    
   781.250000000000        19505.33    
   796.875000000000        4452.788    
   812.500000000000        2888.892    
   828.125000000000        2139.323    
   843.750000000000        1778.745    
   859.375000000000        1082.946    
   875.000000000000        1051.247    
   890.625000000000        310.7141    
   906.250000000000        1171.388    
   921.875000000000        563.9227    
   937.500000000000        529.9277    
   953.125000000000        665.0847    
   968.750000000000        12704.53    
   984.375000000000        573.8396    
   1000.00000000000        122.2728    
   1015.62500000000        716.2460    
   1031.25000000000        1379.301    
   1046.87500000000        1126.428    
   1062.50000000000        455.1505    
   1078.12500000000        589.2852    
   1093.75000000000        909.1081    
   1109.37500000000        1345.599    
   1125.00000000000        887.6373    
   1140.62500000000        1676.307    
   1156.25000000000        6420.948    
   1171.87500000000        5453.838    
   1187.50000000000        2168.852    
   1203.12500000000        1359.191    
   1218.75000000000        774.7260    
   1234.37500000000        925.5964    
   1250.00000000000        738.7000    
   1265.62500000000        459.5682    
   1281.25000000000        464.3303    
   1296.87500000000        1054.333    
   1312.50000000000        672.6161    
   1328.12500000000        469.9972    
   1343.75000000000        1006.138    
   1359.37500000000        4886.346    
   1375.00000000000        455.1336    
   1390.62500000000        1312.324    
   1406.25000000000        640.0235    
   1421.87500000000        715.8602    
   1437.50000000000        1034.021    
   1453.12500000000        233.9583    
   1468.75000000000        268.4499    
   1484.37500000000        726.3827    
   1500.00000000000        1724.876    
   1515.62500000000        774.7988    
   1531.25000000000        606.8130    
   1546.87500000000        1460.958    
   1562.50000000000        1374.227    
   1578.12500000000        872.3954    
   1593.75000000000        805.9382    
   1609.37500000000        1221.525    
   1625.00000000000        488.8240    
   1640.62500000000        732.3354    
   1656.25000000000        538.9288    
   1671.87500000000        524.3129    
   1687.50000000000        666.5798    
   1703.12500000000        528.7277    
   1718.75000000000        958.8381    
   1734.37500000000        416.2014    
   1750.00000000000        357.5894    
   1765.62500000000        623.3721    
   1781.25000000000        157.2023    
   1796.87500000000        303.9753    
   1812.50000000000        950.9652    
   1828.12500000000        815.9362    
   1843.75000000000        786.1664    
   1859.37500000000        422.5687    
   1875.00000000000        748.0339    
   1890.62500000000        337.2372    
   1906.25000000000        456.2834    
   1921.87500000000        926.2755    
   1937.50000000000        757.1680    
   1953.12500000000        1197.006    
   1968.75000000000        865.8759    
   1984.37500000000        194.6487    
