  -4000.00000000000        218.9015    
  -3968.75000000000        405.6126    
  -3937.50000000000        526.6943    
  -3906.25000000000        247.0458    
  -3875.00000000000        372.7419    
  -3843.75000000000        402.4083    
  -3812.50000000000        297.5600    
  -3781.25000000000        428.6405    
  -3750.00000000000        271.9150    
  -3718.75000000000        338.6230    
  -3687.50000000000        311.0043    
  -3656.25000000000        373.7300    
  -3625.00000000000        184.4588    
  -3593.75000000000        245.7674    
  -3562.50000000000        263.4576    
  -3531.25000000000        99.85014    
  -3500.00000000000        314.9724    
  -3468.75000000000        273.6391    
  -3437.50000000000        167.4431    
  -3406.25000000000        469.0927    
  -3375.00000000000        131.8052    
  -3343.75000000000        133.4481    
  -3312.50000000000        263.6418    
  -3281.25000000000        231.6257    
  -3250.00000000000        204.7064    
  -3218.75000000000        245.0565    
  -3187.50000000000        109.2843    
  -3156.25000000000        270.6975    
  -3125.00000000000        161.7833    
  -3093.75000000000        214.8514    
  -3062.50000000000        250.5180    
  -3031.25000000000        185.1896    
  -3000.00000000000        117.1360    
  -2968.75000000000        127.5120    
  -2937.50000000000        228.2573    
  -2906.25000000000        27.90926    
  -2875.00000000000        144.6968    
  -2843.75000000000        61.87943    
  -2812.50000000000        153.0575    
  -2781.25000000000        54.02658    
  -2750.00000000000        83.70805    
  -2718.75000000000        80.98385    
  -2687.50000000000        145.4857    
  -2656.25000000000        67.35786    
  -2625.00000000000        30.31571    
  -2593.75000000000        111.1392    
  -2562.50000000000        66.47157    
  -2531.25000000000        22.88597    
  -2500.00000000000        156.7576    
  -2468.75000000000        20.08772    
  -2437.50000000000        98.04147    
  -2406.25000000000        62.46790    
  -2375.00000000000        23.07920    
  -2343.75000000000        158.9662    
  -2312.50000000000        96.73975    
  -2281.25000000000        40.99719    
  -2250.00000000000        58.11152    
  -2218.75000000000        84.16190    
  -2187.50000000000        121.7048    
  -2156.25000000000        115.5653    
  -2125.00000000000        80.05318    
  -2093.75000000000        92.80373    
  -2062.50000000000        81.70506    
  -2031.25000000000        15.49712    
  -2000.00000000000        49.68274    
  -1968.75000000000        69.84512    
  -1937.50000000000        50.72345    
  -1906.25000000000        39.82457    
  -1875.00000000000        83.61250    
  -1843.75000000000        100.3428    
  -1812.50000000000        291.9821    
  -1781.25000000000        333.5312    
  -1750.00000000000        170.3565    
  -1718.75000000000        127.4774    
  -1687.50000000000        165.5731    
  -1656.25000000000        202.5525    
  -1625.00000000000        110.7995    
  -1593.75000000000        63.68139    
  -1562.50000000000        230.0882    
  -1531.25000000000        148.6797    
  -1500.00000000000        46.59161    
  -1468.75000000000        89.65584    
  -1437.50000000000        59.91488    
  -1406.25000000000        94.02100    
  -1375.00000000000        144.4521    
  -1343.75000000000        118.4712    
  -1312.50000000000        94.07415    
  -1281.25000000000        86.19197    
  -1250.00000000000        245.2649    
  -1218.75000000000        54.93917    
  -1187.50000000000        50.46771    
  -1156.25000000000        158.1855    
  -1125.00000000000        26.52357    
  -1093.75000000000        92.76690    
  -1062.50000000000        186.5721    
  -1031.25000000000        80.67818    
  -1000.00000000000        104.9494    
  -968.750000000000        98.90491    
  -937.500000000000        40.15858    
  -906.250000000000        174.3387    
  -875.000000000000        85.93156    
  -843.750000000000        142.1790    
  -812.500000000000        236.3281    
  -781.250000000000        310.0775    
  -750.000000000000        236.7862    
  -718.750000000000        283.9209    
  -687.500000000000        259.1639    
  -656.250000000000        463.4603    
  -625.000000000000        53.87719    
  -593.750000000000        328.1592    
  -562.500000000000        124.0838    
  -531.250000000000        211.6262    
  -500.000000000000        336.7412    
  -468.750000000000        86.52817    
  -437.500000000000        269.3437    
  -406.250000000000        322.2287    
  -375.000000000000        747.0602    
  -343.750000000000        1182.100    
  -312.500000000000        616.2192    
  -281.250000000000        854.6638    
  -250.000000000000        439.6964    
  -218.750000000000        60.31792    
  -187.500000000000        408.9768    
  -156.250000000000        1469.334    
  -125.000000000000        1455.312    
  -93.7500000000000        525.7486    
  -62.5000000000000        1417.643    
  -31.2500000000000        2596.926    
  0.000000000000000E+000   6605.385    
   31.2500000000000        2545.560    
   62.5000000000000        1492.779    
   93.7500000000000        560.6937    
   125.000000000000        1517.874    
   156.250000000000        1549.375    
   187.500000000000        406.8569    
   218.750000000000        19.02583    
   250.000000000000        412.0991    
   281.250000000000        804.2523    
   312.500000000000        604.0753    
   343.750000000000        1141.414    
   375.000000000000        695.6141    
   406.250000000000        302.0373    
   437.500000000000        228.1409    
   468.750000000000        66.57969    
   500.000000000000        333.6116    
   531.250000000000        226.0983    
   562.500000000000        162.4594    
   593.750000000000        344.9940    
   625.000000000000        43.31047    
   656.250000000000        454.5925    
   687.500000000000        267.5967    
   718.750000000000        313.3465    
   750.000000000000        233.7344    
   781.250000000000        312.3824    
   812.500000000000        248.7347    
   843.750000000000        130.4080    
   875.000000000000        80.72097    
   906.250000000000        179.6219    
   937.500000000000        46.21734    
   968.750000000000        109.3159    
   1000.00000000000        103.2518    
   1031.25000000000        87.34640    
   1062.50000000000        176.8370    
   1093.75000000000        94.01839    
   1125.00000000000        39.75397    
   1156.25000000000        162.4611    
   1187.50000000000        35.77122    
   1218.75000000000        50.45233    
   1250.00000000000        257.2672    
   1281.25000000000        76.31716    
   1312.50000000000        86.04615    
   1343.75000000000        121.4626    
   1375.00000000000        143.6633    
   1406.25000000000        95.47847    
   1437.50000000000        38.05560    
   1468.75000000000        83.69170    
   1500.00000000000        41.79429    
   1531.25000000000        130.8240    
   1562.50000000000        222.9028    
   1593.75000000000        59.04652    
   1625.00000000000        115.6792    
   1656.25000000000        181.0905    
   1687.50000000000        151.0102    
   1718.75000000000        110.3383    
   1750.00000000000        162.8994    
   1781.25000000000        311.2856    
   1812.50000000000        263.1266    
   1843.75000000000        96.29009    
   1875.00000000000        75.30217    
   1906.25000000000        44.75316    
   1937.50000000000        46.53010    
   1968.75000000000        77.80574    
   2000.00000000000        36.20282    
   2031.25000000000        21.30264    
   2062.50000000000        76.85679    
   2093.75000000000        93.27137    
   2125.00000000000        70.04751    
   2156.25000000000        115.4356    
   2187.50000000000        113.9434    
   2218.75000000000        86.17342    
   2250.00000000000        60.42288    
   2281.25000000000        47.33607    
   2312.50000000000        94.75195    
   2343.75000000000        156.0780    
   2375.00000000000        38.27217    
   2406.25000000000        63.34229    
   2437.50000000000        115.7767    
   2468.75000000000        13.75992    
   2500.00000000000        154.0255    
   2531.25000000000        12.43386    
   2562.50000000000        70.79181    
   2593.75000000000        102.6004    
   2625.00000000000        43.15282    
   2656.25000000000        57.80306    
   2687.50000000000        148.9686    
   2718.75000000000        74.92716    
   2750.00000000000        78.61346    
   2781.25000000000        49.57558    
   2812.50000000000        156.4486    
   2843.75000000000        63.91197    
   2875.00000000000        141.9028    
   2906.25000000000        31.38613    
   2937.50000000000        221.8158    
   2968.75000000000        112.9806    
   3000.00000000000        130.7123    
   3031.25000000000        207.8231    
   3062.50000000000        246.0912    
   3093.75000000000        211.9618    
   3125.00000000000        140.5101    
   3156.25000000000        268.2095    
   3187.50000000000        117.6521    
   3218.75000000000        264.4663    
   3250.00000000000        214.2562    
   3281.25000000000        252.4450    
   3312.50000000000        253.8663    
   3343.75000000000        139.1014    
   3375.00000000000        138.7261    
   3406.25000000000        475.1201    
   3437.50000000000        172.5468    
   3468.75000000000        297.9927    
   3500.00000000000        291.7109    
   3531.25000000000        88.22011    
   3562.50000000000        271.7349    
   3593.75000000000        215.9873    
   3625.00000000000        172.3029    
   3656.25000000000        377.4941    
   3687.50000000000        313.0260    
   3718.75000000000        329.1472    
   3750.00000000000        262.9737    
   3781.25000000000        448.0690    
   3812.50000000000        290.5880    
   3843.75000000000        414.7127    
   3875.00000000000        358.2313    
   3906.25000000000        240.4149    
   3937.50000000000        508.0455    
   3968.75000000000        416.4389    
