  -2000.00000000000        7.990147    
  -1984.37500000000        3.681026    
  -1968.75000000000        8.308771    
  -1953.12500000000        13.45852    
  -1937.50000000000        16.08014    
  -1921.87500000000        19.36460    
  -1906.25000000000        8.753762    
  -1890.62500000000        6.118999    
  -1875.00000000000        7.319999    
  -1859.37500000000        7.004272    
  -1843.75000000000        5.828504    
  -1828.12500000000        13.37792    
  -1812.50000000000        2.923503    
  -1796.87500000000        5.747635    
  -1781.25000000000        10.54665    
  -1765.62500000000        11.21193    
  -1750.00000000000        39.33322    
  -1734.37500000000        20.30648    
  -1718.75000000000        11.58281    
  -1703.12500000000        3.520067    
  -1687.50000000000        10.33127    
  -1671.87500000000        8.876462    
  -1656.25000000000        8.248962    
  -1640.62500000000        9.372205    
  -1625.00000000000        5.413373    
  -1609.37500000000        13.41505    
  -1593.75000000000        6.616084    
  -1578.12500000000        14.98111    
  -1562.50000000000        9.253757    
  -1546.87500000000        39.13589    
  -1531.25000000000        9.042010    
  -1515.62500000000        11.95266    
  -1500.00000000000        22.99103    
  -1484.37500000000        15.56453    
  -1468.75000000000        5.935632    
  -1453.12500000000        5.132464    
  -1437.50000000000        1.558585    
  -1421.87500000000        14.19493    
  -1406.25000000000        7.727373    
  -1390.62500000000        7.729630    
  -1375.00000000000        4.261252    
  -1359.37500000000        20.09105    
  -1343.75000000000       0.9121900    
  -1328.12500000000        9.534456    
  -1312.50000000000        6.534412    
  -1296.87500000000        17.28640    
  -1281.25000000000        11.64170    
  -1265.62500000000        8.062774    
  -1250.00000000000        31.91463    
  -1234.37500000000        16.82788    
  -1218.75000000000        3.813406    
  -1203.12500000000        13.75799    
  -1187.50000000000        11.02296    
  -1171.87500000000        61.54820    
  -1156.25000000000        84.62392    
  -1140.62500000000        10.27566    
  -1125.00000000000        8.416016    
  -1109.37500000000        9.952885    
  -1093.75000000000        4.544997    
  -1078.12500000000        5.282745    
  -1062.50000000000        1.439980    
  -1046.87500000000        10.45153    
  -1031.25000000000        22.66439    
  -1015.62500000000        9.304427    
  -1000.00000000000        3.014459    
  -984.375000000000        6.135094    
  -968.750000000000        78.62006    
  -953.125000000000        29.41417    
  -937.500000000000        12.23980    
  -921.875000000000        27.79744    
  -906.250000000000        23.82580    
  -890.625000000000        13.89953    
  -875.000000000000        7.382429    
  -859.375000000000        14.70325    
  -843.750000000000        26.33963    
  -828.125000000000        23.58290    
  -812.500000000000        21.82692    
  -796.875000000000        26.03714    
  -781.250000000000        63.21910    
  -765.625000000000        68.15277    
  -750.000000000000        24.81857    
  -734.375000000000        18.40117    
  -718.750000000000        22.40777    
  -703.125000000000        62.99251    
  -687.500000000000        23.56401    
  -671.875000000000        31.18246    
  -656.250000000000        45.46503    
  -640.625000000000        23.05113    
  -625.000000000000        49.15092    
  -609.375000000000        72.52895    
  -593.750000000000        164.5537    
  -578.125000000000        455.0854    
  -562.500000000000        76.08820    
  -546.875000000000        20.39068    
  -531.250000000000        26.94210    
  -515.625000000000        39.44838    
  -500.000000000000        37.15257    
  -484.375000000000        15.98749    
  -468.750000000000        9.987857    
  -453.125000000000        26.12228    
  -437.500000000000        26.09015    
  -421.875000000000        19.26087    
  -406.250000000000        45.73965    
  -390.625000000000        134.0891    
  -375.000000000000        65.51582    
  -359.375000000000        33.31456    
  -343.750000000000        14.87241    
  -328.125000000000        16.07616    
  -312.500000000000        17.84945    
  -296.875000000000        29.85013    
  -281.250000000000        7.659213    
  -265.625000000000        23.01821    
  -250.000000000000        30.95037    
  -234.375000000000        20.91977    
  -218.750000000000        49.69440    
  -203.125000000000        218.3797    
  -187.500000000000        235.0476    
  -171.875000000000        70.12658    
  -156.250000000000        33.09322    
  -140.625000000000        31.07218    
  -125.000000000000        38.71793    
  -109.375000000000        16.25149    
  -93.7500000000000        9.651079    
  -78.1250000000000        30.62566    
  -62.5000000000000        17.22628    
  -46.8750000000000        24.84402    
  -31.2500000000000        12.36133    
  -15.6250000000000        59.91859    
  0.000000000000000E+000   11101.10    
   15.6250000000000        53.54727    
   31.2500000000000        15.00183    
   46.8750000000000        31.76087    
   62.5000000000000        8.412122    
   78.1250000000000        40.21664    
   93.7500000000000        6.565809    
   109.375000000000        9.609572    
   125.000000000000        24.93526    
   140.625000000000        21.29538    
   156.250000000000        21.27331    
   171.875000000000        46.47780    
   187.500000000000        100.6153    
   203.125000000000        106.3393    
   218.750000000000        29.83298    
   234.375000000000        7.874629    
   250.000000000000        31.76486    
   265.625000000000        11.21778    
   281.250000000000        12.39286    
   296.875000000000        12.27213    
   312.500000000000        21.46943    
   328.125000000000        7.540040    
   343.750000000000        11.06875    
   359.375000000000        28.09162    
   375.000000000000        70.18869    
   390.625000000000        185.7895    
   406.250000000000        55.88517    
   421.875000000000        25.83981    
   437.500000000000        31.49162    
   453.125000000000        21.04378    
   468.750000000000        19.98864    
   484.375000000000        1.761588    
   500.000000000000        11.34526    
   515.625000000000        49.34288    
   531.250000000000        37.72017    
   546.875000000000        33.61246    
   562.500000000000        77.71793    
   578.125000000000        451.5215    
   593.750000000000        158.3477    
   609.375000000000        73.00965    
   625.000000000000        46.12084    
   640.625000000000        26.89978    
   656.250000000000        40.15452    
   671.875000000000        31.60980    
   687.500000000000        20.75534    
   703.125000000000        24.52463    
   718.750000000000        32.12006    
   734.375000000000        24.97238    
   750.000000000000        30.17742    
   765.625000000000        94.24373    
   781.250000000000        86.90434    
   796.875000000000        24.94411    
   812.500000000000        12.98594    
   828.125000000000        22.28778    
   843.750000000000        20.24701    
   859.375000000000        9.269951    
   875.000000000000        8.718937    
   890.625000000000        16.04348    
   906.250000000000        21.66333    
   921.875000000000        31.46425    
   937.500000000000        14.61099    
   953.125000000000        10.51518    
   968.750000000000        45.40731    
   984.375000000000        15.67256    
   1000.00000000000        7.879346    
   1015.62500000000        3.777086    
   1031.25000000000        3.866654    
   1046.87500000000        6.531917    
   1062.50000000000        4.179458    
   1078.12500000000        2.724996    
   1093.75000000000        9.099930    
   1109.37500000000        11.32417    
   1125.00000000000        6.179437    
   1140.62500000000        16.61397    
   1156.25000000000        65.58130    
   1171.87500000000        72.06702    
   1187.50000000000        18.56246    
   1203.12500000000        14.77013    
   1218.75000000000        6.985352    
   1234.37500000000        10.45679    
   1250.00000000000        31.44923    
   1265.62500000000        10.67361    
   1281.25000000000       0.6191365    
   1296.87500000000        18.83775    
   1312.50000000000        9.391554    
   1328.12500000000        5.110381    
   1343.75000000000        10.47815    
   1359.37500000000        6.867362    
   1375.00000000000        10.41283    
   1390.62500000000        6.738986    
   1406.25000000000        10.58905    
   1421.87500000000        14.59756    
   1437.50000000000        4.800697    
   1453.12500000000        6.546153    
   1468.75000000000        5.339704    
   1484.37500000000        10.96194    
   1500.00000000000        19.39041    
   1515.62500000000        3.754364    
   1531.25000000000        7.556548    
   1546.87500000000        36.96385    
   1562.50000000000        18.21300    
   1578.12500000000        14.18480    
   1593.75000000000        7.199915    
   1609.37500000000        6.778084    
   1625.00000000000        6.081785    
   1640.62500000000        5.958389    
   1656.25000000000        7.732577    
   1671.87500000000        18.87336    
   1687.50000000000        12.05075    
   1703.12500000000        5.419525    
   1718.75000000000        13.92276    
   1734.37500000000        13.72804    
   1750.00000000000        35.31261    
   1765.62500000000        10.65156    
   1781.25000000000        6.812295    
   1796.87500000000        1.068608    
   1812.50000000000        9.332686    
   1828.12500000000        11.61574    
   1843.75000000000        6.047218    
   1859.37500000000        10.03917    
   1875.00000000000        26.39979    
   1890.62500000000        14.72023    
   1906.25000000000        11.84841    
   1921.87500000000        17.54728    
   1937.50000000000        4.083997    
   1953.12500000000        17.39708    
   1968.75000000000        9.206164    
   1984.37500000000        5.861527    
