  -2000.00000000000        3.010056    
  -1984.37500000000        11.97375    
  -1968.75000000000        9.054415    
  -1953.12500000000        11.02675    
  -1937.50000000000        4.994209    
  -1921.87500000000        11.26355    
  -1906.25000000000        15.92277    
  -1890.62500000000        19.19013    
  -1875.00000000000        24.39640    
  -1859.37500000000        20.04407    
  -1843.75000000000        4.265872    
  -1828.12500000000        10.46035    
  -1812.50000000000        5.334373    
  -1796.87500000000        4.843738    
  -1781.25000000000        12.75112    
  -1765.62500000000        1.550347    
  -1750.00000000000        45.88146    
  -1734.37500000000        13.96023    
  -1718.75000000000        10.55185    
  -1703.12500000000        5.854592    
  -1687.50000000000        4.565450    
  -1671.87500000000        1.362996    
  -1656.25000000000        8.034608    
  -1640.62500000000        6.320696    
  -1625.00000000000        5.463552    
  -1609.37500000000        6.129287    
  -1593.75000000000        6.058582    
  -1578.12500000000        20.75145    
  -1562.50000000000        25.91497    
  -1546.87500000000        21.85477    
  -1531.25000000000        11.70690    
  -1515.62500000000        7.536835    
  -1500.00000000000        27.30481    
  -1484.37500000000        2.926829    
  -1468.75000000000        2.922693    
  -1453.12500000000        4.193422    
  -1437.50000000000        7.191156    
  -1421.87500000000        34.13401    
  -1406.25000000000        8.862094    
  -1390.62500000000        8.215355    
  -1375.00000000000        4.245118    
  -1359.37500000000        30.46618    
  -1343.75000000000        27.61789    
  -1328.12500000000        18.55442    
  -1312.50000000000        8.757949    
  -1296.87500000000        27.86150    
  -1281.25000000000        12.39025    
  -1265.62500000000        7.766415    
  -1250.00000000000        27.47857    
  -1234.37500000000        17.26732    
  -1218.75000000000        13.41913    
  -1203.12500000000        18.36903    
  -1187.50000000000        21.10457    
  -1171.87500000000        92.38304    
  -1156.25000000000        82.96780    
  -1140.62500000000        19.97358    
  -1125.00000000000        15.21844    
  -1109.37500000000        21.23424    
  -1093.75000000000        47.99915    
  -1078.12500000000        6.485069    
  -1062.50000000000        6.524194    
  -1046.87500000000        13.71950    
  -1031.25000000000        10.04753    
  -1015.62500000000        5.586108    
  -1000.00000000000        4.332429    
  -984.375000000000        23.20030    
  -968.750000000000        121.9711    
  -953.125000000000        25.59746    
  -937.500000000000        7.144884    
  -921.875000000000        20.42767    
  -906.250000000000        31.34201    
  -890.625000000000        6.994375    
  -875.000000000000        3.011187    
  -859.375000000000        5.776516    
  -843.750000000000        9.891483    
  -828.125000000000        14.44243    
  -812.500000000000        16.70785    
  -796.875000000000        28.19764    
  -781.250000000000        69.01833    
  -765.625000000000        67.52505    
  -750.000000000000        28.93469    
  -734.375000000000        19.97073    
  -718.750000000000        12.23587    
  -703.125000000000        35.49504    
  -687.500000000000        21.25297    
  -671.875000000000        27.53402    
  -656.250000000000        40.75594    
  -640.625000000000        13.11618    
  -625.000000000000        44.70071    
  -609.375000000000        70.27831    
  -593.750000000000        150.5941    
  -578.125000000000        464.3148    
  -562.500000000000        71.39335    
  -546.875000000000        19.77272    
  -531.250000000000        40.89825    
  -515.625000000000        27.03534    
  -500.000000000000        23.12230    
  -484.375000000000        10.16247    
  -468.750000000000        10.31373    
  -453.125000000000        19.86377    
  -437.500000000000        29.83411    
  -421.875000000000        15.79955    
  -406.250000000000        42.68437    
  -390.625000000000        205.1521    
  -375.000000000000        57.95583    
  -359.375000000000        23.59139    
  -343.750000000000        4.096143    
  -328.125000000000        9.102695    
  -312.500000000000        15.36245    
  -296.875000000000        25.77349    
  -281.250000000000        13.52870    
  -265.625000000000        40.22620    
  -250.000000000000        32.68007    
  -234.375000000000        24.88609    
  -218.750000000000        58.46160    
  -203.125000000000        237.2543    
  -187.500000000000        268.8549    
  -171.875000000000        75.36275    
  -156.250000000000        39.06919    
  -140.625000000000        33.67388    
  -125.000000000000        29.47205    
  -109.375000000000        15.65650    
  -93.7500000000000        12.58208    
  -78.1250000000000        31.26513    
  -62.5000000000000        12.18947    
  -46.8750000000000        22.18034    
  -31.2500000000000        18.26609    
  -15.6250000000000        51.17340    
  0.000000000000000E+000   10645.12    
   15.6250000000000        56.74215    
   31.2500000000000        26.13684    
   46.8750000000000        36.74408    
   62.5000000000000        11.75682    
   78.1250000000000        27.28234    
   93.7500000000000        11.39259    
   109.375000000000        3.070533    
   125.000000000000        22.81130    
   140.625000000000        19.67052    
   156.250000000000        24.00157    
   171.875000000000        42.51857    
   187.500000000000        137.7582    
   203.125000000000        124.4511    
   218.750000000000        30.14108    
   234.375000000000        8.648870    
   250.000000000000        27.68468    
   265.625000000000        20.96538    
   281.250000000000        12.07809    
   296.875000000000        8.312467    
   312.500000000000        27.68486    
   328.125000000000        8.623794    
   343.750000000000        7.636637    
   359.375000000000        31.94251    
   375.000000000000        82.76144    
   390.625000000000        228.0126    
   406.250000000000        55.48277    
   421.875000000000        27.33541    
   437.500000000000        37.64832    
   453.125000000000        24.58583    
   468.750000000000        16.51227    
   484.375000000000        8.754992    
   500.000000000000        23.52973    
   515.625000000000        19.45365    
   531.250000000000        35.16940    
   546.875000000000        28.10211    
   562.500000000000        74.17319    
   578.125000000000        482.4460    
   593.750000000000        176.4440    
   609.375000000000        85.64700    
   625.000000000000        53.54521    
   640.625000000000        30.54464    
   656.250000000000        37.94492    
   671.875000000000        28.49462    
   687.500000000000        27.23311    
   703.125000000000        23.12744    
   718.750000000000        33.62502    
   734.375000000000        23.91389    
   750.000000000000        34.24391    
   765.625000000000        106.7391    
   781.250000000000        114.2422    
   796.875000000000        25.00008    
   812.500000000000        17.01298    
   828.125000000000        23.76147    
   843.750000000000        9.359147    
   859.375000000000        8.563478    
   875.000000000000        9.126052    
   890.625000000000        20.02276    
   906.250000000000        31.86512    
   921.875000000000        34.39225    
   937.500000000000        16.90547    
   953.125000000000        14.17352    
   968.750000000000        90.09425    
   984.375000000000        8.543536    
   1000.00000000000        5.697314    
   1015.62500000000        2.668988    
   1031.25000000000        1.368135    
   1046.87500000000        4.289965    
   1062.50000000000        8.272895    
   1078.12500000000        11.58805    
   1093.75000000000        28.24840    
   1109.37500000000        13.06905    
   1125.00000000000        16.25000    
   1140.62500000000        29.27857    
   1156.25000000000        78.38282    
   1171.87500000000        79.98081    
   1187.50000000000        29.65467    
   1203.12500000000        24.62635    
   1218.75000000000        11.75932    
   1234.37500000000        15.44866    
   1250.00000000000        31.52608    
   1265.62500000000        10.12267    
   1281.25000000000        7.207822    
   1296.87500000000        22.89908    
   1312.50000000000        5.386496    
   1328.12500000000        4.794109    
   1343.75000000000        12.15208    
   1359.37500000000        15.67132    
   1375.00000000000        10.82046    
   1390.62500000000        4.151212    
   1406.25000000000        4.993805    
   1421.87500000000        14.17402    
   1437.50000000000        2.727428    
   1453.12500000000        5.057884    
   1468.75000000000        16.64309    
   1484.37500000000        23.02347    
   1500.00000000000        32.81953    
   1515.62500000000        16.81886    
   1531.25000000000        12.56988    
   1546.87500000000        38.17265    
   1562.50000000000        10.92902    
   1578.12500000000        19.91396    
   1593.75000000000        8.497259    
   1609.37500000000        5.803779    
   1625.00000000000        5.948567    
   1640.62500000000        12.55806    
   1656.25000000000        1.773454    
   1671.87500000000        34.29678    
   1687.50000000000        3.784428    
   1703.12500000000        6.239866    
   1718.75000000000        8.371541    
   1734.37500000000        9.307691    
   1750.00000000000        37.95426    
   1765.62500000000        3.230188    
   1781.25000000000        14.66258    
   1796.87500000000        7.435013    
   1812.50000000000        14.05293    
   1828.12500000000        12.52081    
   1843.75000000000        10.51504    
   1859.37500000000        7.922649    
   1875.00000000000        11.00383    
   1890.62500000000        7.082476    
   1906.25000000000        6.760104    
   1921.87500000000        19.93805    
   1937.50000000000        11.61876    
   1953.12500000000        2.269378    
   1968.75000000000        7.148038    
   1984.37500000000        6.860966    
