  -2000.00000000000        8.897017    
  -1984.37500000000        7.253884    
  -1968.75000000000        1.525869    
  -1953.12500000000        14.24502    
  -1937.50000000000        4.502817    
  -1921.87500000000        16.97837    
  -1906.25000000000        4.538499    
  -1890.62500000000        13.53592    
  -1875.00000000000        7.713646    
  -1859.37500000000        5.430187    
  -1843.75000000000        12.85943    
  -1828.12500000000        15.48608    
  -1812.50000000000        18.58911    
  -1796.87500000000        4.425454    
  -1781.25000000000        13.37467    
  -1765.62500000000        5.679257    
  -1750.00000000000        46.14369    
  -1734.37500000000        12.22536    
  -1718.75000000000        4.740407    
  -1703.12500000000        4.069994    
  -1687.50000000000        4.229487    
  -1671.87500000000        29.44189    
  -1656.25000000000        8.422971    
  -1640.62500000000        7.337278    
  -1625.00000000000        14.99433    
  -1609.37500000000        17.94495    
  -1593.75000000000        13.60983    
  -1578.12500000000        10.38485    
  -1562.50000000000        13.95315    
  -1546.87500000000        33.41240    
  -1531.25000000000        13.45109    
  -1515.62500000000        16.06603    
  -1500.00000000000        19.32871    
  -1484.37500000000        35.94884    
  -1468.75000000000        3.761666    
  -1453.12500000000        8.567004    
  -1437.50000000000        8.757833    
  -1421.87500000000        8.345338    
  -1406.25000000000        6.368608    
  -1390.62500000000        5.113926    
  -1375.00000000000        7.700414    
  -1359.37500000000        22.34518    
  -1343.75000000000        11.64143    
  -1328.12500000000        5.693923    
  -1312.50000000000        4.345688    
  -1296.87500000000        19.37483    
  -1281.25000000000        40.30929    
  -1265.62500000000        12.84797    
  -1250.00000000000        29.74928    
  -1234.37500000000        6.974936    
  -1218.75000000000        15.59325    
  -1203.12500000000        21.01491    
  -1187.50000000000        23.39448    
  -1171.87500000000        45.47496    
  -1156.25000000000        33.93549    
  -1140.62500000000        14.13756    
  -1125.00000000000        8.981361    
  -1109.37500000000        1.909438    
  -1093.75000000000        25.67956    
  -1078.12500000000        5.045534    
  -1062.50000000000        1.398301    
  -1046.87500000000        8.008142    
  -1031.25000000000        3.763308    
  -1015.62500000000        8.421460    
  -1000.00000000000        5.286208    
  -984.375000000000        4.118847    
  -968.750000000000        85.25900    
  -953.125000000000        32.68309    
  -937.500000000000        15.66902    
  -921.875000000000        37.74645    
  -906.250000000000        16.41560    
  -890.625000000000        15.42447    
  -875.000000000000        8.605463    
  -859.375000000000        10.78307    
  -843.750000000000        23.67586    
  -828.125000000000        10.29083    
  -812.500000000000        18.05195    
  -796.875000000000        28.97208    
  -781.250000000000        94.48456    
  -765.625000000000        78.79607    
  -750.000000000000        23.94739    
  -734.375000000000        20.06649    
  -718.750000000000        23.62588    
  -703.125000000000        33.69284    
  -687.500000000000        28.99728    
  -671.875000000000        25.72563    
  -656.250000000000        27.70832    
  -640.625000000000        36.12821    
  -625.000000000000        61.05185    
  -609.375000000000        86.02409    
  -593.750000000000        188.6846    
  -578.125000000000        554.7938    
  -562.500000000000        93.35572    
  -546.875000000000        31.32532    
  -531.250000000000        44.18594    
  -515.625000000000        35.80120    
  -500.000000000000        32.08347    
  -484.375000000000        11.97373    
  -468.750000000000        11.13715    
  -453.125000000000        11.04095    
  -437.500000000000        28.62653    
  -421.875000000000        23.31475    
  -406.250000000000        40.41172    
  -390.625000000000        193.5055    
  -375.000000000000        53.78757    
  -359.375000000000        24.09881    
  -343.750000000000        10.02591    
  -328.125000000000        1.873563    
  -312.500000000000        39.86343    
  -296.875000000000        30.80279    
  -281.250000000000        21.29322    
  -265.625000000000        31.66365    
  -250.000000000000        39.28551    
  -234.375000000000        39.67313    
  -218.750000000000        73.33016    
  -203.125000000000        265.2142    
  -187.500000000000        327.7694    
  -171.875000000000        90.54707    
  -156.250000000000        54.55558    
  -140.625000000000        38.44731    
  -125.000000000000        23.36002    
  -109.375000000000        23.85921    
  -93.7500000000000        10.82321    
  -78.1250000000000        42.22375    
  -62.5000000000000        13.84414    
  -46.8750000000000        22.82187    
  -31.2500000000000        12.08904    
  -15.6250000000000        51.20839    
  0.000000000000000E+000   11914.01    
   15.6250000000000        49.59694    
   31.2500000000000        23.19252    
   46.8750000000000        31.22532    
   62.5000000000000        8.152325    
   78.1250000000000        38.56436    
   93.7500000000000        10.56281    
   109.375000000000        7.593744    
   125.000000000000        25.54071    
   140.625000000000        24.81692    
   156.250000000000        25.67427    
   171.875000000000        44.63629    
   187.500000000000        124.3671    
   203.125000000000        92.97430    
   218.750000000000        42.00734    
   234.375000000000        20.13593    
   250.000000000000        38.38700    
   265.625000000000        19.43364    
   281.250000000000        24.10689    
   296.875000000000        7.600493    
   312.500000000000        49.49596    
   328.125000000000        12.67221    
   343.750000000000        13.72751    
   359.375000000000        29.19485    
   375.000000000000        82.77467    
   390.625000000000        212.9250    
   406.250000000000        64.20950    
   421.875000000000        31.95065    
   437.500000000000        29.33806    
   453.125000000000        27.05110    
   468.750000000000        13.09486    
   484.375000000000        10.92228    
   500.000000000000        21.77334    
   515.625000000000        27.78376    
   531.250000000000        49.23600    
   546.875000000000        39.09256    
   562.500000000000        94.60257    
   578.125000000000        552.7356    
   593.750000000000        198.3644    
   609.375000000000        92.07767    
   625.000000000000        57.63661    
   640.625000000000        47.48772    
   656.250000000000        34.01004    
   671.875000000000        27.00740    
   687.500000000000        29.20510    
   703.125000000000        30.34701    
   718.750000000000        27.55591    
   734.375000000000        20.98636    
   750.000000000000        32.40354    
   765.625000000000        81.89858    
   781.250000000000        100.6159    
   796.875000000000        32.11350    
   812.500000000000        13.65563    
   828.125000000000        17.12819    
   843.750000000000        15.22449    
   859.375000000000        5.991380    
   875.000000000000        14.24114    
   890.625000000000        7.602944    
   906.250000000000        35.86020    
   921.875000000000        33.73624    
   937.500000000000        9.506471    
   953.125000000000        17.20535    
   968.750000000000        51.81840    
   984.375000000000        28.96029    
   1000.00000000000        8.746096    
   1015.62500000000        7.595465    
   1031.25000000000        8.603688    
   1046.87500000000        9.917974    
   1062.50000000000        3.296352    
   1078.12500000000        12.39742    
   1093.75000000000        26.11134    
   1109.37500000000        10.73298    
   1125.00000000000        2.161605    
   1140.62500000000        2.303119    
   1156.25000000000        57.88436    
   1171.87500000000        59.64719    
   1187.50000000000        20.19847    
   1203.12500000000        15.38913    
   1218.75000000000        5.750594    
   1234.37500000000        18.13884    
   1250.00000000000        28.47024    
   1265.62500000000        11.71396    
   1281.25000000000        15.61025    
   1296.87500000000        18.40276    
   1312.50000000000        16.78913    
   1328.12500000000        8.626398    
   1343.75000000000       0.6431542    
   1359.37500000000        16.79326    
   1375.00000000000        11.95730    
   1390.62500000000        6.693027    
   1406.25000000000        9.740506    
   1421.87500000000        9.085036    
   1437.50000000000        10.66166    
   1453.12500000000        9.638524    
   1468.75000000000        10.20800    
   1484.37500000000        29.51359    
   1500.00000000000        18.86492    
   1515.62500000000        9.720178    
   1531.25000000000        14.70396    
   1546.87500000000        42.65565    
   1562.50000000000        20.05116    
   1578.12500000000        6.679658    
   1593.75000000000        16.30729    
   1609.37500000000        11.51838    
   1625.00000000000        8.012997    
   1640.62500000000        10.79352    
   1656.25000000000        10.17378    
   1671.87500000000        25.06570    
   1687.50000000000        3.163656    
   1703.12500000000        3.336167    
   1718.75000000000        7.453426    
   1734.37500000000        5.690318    
   1750.00000000000        15.82662    
   1765.62500000000        6.330448    
   1781.25000000000        10.39787    
   1796.87500000000        6.814620    
   1812.50000000000        14.50494    
   1828.12500000000        11.66659    
   1843.75000000000        12.56464    
   1859.37500000000        13.74338    
   1875.00000000000        10.89416    
   1890.62500000000        13.75578    
   1906.25000000000        10.66202    
   1921.87500000000        21.22429    
   1937.50000000000        13.58602    
   1953.12500000000        5.312079    
   1968.75000000000        6.673844    
   1984.37500000000        6.261945    
