  -4000.00000000000        197.4574    
  -3968.75000000000        363.0895    
  -3937.50000000000        463.0398    
  -3906.25000000000        216.5429    
  -3875.00000000000        327.0545    
  -3843.75000000000        368.7658    
  -3812.50000000000        265.0138    
  -3781.25000000000        389.6308    
  -3750.00000000000        238.4370    
  -3718.75000000000        302.4980    
  -3687.50000000000        276.0325    
  -3656.25000000000        339.3490    
  -3625.00000000000        158.0385    
  -3593.75000000000        214.7135    
  -3562.50000000000        239.2841    
  -3531.25000000000        83.27863    
  -3500.00000000000        273.1190    
  -3468.75000000000        252.3037    
  -3437.50000000000        149.7430    
  -3406.25000000000        420.5552    
  -3375.00000000000        126.4170    
  -3343.75000000000        121.0673    
  -3312.50000000000        233.9960    
  -3281.25000000000        215.1484    
  -3250.00000000000        183.7064    
  -3218.75000000000        227.6585    
  -3187.50000000000        101.5295    
  -3156.25000000000        239.3977    
  -3125.00000000000        148.6798    
  -3093.75000000000        191.4091    
  -3062.50000000000        220.1905    
  -3031.25000000000        172.4504    
  -3000.00000000000        107.9366    
  -2968.75000000000        109.8288    
  -2937.50000000000        194.7043    
  -2906.25000000000        21.98640    
  -2875.00000000000        127.9258    
  -2843.75000000000        59.32015    
  -2812.50000000000        140.9535    
  -2781.25000000000        48.27145    
  -2750.00000000000        70.27544    
  -2718.75000000000        72.70381    
  -2687.50000000000        132.8546    
  -2656.25000000000        52.75984    
  -2625.00000000000        30.94715    
  -2593.75000000000        95.64235    
  -2562.50000000000        59.94336    
  -2531.25000000000        16.55864    
  -2500.00000000000        137.6772    
  -2468.75000000000        11.45760    
  -2437.50000000000        94.03508    
  -2406.25000000000        52.75623    
  -2375.00000000000        18.96948    
  -2343.75000000000        137.6807    
  -2312.50000000000        83.77023    
  -2281.25000000000        37.25357    
  -2250.00000000000        47.50991    
  -2218.75000000000        71.26671    
  -2187.50000000000        106.1958    
  -2156.25000000000        104.9337    
  -2125.00000000000        65.53497    
  -2093.75000000000        86.51650    
  -2062.50000000000        61.95034    
  -2031.25000000000        16.59924    
  -2000.00000000000        49.33545    
  -1968.75000000000        66.05183    
  -1937.50000000000        46.41461    
  -1906.25000000000        35.05262    
  -1875.00000000000        78.07831    
  -1843.75000000000        94.08876    
  -1812.50000000000        249.1315    
  -1781.25000000000        297.0811    
  -1750.00000000000        147.0933    
  -1718.75000000000        102.8233    
  -1687.50000000000        140.3795    
  -1656.25000000000        165.6387    
  -1625.00000000000        100.8458    
  -1593.75000000000        56.97444    
  -1562.50000000000        199.3129    
  -1531.25000000000        115.8279    
  -1500.00000000000        31.85643    
  -1468.75000000000        74.89752    
  -1437.50000000000        43.25219    
  -1406.25000000000        80.94400    
  -1375.00000000000        132.0841    
  -1343.75000000000        102.5073    
  -1312.50000000000        83.69041    
  -1281.25000000000        70.61095    
  -1250.00000000000        224.1974    
  -1218.75000000000        35.72643    
  -1187.50000000000        38.92516    
  -1156.25000000000        138.0416    
  -1125.00000000000        31.90507    
  -1093.75000000000        86.63828    
  -1062.50000000000        163.4382    
  -1031.25000000000        79.90312    
  -1000.00000000000        93.97980    
  -968.750000000000        86.67973    
  -937.500000000000        43.25657    
  -906.250000000000        163.6473    
  -875.000000000000        89.51573    
  -843.750000000000        120.8848    
  -812.500000000000        209.7152    
  -781.250000000000        276.4990    
  -750.000000000000        211.2352    
  -718.750000000000        269.0227    
  -687.500000000000        229.9844    
  -656.250000000000        411.6337    
  -625.000000000000        31.73543    
  -593.750000000000        303.3704    
  -562.500000000000        113.5672    
  -531.250000000000        194.3438    
  -500.000000000000        299.3305    
  -468.750000000000        78.37169    
  -437.500000000000        223.9411    
  -406.250000000000        282.5399    
  -375.000000000000        651.4993    
  -343.750000000000        1050.738    
  -312.500000000000        543.4669    
  -281.250000000000        747.0950    
  -250.000000000000        385.8540    
  -218.750000000000        47.24801    
  -187.500000000000        358.8988    
  -156.250000000000        1367.219    
  -125.000000000000        1326.292    
  -93.7500000000000        465.4718    
  -62.5000000000000        1295.143    
  -31.2500000000000        2310.924    
  0.000000000000000E+000   6119.933    
   31.2500000000000        2294.625    
   62.5000000000000        1326.865    
   93.7500000000000        478.3165    
   125.000000000000        1336.811    
   156.250000000000        1364.148    
   187.500000000000        367.6306    
   218.750000000000        31.70771    
   250.000000000000        381.6840    
   281.250000000000        748.8720    
   312.500000000000        547.8712    
   343.750000000000        1046.158    
   375.000000000000        631.8775    
   406.250000000000        280.2697    
   437.500000000000        217.6462    
   468.750000000000        73.06628    
   500.000000000000        308.0347    
   531.250000000000        201.5646    
   562.500000000000        122.2042    
   593.750000000000        302.7067    
   625.000000000000        31.97219    
   656.250000000000        408.8107    
   687.500000000000        230.8457    
   718.750000000000        273.3128    
   750.000000000000        204.6292    
   781.250000000000        272.8600    
   812.500000000000        220.9253    
   843.750000000000        116.9231    
   875.000000000000        84.72323    
   906.250000000000        165.3077    
   937.500000000000        34.03206    
   968.750000000000        87.05144    
   1000.00000000000        92.40612    
   1031.25000000000        61.69072    
   1062.50000000000        165.2768    
   1093.75000000000        99.42307    
   1125.00000000000        35.01165    
   1156.25000000000        140.8013    
   1187.50000000000        37.21116    
   1218.75000000000        40.74933    
   1250.00000000000        229.1007    
   1281.25000000000        69.92313    
   1312.50000000000        86.91785    
   1343.75000000000        106.3466    
   1375.00000000000        130.8010    
   1406.25000000000        82.71655    
   1437.50000000000        47.11860    
   1468.75000000000        79.90799    
   1500.00000000000        41.27066    
   1531.25000000000        117.2590    
   1562.50000000000        199.8682    
   1593.75000000000        55.35913    
   1625.00000000000        102.0186    
   1656.25000000000        164.9140    
   1687.50000000000        144.1882    
   1718.75000000000        98.35058    
   1750.00000000000        146.0788    
   1781.25000000000        295.9641    
   1812.50000000000        244.0727    
   1843.75000000000        88.24544    
   1875.00000000000        81.10635    
   1906.25000000000        35.38298    
   1937.50000000000        48.98821    
   1968.75000000000        67.36518    
   2000.00000000000        40.76147    
   2031.25000000000        16.55850    
   2062.50000000000        64.92689    
   2093.75000000000        82.16918    
   2125.00000000000        63.62495    
   2156.25000000000        102.3461    
   2187.50000000000        99.61273    
   2218.75000000000        75.19857    
   2250.00000000000        49.61071    
   2281.25000000000        38.89701    
   2312.50000000000        81.83765    
   2343.75000000000        136.4479    
   2375.00000000000        24.67016    
   2406.25000000000        49.34781    
   2437.50000000000        91.16789    
   2468.75000000000        12.01288    
   2500.00000000000        139.8475    
   2531.25000000000        15.74077    
   2562.50000000000        65.36841    
   2593.75000000000        97.52411    
   2625.00000000000        33.80037    
   2656.25000000000        55.86037    
   2687.50000000000        134.8933    
   2718.75000000000        67.25671    
   2750.00000000000        66.55822    
   2781.25000000000        46.55939    
   2812.50000000000        138.7160    
   2843.75000000000        58.23276    
   2875.00000000000        134.0603    
   2906.25000000000        26.05832    
   2937.50000000000        198.9934    
   2968.75000000000        105.7710    
   3000.00000000000        107.3613    
   3031.25000000000        178.1706    
   3062.50000000000        221.1493    
   3093.75000000000        195.3891    
   3125.00000000000        137.2656    
   3156.25000000000        240.7313    
   3187.50000000000        103.5549    
   3218.75000000000        229.7561    
   3250.00000000000        188.7291    
   3281.25000000000        219.0364    
   3312.50000000000        232.3223    
   3343.75000000000        122.9004    
   3375.00000000000        128.7801    
   3406.25000000000        421.0364    
   3437.50000000000        146.6123    
   3468.75000000000        259.0383    
   3500.00000000000        270.3456    
   3531.25000000000        84.25153    
   3562.50000000000        243.8592    
   3593.75000000000        208.2116    
   3625.00000000000        153.8689    
   3656.25000000000        337.5851    
   3687.50000000000        277.3348    
   3718.75000000000        301.3609    
   3750.00000000000        233.2633    
   3781.25000000000        394.4280    
   3812.50000000000        262.2764    
   3843.75000000000        372.7270    
   3875.00000000000        324.6049    
   3906.25000000000        215.6624    
   3937.50000000000        459.8017    
   3968.75000000000        366.4747    
