  -4000.00000000000        253.5349    
  -3968.75000000000        436.3887    
  -3937.50000000000        562.7997    
  -3906.25000000000        265.6759    
  -3875.00000000000        419.6469    
  -3843.75000000000        446.9694    
  -3812.50000000000        306.4793    
  -3781.25000000000        444.6965    
  -3750.00000000000        283.6829    
  -3718.75000000000        371.7676    
  -3687.50000000000        364.6337    
  -3656.25000000000        410.0092    
  -3625.00000000000        189.3050    
  -3593.75000000000        273.6720    
  -3562.50000000000        300.9587    
  -3531.25000000000        113.0756    
  -3500.00000000000        356.7418    
  -3468.75000000000        302.5612    
  -3437.50000000000        199.6792    
  -3406.25000000000        519.1826    
  -3375.00000000000        157.0623    
  -3343.75000000000        154.0425    
  -3312.50000000000        286.3273    
  -3281.25000000000        236.9639    
  -3250.00000000000        221.8584    
  -3218.75000000000        274.6186    
  -3187.50000000000        93.39973    
  -3156.25000000000        309.0378    
  -3125.00000000000        183.3061    
  -3093.75000000000        225.9503    
  -3062.50000000000        285.7260    
  -3031.25000000000        195.1573    
  -3000.00000000000        120.4856    
  -2968.75000000000        124.0605    
  -2937.50000000000        242.3153    
  -2906.25000000000        26.41273    
  -2875.00000000000        146.1378    
  -2843.75000000000        62.33638    
  -2812.50000000000        169.5118    
  -2781.25000000000        60.19203    
  -2750.00000000000        67.83999    
  -2718.75000000000        83.87627    
  -2687.50000000000        147.5339    
  -2656.25000000000        58.35704    
  -2625.00000000000        30.07745    
  -2593.75000000000        138.1541    
  -2562.50000000000        71.79503    
  -2531.25000000000        12.25598    
  -2500.00000000000        174.9489    
  -2468.75000000000        34.81205    
  -2437.50000000000        120.1183    
  -2406.25000000000        63.53951    
  -2375.00000000000        14.33398    
  -2343.75000000000        169.7195    
  -2312.50000000000        91.31258    
  -2281.25000000000        59.80753    
  -2250.00000000000        53.55427    
  -2218.75000000000        87.36945    
  -2187.50000000000        130.0402    
  -2156.25000000000        125.9526    
  -2125.00000000000        87.47140    
  -2093.75000000000        99.18255    
  -2062.50000000000        71.45578    
  -2031.25000000000        41.73300    
  -2000.00000000000        77.81511    
  -1968.75000000000        90.39243    
  -1937.50000000000        60.18825    
  -1906.25000000000        34.69248    
  -1875.00000000000        92.39688    
  -1843.75000000000        139.5432    
  -1812.50000000000        318.5478    
  -1781.25000000000        376.3379    
  -1750.00000000000        181.6862    
  -1718.75000000000        137.0183    
  -1687.50000000000        204.3772    
  -1656.25000000000        227.8257    
  -1625.00000000000        123.3729    
  -1593.75000000000        63.55465    
  -1562.50000000000        254.1849    
  -1531.25000000000        139.4147    
  -1500.00000000000        49.71410    
  -1468.75000000000        96.88474    
  -1437.50000000000        64.82390    
  -1406.25000000000        102.4329    
  -1375.00000000000        128.1653    
  -1343.75000000000        132.4689    
  -1312.50000000000        99.27613    
  -1281.25000000000        86.82795    
  -1250.00000000000        259.9277    
  -1218.75000000000        60.91748    
  -1187.50000000000        24.97159    
  -1156.25000000000        170.6116    
  -1125.00000000000        31.03891    
  -1093.75000000000        112.1208    
  -1062.50000000000        201.0949    
  -1031.25000000000        98.16969    
  -1000.00000000000        121.8098    
  -968.750000000000        120.7621    
  -937.500000000000        40.20019    
  -906.250000000000        210.1678    
  -875.000000000000        108.3298    
  -843.750000000000        143.2730    
  -812.500000000000        245.7723    
  -781.250000000000        329.0183    
  -750.000000000000        243.3966    
  -718.750000000000        313.4891    
  -687.500000000000        294.4012    
  -656.250000000000        490.7674    
  -625.000000000000        76.44372    
  -593.750000000000        362.1326    
  -562.500000000000        142.0608    
  -531.250000000000        199.0788    
  -500.000000000000        359.4986    
  -468.750000000000        97.68757    
  -437.500000000000        333.2446    
  -406.250000000000        369.7128    
  -375.000000000000        808.1053    
  -343.750000000000        1301.993    
  -312.500000000000        679.6660    
  -281.250000000000        959.6588    
  -250.000000000000        482.6674    
  -218.750000000000        70.41233    
  -187.500000000000        443.1690    
  -156.250000000000        1578.792    
  -125.000000000000        1595.084    
  -93.7500000000000        537.5280    
  -62.5000000000000        1547.134    
  -31.2500000000000        2865.253    
  0.000000000000000E+000   7346.828    
   31.2500000000000        2730.943    
   62.5000000000000        1642.282    
   93.7500000000000        598.5974    
   125.000000000000        1661.792    
   156.250000000000        1701.991    
   187.500000000000        450.8433    
   218.750000000000        40.09849    
   250.000000000000        460.7043    
   281.250000000000        873.6171    
   312.500000000000        631.6136    
   343.750000000000        1261.147    
   375.000000000000        752.1924    
   406.250000000000        332.9649    
   437.500000000000        247.0471    
   468.750000000000        102.5964    
   500.000000000000        403.9240    
   531.250000000000        294.0396    
   562.500000000000        148.0386    
   593.750000000000        367.3591    
   625.000000000000        62.53827    
   656.250000000000        503.2931    
   687.500000000000        281.8152    
   718.750000000000        336.3612    
   750.000000000000        282.2345    
   781.250000000000        337.8310    
   812.500000000000        288.9559    
   843.750000000000        125.5805    
   875.000000000000        100.2709    
   906.250000000000        210.1444    
   937.500000000000        24.02228    
   968.750000000000        124.7283    
   1000.00000000000        120.9693    
   1031.25000000000        90.26907    
   1062.50000000000        200.4848    
   1093.75000000000        115.0954    
   1125.00000000000        43.12434    
   1156.25000000000        193.6018    
   1187.50000000000        43.96712    
   1218.75000000000        58.38174    
   1250.00000000000        272.3960    
   1281.25000000000        66.84975    
   1312.50000000000        107.3354    
   1343.75000000000        120.9442    
   1375.00000000000        175.0688    
   1406.25000000000        112.1776    
   1437.50000000000        60.38203    
   1468.75000000000        87.63791    
   1500.00000000000        65.27711    
   1531.25000000000        131.6013    
   1562.50000000000        246.7032    
   1593.75000000000        83.77374    
   1625.00000000000        108.3528    
   1656.25000000000        198.0506    
   1687.50000000000        188.1956    
   1718.75000000000        104.4095    
   1750.00000000000        192.0011    
   1781.25000000000        337.8589    
   1812.50000000000        259.6816    
   1843.75000000000        107.3496    
   1875.00000000000        101.9799    
   1906.25000000000        47.05479    
   1937.50000000000        50.38890    
   1968.75000000000        79.12549    
   2000.00000000000        49.57983    
   2031.25000000000        22.63887    
   2062.50000000000        76.01853    
   2093.75000000000        93.29838    
   2125.00000000000        88.52178    
   2156.25000000000        141.4102    
   2187.50000000000        121.8952    
   2218.75000000000        61.16311    
   2250.00000000000        74.84075    
   2281.25000000000        57.60660    
   2312.50000000000        95.67860    
   2343.75000000000        177.2057    
   2375.00000000000        34.67688    
   2406.25000000000        71.31487    
   2437.50000000000        103.5114    
   2468.75000000000        29.73595    
   2500.00000000000        175.2071    
   2531.25000000000        14.00304    
   2562.50000000000        87.12507    
   2593.75000000000        133.7884    
   2625.00000000000        52.58665    
   2656.25000000000        62.20134    
   2687.50000000000        162.6232    
   2718.75000000000        90.16235    
   2750.00000000000        96.01059    
   2781.25000000000        46.54102    
   2812.50000000000        175.6363    
   2843.75000000000        62.01873    
   2875.00000000000        175.2797    
   2906.25000000000        42.95825    
   2937.50000000000        226.1218    
   2968.75000000000        121.1855    
   3000.00000000000        144.4092    
   3031.25000000000        215.5841    
   3062.50000000000        270.3399    
   3093.75000000000        213.1255    
   3125.00000000000        156.6493    
   3156.25000000000        278.5755    
   3187.50000000000        122.7886    
   3218.75000000000        293.6481    
   3250.00000000000        236.8520    
   3281.25000000000        260.8828    
   3312.50000000000        268.6035    
   3343.75000000000        148.3470    
   3375.00000000000        154.9300    
   3406.25000000000        518.4482    
   3437.50000000000        180.8080    
   3468.75000000000        351.4445    
   3500.00000000000        312.4476    
   3531.25000000000        93.38165    
   3562.50000000000        288.7387    
   3593.75000000000        263.4962    
   3625.00000000000        177.4616    
   3656.25000000000        427.1570    
   3687.50000000000        334.5176    
   3718.75000000000        342.5989    
   3750.00000000000        263.0383    
   3781.25000000000        483.8198    
   3812.50000000000        321.7381    
   3843.75000000000        476.0346    
   3875.00000000000        394.9575    
   3906.25000000000        263.4605    
   3937.50000000000        544.1289    
   3968.75000000000        431.9259    
