  -2000.00000000000        107.3499    
  -1984.37500000000        62.62418    
  -1968.75000000000        43.11298    
  -1953.12500000000        59.01786    
  -1937.50000000000        117.6953    
  -1921.87500000000        55.77868    
  -1906.25000000000        73.98154    
  -1890.62500000000        44.56886    
  -1875.00000000000        235.2683    
  -1859.37500000000        141.9118    
  -1843.75000000000        41.54785    
  -1828.12500000000        110.9219    
  -1812.50000000000        67.40477    
  -1796.87500000000        86.60756    
  -1781.25000000000        73.88695    
  -1765.62500000000        13.05551    
  -1750.00000000000        81.09786    
  -1734.37500000000        125.7456    
  -1718.75000000000        38.46235    
  -1703.12500000000        51.79178    
  -1687.50000000000        40.36863    
  -1671.87500000000        301.5983    
  -1656.25000000000        80.75748    
  -1640.62500000000        81.62641    
  -1625.00000000000        90.05333    
  -1609.37500000000        55.40586    
  -1593.75000000000        41.88464    
  -1578.12500000000        24.35142    
  -1562.50000000000        156.0893    
  -1546.87500000000        366.0431    
  -1531.25000000000        131.6461    
  -1515.62500000000        67.74799    
  -1500.00000000000        146.0639    
  -1484.37500000000        279.1505    
  -1468.75000000000        119.8091    
  -1453.12500000000        61.92330    
  -1437.50000000000        69.26234    
  -1421.87500000000        135.9800    
  -1406.25000000000        62.63538    
  -1390.62500000000        73.31596    
  -1375.00000000000        37.16480    
  -1359.37500000000        252.1111    
  -1343.75000000000        167.5902    
  -1328.12500000000        12.33296    
  -1312.50000000000        66.80350    
  -1296.87500000000        144.6224    
  -1281.25000000000        164.5858    
  -1265.62500000000        32.38699    
  -1250.00000000000        85.50207    
  -1234.37500000000        107.3858    
  -1218.75000000000        57.24784    
  -1203.12500000000        75.71480    
  -1187.50000000000        166.7225    
  -1171.87500000000        434.9492    
  -1156.25000000000        599.1807    
  -1140.62500000000        243.5035    
  -1125.00000000000        113.1481    
  -1109.37500000000        138.0854    
  -1093.75000000000        101.2589    
  -1078.12500000000        93.27676    
  -1062.50000000000        66.73455    
  -1046.87500000000        83.14423    
  -1031.25000000000        109.0854    
  -1015.62500000000        46.78241    
  -1000.00000000000        80.07320    
  -984.375000000000        44.80517    
  -968.750000000000        795.1023    
  -953.125000000000        208.3217    
  -937.500000000000        91.85879    
  -921.875000000000        197.3983    
  -906.250000000000        114.2823    
  -890.625000000000        81.96960    
  -875.000000000000        63.90842    
  -859.375000000000        84.89699    
  -843.750000000000        137.0988    
  -828.125000000000        129.2346    
  -812.500000000000        141.0077    
  -796.875000000000        209.7125    
  -781.250000000000        633.8984    
  -765.625000000000        344.3991    
  -750.000000000000        87.40881    
  -734.375000000000        33.65672    
  -718.750000000000        104.8634    
  -703.125000000000        69.49950    
  -687.500000000000        34.86798    
  -671.875000000000        91.39033    
  -656.250000000000        71.32586    
  -640.625000000000        17.68084    
  -625.000000000000        296.2073    
  -609.375000000000        330.1551    
  -593.750000000000        548.7002    
  -578.125000000000        2207.227    
  -562.500000000000        331.3096    
  -546.875000000000        105.0987    
  -531.250000000000        151.7899    
  -515.625000000000        188.5890    
  -500.000000000000        80.50997    
  -484.375000000000        33.42305    
  -468.750000000000        98.79046    
  -453.125000000000        135.6325    
  -437.500000000000        100.4434    
  -421.875000000000        107.0043    
  -406.250000000000        212.1119    
  -390.625000000000        760.5520    
  -375.000000000000        103.4740    
  -359.375000000000        95.53232    
  -343.750000000000        122.5483    
  -328.125000000000        153.1983    
  -312.500000000000        155.3361    
  -296.875000000000        187.7819    
  -281.250000000000        88.27975    
  -265.625000000000        289.5089    
  -250.000000000000        351.2084    
  -234.375000000000        299.3247    
  -218.750000000000        579.4199    
  -203.125000000000        1893.887    
  -187.500000000000        2474.897    
  -171.875000000000        759.0333    
  -156.250000000000        421.6839    
  -140.625000000000        295.3004    
  -125.000000000000        294.9397    
  -109.375000000000        239.9363    
  -93.7500000000000        185.4039    
  -78.1250000000000        243.5969    
  -62.5000000000000        117.8423    
  -46.8750000000000        119.7748    
  -31.2500000000000        64.00324    
  -15.6250000000000        307.3134    
  0.000000000000000E+000   46749.82    
   15.6250000000000        283.2819    
   31.2500000000000        204.0575    
   46.8750000000000        289.4717    
   62.5000000000000        115.4567    
   78.1250000000000        181.0337    
   93.7500000000000        173.7016    
   109.375000000000        126.3171    
   125.000000000000        235.4380    
   140.625000000000        161.1090    
   156.250000000000        277.6080    
   171.875000000000        431.3663    
   187.500000000000        1188.785    
   203.125000000000        583.6309    
   218.750000000000        339.5635    
   234.375000000000        222.6959    
   250.000000000000        291.6936    
   265.625000000000        55.37727    
   281.250000000000        133.0338    
   296.875000000000        93.20923    
   312.500000000000        165.8393    
   328.125000000000        35.51408    
   343.750000000000        68.51141    
   359.375000000000        164.7281    
   375.000000000000        469.4012    
   390.625000000000        1638.647    
   406.250000000000        327.7009    
   421.875000000000        188.9693    
   437.500000000000        194.6003    
   453.125000000000        94.44818    
   468.750000000000        66.72582    
   484.375000000000        115.7114    
   500.000000000000        232.5149    
   515.625000000000        170.8470    
   531.250000000000        152.2641    
   546.875000000000        260.1465    
   562.500000000000        404.8102    
   578.125000000000        2213.729    
   593.750000000000        890.3389    
   609.375000000000        316.0664    
   625.000000000000        301.7607    
   640.625000000000        94.80605    
   656.250000000000        178.9627    
   671.875000000000        163.4807    
   687.500000000000        163.2941    
   703.125000000000        44.69264    
   718.750000000000        84.63616    
   734.375000000000        153.2736    
   750.000000000000        212.4321    
   765.625000000000        278.7799    
   781.250000000000        578.1988    
   796.875000000000        196.8910    
   812.500000000000        4.784000    
   828.125000000000        49.71926    
   843.750000000000        74.36188    
   859.375000000000        50.83695    
   875.000000000000        35.77054    
   890.625000000000        158.1873    
   906.250000000000        75.86720    
   921.875000000000        151.0987    
   937.500000000000        29.23398    
   953.125000000000        86.30562    
   968.750000000000        631.0380    
   984.375000000000        150.8850    
   1000.00000000000        105.2268    
   1015.62500000000        52.94794    
   1031.25000000000        136.9043    
   1046.87500000000        80.79101    
   1062.50000000000        128.4286    
   1078.12500000000        59.77150    
   1093.75000000000        136.4517    
   1109.37500000000        144.8241    
   1125.00000000000        108.6814    
   1140.62500000000        153.0176    
   1156.25000000000        402.6317    
   1171.87500000000        423.3256    
   1187.50000000000        138.5517    
   1203.12500000000        123.6486    
   1218.75000000000        51.72215    
   1234.37500000000        32.95961    
   1250.00000000000        115.7210    
   1265.62500000000        81.08461    
   1281.25000000000        144.1451    
   1296.87500000000        62.90459    
   1312.50000000000        42.22182    
   1328.12500000000        58.10989    
   1343.75000000000        129.5492    
   1359.37500000000        590.7059    
   1375.00000000000        181.3396    
   1390.62500000000        12.57324    
   1406.25000000000        87.66726    
   1421.87500000000        162.1790    
   1437.50000000000        6.228988    
   1453.12500000000        40.42427    
   1468.75000000000        130.9478    
   1484.37500000000        90.02830    
   1500.00000000000        131.0201    
   1515.62500000000        34.35287    
   1531.25000000000        54.54026    
   1546.87500000000        339.9966    
   1562.50000000000        63.04556    
   1578.12500000000        88.30241    
   1593.75000000000        54.46919    
   1609.37500000000        20.24590    
   1625.00000000000        49.15593    
   1640.62500000000        57.65274    
   1656.25000000000        22.10017    
   1671.87500000000        123.9059    
   1687.50000000000        74.84896    
   1703.12500000000        32.10866    
   1718.75000000000        53.00763    
   1734.37500000000        70.87616    
   1750.00000000000        161.2934    
   1765.62500000000        73.68707    
   1781.25000000000        71.45121    
   1796.87500000000        186.8455    
   1812.50000000000        76.40133    
   1828.12500000000        72.43700    
   1843.75000000000        29.76584    
   1859.37500000000        110.8356    
   1875.00000000000        129.5724    
   1890.62500000000        106.7924    
   1906.25000000000        52.33339    
   1921.87500000000        73.80243    
   1937.50000000000        88.82745    
   1953.12500000000        41.97734    
   1968.75000000000        32.78893    
   1984.37500000000        40.70269    
