  -4000.00000000000        221.5612    
  -3968.75000000000        403.9948    
  -3937.50000000000        535.8488    
  -3906.25000000000        252.6015    
  -3875.00000000000        373.1210    
  -3843.75000000000        403.9274    
  -3812.50000000000        306.3682    
  -3781.25000000000        432.2540    
  -3750.00000000000        284.0937    
  -3718.75000000000        343.8216    
  -3687.50000000000        317.3037    
  -3656.25000000000        380.7954    
  -3625.00000000000        180.4303    
  -3593.75000000000        252.8681    
  -3562.50000000000        259.3897    
  -3531.25000000000        99.05659    
  -3500.00000000000        321.1863    
  -3468.75000000000        283.9716    
  -3437.50000000000        171.4849    
  -3406.25000000000        476.9326    
  -3375.00000000000        141.4862    
  -3343.75000000000        141.6467    
  -3312.50000000000        272.7809    
  -3281.25000000000        240.8177    
  -3250.00000000000        203.8609    
  -3218.75000000000        241.1063    
  -3187.50000000000        115.5343    
  -3156.25000000000        278.0582    
  -3125.00000000000        163.7511    
  -3093.75000000000        220.0960    
  -3062.50000000000        249.3389    
  -3031.25000000000        196.3569    
  -3000.00000000000        114.7186    
  -2968.75000000000        136.3666    
  -2937.50000000000        226.7817    
  -2906.25000000000        29.98953    
  -2875.00000000000        142.5007    
  -2843.75000000000        75.31150    
  -2812.50000000000        152.0631    
  -2781.25000000000        52.64147    
  -2750.00000000000        81.02011    
  -2718.75000000000        76.79810    
  -2687.50000000000        143.0110    
  -2656.25000000000        63.31912    
  -2625.00000000000        22.87701    
  -2593.75000000000        114.0197    
  -2562.50000000000        76.81124    
  -2531.25000000000        21.25798    
  -2500.00000000000        157.4236    
  -2468.75000000000        17.97544    
  -2437.50000000000        99.35362    
  -2406.25000000000        64.95813    
  -2375.00000000000        17.83917    
  -2343.75000000000        160.6186    
  -2312.50000000000        105.7587    
  -2281.25000000000        41.19130    
  -2250.00000000000        66.23824    
  -2218.75000000000        85.85320    
  -2187.50000000000        125.4762    
  -2156.25000000000        122.4311    
  -2125.00000000000        81.96864    
  -2093.75000000000        105.5868    
  -2062.50000000000        75.35562    
  -2031.25000000000        27.12498    
  -2000.00000000000        47.86001    
  -1968.75000000000        74.41597    
  -1937.50000000000        60.66494    
  -1906.25000000000        34.21300    
  -1875.00000000000        92.83924    
  -1843.75000000000        109.8355    
  -1812.50000000000        292.7475    
  -1781.25000000000        343.8267    
  -1750.00000000000        171.2321    
  -1718.75000000000        118.6912    
  -1687.50000000000        166.6991    
  -1656.25000000000        191.7990    
  -1625.00000000000        114.7533    
  -1593.75000000000        61.31344    
  -1562.50000000000        245.6263    
  -1531.25000000000        140.8421    
  -1500.00000000000        41.17632    
  -1468.75000000000        86.14468    
  -1437.50000000000        55.27550    
  -1406.25000000000        96.89700    
  -1375.00000000000        140.9340    
  -1343.75000000000        117.6372    
  -1312.50000000000        96.73214    
  -1281.25000000000        78.00729    
  -1250.00000000000        257.0954    
  -1218.75000000000        57.05132    
  -1187.50000000000        48.45356    
  -1156.25000000000        164.9634    
  -1125.00000000000        37.29005    
  -1093.75000000000        99.87215    
  -1062.50000000000        182.0392    
  -1031.25000000000        83.30457    
  -1000.00000000000        87.22044    
  -968.750000000000        102.9096    
  -937.500000000000        44.86885    
  -906.250000000000        176.4597    
  -875.000000000000        101.2174    
  -843.750000000000        143.3303    
  -812.500000000000        250.3742    
  -781.250000000000        309.2697    
  -750.000000000000        232.0436    
  -718.750000000000        297.8499    
  -687.500000000000        256.7896    
  -656.250000000000        488.0880    
  -625.000000000000        38.23223    
  -593.750000000000        332.8279    
  -562.500000000000        125.9300    
  -531.250000000000        225.9389    
  -500.000000000000        338.4992    
  -468.750000000000        79.02586    
  -437.500000000000        282.2166    
  -406.250000000000        331.2224    
  -375.000000000000        760.0112    
  -343.750000000000        1212.456    
  -312.500000000000        623.4215    
  -281.250000000000        886.9099    
  -250.000000000000        448.1063    
  -218.750000000000        76.83118    
  -187.500000000000        406.7398    
  -156.250000000000        1504.353    
  -125.000000000000        1485.571    
  -93.7500000000000        535.3181    
  -62.5000000000000        1454.031    
  -31.2500000000000        2657.134    
  0.000000000000000E+000   6554.171    
   31.2500000000000        2594.820    
   62.5000000000000        1537.898    
   93.7500000000000        558.6432    
   125.000000000000        1548.024    
   156.250000000000        1596.973    
   187.500000000000        408.3372    
   218.750000000000        18.04028    
   250.000000000000        425.4823    
   281.250000000000        824.4630    
   312.500000000000        617.8425    
   343.750000000000        1165.701    
   375.000000000000        716.9701    
   406.250000000000        305.3996    
   437.500000000000        234.6535    
   468.750000000000        80.34148    
   500.000000000000        342.9892    
   531.250000000000        217.8123    
   562.500000000000        152.5058    
   593.750000000000        343.0641    
   625.000000000000        43.49989    
   656.250000000000        473.3422    
   687.500000000000        250.6065    
   718.750000000000        325.2158    
   750.000000000000        239.2681    
   781.250000000000        312.9058    
   812.500000000000        231.0494    
   843.750000000000        143.3710    
   875.000000000000        97.35246    
   906.250000000000        176.9057    
   937.500000000000        38.78861    
   968.750000000000        98.06626    
   1000.00000000000        114.2978    
   1031.25000000000        86.81931    
   1062.50000000000        183.4852    
   1093.75000000000        104.2722    
   1125.00000000000        48.31783    
   1156.25000000000        162.4468    
   1187.50000000000        39.33950    
   1218.75000000000        59.65463    
   1250.00000000000        273.1735    
   1281.25000000000        74.87016    
   1312.50000000000        105.3626    
   1343.75000000000        116.2985    
   1375.00000000000        150.3638    
   1406.25000000000        105.3544    
   1437.50000000000        48.49068    
   1468.75000000000        79.85474    
   1500.00000000000        45.26894    
   1531.25000000000        129.5931    
   1562.50000000000        211.8456    
   1593.75000000000        56.67321    
   1625.00000000000        114.6430    
   1656.25000000000        172.2168    
   1687.50000000000        158.8599    
   1718.75000000000        109.5119    
   1750.00000000000        155.5003    
   1781.25000000000        315.2477    
   1812.50000000000        255.1136    
   1843.75000000000        93.27361    
   1875.00000000000        82.79689    
   1906.25000000000        35.81892    
   1937.50000000000        50.71233    
   1968.75000000000        70.43905    
   2000.00000000000        43.17414    
   2031.25000000000        21.03403    
   2062.50000000000        81.08685    
   2093.75000000000        89.63004    
   2125.00000000000        79.36290    
   2156.25000000000        124.7217    
   2187.50000000000        118.2084    
   2218.75000000000        76.88176    
   2250.00000000000        55.77637    
   2281.25000000000        47.02708    
   2312.50000000000        99.59053    
   2343.75000000000        161.2160    
   2375.00000000000        24.77207    
   2406.25000000000        58.21800    
   2437.50000000000        100.9096    
   2468.75000000000        22.13832    
   2500.00000000000        164.4080    
   2531.25000000000        16.74122    
   2562.50000000000        71.87125    
   2593.75000000000        105.2302    
   2625.00000000000        41.30665    
   2656.25000000000        65.90945    
   2687.50000000000        166.2408    
   2718.75000000000        83.16707    
   2750.00000000000        73.52087    
   2781.25000000000        58.02939    
   2812.50000000000        158.6415    
   2843.75000000000        67.08656    
   2875.00000000000        148.9331    
   2906.25000000000        31.96267    
   2937.50000000000        213.2994    
   2968.75000000000        111.9281    
   3000.00000000000        134.3416    
   3031.25000000000        202.8138    
   3062.50000000000        252.3097    
   3093.75000000000        223.9971    
   3125.00000000000        152.1834    
   3156.25000000000        270.8399    
   3187.50000000000        114.3046    
   3218.75000000000        272.2164    
   3250.00000000000        218.4207    
   3281.25000000000        252.2445    
   3312.50000000000        262.5822    
   3343.75000000000        140.6037    
   3375.00000000000        154.6084    
   3406.25000000000        481.7003    
   3437.50000000000        161.3862    
   3468.75000000000        305.3994    
   3500.00000000000        295.9341    
   3531.25000000000        90.46577    
   3562.50000000000        292.3187    
   3593.75000000000        232.9721    
   3625.00000000000        165.7026    
   3656.25000000000        385.3271    
   3687.50000000000        324.9340    
   3718.75000000000        356.6814    
   3750.00000000000        259.9202    
   3781.25000000000        467.2544    
   3812.50000000000        302.4170    
   3843.75000000000        434.2588    
   3875.00000000000        364.8628    
   3906.25000000000        241.9809    
   3937.50000000000        523.9797    
   3968.75000000000        414.8587    
