  -2000.00000000000        7.154033    
  -1984.37500000000        3.112535    
  -1968.75000000000        5.736350    
  -1953.12500000000        9.204003    
  -1937.50000000000        13.90320    
  -1921.87500000000        15.05981    
  -1906.25000000000        3.997902    
  -1890.62500000000        8.079782    
  -1875.00000000000        3.036076    
  -1859.37500000000        5.425281    
  -1843.75000000000        4.498166    
  -1828.12500000000        11.35953    
  -1812.50000000000        1.617625    
  -1796.87500000000        3.048209    
  -1781.25000000000        8.414903    
  -1765.62500000000        4.050422    
  -1750.00000000000        20.89072    
  -1734.37500000000        5.093013    
  -1718.75000000000        7.223789    
  -1703.12500000000        2.797442    
  -1687.50000000000        2.387246    
  -1671.87500000000        2.449761    
  -1656.25000000000        4.238587    
  -1640.62500000000        4.433537    
  -1625.00000000000       0.7676618    
  -1609.37500000000        4.586049    
  -1593.75000000000        5.899961    
  -1578.12500000000        11.74681    
  -1562.50000000000        7.782357    
  -1546.87500000000        26.03065    
  -1531.25000000000        7.725745    
  -1515.62500000000        7.243882    
  -1500.00000000000        18.61002    
  -1484.37500000000        9.570190    
  -1468.75000000000       0.5037035    
  -1453.12500000000        3.409271    
  -1437.50000000000        4.139961    
  -1421.87500000000        9.239733    
  -1406.25000000000        5.379514    
  -1390.62500000000        5.666029    
  -1375.00000000000        1.844924    
  -1359.37500000000        15.81860    
  -1343.75000000000        7.628229    
  -1328.12500000000        6.093457    
  -1312.50000000000        4.194640    
  -1296.87500000000        13.22424    
  -1281.25000000000        4.936990    
  -1265.62500000000        5.239286    
  -1250.00000000000        23.86794    
  -1234.37500000000        10.85466    
  -1218.75000000000        7.317913    
  -1203.12500000000        17.20459    
  -1187.50000000000        20.26253    
  -1171.87500000000        56.33588    
  -1156.25000000000        53.53375    
  -1140.62500000000        14.61790    
  -1125.00000000000        5.761353    
  -1109.37500000000        9.453637    
  -1093.75000000000       0.6151705    
  -1078.12500000000        4.025781    
  -1062.50000000000        3.412845    
  -1046.87500000000        2.231720    
  -1031.25000000000        4.154030    
  -1015.62500000000        2.465575    
  -1000.00000000000       0.7593819    
  -984.375000000000        7.440041    
  -968.750000000000        45.18258    
  -953.125000000000        14.69267    
  -937.500000000000        9.486608    
  -921.875000000000        25.36623    
  -906.250000000000        18.15903    
  -890.625000000000        7.076263    
  -875.000000000000        5.958807    
  -859.375000000000        6.783262    
  -843.750000000000        6.075045    
  -828.125000000000        11.19390    
  -812.500000000000        11.64114    
  -796.875000000000        20.10773    
  -781.250000000000        67.37876    
  -765.625000000000        62.72471    
  -750.000000000000        20.57147    
  -734.375000000000        16.43887    
  -718.750000000000        21.63029    
  -703.125000000000        18.00009    
  -687.500000000000        19.49851    
  -671.875000000000        21.52700    
  -656.250000000000        27.99568    
  -640.625000000000        25.51266    
  -625.000000000000        42.64240    
  -609.375000000000        64.16422    
  -593.750000000000        140.4360    
  -578.125000000000        395.6192    
  -562.500000000000        66.97830    
  -546.875000000000        23.87549    
  -531.250000000000        33.07814    
  -515.625000000000        20.92869    
  -500.000000000000        18.38596    
  -484.375000000000        8.521912    
  -468.750000000000        8.750692    
  -453.125000000000        14.59298    
  -437.500000000000        22.64063    
  -421.875000000000        17.44502    
  -406.250000000000        41.82040    
  -390.625000000000        152.4716    
  -375.000000000000        54.97720    
  -359.375000000000        24.03449    
  -343.750000000000        5.033514    
  -328.125000000000        7.849283    
  -312.500000000000        18.95459    
  -296.875000000000        15.38650    
  -281.250000000000        11.85628    
  -265.625000000000        16.71473    
  -250.000000000000        23.91828    
  -234.375000000000        18.53863    
  -218.750000000000        43.35926    
  -203.125000000000        158.2372    
  -187.500000000000        185.1015    
  -171.875000000000        55.54068    
  -156.250000000000        29.58837    
  -140.625000000000        25.56182    
  -125.000000000000        22.16501    
  -109.375000000000        11.52739    
  -93.7500000000000        2.296161    
  -78.1250000000000        29.56241    
  -62.5000000000000        13.04013    
  -46.8750000000000        19.18205    
  -31.2500000000000        12.52456    
  -15.6250000000000        42.38907    
  0.000000000000000E+000   8880.156    
   15.6250000000000        43.96159    
   31.2500000000000        16.14096    
   46.8750000000000        22.22231    
   62.5000000000000        9.172025    
   78.1250000000000        29.39290    
   93.7500000000000        2.795782    
   109.375000000000        7.093334    
   125.000000000000        20.89917    
   140.625000000000        21.28410    
   156.250000000000        22.73549    
   171.875000000000        43.70423    
   187.500000000000        139.4120    
   203.125000000000        119.7665    
   218.750000000000        35.93132    
   234.375000000000        13.60959    
   250.000000000000        24.74742    
   265.625000000000        12.55333    
   281.250000000000        12.00420    
   296.875000000000        12.52315    
   312.500000000000        18.71869    
   328.125000000000        5.798992    
   343.750000000000        5.348079    
   359.375000000000        25.26392    
   375.000000000000        60.60929    
   390.625000000000        163.8940    
   406.250000000000        42.12148    
   421.875000000000        17.08281    
   437.500000000000        23.70754    
   453.125000000000        14.21497    
   468.750000000000        9.149934    
   484.375000000000        7.368588    
   500.000000000000        17.06378    
   515.625000000000        21.16560    
   531.250000000000        33.16294    
   546.875000000000        24.43685    
   562.500000000000        67.08747    
   578.125000000000        399.4732    
   593.750000000000        143.2585    
   609.375000000000        64.30714    
   625.000000000000        42.81330    
   640.625000000000        27.29301    
   656.250000000000        28.59676    
   671.875000000000        22.19366    
   687.500000000000        21.79387    
   703.125000000000        19.56356    
   718.750000000000        22.78921    
   734.375000000000        18.31430    
   750.000000000000        23.50270    
   765.625000000000        67.63901    
   781.250000000000        73.99471    
   796.875000000000        20.91754    
   812.500000000000        12.54687    
   828.125000000000        12.29420    
   843.750000000000        6.173829    
   859.375000000000        5.593517    
   875.000000000000        6.263724    
   890.625000000000        7.458751    
   906.250000000000        18.08626    
   921.875000000000        25.11602    
   937.500000000000        9.813861    
   953.125000000000        13.10674    
   968.750000000000        48.15294    
   984.375000000000        9.049592    
   1000.00000000000       0.7975557    
   1015.62500000000        3.613849    
   1031.25000000000        3.417917    
   1046.87500000000        2.420391    
   1062.50000000000        3.803924    
   1078.12500000000        3.999445    
   1093.75000000000        3.018629    
   1109.37500000000        9.985607    
   1125.00000000000        5.578028    
   1140.62500000000        14.47968    
   1156.25000000000        55.59077    
   1171.87500000000        57.48732    
   1187.50000000000        19.90150    
   1203.12500000000        17.64335    
   1218.75000000000        6.322709    
   1234.37500000000        10.10569    
   1250.00000000000        23.81326    
   1265.62500000000        6.321880    
   1281.25000000000        4.525740    
   1296.87500000000        12.51848    
   1312.50000000000        5.621057    
   1328.12500000000        4.562712    
   1343.75000000000        7.882735    
   1359.37500000000        12.68122    
   1375.00000000000        1.183577    
   1390.62500000000        5.783739    
   1406.25000000000        7.469573    
   1421.87500000000        9.787130    
   1437.50000000000        4.283809    
   1453.12500000000        4.170305    
   1468.75000000000        3.818104    
   1484.37500000000        8.800965    
   1500.00000000000        16.75951    
   1515.62500000000        6.758208    
   1531.25000000000        7.430598    
   1546.87500000000        26.20241    
   1562.50000000000        9.680716    
   1578.12500000000        11.08053    
   1593.75000000000        6.439069    
   1609.37500000000        6.156305    
   1625.00000000000       0.4352272    
   1640.62500000000        6.328696    
   1656.25000000000        3.738185    
   1671.87500000000        7.672888    
   1687.50000000000        4.259779    
   1703.12500000000        1.963836    
   1718.75000000000        8.684336    
   1734.37500000000        6.573334    
   1750.00000000000        27.70382    
   1765.62500000000        5.577848    
   1781.25000000000        7.968240    
   1796.87500000000        3.822465    
   1812.50000000000        6.684847    
   1828.12500000000        11.28758    
   1843.75000000000        4.836224    
   1859.37500000000        6.507003    
   1875.00000000000        1.941782    
   1890.62500000000        9.738850    
   1906.25000000000        4.758004    
   1921.87500000000        13.32781    
   1937.50000000000        10.88042    
   1953.12500000000        8.423470    
   1968.75000000000        6.613950    
   1984.37500000000       0.7104998    
