  -4000.00000000000        218.5381    
  -3968.75000000000        393.3555    
  -3937.50000000000        510.9273    
  -3906.25000000000        245.4792    
  -3875.00000000000        369.9098    
  -3843.75000000000        400.5427    
  -3812.50000000000        291.5777    
  -3781.25000000000        417.2237    
  -3750.00000000000        265.2514    
  -3718.75000000000        328.1534    
  -3687.50000000000        307.3086    
  -3656.25000000000        363.7082    
  -3625.00000000000        179.7924    
  -3593.75000000000        250.4995    
  -3562.50000000000        253.7660    
  -3531.25000000000        97.40481    
  -3500.00000000000        312.6057    
  -3468.75000000000        268.2019    
  -3437.50000000000        157.5325    
  -3406.25000000000        460.6729    
  -3375.00000000000        141.6613    
  -3343.75000000000        129.9120    
  -3312.50000000000        258.9256    
  -3281.25000000000        227.7510    
  -3250.00000000000        193.2329    
  -3218.75000000000        237.4358    
  -3187.50000000000        104.8083    
  -3156.25000000000        260.6420    
  -3125.00000000000        155.3367    
  -3093.75000000000        207.6102    
  -3062.50000000000        244.8467    
  -3031.25000000000        185.7233    
  -3000.00000000000        116.5063    
  -2968.75000000000        115.5045    
  -2937.50000000000        208.7374    
  -2906.25000000000        28.92226    
  -2875.00000000000        133.8253    
  -2843.75000000000        72.02352    
  -2812.50000000000        147.0292    
  -2781.25000000000        63.92421    
  -2750.00000000000        81.56202    
  -2718.75000000000        80.63134    
  -2687.50000000000        145.3235    
  -2656.25000000000        60.11152    
  -2625.00000000000        36.59678    
  -2593.75000000000        110.9252    
  -2562.50000000000        63.72458    
  -2531.25000000000        27.56850    
  -2500.00000000000        153.0938    
  -2468.75000000000        14.27632    
  -2437.50000000000        107.7648    
  -2406.25000000000        57.79750    
  -2375.00000000000        27.58674    
  -2343.75000000000        142.5346    
  -2312.50000000000        91.58443    
  -2281.25000000000        37.49618    
  -2250.00000000000        59.92603    
  -2218.75000000000        75.28218    
  -2187.50000000000        114.1532    
  -2156.25000000000        126.4479    
  -2125.00000000000        69.85667    
  -2093.75000000000        99.85840    
  -2062.50000000000        72.05173    
  -2031.25000000000        18.90805    
  -2000.00000000000        59.85774    
  -1968.75000000000        82.33821    
  -1937.50000000000        55.02460    
  -1906.25000000000        31.94546    
  -1875.00000000000        89.88199    
  -1843.75000000000        101.4536    
  -1812.50000000000        275.8992    
  -1781.25000000000        323.0536    
  -1750.00000000000        161.4192    
  -1718.75000000000        119.4642    
  -1687.50000000000        162.4109    
  -1656.25000000000        185.2332    
  -1625.00000000000        116.5150    
  -1593.75000000000        58.78662    
  -1562.50000000000        220.4220    
  -1531.25000000000        123.8325    
  -1500.00000000000        45.66076    
  -1468.75000000000        76.91116    
  -1437.50000000000        55.12532    
  -1406.25000000000        88.88022    
  -1375.00000000000        143.8916    
  -1343.75000000000        115.8774    
  -1312.50000000000        89.64306    
  -1281.25000000000        70.52091    
  -1250.00000000000        233.3225    
  -1218.75000000000        46.74923    
  -1187.50000000000        43.10465    
  -1156.25000000000        159.4329    
  -1125.00000000000        29.01132    
  -1093.75000000000        103.9319    
  -1062.50000000000        181.8847    
  -1031.25000000000        66.59286    
  -1000.00000000000        98.45954    
  -968.750000000000        93.42416    
  -937.500000000000        42.47453    
  -906.250000000000        180.8052    
  -875.000000000000        92.69102    
  -843.750000000000        132.6450    
  -812.500000000000        242.6506    
  -781.250000000000        314.8253    
  -750.000000000000        217.9268    
  -718.750000000000        288.6636    
  -687.500000000000        262.6660    
  -656.250000000000        458.8456    
  -625.000000000000        33.06260    
  -593.750000000000        326.0645    
  -562.500000000000        131.1806    
  -531.250000000000        202.3233    
  -500.000000000000        333.1170    
  -468.750000000000        76.01904    
  -437.500000000000        270.8720    
  -406.250000000000        311.1885    
  -375.000000000000        726.4637    
  -343.750000000000        1165.788    
  -312.500000000000        594.4719    
  -281.250000000000        847.7256    
  -250.000000000000        427.3257    
  -218.750000000000        53.72151    
  -187.500000000000        388.0803    
  -156.250000000000        1438.517    
  -125.000000000000        1451.399    
  -93.7500000000000        509.1729    
  -62.5000000000000        1403.702    
  -31.2500000000000        2551.349    
  0.000000000000000E+000   6396.140    
   31.2500000000000        2491.573    
   62.5000000000000        1468.784    
   93.7500000000000        546.7896    
   125.000000000000        1481.998    
   156.250000000000        1526.549    
   187.500000000000        400.9229    
   218.750000000000        29.70802    
   250.000000000000        401.7145    
   281.250000000000        806.7546    
   312.500000000000        581.7310    
   343.750000000000        1130.649    
   375.000000000000        683.5267    
   406.250000000000        310.3478    
   437.500000000000        235.4314    
   468.750000000000        76.55286    
   500.000000000000        337.6377    
   531.250000000000        219.6686    
   562.500000000000        148.3800    
   593.750000000000        324.2493    
   625.000000000000        39.11530    
   656.250000000000        455.1027    
   687.500000000000        247.4879    
   718.750000000000        303.6938    
   750.000000000000        235.2460    
   781.250000000000        298.0220    
   812.500000000000        228.4676    
   843.750000000000        135.0449    
   875.000000000000        94.58956    
   906.250000000000        180.9750    
   937.500000000000        36.13138    
   968.750000000000        104.6157    
   1000.00000000000        114.6610    
   1031.25000000000        84.10939    
   1062.50000000000        170.0791    
   1093.75000000000        101.6383    
   1125.00000000000        38.82800    
   1156.25000000000        164.4738    
   1187.50000000000        49.98246    
   1218.75000000000        46.31112    
   1250.00000000000        256.4249    
   1281.25000000000        74.72582    
   1312.50000000000        87.85073    
   1343.75000000000        112.4147    
   1375.00000000000        144.5957    
   1406.25000000000        93.07245    
   1437.50000000000        43.09436    
   1468.75000000000        83.94580    
   1500.00000000000        35.09089    
   1531.25000000000        122.9171    
   1562.50000000000        219.0692    
   1593.75000000000        58.73299    
   1625.00000000000        119.4996    
   1656.25000000000        164.7343    
   1687.50000000000        151.6940    
   1718.75000000000        103.1479    
   1750.00000000000        153.9931    
   1781.25000000000        313.3992    
   1812.50000000000        258.9929    
   1843.75000000000        101.3610    
   1875.00000000000        85.54038    
   1906.25000000000        38.44986    
   1937.50000000000        58.76896    
   1968.75000000000        68.22120    
   2000.00000000000        45.52763    
   2031.25000000000        20.10621    
   2062.50000000000        73.09815    
   2093.75000000000        98.37209    
   2125.00000000000        72.74781    
   2156.25000000000        125.7236    
   2187.50000000000        106.9046    
   2218.75000000000        81.74485    
   2250.00000000000        45.80693    
   2281.25000000000        48.83919    
   2312.50000000000        91.18030    
   2343.75000000000        163.9253    
   2375.00000000000        22.80842    
   2406.25000000000        53.26881    
   2437.50000000000        101.8009    
   2468.75000000000        12.43163    
   2500.00000000000        150.3153    
   2531.25000000000        13.09018    
   2562.50000000000        71.02409    
   2593.75000000000        101.3118    
   2625.00000000000        40.72412    
   2656.25000000000        58.24356    
   2687.50000000000        160.2001    
   2718.75000000000        70.27751    
   2750.00000000000        77.97343    
   2781.25000000000        53.76498    
   2812.50000000000        149.3467    
   2843.75000000000        69.13245    
   2875.00000000000        150.1927    
   2906.25000000000        30.19047    
   2937.50000000000        218.5947    
   2968.75000000000        108.0942    
   3000.00000000000        130.4389    
   3031.25000000000        205.3894    
   3062.50000000000        240.3760    
   3093.75000000000        205.4106    
   3125.00000000000        144.8949    
   3156.25000000000        260.8234    
   3187.50000000000        122.0735    
   3218.75000000000        260.7253    
   3250.00000000000        210.8532    
   3281.25000000000        244.6517    
   3312.50000000000        243.2232    
   3343.75000000000        139.5816    
   3375.00000000000        133.6995    
   3406.25000000000        457.8229    
   3437.50000000000        164.2839    
   3468.75000000000        290.7879    
   3500.00000000000        293.1136    
   3531.25000000000        84.78969    
   3562.50000000000        274.7108    
   3593.75000000000        219.6138    
   3625.00000000000        164.2159    
   3656.25000000000        361.8451    
   3687.50000000000        301.3808    
   3718.75000000000        334.0891    
   3750.00000000000        253.0745    
   3781.25000000000        445.3568    
   3812.50000000000        282.5659    
   3843.75000000000        419.0761    
   3875.00000000000        352.8940    
   3906.25000000000        241.6594    
   3937.50000000000        507.4352    
   3968.75000000000        403.8055    
