  -4000.00000000000        201.8533    
  -3968.75000000000        363.9715    
  -3937.50000000000        462.6574    
  -3906.25000000000        213.7906    
  -3875.00000000000        331.4814    
  -3843.75000000000        373.4260    
  -3812.50000000000        272.4092    
  -3781.25000000000        398.5899    
  -3750.00000000000        242.2626    
  -3718.75000000000        305.8227    
  -3687.50000000000        282.3603    
  -3656.25000000000        341.4727    
  -3625.00000000000        159.3181    
  -3593.75000000000        212.9115    
  -3562.50000000000        241.3455    
  -3531.25000000000        85.11863    
  -3500.00000000000        277.4412    
  -3468.75000000000        253.2745    
  -3437.50000000000        148.6278    
  -3406.25000000000        424.0157    
  -3375.00000000000        127.0096    
  -3343.75000000000        124.9077    
  -3312.50000000000        237.3145    
  -3281.25000000000        215.5045    
  -3250.00000000000        186.2189    
  -3218.75000000000        224.9864    
  -3187.50000000000        101.9159    
  -3156.25000000000        245.6549    
  -3125.00000000000        145.5480    
  -3093.75000000000        192.4751    
  -3062.50000000000        227.2585    
  -3031.25000000000        175.0063    
  -3000.00000000000        108.1829    
  -2968.75000000000        111.1272    
  -2937.50000000000        198.5618    
  -2906.25000000000        26.10429    
  -2875.00000000000        126.9183    
  -2843.75000000000        58.91546    
  -2812.50000000000        140.3176    
  -2781.25000000000        49.25042    
  -2750.00000000000        74.49177    
  -2718.75000000000        70.36531    
  -2687.50000000000        131.6032    
  -2656.25000000000        55.72100    
  -2625.00000000000        33.90664    
  -2593.75000000000        100.1633    
  -2562.50000000000        61.67556    
  -2531.25000000000        14.04064    
  -2500.00000000000        139.5363    
  -2468.75000000000        14.15471    
  -2437.50000000000        94.36153    
  -2406.25000000000        53.26146    
  -2375.00000000000        22.12299    
  -2343.75000000000        137.8887    
  -2312.50000000000        84.40118    
  -2281.25000000000        36.83153    
  -2250.00000000000        51.64198    
  -2218.75000000000        70.56890    
  -2187.50000000000        104.0797    
  -2156.25000000000        108.2295    
  -2125.00000000000        66.72297    
  -2093.75000000000        83.24587    
  -2062.50000000000        71.42229    
  -2031.25000000000        22.01863    
  -2000.00000000000        50.28433    
  -1968.75000000000        66.98239    
  -1937.50000000000        49.37641    
  -1906.25000000000        39.17791    
  -1875.00000000000        81.96774    
  -1843.75000000000        94.90778    
  -1812.50000000000        244.7102    
  -1781.25000000000        300.2018    
  -1750.00000000000        150.7518    
  -1718.75000000000        106.0645    
  -1687.50000000000        140.6155    
  -1656.25000000000        173.8659    
  -1625.00000000000        102.2343    
  -1593.75000000000        52.47698    
  -1562.50000000000        202.7903    
  -1531.25000000000        122.9673    
  -1500.00000000000        32.96186    
  -1468.75000000000        75.07948    
  -1437.50000000000        43.70832    
  -1406.25000000000        81.52099    
  -1375.00000000000        130.1789    
  -1343.75000000000        110.6133    
  -1312.50000000000        78.17416    
  -1281.25000000000        72.04351    
  -1250.00000000000        225.4201    
  -1218.75000000000        49.09040    
  -1187.50000000000        42.22321    
  -1156.25000000000        142.8003    
  -1125.00000000000        38.96148    
  -1093.75000000000        95.39852    
  -1062.50000000000        167.3526    
  -1031.25000000000        69.73246    
  -1000.00000000000        93.08952    
  -968.750000000000        90.30308    
  -937.500000000000        38.06973    
  -906.250000000000        164.1798    
  -875.000000000000        83.27054    
  -843.750000000000        121.6285    
  -812.500000000000        218.2005    
  -781.250000000000        275.2272    
  -750.000000000000        203.2794    
  -718.750000000000        271.8665    
  -687.500000000000        231.4008    
  -656.250000000000        415.9288    
  -625.000000000000        39.21058    
  -593.750000000000        293.7384    
  -562.500000000000        120.4920    
  -531.250000000000        197.3562    
  -500.000000000000        304.7761    
  -468.750000000000        85.74538    
  -437.500000000000        230.0350    
  -406.250000000000        284.7479    
  -375.000000000000        652.6987    
  -343.750000000000        1061.290    
  -312.500000000000        555.5148    
  -281.250000000000        766.6393    
  -250.000000000000        404.7632    
  -218.750000000000        39.95191    
  -187.500000000000        356.0013    
  -156.250000000000        1371.413    
  -125.000000000000        1330.079    
  -93.7500000000000        476.3877    
  -62.5000000000000        1305.122    
  -31.2500000000000        2313.918    
  0.000000000000000E+000   5829.415    
   31.2500000000000        2321.277    
   62.5000000000000        1346.633    
   93.7500000000000        498.4030    
   125.000000000000        1349.581    
   156.250000000000        1368.304    
   187.500000000000        367.0471    
   218.750000000000        30.69468    
   250.000000000000        370.0938    
   281.250000000000        745.7346    
   312.500000000000        541.7048    
   343.750000000000        1056.693    
   375.000000000000        643.5075    
   406.250000000000        285.1714    
   437.500000000000        220.7287    
   468.750000000000        70.25107    
   500.000000000000        305.5212    
   531.250000000000        199.6318    
   562.500000000000        135.8005    
   593.750000000000        303.6360    
   625.000000000000        42.68806    
   656.250000000000        422.0800    
   687.500000000000        232.0339    
   718.750000000000        270.7621    
   750.000000000000        210.7876    
   781.250000000000        278.2482    
   812.500000000000        214.6347    
   843.750000000000        119.4104    
   875.000000000000        87.17462    
   906.250000000000        162.5571    
   937.500000000000        34.04833    
   968.750000000000        89.79005    
   1000.00000000000        93.78854    
   1031.25000000000        68.01578    
   1062.50000000000        167.6422    
   1093.75000000000        91.53938    
   1125.00000000000        29.46509    
   1156.25000000000        146.8790    
   1187.50000000000        34.87115    
   1218.75000000000        48.57935    
   1250.00000000000        231.8580    
   1281.25000000000        74.91937    
   1312.50000000000        82.74471    
   1343.75000000000        111.1038    
   1375.00000000000        131.4782    
   1406.25000000000        83.59587    
   1437.50000000000        49.66377    
   1468.75000000000        75.77330    
   1500.00000000000        37.13158    
   1531.25000000000        120.8120    
   1562.50000000000        203.4734    
   1593.75000000000        55.33389    
   1625.00000000000        104.3042    
   1656.25000000000        158.7867    
   1687.50000000000        141.3034    
   1718.75000000000        99.56237    
   1750.00000000000        149.7401    
   1781.25000000000        284.7654    
   1812.50000000000        242.8158    
   1843.75000000000        91.34754    
   1875.00000000000        86.54579    
   1906.25000000000        34.42523    
   1937.50000000000        48.14148    
   1968.75000000000        73.79241    
   2000.00000000000        40.64668    
   2031.25000000000        16.12243    
   2062.50000000000        68.12165    
   2093.75000000000        80.04632    
   2125.00000000000        64.18941    
   2156.25000000000        104.3251    
   2187.50000000000        101.4030    
   2218.75000000000        75.62619    
   2250.00000000000        48.26056    
   2281.25000000000        40.74292    
   2312.50000000000        85.58034    
   2343.75000000000        143.2609    
   2375.00000000000        22.66747    
   2406.25000000000        49.83709    
   2437.50000000000        92.53256    
   2468.75000000000        13.16511    
   2500.00000000000        142.8519    
   2531.25000000000        19.79898    
   2562.50000000000        63.19132    
   2593.75000000000        94.28328    
   2625.00000000000        34.45510    
   2656.25000000000        51.73730    
   2687.50000000000        137.8770    
   2718.75000000000        73.53062    
   2750.00000000000        69.25981    
   2781.25000000000        47.53064    
   2812.50000000000        139.0405    
   2843.75000000000        63.28667    
   2875.00000000000        135.1377    
   2906.25000000000        29.75235    
   2937.50000000000        198.5404    
   2968.75000000000        109.5218    
   3000.00000000000        114.4681    
   3031.25000000000        180.9773    
   3062.50000000000        221.8687    
   3093.75000000000        189.4230    
   3125.00000000000        141.1558    
   3156.25000000000        244.4400    
   3187.50000000000        103.6051    
   3218.75000000000        232.2615    
   3250.00000000000        190.1167    
   3281.25000000000        220.6640    
   3312.50000000000        229.2711    
   3343.75000000000        126.0118    
   3375.00000000000        127.3860    
   3406.25000000000        427.6652    
   3437.50000000000        148.9787    
   3468.75000000000        261.9758    
   3500.00000000000        269.6092    
   3531.25000000000        80.90066    
   3562.50000000000        248.8670    
   3593.75000000000        209.3768    
   3625.00000000000        158.3196    
   3656.25000000000        341.3354    
   3687.50000000000        275.3746    
   3718.75000000000        304.2998    
   3750.00000000000        237.7050    
   3781.25000000000        400.1390    
   3812.50000000000        263.0012    
   3843.75000000000        376.8883    
   3875.00000000000        328.7551    
   3906.25000000000        223.5163    
   3937.50000000000        465.8525    
   3968.75000000000        367.7905    
