  -4000.00000000000        230.5275    
  -3968.75000000000        413.6056    
  -3937.50000000000        546.5213    
  -3906.25000000000        249.4093    
  -3875.00000000000        388.0428    
  -3843.75000000000        413.2188    
  -3812.50000000000        316.6127    
  -3781.25000000000        433.5580    
  -3750.00000000000        279.0208    
  -3718.75000000000        350.2373    
  -3687.50000000000        325.3933    
  -3656.25000000000        396.1620    
  -3625.00000000000        192.0224    
  -3593.75000000000        259.0951    
  -3562.50000000000        272.5757    
  -3531.25000000000        100.3288    
  -3500.00000000000        341.9549    
  -3468.75000000000        286.3376    
  -3437.50000000000        176.8890    
  -3406.25000000000        480.3548    
  -3375.00000000000        144.6666    
  -3343.75000000000        140.1782    
  -3312.50000000000        281.5739    
  -3281.25000000000        237.5673    
  -3250.00000000000        201.9048    
  -3218.75000000000        247.0775    
  -3187.50000000000        111.4595    
  -3156.25000000000        279.6040    
  -3125.00000000000        162.3166    
  -3093.75000000000        229.5849    
  -3062.50000000000        261.8971    
  -3031.25000000000        198.7991    
  -3000.00000000000        114.4401    
  -2968.75000000000        131.7826    
  -2937.50000000000        228.4479    
  -2906.25000000000        31.90168    
  -2875.00000000000        148.5089    
  -2843.75000000000        69.94417    
  -2812.50000000000        152.0607    
  -2781.25000000000        52.44038    
  -2750.00000000000        69.44585    
  -2718.75000000000        81.32291    
  -2687.50000000000        160.3969    
  -2656.25000000000        66.41702    
  -2625.00000000000        29.70786    
  -2593.75000000000        114.4238    
  -2562.50000000000        72.26090    
  -2531.25000000000        19.72068    
  -2500.00000000000        164.0526    
  -2468.75000000000        13.19977    
  -2437.50000000000        99.83863    
  -2406.25000000000        64.90417    
  -2375.00000000000        28.09819    
  -2343.75000000000        161.3332    
  -2312.50000000000        113.4588    
  -2281.25000000000        49.86742    
  -2250.00000000000        66.70089    
  -2218.75000000000        85.09092    
  -2187.50000000000        123.7692    
  -2156.25000000000        118.0024    
  -2125.00000000000        80.19127    
  -2093.75000000000        101.1275    
  -2062.50000000000        66.61207    
  -2031.25000000000        25.67633    
  -2000.00000000000        59.87788    
  -1968.75000000000        75.38119    
  -1937.50000000000        55.05220    
  -1906.25000000000        41.17182    
  -1875.00000000000        99.00036    
  -1843.75000000000        121.2378    
  -1812.50000000000        295.8818    
  -1781.25000000000        348.5077    
  -1750.00000000000        177.1333    
  -1718.75000000000        126.3916    
  -1687.50000000000        168.8750    
  -1656.25000000000        208.5912    
  -1625.00000000000        127.1548    
  -1593.75000000000        59.39228    
  -1562.50000000000        245.0654    
  -1531.25000000000        147.6743    
  -1500.00000000000        39.46061    
  -1468.75000000000        84.14176    
  -1437.50000000000        45.33187    
  -1406.25000000000        91.88461    
  -1375.00000000000        141.1232    
  -1343.75000000000        123.3342    
  -1312.50000000000        95.18182    
  -1281.25000000000        89.98351    
  -1250.00000000000        242.2910    
  -1218.75000000000        47.12001    
  -1187.50000000000        43.04179    
  -1156.25000000000        162.5424    
  -1125.00000000000        38.52702    
  -1093.75000000000        87.99405    
  -1062.50000000000        209.6405    
  -1031.25000000000        79.67223    
  -1000.00000000000        100.4176    
  -968.750000000000        96.30149    
  -937.500000000000        52.24277    
  -906.250000000000        173.8494    
  -875.000000000000        114.6620    
  -843.750000000000        141.3094    
  -812.500000000000        244.6859    
  -781.250000000000        318.7157    
  -750.000000000000        255.7764    
  -718.750000000000        298.9625    
  -687.500000000000        265.0319    
  -656.250000000000        478.3657    
  -625.000000000000        27.72817    
  -593.750000000000        342.9252    
  -562.500000000000        129.7510    
  -531.250000000000        220.3127    
  -500.000000000000        351.5981    
  -468.750000000000        99.92435    
  -437.500000000000        278.4407    
  -406.250000000000        334.3787    
  -375.000000000000        761.2656    
  -343.750000000000        1231.480    
  -312.500000000000        632.7728    
  -281.250000000000        890.9262    
  -250.000000000000        454.5293    
  -218.750000000000        64.37876    
  -187.500000000000        434.9667    
  -156.250000000000        1523.000    
  -125.000000000000        1511.788    
  -93.7500000000000        536.9868    
  -62.5000000000000        1467.734    
  -31.2500000000000        2685.097    
  0.000000000000000E+000   6468.525    
   31.2500000000000        2615.114    
   62.5000000000000        1549.482    
   93.7500000000000        574.1856    
   125.000000000000        1587.006    
   156.250000000000        1600.720    
   187.500000000000        417.4281    
   218.750000000000        18.65486    
   250.000000000000        427.7084    
   281.250000000000        839.5521    
   312.500000000000        620.2756    
   343.750000000000        1177.558    
   375.000000000000        710.6548    
   406.250000000000        314.9857    
   437.500000000000        232.4143    
   468.750000000000        79.38531    
   500.000000000000        345.8115    
   531.250000000000        244.2063    
   562.500000000000        161.1504    
   593.750000000000        351.1666    
   625.000000000000        38.42028    
   656.250000000000        471.3684    
   687.500000000000        278.0692    
   718.750000000000        310.0679    
   750.000000000000        238.3143    
   781.250000000000        322.0608    
   812.500000000000        250.0021    
   843.750000000000        129.7969    
   875.000000000000        98.98944    
   906.250000000000        188.2713    
   937.500000000000        42.55454    
   968.750000000000        97.60625    
   1000.00000000000        110.5059    
   1031.25000000000        77.57812    
   1062.50000000000        187.4460    
   1093.75000000000        103.8917    
   1125.00000000000        50.57751    
   1156.25000000000        167.1875    
   1187.50000000000        56.47642    
   1218.75000000000        55.82740    
   1250.00000000000        275.0622    
   1281.25000000000        74.81728    
   1312.50000000000        84.52007    
   1343.75000000000        124.3528    
   1375.00000000000        166.3880    
   1406.25000000000        97.84388    
   1437.50000000000        62.01990    
   1468.75000000000        95.34510    
   1500.00000000000        35.70832    
   1531.25000000000        142.6329    
   1562.50000000000        229.0382    
   1593.75000000000        67.18051    
   1625.00000000000        114.9946    
   1656.25000000000        184.9492    
   1687.50000000000        162.2870    
   1718.75000000000        120.3444    
   1750.00000000000        160.0892    
   1781.25000000000        313.1543    
   1812.50000000000        269.2627    
   1843.75000000000        98.57029    
   1875.00000000000        93.14273    
   1906.25000000000        37.03185    
   1937.50000000000        69.00553    
   1968.75000000000        81.46496    
   2000.00000000000        42.78377    
   2031.25000000000        27.59466    
   2062.50000000000        71.73904    
   2093.75000000000        94.29639    
   2125.00000000000        67.75069    
   2156.25000000000        120.9553    
   2187.50000000000        122.2969    
   2218.75000000000        85.59951    
   2250.00000000000        56.21381    
   2281.25000000000        46.05016    
   2312.50000000000        94.32620    
   2343.75000000000        179.4535    
   2375.00000000000        31.98847    
   2406.25000000000        56.98006    
   2437.50000000000        106.7592    
   2468.75000000000        11.87079    
   2500.00000000000        161.4383    
   2531.25000000000        20.50774    
   2562.50000000000        64.96488    
   2593.75000000000        110.4730    
   2625.00000000000        46.12703    
   2656.25000000000        67.27040    
   2687.50000000000        157.5316    
   2718.75000000000        80.66467    
   2750.00000000000        88.90710    
   2781.25000000000        55.72831    
   2812.50000000000        152.4892    
   2843.75000000000        57.03722    
   2875.00000000000        161.2801    
   2906.25000000000        33.61743    
   2937.50000000000        221.6492    
   2968.75000000000        108.9133    
   3000.00000000000        138.3845    
   3031.25000000000        203.0501    
   3062.50000000000        249.4060    
   3093.75000000000        221.9708    
   3125.00000000000        152.0362    
   3156.25000000000        277.7570    
   3187.50000000000        123.1962    
   3218.75000000000        267.2967    
   3250.00000000000        219.3041    
   3281.25000000000        270.9440    
   3312.50000000000        253.5927    
   3343.75000000000        152.2149    
   3375.00000000000        133.3156    
   3406.25000000000        481.8763    
   3437.50000000000        167.3319    
   3468.75000000000        316.9485    
   3500.00000000000        300.4459    
   3531.25000000000        99.07740    
   3562.50000000000        282.0196    
   3593.75000000000        231.9402    
   3625.00000000000        169.2407    
   3656.25000000000        393.7341    
   3687.50000000000        318.9554    
   3718.75000000000        351.8237    
   3750.00000000000        267.5091    
   3781.25000000000        463.1550    
   3812.50000000000        304.5579    
   3843.75000000000        438.9902    
   3875.00000000000        372.3439    
   3906.25000000000        246.1294    
   3937.50000000000        516.1531    
   3968.75000000000        421.1894    
