  -4000.00000000000        207.1470    
  -3968.75000000000        379.4319    
  -3937.50000000000        498.5440    
  -3906.25000000000        228.5329    
  -3875.00000000000        350.4251    
  -3843.75000000000        387.4300    
  -3812.50000000000        286.7768    
  -3781.25000000000        406.7742    
  -3750.00000000000        255.2387    
  -3718.75000000000        324.9285    
  -3687.50000000000        303.5887    
  -3656.25000000000        364.3594    
  -3625.00000000000        177.2945    
  -3593.75000000000        234.9976    
  -3562.50000000000        247.7991    
  -3531.25000000000        94.61356    
  -3500.00000000000        298.9514    
  -3468.75000000000        261.7128    
  -3437.50000000000        159.4524    
  -3406.25000000000        444.7038    
  -3375.00000000000        130.0081    
  -3343.75000000000        128.0622    
  -3312.50000000000        258.4135    
  -3281.25000000000        214.8868    
  -3250.00000000000        195.8137    
  -3218.75000000000        233.5710    
  -3187.50000000000        106.3090    
  -3156.25000000000        256.3919    
  -3125.00000000000        158.0237    
  -3093.75000000000        202.7603    
  -3062.50000000000        236.4551    
  -3031.25000000000        181.5902    
  -3000.00000000000        116.8746    
  -2968.75000000000        111.5970    
  -2937.50000000000        222.0263    
  -2906.25000000000        22.84470    
  -2875.00000000000        136.2402    
  -2843.75000000000        68.92022    
  -2812.50000000000        148.0351    
  -2781.25000000000        51.79659    
  -2750.00000000000        77.73158    
  -2718.75000000000        69.30379    
  -2687.50000000000        139.2643    
  -2656.25000000000        62.12273    
  -2625.00000000000        26.61110    
  -2593.75000000000        103.8890    
  -2562.50000000000        57.21001    
  -2531.25000000000        21.94641    
  -2500.00000000000        146.7001    
  -2468.75000000000        19.30492    
  -2437.50000000000        97.61840    
  -2406.25000000000        66.52065    
  -2375.00000000000        23.98612    
  -2343.75000000000        143.0079    
  -2312.50000000000        95.85085    
  -2281.25000000000        42.25474    
  -2250.00000000000        59.04854    
  -2218.75000000000        67.73357    
  -2187.50000000000        104.8834    
  -2156.25000000000        116.5914    
  -2125.00000000000        66.06809    
  -2093.75000000000        87.40832    
  -2062.50000000000        69.73419    
  -2031.25000000000        24.90788    
  -2000.00000000000        46.90284    
  -1968.75000000000        73.59830    
  -1937.50000000000        60.64355    
  -1906.25000000000        34.78794    
  -1875.00000000000        81.67426    
  -1843.75000000000        103.0369    
  -1812.50000000000        264.3676    
  -1781.25000000000        315.1516    
  -1750.00000000000        163.2874    
  -1718.75000000000        110.8185    
  -1687.50000000000        157.3074    
  -1656.25000000000        187.0557    
  -1625.00000000000        105.4644    
  -1593.75000000000        61.24622    
  -1562.50000000000        218.0077    
  -1531.25000000000        118.5602    
  -1500.00000000000        43.86333    
  -1468.75000000000        82.09844    
  -1437.50000000000        54.50898    
  -1406.25000000000        81.88799    
  -1375.00000000000        139.9377    
  -1343.75000000000        109.4820    
  -1312.50000000000        100.2718    
  -1281.25000000000        82.65695    
  -1250.00000000000        236.1496    
  -1218.75000000000        48.94057    
  -1187.50000000000        48.93704    
  -1156.25000000000        145.6180    
  -1125.00000000000        38.47567    
  -1093.75000000000        98.75675    
  -1062.50000000000        180.2577    
  -1031.25000000000        67.29547    
  -1000.00000000000        96.44848    
  -968.750000000000        98.95508    
  -937.500000000000        36.70803    
  -906.250000000000        181.7169    
  -875.000000000000        97.08942    
  -843.750000000000        128.9041    
  -812.500000000000        221.7466    
  -781.250000000000        284.4995    
  -750.000000000000        203.3836    
  -718.750000000000        273.0038    
  -687.500000000000        253.8348    
  -656.250000000000        426.1672    
  -625.000000000000        52.53743    
  -593.750000000000        325.1389    
  -562.500000000000        130.0880    
  -531.250000000000        204.2478    
  -500.000000000000        321.9355    
  -468.750000000000        71.84959    
  -437.500000000000        255.8241    
  -406.250000000000        300.8881    
  -375.000000000000        703.3167    
  -343.750000000000        1119.618    
  -312.500000000000        575.6105    
  -281.250000000000        813.1686    
  -250.000000000000        413.2633    
  -218.750000000000        52.52570    
  -187.500000000000        385.0455    
  -156.250000000000        1405.081    
  -125.000000000000        1382.834    
  -93.7500000000000        505.7015    
  -62.5000000000000        1366.287    
  -31.2500000000000        2452.567    
  0.000000000000000E+000   6359.947    
   31.2500000000000        2427.364    
   62.5000000000000        1419.658    
   93.7500000000000        522.1600    
   125.000000000000        1426.334    
   156.250000000000        1468.622    
   187.500000000000        375.7773    
   218.750000000000        24.40239    
   250.000000000000        383.5383    
   281.250000000000        777.8964    
   312.500000000000        559.9579    
   343.750000000000        1093.608    
   375.000000000000        665.8624    
   406.250000000000        299.5957    
   437.500000000000        232.5571    
   468.750000000000        71.29929    
   500.000000000000        325.2604    
   531.250000000000        220.8587    
   562.500000000000        135.6800    
   593.750000000000        308.9616    
   625.000000000000        45.64626    
   656.250000000000        426.4814    
   687.500000000000        245.7239    
   718.750000000000        289.6827    
   750.000000000000        232.8694    
   781.250000000000        298.3246    
   812.500000000000        229.0591    
   843.750000000000        123.8578    
   875.000000000000        95.05008    
   906.250000000000        184.6537    
   937.500000000000        38.00515    
   968.750000000000        93.65695    
   1000.00000000000        108.1099    
   1031.25000000000        77.06500    
   1062.50000000000        165.3968    
   1093.75000000000        96.67111    
   1125.00000000000        38.11490    
   1156.25000000000        147.9729    
   1187.50000000000        42.06409    
   1218.75000000000        40.97515    
   1250.00000000000        242.0182    
   1281.25000000000        61.89802    
   1312.50000000000        86.13851    
   1343.75000000000        117.8582    
   1375.00000000000        146.1715    
   1406.25000000000        93.92448    
   1437.50000000000        43.52117    
   1468.75000000000        77.66584    
   1500.00000000000        31.27511    
   1531.25000000000        118.4882    
   1562.50000000000        204.5595    
   1593.75000000000        60.02472    
   1625.00000000000        100.5605    
   1656.25000000000        169.6098    
   1687.50000000000        148.5546    
   1718.75000000000        98.85574    
   1750.00000000000        151.8427    
   1781.25000000000        299.4113    
   1812.50000000000        252.0943    
   1843.75000000000        100.6732    
   1875.00000000000        84.50711    
   1906.25000000000        38.73283    
   1937.50000000000        58.28944    
   1968.75000000000        61.45414    
   2000.00000000000        48.00666    
   2031.25000000000        16.08903    
   2062.50000000000        77.38626    
   2093.75000000000        85.42915    
   2125.00000000000        64.32407    
   2156.25000000000        110.9980    
   2187.50000000000        108.9982    
   2218.75000000000        79.73691    
   2250.00000000000        62.89488    
   2281.25000000000        48.97122    
   2312.50000000000        94.84515    
   2343.75000000000        154.2247    
   2375.00000000000        31.65410    
   2406.25000000000        54.93273    
   2437.50000000000        93.22810    
   2468.75000000000        9.525982    
   2500.00000000000        147.4434    
   2531.25000000000        11.16976    
   2562.50000000000        79.80109    
   2593.75000000000        96.93471    
   2625.00000000000        41.54988    
   2656.25000000000        59.92687    
   2687.50000000000        152.9434    
   2718.75000000000        73.59603    
   2750.00000000000        69.46912    
   2781.25000000000        46.65402    
   2812.50000000000        150.8929    
   2843.75000000000        72.57239    
   2875.00000000000        148.0582    
   2906.25000000000        26.68230    
   2937.50000000000        210.0413    
   2968.75000000000        108.2266    
   3000.00000000000        117.2110    
   3031.25000000000        199.6055    
   3062.50000000000        238.3934    
   3093.75000000000        201.8284    
   3125.00000000000        149.3958    
   3156.25000000000        249.8406    
   3187.50000000000        110.6912    
   3218.75000000000        253.7288    
   3250.00000000000        203.9873    
   3281.25000000000        239.9990    
   3312.50000000000        236.2644    
   3343.75000000000        123.0996    
   3375.00000000000        132.8804    
   3406.25000000000        446.4708    
   3437.50000000000        144.8152    
   3468.75000000000        276.1298    
   3500.00000000000        283.9154    
   3531.25000000000        88.87259    
   3562.50000000000        258.5379    
   3593.75000000000        214.5144    
   3625.00000000000        159.5597    
   3656.25000000000        355.9749    
   3687.50000000000        300.8440    
   3718.75000000000        315.1779    
   3750.00000000000        255.9008    
   3781.25000000000        434.6335    
   3812.50000000000        273.2056    
   3843.75000000000        396.3055    
   3875.00000000000        343.7029    
   3906.25000000000        225.4648    
   3937.50000000000        480.5292    
   3968.75000000000        394.7945    
