  -4000.00000000000        213.7924    
  -3968.75000000000        401.0820    
  -3937.50000000000        518.9271    
  -3906.25000000000        231.6437    
  -3875.00000000000        365.9226    
  -3843.75000000000        401.8852    
  -3812.50000000000        296.6021    
  -3781.25000000000        419.2011    
  -3750.00000000000        268.8522    
  -3718.75000000000        329.9485    
  -3687.50000000000        307.1359    
  -3656.25000000000        368.2675    
  -3625.00000000000        181.9784    
  -3593.75000000000        239.6713    
  -3562.50000000000        263.1173    
  -3531.25000000000        94.92822    
  -3500.00000000000        309.4013    
  -3468.75000000000        260.2656    
  -3437.50000000000        161.9344    
  -3406.25000000000        454.5334    
  -3375.00000000000        130.7960    
  -3343.75000000000        130.5181    
  -3312.50000000000        261.4224    
  -3281.25000000000        229.8311    
  -3250.00000000000        198.0667    
  -3218.75000000000        243.0044    
  -3187.50000000000        100.5815    
  -3156.25000000000        261.8221    
  -3125.00000000000        156.1973    
  -3093.75000000000        213.7912    
  -3062.50000000000        239.4386    
  -3031.25000000000        189.8009    
  -3000.00000000000        111.0551    
  -2968.75000000000        115.9559    
  -2937.50000000000        207.4303    
  -2906.25000000000        31.81395    
  -2875.00000000000        138.4824    
  -2843.75000000000        61.32164    
  -2812.50000000000        151.4824    
  -2781.25000000000        55.74740    
  -2750.00000000000        74.12493    
  -2718.75000000000        90.21556    
  -2687.50000000000        155.0573    
  -2656.25000000000        71.98932    
  -2625.00000000000        31.74819    
  -2593.75000000000        106.9868    
  -2562.50000000000        64.96968    
  -2531.25000000000        27.06488    
  -2500.00000000000        150.5207    
  -2468.75000000000        12.98752    
  -2437.50000000000        97.70986    
  -2406.25000000000        62.49662    
  -2375.00000000000        22.89412    
  -2343.75000000000        134.8655    
  -2312.50000000000        93.24239    
  -2281.25000000000        44.31559    
  -2250.00000000000        49.17862    
  -2218.75000000000        74.36722    
  -2187.50000000000        113.3672    
  -2156.25000000000        110.7274    
  -2125.00000000000        72.67097    
  -2093.75000000000        97.62711    
  -2062.50000000000        74.07204    
  -2031.25000000000        23.03428    
  -2000.00000000000        50.43889    
  -1968.75000000000        68.28214    
  -1937.50000000000        61.35744    
  -1906.25000000000        36.67312    
  -1875.00000000000        91.29789    
  -1843.75000000000        105.4612    
  -1812.50000000000        275.9485    
  -1781.25000000000        341.0622    
  -1750.00000000000        172.2253    
  -1718.75000000000        122.7570    
  -1687.50000000000        157.1632    
  -1656.25000000000        182.5312    
  -1625.00000000000        117.1378    
  -1593.75000000000        50.44412    
  -1562.50000000000        223.3828    
  -1531.25000000000        126.5184    
  -1500.00000000000        50.94984    
  -1468.75000000000        78.47614    
  -1437.50000000000        59.79555    
  -1406.25000000000        88.27274    
  -1375.00000000000        143.1144    
  -1343.75000000000        116.9720    
  -1312.50000000000        106.1546    
  -1281.25000000000        85.68325    
  -1250.00000000000        234.2656    
  -1218.75000000000        45.59991    
  -1187.50000000000        33.22734    
  -1156.25000000000        154.0203    
  -1125.00000000000        36.52613    
  -1093.75000000000        99.64537    
  -1062.50000000000        179.5730    
  -1031.25000000000        70.52824    
  -1000.00000000000        96.82915    
  -968.750000000000        100.8317    
  -937.500000000000        45.93841    
  -906.250000000000        178.4536    
  -875.000000000000        82.91982    
  -843.750000000000        142.4166    
  -812.500000000000        229.6908    
  -781.250000000000        299.3223    
  -750.000000000000        228.6616    
  -718.750000000000        295.8680    
  -687.500000000000        246.6624    
  -656.250000000000        453.3674    
  -625.000000000000        34.50299    
  -593.750000000000        322.7893    
  -562.500000000000        128.1504    
  -531.250000000000        207.8119    
  -500.000000000000        325.6991    
  -468.750000000000        95.96382    
  -437.500000000000        262.4987    
  -406.250000000000        314.6032    
  -375.000000000000        716.1366    
  -343.750000000000        1161.241    
  -312.500000000000        600.8480    
  -281.250000000000        850.0269    
  -250.000000000000        436.4913    
  -218.750000000000        56.72151    
  -187.500000000000        383.7393    
  -156.250000000000        1457.124    
  -125.000000000000        1440.874    
  -93.7500000000000        508.9847    
  -62.5000000000000        1407.078    
  -31.2500000000000        2549.054    
  0.000000000000000E+000   6611.142    
   31.2500000000000        2493.015    
   62.5000000000000        1472.068    
   93.7500000000000        536.7808    
   125.000000000000        1481.992    
   156.250000000000        1535.562    
   187.500000000000        392.2441    
   218.750000000000        21.64543    
   250.000000000000        388.7944    
   281.250000000000        811.2464    
   312.500000000000        590.7811    
   343.750000000000        1136.885    
   375.000000000000        681.2473    
   406.250000000000        305.6832    
   437.500000000000        227.6942    
   468.750000000000        81.14337    
   500.000000000000        337.5157    
   531.250000000000        221.9955    
   562.500000000000        148.6166    
   593.750000000000        339.1931    
   625.000000000000        40.02219    
   656.250000000000        454.9585    
   687.500000000000        243.1357    
   718.750000000000        308.8227    
   750.000000000000        227.6665    
   781.250000000000        299.4565    
   812.500000000000        224.8644    
   843.750000000000        122.0281    
   875.000000000000        88.04121    
   906.250000000000        172.8922    
   937.500000000000        38.51322    
   968.750000000000        93.64008    
   1000.00000000000        100.7116    
   1031.25000000000        76.85367    
   1062.50000000000        166.9938    
   1093.75000000000        104.9973    
   1125.00000000000        39.00185    
   1156.25000000000        152.1948    
   1187.50000000000        38.94585    
   1218.75000000000        44.26646    
   1250.00000000000        249.0236    
   1281.25000000000        80.81855    
   1312.50000000000        90.05417    
   1343.75000000000        119.4737    
   1375.00000000000        149.8724    
   1406.25000000000        96.09184    
   1437.50000000000        47.00546    
   1468.75000000000        79.82133    
   1500.00000000000        34.49074    
   1531.25000000000        132.8352    
   1562.50000000000        219.4456    
   1593.75000000000        59.63992    
   1625.00000000000        110.1353    
   1656.25000000000        165.5079    
   1687.50000000000        151.5035    
   1718.75000000000        106.7383    
   1750.00000000000        158.5225    
   1781.25000000000        305.7126    
   1812.50000000000        260.7506    
   1843.75000000000        106.3521    
   1875.00000000000        88.05540    
   1906.25000000000        36.74784    
   1937.50000000000        50.01540    
   1968.75000000000        74.69221    
   2000.00000000000        39.42712    
   2031.25000000000        22.06644    
   2062.50000000000        76.71749    
   2093.75000000000        85.63241    
   2125.00000000000        76.65210    
   2156.25000000000        117.0950    
   2187.50000000000        110.5942    
   2218.75000000000        76.37171    
   2250.00000000000        60.20475    
   2281.25000000000        47.08925    
   2312.50000000000        88.82101    
   2343.75000000000        159.6334    
   2375.00000000000        27.00710    
   2406.25000000000        54.55121    
   2437.50000000000        107.1375    
   2468.75000000000        11.92807    
   2500.00000000000        153.0940    
   2531.25000000000        15.02448    
   2562.50000000000        71.01692    
   2593.75000000000        106.4440    
   2625.00000000000        50.67947    
   2656.25000000000        52.71221    
   2687.50000000000        156.9152    
   2718.75000000000        80.24317    
   2750.00000000000        75.64379    
   2781.25000000000        51.17958    
   2812.50000000000        151.5592    
   2843.75000000000        60.91824    
   2875.00000000000        145.8905    
   2906.25000000000        35.20996    
   2937.50000000000        223.2075    
   2968.75000000000        118.0555    
   3000.00000000000        131.7136    
   3031.25000000000        190.3333    
   3062.50000000000        239.2437    
   3093.75000000000        209.6221    
   3125.00000000000        144.7243    
   3156.25000000000        266.0168    
   3187.50000000000        116.2089    
   3218.75000000000        248.3921    
   3250.00000000000        206.3011    
   3281.25000000000        250.0973    
   3312.50000000000        251.4783    
   3343.75000000000        137.9389    
   3375.00000000000        137.8670    
   3406.25000000000        462.2747    
   3437.50000000000        160.0639    
   3468.75000000000        294.3052    
   3500.00000000000        296.0096    
   3531.25000000000        85.73026    
   3562.50000000000        272.5521    
   3593.75000000000        214.2361    
   3625.00000000000        166.4826    
   3656.25000000000        359.5636    
   3687.50000000000        304.3785    
   3718.75000000000        331.9867    
   3750.00000000000        250.1844    
   3781.25000000000        446.1443    
   3812.50000000000        286.9948    
   3843.75000000000        415.1866    
   3875.00000000000        351.4728    
   3906.25000000000        235.8770    
   3937.50000000000        499.2005    
   3968.75000000000        409.7115    
