  -4000.00000000000        254.6976    
  -3968.75000000000        447.0995    
  -3937.50000000000        586.3626    
  -3906.25000000000        285.2313    
  -3875.00000000000        424.7190    
  -3843.75000000000        450.7966    
  -3812.50000000000        331.2190    
  -3781.25000000000        436.6256    
  -3750.00000000000        313.9949    
  -3718.75000000000        354.1034    
  -3687.50000000000        348.8489    
  -3656.25000000000        413.9658    
  -3625.00000000000        188.5599    
  -3593.75000000000        279.0851    
  -3562.50000000000        280.6401    
  -3531.25000000000        121.5832    
  -3500.00000000000        340.6829    
  -3468.75000000000        280.8422    
  -3437.50000000000        199.4888    
  -3406.25000000000        515.8052    
  -3375.00000000000        159.3830    
  -3343.75000000000        146.2630    
  -3312.50000000000        318.7082    
  -3281.25000000000        270.1618    
  -3250.00000000000        236.9144    
  -3218.75000000000        261.4249    
  -3187.50000000000        112.7991    
  -3156.25000000000        297.0178    
  -3125.00000000000        171.0275    
  -3093.75000000000        238.2855    
  -3062.50000000000        304.2373    
  -3031.25000000000        189.2539    
  -3000.00000000000        145.7939    
  -2968.75000000000        137.3063    
  -2937.50000000000        249.1347    
  -2906.25000000000        44.47866    
  -2875.00000000000        167.1749    
  -2843.75000000000        79.62400    
  -2812.50000000000        165.2571    
  -2781.25000000000        43.34315    
  -2750.00000000000        96.30661    
  -2718.75000000000        89.52949    
  -2687.50000000000        166.5964    
  -2656.25000000000        68.37662    
  -2625.00000000000        45.89251    
  -2593.75000000000        118.4947    
  -2562.50000000000        87.33096    
  -2531.25000000000        4.103199    
  -2500.00000000000        155.7566    
  -2468.75000000000        11.66805    
  -2437.50000000000        112.2002    
  -2406.25000000000        67.07830    
  -2375.00000000000        26.40472    
  -2343.75000000000        193.4137    
  -2312.50000000000        119.4826    
  -2281.25000000000        48.47630    
  -2250.00000000000        70.77801    
  -2218.75000000000        83.91332    
  -2187.50000000000        99.07540    
  -2156.25000000000        140.2540    
  -2125.00000000000        94.74047    
  -2093.75000000000        104.8163    
  -2062.50000000000        82.99599    
  -2031.25000000000        14.20414    
  -2000.00000000000        96.16937    
  -1968.75000000000        90.55186    
  -1937.50000000000        59.17988    
  -1906.25000000000        44.26798    
  -1875.00000000000        89.52538    
  -1843.75000000000        119.1751    
  -1812.50000000000        305.3355    
  -1781.25000000000        367.5269    
  -1750.00000000000        186.5789    
  -1718.75000000000        130.9521    
  -1687.50000000000        196.1421    
  -1656.25000000000        207.5801    
  -1625.00000000000        117.1334    
  -1593.75000000000        60.42447    
  -1562.50000000000        255.4993    
  -1531.25000000000        146.1853    
  -1500.00000000000        38.96064    
  -1468.75000000000        90.43132    
  -1437.50000000000        55.82641    
  -1406.25000000000        106.6504    
  -1375.00000000000        136.9935    
  -1343.75000000000        134.5079    
  -1312.50000000000        130.3461    
  -1281.25000000000        107.6118    
  -1250.00000000000        255.1038    
  -1218.75000000000        31.66980    
  -1187.50000000000        61.54935    
  -1156.25000000000        183.0954    
  -1125.00000000000        36.83712    
  -1093.75000000000        98.09106    
  -1062.50000000000        216.3788    
  -1031.25000000000        76.13396    
  -1000.00000000000        123.8274    
  -968.750000000000        114.0972    
  -937.500000000000        71.51781    
  -906.250000000000        195.0004    
  -875.000000000000        109.9140    
  -843.750000000000        141.3077    
  -812.500000000000        259.5217    
  -781.250000000000        322.5509    
  -750.000000000000        239.1515    
  -718.750000000000        342.1559    
  -687.500000000000        283.5410    
  -656.250000000000        518.4365    
  -625.000000000000        22.53597    
  -593.750000000000        376.1740    
  -562.500000000000        169.8330    
  -531.250000000000        208.4059    
  -500.000000000000        397.5094    
  -468.750000000000        100.5278    
  -437.500000000000        329.8251    
  -406.250000000000        368.2026    
  -375.000000000000        810.9459    
  -343.750000000000        1298.423    
  -312.500000000000        685.5773    
  -281.250000000000        938.9566    
  -250.000000000000        500.2610    
  -218.750000000000        59.36801    
  -187.500000000000        426.3842    
  -156.250000000000        1582.051    
  -125.000000000000        1594.031    
  -93.7500000000000        569.2781    
  -62.5000000000000        1562.620    
  -31.2500000000000        2888.840    
  0.000000000000000E+000   6922.706    
   31.2500000000000        2749.877    
   62.5000000000000        1656.973    
   93.7500000000000        596.5682    
   125.000000000000        1687.677    
   156.250000000000        1710.275    
   187.500000000000        449.7682    
   218.750000000000        13.57621    
   250.000000000000        474.9893    
   281.250000000000        863.2969    
   312.500000000000        652.6693    
   343.750000000000        1258.740    
   375.000000000000        738.0906    
   406.250000000000        337.4498    
   437.500000000000        235.3750    
   468.750000000000        85.23505    
   500.000000000000        354.2748    
   531.250000000000        251.6764    
   562.500000000000        167.8407    
   593.750000000000        374.5112    
   625.000000000000        48.84209    
   656.250000000000        503.3455    
   687.500000000000        295.0699    
   718.750000000000        351.5978    
   750.000000000000        254.4208    
   781.250000000000        335.1593    
   812.500000000000        242.6755    
   843.750000000000        126.2609    
   875.000000000000        116.1827    
   906.250000000000        186.5238    
   937.500000000000        64.31221    
   968.750000000000        130.8809    
   1000.00000000000        107.6604    
   1031.25000000000        71.87585    
   1062.50000000000        182.6381    
   1093.75000000000        101.3549    
   1125.00000000000        34.22124    
   1156.25000000000        149.8102    
   1187.50000000000        38.59766    
   1218.75000000000        48.82877    
   1250.00000000000        273.0652    
   1281.25000000000        63.22360    
   1312.50000000000        114.4401    
   1343.75000000000        124.2245    
   1375.00000000000        180.8974    
   1406.25000000000        102.3314    
   1437.50000000000        77.82615    
   1468.75000000000        83.49818    
   1500.00000000000        37.63715    
   1531.25000000000        123.2021    
   1562.50000000000        257.0322    
   1593.75000000000        55.72627    
   1625.00000000000        121.5329    
   1656.25000000000        170.7301    
   1687.50000000000        162.0838    
   1718.75000000000        97.83408    
   1750.00000000000        174.5521    
   1781.25000000000        359.2749    
   1812.50000000000        282.2915    
   1843.75000000000        103.3818    
   1875.00000000000        92.86601    
   1906.25000000000        30.73762    
   1937.50000000000        55.88972    
   1968.75000000000        79.71017    
   2000.00000000000        58.92738    
   2031.25000000000        34.59807    
   2062.50000000000        107.7790    
   2093.75000000000        92.54347    
   2125.00000000000        70.87257    
   2156.25000000000        110.5013    
   2187.50000000000        145.0002    
   2218.75000000000        105.1896    
   2250.00000000000        81.06522    
   2281.25000000000        51.52479    
   2312.50000000000        88.17467    
   2343.75000000000        173.1671    
   2375.00000000000        34.44908    
   2406.25000000000        60.95771    
   2437.50000000000        123.7379    
   2468.75000000000        16.70378    
   2500.00000000000        174.1767    
   2531.25000000000        26.73363    
   2562.50000000000        103.7905    
   2593.75000000000        119.2493    
   2625.00000000000        42.07367    
   2656.25000000000        82.38784    
   2687.50000000000        170.3091    
   2718.75000000000        83.00335    
   2750.00000000000        71.36541    
   2781.25000000000        43.12514    
   2812.50000000000        192.9874    
   2843.75000000000        65.60961    
   2875.00000000000        184.7272    
   2906.25000000000        25.61547    
   2937.50000000000        252.1603    
   2968.75000000000        120.8900    
   3000.00000000000        145.9736    
   3031.25000000000        222.1951    
   3062.50000000000        266.5772    
   3093.75000000000        225.6273    
   3125.00000000000        154.4491    
   3156.25000000000        293.9865    
   3187.50000000000        127.4241    
   3218.75000000000        282.5801    
   3250.00000000000        239.1637    
   3281.25000000000        279.7730    
   3312.50000000000        279.1370    
   3343.75000000000        143.9380    
   3375.00000000000        163.5745    
   3406.25000000000        513.9949    
   3437.50000000000        163.6978    
   3468.75000000000        341.7523    
   3500.00000000000        328.6138    
   3531.25000000000        123.5623    
   3562.50000000000        300.6445    
   3593.75000000000        252.2605    
   3625.00000000000        184.7316    
   3656.25000000000        403.9756    
   3687.50000000000        354.2531    
   3718.75000000000        361.1262    
   3750.00000000000        267.8713    
   3781.25000000000        506.2544    
   3812.50000000000        334.3079    
   3843.75000000000        476.1705    
   3875.00000000000        377.9044    
   3906.25000000000        269.8948    
   3937.50000000000        564.3475    
   3968.75000000000        454.8599    
