  -2000.00000000000        16.25535    
  -1984.37500000000        4.937146    
  -1968.75000000000        8.310495    
  -1953.12500000000        14.62647    
  -1937.50000000000        24.39434    
  -1921.87500000000        21.61499    
  -1906.25000000000        11.13457    
  -1890.62500000000        33.39382    
  -1875.00000000000        35.88049    
  -1859.37500000000        19.22929    
  -1843.75000000000        4.172363    
  -1828.12500000000        19.13742    
  -1812.50000000000        9.565255    
  -1796.87500000000        4.472044    
  -1781.25000000000        12.08908    
  -1765.62500000000        3.925664    
  -1750.00000000000        19.82762    
  -1734.37500000000        20.35626    
  -1718.75000000000        13.99056    
  -1703.12500000000        12.76520    
  -1687.50000000000        18.41449    
  -1671.87500000000        16.35773    
  -1656.25000000000        8.869827    
  -1640.62500000000        8.422307    
  -1625.00000000000        8.996709    
  -1609.37500000000        12.03077    
  -1593.75000000000        10.82788    
  -1578.12500000000        22.20683    
  -1562.50000000000        39.57184    
  -1546.87500000000        88.83819    
  -1531.25000000000        15.28765    
  -1515.62500000000        25.91338    
  -1500.00000000000        40.46782    
  -1484.37500000000        12.81138    
  -1468.75000000000        11.10181    
  -1453.12500000000        9.701133    
  -1437.50000000000        6.638979    
  -1421.87500000000        26.34896    
  -1406.25000000000        11.84280    
  -1390.62500000000        12.66321    
  -1375.00000000000        10.22080    
  -1359.37500000000        69.20149    
  -1343.75000000000        21.78563    
  -1328.12500000000        11.17597    
  -1312.50000000000        16.25345    
  -1296.87500000000        33.77652    
  -1281.25000000000        5.624635    
  -1265.62500000000        20.38811    
  -1250.00000000000        48.78624    
  -1234.37500000000        15.76847    
  -1218.75000000000        22.05877    
  -1203.12500000000        34.84268    
  -1187.50000000000        47.10051    
  -1171.87500000000        118.4643    
  -1156.25000000000        113.1150    
  -1140.62500000000        37.47286    
  -1125.00000000000        14.03436    
  -1109.37500000000        17.00436    
  -1093.75000000000        7.514421    
  -1078.12500000000        10.36598    
  -1062.50000000000        14.45688    
  -1046.87500000000        22.80913    
  -1031.25000000000        15.39880    
  -1015.62500000000        10.05765    
  -1000.00000000000        8.721653    
  -984.375000000000        33.15710    
  -968.750000000000        135.8075    
  -953.125000000000        40.72310    
  -937.500000000000        23.26959    
  -921.875000000000        55.73487    
  -906.250000000000        21.85977    
  -890.625000000000        7.931755    
  -875.000000000000        6.253344    
  -859.375000000000        25.45713    
  -843.750000000000        13.54368    
  -828.125000000000        28.15762    
  -812.500000000000        10.96728    
  -796.875000000000        33.35421    
  -781.250000000000        118.0111    
  -765.625000000000        126.1357    
  -750.000000000000        41.69464    
  -734.375000000000        40.14536    
  -718.750000000000        48.87828    
  -703.125000000000        72.66434    
  -687.500000000000        35.20032    
  -671.875000000000        48.63213    
  -656.250000000000        87.42581    
  -640.625000000000        34.69134    
  -625.000000000000        83.69759    
  -609.375000000000        133.2452    
  -593.750000000000        275.2351    
  -578.125000000000        853.7910    
  -562.500000000000        143.4619    
  -546.875000000000        47.42582    
  -531.250000000000        70.95565    
  -515.625000000000        37.76241    
  -500.000000000000        59.00059    
  -484.375000000000        22.19757    
  -468.750000000000        17.72549    
  -453.125000000000        52.47744    
  -437.500000000000        60.93496    
  -421.875000000000        48.39533    
  -406.250000000000        97.44519    
  -390.625000000000        221.8238    
  -375.000000000000        75.31701    
  -359.375000000000        41.99134    
  -343.750000000000        26.24925    
  -328.125000000000        45.62290    
  -312.500000000000        21.88918    
  -296.875000000000        50.14703    
  -281.250000000000        38.76369    
  -265.625000000000        88.38823    
  -250.000000000000        85.00040    
  -234.375000000000        68.21003    
  -218.750000000000        154.2991    
  -203.125000000000        518.9468    
  -187.500000000000        608.3647    
  -171.875000000000        195.9591    
  -156.250000000000        109.0280    
  -140.625000000000        74.97691    
  -125.000000000000        96.49793    
  -109.375000000000        43.56597    
  -93.7500000000000        32.05330    
  -78.1250000000000        63.53387    
  -62.5000000000000        35.12617    
  -46.8750000000000        37.04379    
  -31.2500000000000        12.56416    
  -15.6250000000000        67.62544    
  0.000000000000000E+000   19105.98    
   15.6250000000000        114.5605    
   31.2500000000000        64.83511    
   46.8750000000000        73.27264    
   62.5000000000000        15.40964    
   78.1250000000000        55.71045    
   93.7500000000000        19.48498    
   109.375000000000        14.47536    
   125.000000000000        52.86371    
   140.625000000000        38.81819    
   156.250000000000        51.67200    
   171.875000000000        81.97211    
   187.500000000000        228.0045    
   203.125000000000        140.2837    
   218.750000000000        86.69460    
   234.375000000000        28.76715    
   250.000000000000        56.22387    
   265.625000000000        35.15843    
   281.250000000000        39.05428    
   296.875000000000        29.19106    
   312.500000000000        57.94742    
   328.125000000000        22.50792    
   343.750000000000        29.89572    
   359.375000000000        74.70384    
   375.000000000000        172.7510    
   390.625000000000        424.5925    
   406.250000000000        82.28300    
   421.875000000000        45.88329    
   437.500000000000        63.21460    
   453.125000000000        44.02485    
   468.750000000000        42.26826    
   484.375000000000        15.01177    
   500.000000000000        38.14386    
   515.625000000000        49.19063    
   531.250000000000        69.23673    
   546.875000000000        52.11414    
   562.500000000000        139.0864    
   578.125000000000        873.5156    
   593.750000000000        329.7320    
   609.375000000000        150.0493    
   625.000000000000        106.5173    
   640.625000000000        72.23640    
   656.250000000000        48.33457    
   671.875000000000        53.35748    
   687.500000000000        54.90424    
   703.125000000000        72.81713    
   718.750000000000        44.64225    
   734.375000000000        60.49245    
   750.000000000000        68.21486    
   765.625000000000        216.9018    
   781.250000000000        260.9504    
   796.875000000000        62.27698    
   812.500000000000        41.58226    
   828.125000000000        26.16095    
   843.750000000000        16.68860    
   859.375000000000        5.055010    
   875.000000000000        10.30911    
   890.625000000000        51.78194    
   906.250000000000        42.37502    
   921.875000000000        53.60581    
   937.500000000000        21.15887    
   953.125000000000        25.91546    
   968.750000000000        183.1194    
   984.375000000000        14.59809    
   1000.00000000000        6.740285    
   1015.62500000000        2.934026    
   1031.25000000000        19.55405    
   1046.87500000000        12.21834    
   1062.50000000000        14.42204    
   1078.12500000000        16.98667    
   1093.75000000000        12.11570    
   1109.37500000000        29.20919    
   1125.00000000000        7.507010    
   1140.62500000000        13.22351    
   1156.25000000000        52.77383    
   1171.87500000000        66.58696    
   1187.50000000000        28.54793    
   1203.12500000000        29.33315    
   1218.75000000000        6.791452    
   1234.37500000000        17.03806    
   1250.00000000000        38.01145    
   1265.62500000000        14.95656    
   1281.25000000000        29.62824    
   1296.87500000000        36.09052    
   1312.50000000000        16.47543    
   1328.12500000000        15.57904    
   1343.75000000000        8.711731    
   1359.37500000000        43.14645    
   1375.00000000000        21.53530    
   1390.62500000000        16.27800    
   1406.25000000000        9.093596    
   1421.87500000000        21.66709    
   1437.50000000000        7.043578    
   1453.12500000000        30.10385    
   1468.75000000000        10.33841    
   1484.37500000000        27.08753    
   1500.00000000000        34.73567    
   1515.62500000000        21.93649    
   1531.25000000000        17.73385    
   1546.87500000000        88.94145    
   1562.50000000000        31.18611    
   1578.12500000000        25.73969    
   1593.75000000000        9.639937    
   1609.37500000000        7.991165    
   1625.00000000000        13.18721    
   1640.62500000000        14.05930    
   1656.25000000000        8.292664    
   1671.87500000000        14.83973    
   1687.50000000000        23.79956    
   1703.12500000000        13.53765    
   1718.75000000000        18.47095    
   1734.37500000000        14.55165    
   1750.00000000000        26.44003    
   1765.62500000000        3.735473    
   1781.25000000000        23.73599    
   1796.87500000000        15.17978    
   1812.50000000000        14.99714    
   1828.12500000000        17.24865    
   1843.75000000000        11.67489    
   1859.37500000000        17.33516    
   1875.00000000000        12.83795    
   1890.62500000000        28.93979    
   1906.25000000000        18.15707    
   1921.87500000000        21.23640    
   1937.50000000000        45.62826    
   1953.12500000000        21.57832    
   1968.75000000000        20.24151    
   1984.37500000000        4.414210    
