  -4000.00000000000        202.8275    
  -3968.75000000000        365.6158    
  -3937.50000000000        468.4142    
  -3906.25000000000        222.2665    
  -3875.00000000000        331.4095    
  -3843.75000000000        372.8080    
  -3812.50000000000        270.6993    
  -3781.25000000000        390.7941    
  -3750.00000000000        242.6356    
  -3718.75000000000        304.1763    
  -3687.50000000000        282.5202    
  -3656.25000000000        344.7393    
  -3625.00000000000        158.1234    
  -3593.75000000000        216.5206    
  -3562.50000000000        228.8776    
  -3531.25000000000        87.97859    
  -3500.00000000000        276.8007    
  -3468.75000000000        252.7132    
  -3437.50000000000        146.7623    
  -3406.25000000000        428.7397    
  -3375.00000000000        128.1837    
  -3343.75000000000        126.4125    
  -3312.50000000000        241.6141    
  -3281.25000000000        217.5139    
  -3250.00000000000        190.2557    
  -3218.75000000000        225.6957    
  -3187.50000000000        101.2222    
  -3156.25000000000        244.1948    
  -3125.00000000000        140.7542    
  -3093.75000000000        195.4206    
  -3062.50000000000        225.4200    
  -3031.25000000000        179.8814    
  -3000.00000000000        101.3837    
  -2968.75000000000        109.8085    
  -2937.50000000000        199.7453    
  -2906.25000000000        25.34730    
  -2875.00000000000        128.7678    
  -2843.75000000000        62.68518    
  -2812.50000000000        139.4697    
  -2781.25000000000        48.35292    
  -2750.00000000000        66.18714    
  -2718.75000000000        68.36758    
  -2687.50000000000        131.9163    
  -2656.25000000000        56.85592    
  -2625.00000000000        31.89163    
  -2593.75000000000        99.29121    
  -2562.50000000000        64.76589    
  -2531.25000000000        20.93701    
  -2500.00000000000        138.6645    
  -2468.75000000000        13.49722    
  -2437.50000000000        92.39508    
  -2406.25000000000        50.48648    
  -2375.00000000000        19.55814    
  -2343.75000000000        142.4806    
  -2312.50000000000        86.49875    
  -2281.25000000000        44.61277    
  -2250.00000000000        53.55864    
  -2218.75000000000        74.97184    
  -2187.50000000000        108.3469    
  -2156.25000000000        108.2945    
  -2125.00000000000        65.78849    
  -2093.75000000000        83.58918    
  -2062.50000000000        66.54560    
  -2031.25000000000        22.18676    
  -2000.00000000000        46.05730    
  -1968.75000000000        70.87362    
  -1937.50000000000        54.62307    
  -1906.25000000000        29.78988    
  -1875.00000000000        79.46690    
  -1843.75000000000        95.39262    
  -1812.50000000000        253.5358    
  -1781.25000000000        301.7252    
  -1750.00000000000        149.0673    
  -1718.75000000000        102.7346    
  -1687.50000000000        147.0327    
  -1656.25000000000        170.0123    
  -1625.00000000000        99.47092    
  -1593.75000000000        57.63872    
  -1562.50000000000        202.8166    
  -1531.25000000000        120.2841    
  -1500.00000000000        30.99405    
  -1468.75000000000        74.49179    
  -1437.50000000000        47.01516    
  -1406.25000000000        84.85354    
  -1375.00000000000        131.2088    
  -1343.75000000000        102.5376    
  -1312.50000000000        81.89050    
  -1281.25000000000        75.36020    
  -1250.00000000000        225.5694    
  -1218.75000000000        41.51663    
  -1187.50000000000        40.54085    
  -1156.25000000000        145.7794    
  -1125.00000000000        29.13190    
  -1093.75000000000        86.72995    
  -1062.50000000000        168.3364    
  -1031.25000000000        63.88042    
  -1000.00000000000        94.42047    
  -968.750000000000        91.00505    
  -937.500000000000        33.40667    
  -906.250000000000        163.0591    
  -875.000000000000        85.49263    
  -843.750000000000        122.0294    
  -812.500000000000        217.4723    
  -781.250000000000        278.3241    
  -750.000000000000        208.5324    
  -718.750000000000        270.9263    
  -687.500000000000        234.8932    
  -656.250000000000        417.0625    
  -625.000000000000        31.77705    
  -593.750000000000        303.7963    
  -562.500000000000        110.5245    
  -531.250000000000        194.1678    
  -500.000000000000        305.0726    
  -468.750000000000        74.24327    
  -437.500000000000        237.5353    
  -406.250000000000        296.9449    
  -375.000000000000        646.1093    
  -343.750000000000        1055.919    
  -312.500000000000        555.5657    
  -281.250000000000        763.8823    
  -250.000000000000        388.8401    
  -218.750000000000        47.84022    
  -187.500000000000        362.8722    
  -156.250000000000        1355.756    
  -125.000000000000        1329.325    
  -93.7500000000000        474.2575    
  -62.5000000000000        1315.042    
  -31.2500000000000        2353.484    
  0.000000000000000E+000   6194.759    
   31.2500000000000        2308.567    
   62.5000000000000        1334.661    
   93.7500000000000        492.1811    
   125.000000000000        1353.948    
   156.250000000000        1386.521    
   187.500000000000        360.2227    
   218.750000000000        24.86199    
   250.000000000000        384.3062    
   281.250000000000        746.6932    
   312.500000000000        539.8713    
   343.750000000000        1050.526    
   375.000000000000        641.8134    
   406.250000000000        282.5810    
   437.500000000000        219.0444    
   468.750000000000        76.85390    
   500.000000000000        309.3349    
   531.250000000000        202.6995    
   562.500000000000        126.5525    
   593.750000000000        307.4222    
   625.000000000000        36.99779    
   656.250000000000        420.6618    
   687.500000000000        235.0846    
   718.750000000000        280.5523    
   750.000000000000        215.3441    
   781.250000000000        278.0829    
   812.500000000000        214.8661    
   843.750000000000        121.6083    
   875.000000000000        85.13885    
   906.250000000000        161.8323    
   937.500000000000        35.60292    
   968.750000000000        95.70119    
   1000.00000000000        99.02267    
   1031.25000000000        70.48605    
   1062.50000000000        162.7589    
   1093.75000000000        90.18597    
   1125.00000000000        33.72258    
   1156.25000000000        144.0981    
   1187.50000000000        39.31912    
   1218.75000000000        45.77195    
   1250.00000000000        225.8552    
   1281.25000000000        75.69848    
   1312.50000000000        83.12377    
   1343.75000000000        104.9906    
   1375.00000000000        134.0977    
   1406.25000000000        87.51380    
   1437.50000000000        43.75820    
   1468.75000000000        69.59795    
   1500.00000000000        35.46944    
   1531.25000000000        116.5119    
   1562.50000000000        201.0870    
   1593.75000000000        59.81647    
   1625.00000000000        102.9137    
   1656.25000000000        161.6696    
   1687.50000000000        146.0750    
   1718.75000000000        106.0655    
   1750.00000000000        147.2378    
   1781.25000000000        285.6031    
   1812.50000000000        240.3312    
   1843.75000000000        91.15668    
   1875.00000000000        81.51074    
   1906.25000000000        32.19277    
   1937.50000000000        50.92377    
   1968.75000000000        66.62975    
   2000.00000000000        44.57794    
   2031.25000000000        15.68465    
   2062.50000000000        65.24068    
   2093.75000000000        88.18592    
   2125.00000000000        64.28986    
   2156.25000000000        109.0703    
   2187.50000000000        104.8797    
   2218.75000000000        77.11593    
   2250.00000000000        51.94107    
   2281.25000000000        44.26402    
   2312.50000000000        88.75240    
   2343.75000000000        147.0294    
   2375.00000000000        22.00803    
   2406.25000000000        56.40568    
   2437.50000000000        93.24579    
   2468.75000000000        12.62109    
   2500.00000000000        138.2783    
   2531.25000000000        16.77785    
   2562.50000000000        62.79742    
   2593.75000000000        99.48631    
   2625.00000000000        32.89389    
   2656.25000000000        55.88506    
   2687.50000000000        135.8147    
   2718.75000000000        67.77026    
   2750.00000000000        72.17655    
   2781.25000000000        42.91943    
   2812.50000000000        144.8834    
   2843.75000000000        64.88140    
   2875.00000000000        133.4787    
   2906.25000000000        25.57295    
   2937.50000000000        199.0565    
   2968.75000000000        108.4186    
   3000.00000000000        112.0302    
   3031.25000000000        184.6373    
   3062.50000000000        222.5957    
   3093.75000000000        188.6047    
   3125.00000000000        142.1647    
   3156.25000000000        242.6866    
   3187.50000000000        103.4036    
   3218.75000000000        233.3642    
   3250.00000000000        190.9504    
   3281.25000000000        221.6956    
   3312.50000000000        232.5311    
   3343.75000000000        121.0738    
   3375.00000000000        127.6186    
   3406.25000000000        424.7994    
   3437.50000000000        148.6950    
   3468.75000000000        263.3292    
   3500.00000000000        274.3430    
   3531.25000000000        80.71320    
   3562.50000000000        243.7461    
   3593.75000000000        210.0184    
   3625.00000000000        149.5228    
   3656.25000000000        342.0737    
   3687.50000000000        276.5784    
   3718.75000000000        304.6497    
   3750.00000000000        235.3156    
   3781.25000000000        399.3228    
   3812.50000000000        263.5545    
   3843.75000000000        379.4452    
   3875.00000000000        329.9427    
   3906.25000000000        215.8740    
   3937.50000000000        464.3211    
   3968.75000000000        370.8078    
