  -2000.00000000000        5.667177    
  -1984.37500000000        7.095421    
  -1968.75000000000        4.461436    
  -1953.12500000000        13.50795    
  -1937.50000000000        26.68521    
  -1921.87500000000        9.632281    
  -1906.25000000000        15.18973    
  -1890.62500000000        15.07491    
  -1875.00000000000        6.932569    
  -1859.37500000000        15.01595    
  -1843.75000000000        1.502932    
  -1828.12500000000        11.29456    
  -1812.50000000000        5.475737    
  -1796.87500000000        8.367562    
  -1781.25000000000        13.73266    
  -1765.62500000000        1.056146    
  -1750.00000000000        38.06636    
  -1734.37500000000        14.86892    
  -1718.75000000000        10.17734    
  -1703.12500000000        9.436010    
  -1687.50000000000        10.20039    
  -1671.87500000000        6.661948    
  -1656.25000000000        6.505102    
  -1640.62500000000        6.245872    
  -1625.00000000000        2.510634    
  -1609.37500000000        11.97460    
  -1593.75000000000        10.34589    
  -1578.12500000000        22.41291    
  -1562.50000000000        8.746654    
  -1546.87500000000        26.05285    
  -1531.25000000000        5.314554    
  -1515.62500000000        7.588959    
  -1500.00000000000        24.20976    
  -1484.37500000000        12.45423    
  -1468.75000000000        3.618197    
  -1453.12500000000        1.767596    
  -1437.50000000000        10.21563    
  -1421.87500000000        9.539707    
  -1406.25000000000        4.797190    
  -1390.62500000000        6.188609    
  -1375.00000000000        17.59287    
  -1359.37500000000        61.98622    
  -1343.75000000000        13.46942    
  -1328.12500000000        8.525390    
  -1312.50000000000        7.552372    
  -1296.87500000000        17.15581    
  -1281.25000000000        13.15993    
  -1265.62500000000        4.200861    
  -1250.00000000000        29.61564    
  -1234.37500000000        14.78933    
  -1218.75000000000        7.631938    
  -1203.12500000000        17.00144    
  -1187.50000000000        16.84129    
  -1171.87500000000        51.52151    
  -1156.25000000000        56.46730    
  -1140.62500000000        24.09746    
  -1125.00000000000        4.675210    
  -1109.37500000000        16.80577    
  -1093.75000000000        15.59586    
  -1078.12500000000        3.109358    
  -1062.50000000000        4.457941    
  -1046.87500000000        7.379826    
  -1031.25000000000        23.67772    
  -1015.62500000000        4.387011    
  -1000.00000000000        7.396736    
  -984.375000000000        7.037592    
  -968.750000000000        72.92237    
  -953.125000000000        20.16319    
  -937.500000000000        15.30720    
  -921.875000000000        35.74347    
  -906.250000000000        22.86332    
  -890.625000000000        9.433484    
  -875.000000000000        4.339728    
  -859.375000000000        10.90542    
  -843.750000000000        16.67787    
  -828.125000000000        1.487299    
  -812.500000000000        16.53462    
  -796.875000000000        23.10343    
  -781.250000000000        101.3622    
  -765.625000000000        89.10912    
  -750.000000000000        35.98473    
  -734.375000000000        27.94079    
  -718.750000000000        34.58079    
  -703.125000000000        26.52592    
  -687.500000000000        16.42775    
  -671.875000000000        30.08070    
  -656.250000000000        26.41316    
  -640.625000000000        32.45512    
  -625.000000000000        57.36025    
  -609.375000000000        80.13664    
  -593.750000000000        175.4958    
  -578.125000000000        496.4613    
  -562.500000000000        82.85390    
  -546.875000000000        33.69338    
  -531.250000000000        35.59034    
  -515.625000000000        35.97875    
  -500.000000000000        15.95913    
  -484.375000000000        8.475705    
  -468.750000000000        8.172913    
  -453.125000000000        12.94749    
  -437.500000000000        26.49734    
  -421.875000000000        22.01050    
  -406.250000000000        46.87041    
  -390.625000000000        168.3842    
  -375.000000000000        50.69631    
  -359.375000000000        27.91483    
  -343.750000000000        6.258782    
  -328.125000000000        17.11180    
  -312.500000000000        23.17272    
  -296.875000000000        27.30308    
  -281.250000000000        11.41143    
  -265.625000000000        34.06043    
  -250.000000000000        40.23484    
  -234.375000000000        28.00412    
  -218.750000000000        62.88869    
  -203.125000000000        251.4544    
  -187.500000000000        274.7889    
  -171.875000000000        82.75529    
  -156.250000000000        46.18061    
  -140.625000000000        33.44223    
  -125.000000000000        30.37136    
  -109.375000000000        16.38169    
  -93.7500000000000        8.842299    
  -78.1250000000000        35.29307    
  -62.5000000000000        20.72573    
  -46.8750000000000        11.07201    
  -31.2500000000000        12.87041    
  -15.6250000000000        54.52518    
  0.000000000000000E+000   11584.48    
   15.6250000000000        56.56162    
   31.2500000000000        18.68590    
   46.8750000000000        38.15659    
   62.5000000000000        2.546663    
   78.1250000000000        39.33493    
   93.7500000000000        13.85890    
   109.375000000000        3.561245    
   125.000000000000        34.71711    
   140.625000000000        16.36571    
   156.250000000000        25.91514    
   171.875000000000        34.97312    
   187.500000000000        91.56760    
   203.125000000000        89.18183    
   218.750000000000        33.97974    
   234.375000000000        19.08213    
   250.000000000000        39.92730    
   265.625000000000        4.031898    
   281.250000000000        16.95600    
   296.875000000000        2.531225    
   312.500000000000        20.23180    
   328.125000000000        9.812125    
   343.750000000000        10.64198    
   359.375000000000        35.45338    
   375.000000000000        90.10150    
   390.625000000000        231.8681    
   406.250000000000        60.32538    
   421.875000000000        33.90833    
   437.500000000000        35.56000    
   453.125000000000        10.85443    
   468.750000000000        3.171918    
   484.375000000000        6.710979    
   500.000000000000        14.24727    
   515.625000000000        41.72744    
   531.250000000000        35.05353    
   546.875000000000        34.59080    
   562.500000000000        83.50816    
   578.125000000000        497.3633    
   593.750000000000        176.7550    
   609.375000000000        80.11943    
   625.000000000000        58.73092    
   640.625000000000        34.84072    
   656.250000000000        45.50184    
   671.875000000000        25.13646    
   687.500000000000        27.73437    
   703.125000000000        23.24461    
   718.750000000000        39.41388    
   734.375000000000        35.31007    
   750.000000000000        40.47063    
   765.625000000000        95.94032    
   781.250000000000        127.6815    
   796.875000000000        32.57156    
   812.500000000000        11.64255    
   828.125000000000        10.99240    
   843.750000000000        13.64163    
   859.375000000000        6.336749    
   875.000000000000        4.422244    
   890.625000000000        7.902555    
   906.250000000000        18.54820    
   921.875000000000        37.89290    
   937.500000000000        18.82072    
   953.125000000000        25.68820    
   968.750000000000        64.52282    
   984.375000000000        23.48157    
   1000.00000000000        6.281597    
   1015.62500000000        7.060632    
   1031.25000000000        7.099480    
   1046.87500000000        8.432386    
   1062.50000000000        5.976861    
   1078.12500000000        8.691676    
   1093.75000000000        14.16107    
   1109.37500000000        7.976207    
   1125.00000000000        7.610888    
   1140.62500000000        18.02249    
   1156.25000000000        53.00766    
   1171.87500000000        67.36267    
   1187.50000000000        15.05692    
   1203.12500000000        20.53313    
   1218.75000000000        17.00609    
   1234.37500000000        13.52396    
   1250.00000000000        32.34993    
   1265.62500000000        8.401002    
   1281.25000000000        21.15907    
   1296.87500000000        23.97412    
   1312.50000000000        10.59271    
   1328.12500000000        5.206832    
   1343.75000000000        11.97301    
   1359.37500000000        44.05238    
   1375.00000000000        4.432600    
   1390.62500000000        6.141627    
   1406.25000000000        7.857087    
   1421.87500000000        9.855103    
   1437.50000000000        3.483714    
   1453.12500000000        15.29923    
   1468.75000000000        15.66346    
   1484.37500000000        20.04453    
   1500.00000000000        18.84596    
   1515.62500000000        1.979018    
   1531.25000000000        9.216972    
   1546.87500000000        30.48969    
   1562.50000000000        8.123118    
   1578.12500000000        20.06603    
   1593.75000000000        2.817376    
   1609.37500000000        11.57192    
   1625.00000000000        6.556768    
   1640.62500000000        7.429037    
   1656.25000000000        7.191577    
   1671.87500000000        28.77250    
   1687.50000000000        5.753779    
   1703.12500000000        6.098581    
   1718.75000000000        9.121912    
   1734.37500000000        7.823229    
   1750.00000000000        26.86805    
   1765.62500000000        5.466850    
   1781.25000000000        8.616806    
   1796.87500000000        7.289050    
   1812.50000000000        14.50264    
   1828.12500000000        14.09629    
   1843.75000000000        12.21047    
   1859.37500000000        9.949421    
   1875.00000000000        22.07775    
   1890.62500000000        9.880020    
   1906.25000000000        6.751255    
   1921.87500000000        18.39609    
   1937.50000000000        7.135594    
   1953.12500000000        13.67035    
   1968.75000000000        15.86250    
   1984.37500000000        3.496160    
