  -4000.00000000000        195.6525    
  -3968.75000000000        360.2966    
  -3937.50000000000        455.7200    
  -3906.25000000000        214.1568    
  -3875.00000000000        324.6976    
  -3843.75000000000        365.5856    
  -3812.50000000000        261.2261    
  -3781.25000000000        388.2985    
  -3750.00000000000        234.2152    
  -3718.75000000000        299.0678    
  -3687.50000000000        274.3433    
  -3656.25000000000        335.1669    
  -3625.00000000000        154.2605    
  -3593.75000000000        209.9974    
  -3562.50000000000        237.9060    
  -3531.25000000000        83.17969    
  -3500.00000000000        268.3252    
  -3468.75000000000        252.4874    
  -3437.50000000000        145.9903    
  -3406.25000000000        416.5812    
  -3375.00000000000        126.0122    
  -3343.75000000000        121.2128    
  -3312.50000000000        231.0695    
  -3281.25000000000        214.0200    
  -3250.00000000000        184.1319    
  -3218.75000000000        225.6366    
  -3187.50000000000        100.5169    
  -3156.25000000000        238.2108    
  -3125.00000000000        139.9388    
  -3093.75000000000        188.8272    
  -3062.50000000000        218.7320    
  -3031.25000000000        173.7792    
  -3000.00000000000        108.0349    
  -2968.75000000000        106.5778    
  -2937.50000000000        194.6177    
  -2906.25000000000        26.32801    
  -2875.00000000000        128.7995    
  -2843.75000000000        59.54861    
  -2812.50000000000        137.9696    
  -2781.25000000000        47.12365    
  -2750.00000000000        68.20409    
  -2718.75000000000        69.99820    
  -2687.50000000000        132.1448    
  -2656.25000000000        53.12070    
  -2625.00000000000        33.78275    
  -2593.75000000000        94.57469    
  -2562.50000000000        61.67402    
  -2531.25000000000        17.95591    
  -2500.00000000000        137.3893    
  -2468.75000000000        12.04441    
  -2437.50000000000        92.23864    
  -2406.25000000000        51.44283    
  -2375.00000000000        22.16946    
  -2343.75000000000        138.6487    
  -2312.50000000000        84.46621    
  -2281.25000000000        39.60176    
  -2250.00000000000        50.47937    
  -2218.75000000000        71.33981    
  -2187.50000000000        102.6485    
  -2156.25000000000        105.1154    
  -2125.00000000000        63.69999    
  -2093.75000000000        82.21964    
  -2062.50000000000        64.32053    
  -2031.25000000000        18.74501    
  -2000.00000000000        42.69351    
  -1968.75000000000        66.19375    
  -1937.50000000000        48.89817    
  -1906.25000000000        31.99273    
  -1875.00000000000        78.65748    
  -1843.75000000000        91.83078    
  -1812.50000000000        242.8420    
  -1781.25000000000        288.7779    
  -1750.00000000000        145.0265    
  -1718.75000000000        101.7202    
  -1687.50000000000        140.7299    
  -1656.25000000000        163.1588    
  -1625.00000000000        100.5658    
  -1593.75000000000        53.37074    
  -1562.50000000000        199.0307    
  -1531.25000000000        115.1331    
  -1500.00000000000        35.08965    
  -1468.75000000000        71.83412    
  -1437.50000000000        43.62693    
  -1406.25000000000        81.79272    
  -1375.00000000000        129.3291    
  -1343.75000000000        104.9576    
  -1312.50000000000        83.13789    
  -1281.25000000000        70.47854    
  -1250.00000000000        221.7804    
  -1218.75000000000        42.20228    
  -1187.50000000000        38.49355    
  -1156.25000000000        141.9464    
  -1125.00000000000        32.67905    
  -1093.75000000000        87.78127    
  -1062.50000000000        162.2561    
  -1031.25000000000        67.16238    
  -1000.00000000000        91.41342    
  -968.750000000000        89.20969    
  -937.500000000000        35.09113    
  -906.250000000000        161.3390    
  -875.000000000000        86.05563    
  -843.750000000000        121.4264    
  -812.500000000000        215.0112    
  -781.250000000000        272.1510    
  -750.000000000000        208.4938    
  -718.750000000000        267.0076    
  -687.500000000000        227.2082    
  -656.250000000000        405.4964    
  -625.000000000000        35.17306    
  -593.750000000000        297.8393    
  -562.500000000000        117.1037    
  -531.250000000000        194.2413    
  -500.000000000000        298.7441    
  -468.750000000000        71.75423    
  -437.500000000000        224.6778    
  -406.250000000000        281.3503    
  -375.000000000000        631.1933    
  -343.750000000000        1035.397    
  -312.500000000000        541.0765    
  -281.250000000000        743.4015    
  -250.000000000000        375.3456    
  -218.750000000000        36.02222    
  -187.500000000000        345.8101    
  -156.250000000000        1333.687    
  -125.000000000000        1314.800    
  -93.7500000000000        469.6082    
  -62.5000000000000        1299.460    
  -31.2500000000000        2279.705    
  0.000000000000000E+000   6010.169    
   31.2500000000000        2266.709    
   62.5000000000000        1300.906    
   93.7500000000000        480.0695    
   125.000000000000        1310.807    
   156.250000000000        1338.556    
   187.500000000000        348.5412    
   218.750000000000        31.83611    
   250.000000000000        374.6453    
   281.250000000000        739.8171    
   312.500000000000        538.3303    
   343.750000000000        1033.644    
   375.000000000000        632.1277    
   406.250000000000        279.3072    
   437.500000000000        222.5169    
   468.750000000000        72.65647    
   500.000000000000        298.8522    
   531.250000000000        194.5612    
   562.500000000000        118.1299    
   593.750000000000        298.2133    
   625.000000000000        35.69438    
   656.250000000000        405.9677    
   687.500000000000        228.0570    
   718.750000000000        266.7262    
   750.000000000000        208.3728    
   781.250000000000        271.8401    
   812.500000000000        214.8052    
   843.750000000000        121.8824    
   875.000000000000        85.54675    
   906.250000000000        161.6612    
   937.500000000000        34.78135    
   968.750000000000        89.51604    
   1000.00000000000        91.11754    
   1031.25000000000        67.82948    
   1062.50000000000        161.4846    
   1093.75000000000        87.77569    
   1125.00000000000        32.67440    
   1156.25000000000        142.2681    
   1187.50000000000        38.38486    
   1218.75000000000        42.24947    
   1250.00000000000        221.8850    
   1281.25000000000        70.41454    
   1312.50000000000        83.37811    
   1343.75000000000        105.3749    
   1375.00000000000        129.4455    
   1406.25000000000        82.11697    
   1437.50000000000        42.94252    
   1468.75000000000        71.71420    
   1500.00000000000        35.45373    
   1531.25000000000        115.2309    
   1562.50000000000        198.5122    
   1593.75000000000        53.02370    
   1625.00000000000        100.2782    
   1656.25000000000        162.3020    
   1687.50000000000        140.3725    
   1718.75000000000        101.4962    
   1750.00000000000        145.1498    
   1781.25000000000        288.0986    
   1812.50000000000        242.1259    
   1843.75000000000        91.63089    
   1875.00000000000        78.53854    
   1906.25000000000        31.97017    
   1937.50000000000        49.07145    
   1968.75000000000        66.43928    
   2000.00000000000        42.16242    
   2031.25000000000        18.43728    
   2062.50000000000        64.28897    
   2093.75000000000        82.39858    
   2125.00000000000        63.80616    
   2156.25000000000        105.4917    
   2187.50000000000        102.4377    
   2218.75000000000        71.16083    
   2250.00000000000        50.53514    
   2281.25000000000        39.94545    
   2312.50000000000        84.33884    
   2343.75000000000        139.0977    
   2375.00000000000        22.19404    
   2406.25000000000        51.31216    
   2437.50000000000        92.32192    
   2468.75000000000        11.98607    
   2500.00000000000        137.5315    
   2531.25000000000        18.21614    
   2562.50000000000        61.90116    
   2593.75000000000        94.74545    
   2625.00000000000        33.76021    
   2656.25000000000        52.86295    
   2687.50000000000        132.4594    
   2718.75000000000        69.77631    
   2750.00000000000        68.37160    
   2781.25000000000        46.98088    
   2812.50000000000        138.3958    
   2843.75000000000        59.40166    
   2875.00000000000        128.7762    
   2906.25000000000        26.11167    
   2937.50000000000        194.7524    
   2968.75000000000        106.2650    
   3000.00000000000        108.5475    
   3031.25000000000        174.0212    
   3062.50000000000        218.5664    
   3093.75000000000        188.8114    
   3125.00000000000        139.4182    
   3156.25000000000        238.1821    
   3187.50000000000        100.5874    
   3218.75000000000        226.1687    
   3250.00000000000        184.5442    
   3281.25000000000        214.3814    
   3312.50000000000        230.4919    
   3343.75000000000        121.5076    
   3375.00000000000        125.8834    
   3406.25000000000        416.6112    
   3437.50000000000        145.8308    
   3468.75000000000        253.3476    
   3500.00000000000        267.7744    
   3531.25000000000        83.14906    
   3562.50000000000        238.1927    
   3593.75000000000        209.4830    
   3625.00000000000        153.8938    
   3656.25000000000        334.9536    
   3687.50000000000        273.9289    
   3718.75000000000        299.5323    
   3750.00000000000        233.9947    
   3781.25000000000        389.0654    
   3812.50000000000        260.6535    
   3843.75000000000        366.3775    
   3875.00000000000        324.4221    
   3906.25000000000        213.9602    
   3937.50000000000        455.4277    
   3968.75000000000        360.8232    
