  -4000.00000000000        233.3374    
  -3968.75000000000        416.4506    
  -3937.50000000000        542.9403    
  -3906.25000000000        247.8888    
  -3875.00000000000        396.5968    
  -3843.75000000000        416.6694    
  -3812.50000000000        312.8828    
  -3781.25000000000        432.8991    
  -3750.00000000000        288.2536    
  -3718.75000000000        348.1160    
  -3687.50000000000        333.7064    
  -3656.25000000000        388.8678    
  -3625.00000000000        186.5213    
  -3593.75000000000        259.6588    
  -3562.50000000000        278.9224    
  -3531.25000000000        106.9079    
  -3500.00000000000        325.4231    
  -3468.75000000000        275.7261    
  -3437.50000000000        163.0780    
  -3406.25000000000        482.3280    
  -3375.00000000000        154.5956    
  -3343.75000000000        140.6213    
  -3312.50000000000        276.4106    
  -3281.25000000000        243.5798    
  -3250.00000000000        198.9522    
  -3218.75000000000        235.9032    
  -3187.50000000000        120.0468    
  -3156.25000000000        295.5958    
  -3125.00000000000        175.1989    
  -3093.75000000000        213.7092    
  -3062.50000000000        241.6259    
  -3031.25000000000        195.1000    
  -3000.00000000000        130.9904    
  -2968.75000000000        127.9227    
  -2937.50000000000        235.6843    
  -2906.25000000000        30.47869    
  -2875.00000000000        152.6712    
  -2843.75000000000        77.24683    
  -2812.50000000000        145.3936    
  -2781.25000000000        50.33505    
  -2750.00000000000        78.04993    
  -2718.75000000000        89.29747    
  -2687.50000000000        154.3670    
  -2656.25000000000        60.06580    
  -2625.00000000000        24.03970    
  -2593.75000000000        111.4636    
  -2562.50000000000        63.24410    
  -2531.25000000000        14.15640    
  -2500.00000000000        161.3834    
  -2468.75000000000        17.25290    
  -2437.50000000000        98.57962    
  -2406.25000000000        63.34551    
  -2375.00000000000        24.23775    
  -2343.75000000000        158.2869    
  -2312.50000000000        106.5990    
  -2281.25000000000        47.96315    
  -2250.00000000000        63.22014    
  -2218.75000000000        71.14860    
  -2187.50000000000        128.7163    
  -2156.25000000000        125.2352    
  -2125.00000000000        78.91734    
  -2093.75000000000        91.74756    
  -2062.50000000000        74.46780    
  -2031.25000000000        36.71067    
  -2000.00000000000        44.38056    
  -1968.75000000000        79.44894    
  -1937.50000000000        46.47205    
  -1906.25000000000        40.46956    
  -1875.00000000000        95.64835    
  -1843.75000000000        119.5577    
  -1812.50000000000        295.3094    
  -1781.25000000000        363.8545    
  -1750.00000000000        197.3572    
  -1718.75000000000        141.8380    
  -1687.50000000000        180.1029    
  -1656.25000000000        208.4196    
  -1625.00000000000        118.5686    
  -1593.75000000000        62.66408    
  -1562.50000000000        245.3544    
  -1531.25000000000        127.5587    
  -1500.00000000000        36.08295    
  -1468.75000000000        92.59274    
  -1437.50000000000        55.43371    
  -1406.25000000000        81.10550    
  -1375.00000000000        143.0690    
  -1343.75000000000        135.5696    
  -1312.50000000000        99.76652    
  -1281.25000000000        106.5849    
  -1250.00000000000        254.9012    
  -1218.75000000000        42.15384    
  -1187.50000000000        55.65398    
  -1156.25000000000        175.9070    
  -1125.00000000000        30.90814    
  -1093.75000000000        104.3607    
  -1062.50000000000        197.8546    
  -1031.25000000000        72.13876    
  -1000.00000000000        101.5973    
  -968.750000000000        100.9295    
  -937.500000000000        51.91701    
  -906.250000000000        205.7603    
  -875.000000000000        105.7797    
  -843.750000000000        144.1064    
  -812.500000000000        244.4342    
  -781.250000000000        310.2027    
  -750.000000000000        244.1608    
  -718.750000000000        309.2036    
  -687.500000000000        270.0004    
  -656.250000000000        475.7831    
  -625.000000000000        22.64629    
  -593.750000000000        348.8851    
  -562.500000000000        121.2530    
  -531.250000000000        221.0645    
  -500.000000000000        347.2982    
  -468.750000000000        96.51363    
  -437.500000000000        283.3645    
  -406.250000000000        343.5205    
  -375.000000000000        769.9579    
  -343.750000000000        1224.184    
  -312.500000000000        636.5284    
  -281.250000000000        898.2289    
  -250.000000000000        456.6208    
  -218.750000000000        61.61059    
  -187.500000000000        413.0443    
  -156.250000000000        1515.453    
  -125.000000000000        1512.159    
  -93.7500000000000        545.8837    
  -62.5000000000000        1476.423    
  -31.2500000000000        2718.623    
  0.000000000000000E+000   6949.349    
   31.2500000000000        2644.656    
   62.5000000000000        1562.048    
   93.7500000000000        605.1934    
   125.000000000000        1579.359    
   156.250000000000        1615.585    
   187.500000000000        420.1389    
   218.750000000000        11.17587    
   250.000000000000        425.9750    
   281.250000000000        844.5712    
   312.500000000000        617.4859    
   343.750000000000        1178.767    
   375.000000000000        715.5125    
   406.250000000000        312.6095    
   437.500000000000        237.5680    
   468.750000000000        91.13718    
   500.000000000000        350.5158    
   531.250000000000        239.8805    
   562.500000000000        157.2976    
   593.750000000000        347.1334    
   625.000000000000        51.02111    
   656.250000000000        481.8082    
   687.500000000000        263.0992    
   718.750000000000        338.1731    
   750.000000000000        247.6326    
   781.250000000000        310.0088    
   812.500000000000        242.0236    
   843.750000000000        126.4539    
   875.000000000000        105.6415    
   906.250000000000        205.3633    
   937.500000000000        40.02478    
   968.750000000000        103.7045    
   1000.00000000000        109.3890    
   1031.25000000000        89.09856    
   1062.50000000000        177.0976    
   1093.75000000000        98.45633    
   1125.00000000000        57.66497    
   1156.25000000000        159.3970    
   1187.50000000000        33.34110    
   1218.75000000000        56.56378    
   1250.00000000000        270.5161    
   1281.25000000000        70.56390    
   1312.50000000000        98.23655    
   1343.75000000000        118.1560    
   1375.00000000000        156.4753    
   1406.25000000000        85.47534    
   1437.50000000000        56.16209    
   1468.75000000000        84.82881    
   1500.00000000000        44.33376    
   1531.25000000000        131.0354    
   1562.50000000000        204.1693    
   1593.75000000000        69.74431    
   1625.00000000000        116.0811    
   1656.25000000000        174.2155    
   1687.50000000000        164.8631    
   1718.75000000000        115.8619    
   1750.00000000000        173.4707    
   1781.25000000000        317.9743    
   1812.50000000000        249.2993    
   1843.75000000000        108.0263    
   1875.00000000000        85.13233    
   1906.25000000000        41.80092    
   1937.50000000000        46.97475    
   1968.75000000000        85.65943    
   2000.00000000000        60.72023    
   2031.25000000000        25.51260    
   2062.50000000000        84.08223    
   2093.75000000000        88.44806    
   2125.00000000000        64.36577    
   2156.25000000000        131.4790    
   2187.50000000000        118.7063    
   2218.75000000000        99.45125    
   2250.00000000000        49.95741    
   2281.25000000000        50.01009    
   2312.50000000000        94.75941    
   2343.75000000000        157.4614    
   2375.00000000000        34.55643    
   2406.25000000000        50.32568    
   2437.50000000000        113.2330    
   2468.75000000000        16.58428    
   2500.00000000000        164.7671    
   2531.25000000000        18.88701    
   2562.50000000000        85.72149    
   2593.75000000000        97.56968    
   2625.00000000000        48.17171    
   2656.25000000000        73.49962    
   2687.50000000000        153.3782    
   2718.75000000000        93.49663    
   2750.00000000000        71.88512    
   2781.25000000000        44.16745    
   2812.50000000000        165.1878    
   2843.75000000000        75.04427    
   2875.00000000000        149.6128    
   2906.25000000000        32.36156    
   2937.50000000000        234.9337    
   2968.75000000000        115.1742    
   3000.00000000000        140.5826    
   3031.25000000000        205.0172    
   3062.50000000000        262.1313    
   3093.75000000000        219.4039    
   3125.00000000000        159.8620    
   3156.25000000000        274.1079    
   3187.50000000000        126.2351    
   3218.75000000000        275.0122    
   3250.00000000000        221.3630    
   3281.25000000000        261.2400    
   3312.50000000000        264.0068    
   3343.75000000000        146.9860    
   3375.00000000000        157.4271    
   3406.25000000000        496.4139    
   3437.50000000000        169.3112    
   3468.75000000000        314.4927    
   3500.00000000000        303.6324    
   3531.25000000000        116.5482    
   3562.50000000000        292.5829    
   3593.75000000000        237.4591    
   3625.00000000000        169.4593    
   3656.25000000000        400.8428    
   3687.50000000000        316.0555    
   3718.75000000000        347.4230    
   3750.00000000000        263.6804    
   3781.25000000000        465.7122    
   3812.50000000000        294.0143    
   3843.75000000000        443.2636    
   3875.00000000000        375.2492    
   3906.25000000000        257.4455    
   3937.50000000000        528.7321    
   3968.75000000000        424.0964    
