  -2000.00000000000        6.228395    
  -1984.37500000000        3.990769    
  -1968.75000000000        7.735960    
  -1953.12500000000        9.117379    
  -1937.50000000000        12.66140    
  -1921.87500000000        14.18060    
  -1906.25000000000        5.396420    
  -1890.62500000000        9.650464    
  -1875.00000000000        10.38111    
  -1859.37500000000        3.078315    
  -1843.75000000000        3.192698    
  -1828.12500000000        9.718092    
  -1812.50000000000        1.790095    
  -1796.87500000000        3.678294    
  -1781.25000000000        7.917964    
  -1765.62500000000        4.141770    
  -1750.00000000000        23.17755    
  -1734.37500000000        5.571200    
  -1718.75000000000        6.173400    
  -1703.12500000000        1.119770    
  -1687.50000000000        2.900694    
  -1671.87500000000        5.049532    
  -1656.25000000000        4.640401    
  -1640.62500000000        5.901813    
  -1625.00000000000        1.719333    
  -1609.37500000000        5.415146    
  -1593.75000000000        7.334548    
  -1578.12500000000        9.319503    
  -1562.50000000000        8.464417    
  -1546.87500000000        32.61974    
  -1531.25000000000        6.019258    
  -1515.62500000000        7.832717    
  -1500.00000000000        17.23353    
  -1484.37500000000        8.522172    
  -1468.75000000000       0.5916067    
  -1453.12500000000        3.005072    
  -1437.50000000000        3.631757    
  -1421.87500000000        8.083545    
  -1406.25000000000        7.790625    
  -1390.62500000000        5.689965    
  -1375.00000000000       0.6008350    
  -1359.37500000000        16.23744    
  -1343.75000000000        7.120326    
  -1328.12500000000        7.286480    
  -1312.50000000000        5.673947    
  -1296.87500000000        13.01478    
  -1281.25000000000        7.201335    
  -1265.62500000000        5.111405    
  -1250.00000000000        23.72697    
  -1234.37500000000        10.29943    
  -1218.75000000000        5.057846    
  -1203.12500000000        14.99653    
  -1187.50000000000        19.49373    
  -1171.87500000000        53.22276    
  -1156.25000000000        50.19056    
  -1140.62500000000        14.50459    
  -1125.00000000000        5.695791    
  -1109.37500000000        9.234988    
  -1093.75000000000        2.537138    
  -1078.12500000000        3.579484    
  -1062.50000000000        3.265620    
  -1046.87500000000        2.431639    
  -1031.25000000000        4.169891    
  -1015.62500000000        2.743363    
  -1000.00000000000        1.047725    
  -984.375000000000        8.101496    
  -968.750000000000        64.75535    
  -953.125000000000        16.05606    
  -937.500000000000        9.476281    
  -921.875000000000        25.06385    
  -906.250000000000        18.35959    
  -890.625000000000        8.362657    
  -875.000000000000        6.769807    
  -859.375000000000        7.134799    
  -843.750000000000        6.388512    
  -828.125000000000        10.48742    
  -812.500000000000        12.40495    
  -796.875000000000        20.08547    
  -781.250000000000        70.06172    
  -765.625000000000        63.48363    
  -750.000000000000        21.60286    
  -734.375000000000        16.63335    
  -718.750000000000        21.36431    
  -703.125000000000        17.11179    
  -687.500000000000        19.36703    
  -671.875000000000        21.83793    
  -656.250000000000        27.76164    
  -640.625000000000        24.38243    
  -625.000000000000        42.91822    
  -609.375000000000        63.62826    
  -593.750000000000        138.9321    
  -578.125000000000        393.7890    
  -562.500000000000        65.90359    
  -546.875000000000        22.67070    
  -531.250000000000        31.95545    
  -515.625000000000        20.17792    
  -500.000000000000        17.38994    
  -484.375000000000        7.738293    
  -468.750000000000        9.765246    
  -453.125000000000        14.07958    
  -437.500000000000        22.35100    
  -421.875000000000        16.77000    
  -406.250000000000        41.79327    
  -390.625000000000        150.6244    
  -375.000000000000        55.59254    
  -359.375000000000        23.50103    
  -343.750000000000        4.428162    
  -328.125000000000        7.239704    
  -312.500000000000        18.72029    
  -296.875000000000        14.82883    
  -281.250000000000        11.29879    
  -265.625000000000        15.49414    
  -250.000000000000        24.83173    
  -234.375000000000        15.56554    
  -218.750000000000        39.51515    
  -203.125000000000        146.0468    
  -187.500000000000        169.3193    
  -171.875000000000        51.50037    
  -156.250000000000        27.31549    
  -140.625000000000        24.18409    
  -125.000000000000        22.22196    
  -109.375000000000        10.25659    
  -93.7500000000000        1.250571    
  -78.1250000000000        28.87884    
  -62.5000000000000        11.66031    
  -46.8750000000000        19.54542    
  -31.2500000000000        13.98042    
  -15.6250000000000        43.22997    
  0.000000000000000E+000   9023.085    
   15.6250000000000        43.92427    
   31.2500000000000        15.05305    
   46.8750000000000        22.06215    
   62.5000000000000        10.03938    
   78.1250000000000        30.43361    
   93.7500000000000        1.548022    
   109.375000000000        7.762938    
   125.000000000000        21.97996    
   140.625000000000        22.72933    
   156.250000000000        24.90895    
   171.875000000000        47.78214    
   187.500000000000        154.3268    
   203.125000000000        132.5936    
   218.750000000000        37.42182    
   234.375000000000        14.42545    
   250.000000000000        23.20639    
   265.625000000000        14.55065    
   281.250000000000        11.08185    
   296.875000000000        12.84690    
   312.500000000000        17.77141    
   328.125000000000        5.866330    
   343.750000000000        3.418762    
   359.375000000000        23.17630    
   375.000000000000        58.38582    
   390.625000000000        154.7445    
   406.250000000000        42.77113    
   421.875000000000        17.85887    
   437.500000000000        25.15781    
   453.125000000000        13.47554    
   468.750000000000        9.434676    
   484.375000000000        6.922028    
   500.000000000000        16.49699    
   515.625000000000        20.35519    
   531.250000000000        31.43088    
   546.875000000000        22.52893    
   562.500000000000        63.19514    
   578.125000000000        381.0046    
   593.750000000000        136.3703    
   609.375000000000        62.73553    
   625.000000000000        42.33741    
   640.625000000000        25.86752    
   656.250000000000        27.91794    
   671.875000000000        22.44822    
   687.500000000000        21.24307    
   703.125000000000        19.83641    
   718.750000000000        23.21391    
   734.375000000000        19.53439    
   750.000000000000        25.31045    
   765.625000000000        72.30807    
   781.250000000000        84.14779    
   796.875000000000        22.56201    
   812.500000000000        12.96973    
   828.125000000000        11.28876    
   843.750000000000        7.199516    
   859.375000000000        6.117043    
   875.000000000000        6.051060    
   890.625000000000        8.781053    
   906.250000000000        17.16644    
   921.875000000000        24.47729    
   937.500000000000        9.627024    
   953.125000000000        13.53203    
   968.750000000000        44.37515    
   984.375000000000        7.530218    
   1000.00000000000        1.636789    
   1015.62500000000        3.063483    
   1031.25000000000        2.883372    
   1046.87500000000        2.834601    
   1062.50000000000        3.438652    
   1078.12500000000        3.817777    
   1093.75000000000        1.555498    
   1109.37500000000        10.68371    
   1125.00000000000        4.762552    
   1140.62500000000        11.95701    
   1156.25000000000        50.38409    
   1171.87500000000        53.65109    
   1187.50000000000        18.47412    
   1203.12500000000        16.06887    
   1218.75000000000        7.680455    
   1234.37500000000        9.591468    
   1250.00000000000        23.31102    
   1265.62500000000        6.200671    
   1281.25000000000        4.168262    
   1296.87500000000        11.65375    
   1312.50000000000        4.449564    
   1328.12500000000        4.719068    
   1343.75000000000        8.492853    
   1359.37500000000        13.16292    
   1375.00000000000        1.712564    
   1390.62500000000        5.769277    
   1406.25000000000        7.831645    
   1421.87500000000        8.451666    
   1437.50000000000        3.624405    
   1453.12500000000        3.874140    
   1468.75000000000        2.673883    
   1484.37500000000        7.883307    
   1500.00000000000        16.51108    
   1515.62500000000        7.253368    
   1531.25000000000        7.382340    
   1546.87500000000        28.20049    
   1562.50000000000        5.790516    
   1578.12500000000        10.62841    
   1593.75000000000        5.885375    
   1609.37500000000        3.211765    
   1625.00000000000        1.255664    
   1640.62500000000        5.393835    
   1656.25000000000        3.081228    
   1671.87500000000        10.80896    
   1687.50000000000        3.128817    
   1703.12500000000        1.545586    
   1718.75000000000        6.812720    
   1734.37500000000        4.196704    
   1750.00000000000        26.03853    
   1765.62500000000        5.637480    
   1781.25000000000        9.870293    
   1796.87500000000        5.956315    
   1812.50000000000        4.664960    
   1828.12500000000        10.44841    
   1843.75000000000        5.401090    
   1859.37500000000        3.322192    
   1875.00000000000        4.845913    
   1890.62500000000        8.142475    
   1906.25000000000        5.315906    
   1921.87500000000        12.79235    
   1937.50000000000        7.454628    
   1953.12500000000        9.130193    
   1968.75000000000        6.348973    
   1984.37500000000        2.026047    
