  -4000.00000000000        209.1955    
  -3968.75000000000        392.2235    
  -3937.50000000000        505.6348    
  -3906.25000000000        234.7457    
  -3875.00000000000        359.0562    
  -3843.75000000000        394.9183    
  -3812.50000000000        287.8503    
  -3781.25000000000        417.9557    
  -3750.00000000000        264.4295    
  -3718.75000000000        321.8412    
  -3687.50000000000        297.6873    
  -3656.25000000000        366.7090    
  -3625.00000000000        179.1992    
  -3593.75000000000        235.4360    
  -3562.50000000000        258.7507    
  -3531.25000000000        87.03109    
  -3500.00000000000        297.9075    
  -3468.75000000000        269.0245    
  -3437.50000000000        155.6042    
  -3406.25000000000        451.9456    
  -3375.00000000000        131.1460    
  -3343.75000000000        127.5752    
  -3312.50000000000        252.9928    
  -3281.25000000000        231.8215    
  -3250.00000000000        199.9960    
  -3218.75000000000        239.4920    
  -3187.50000000000        110.6673    
  -3156.25000000000        261.6551    
  -3125.00000000000        162.9669    
  -3093.75000000000        206.8644    
  -3062.50000000000        244.4309    
  -3031.25000000000        176.3478    
  -3000.00000000000        112.7420    
  -2968.75000000000        123.3667    
  -2937.50000000000        212.2001    
  -2906.25000000000        25.99807    
  -2875.00000000000        131.8922    
  -2843.75000000000        69.62357    
  -2812.50000000000        148.6716    
  -2781.25000000000        54.43109    
  -2750.00000000000        74.37981    
  -2718.75000000000        65.99722    
  -2687.50000000000        143.5472    
  -2656.25000000000        54.51433    
  -2625.00000000000        31.91292    
  -2593.75000000000        103.5855    
  -2562.50000000000        64.70512    
  -2531.25000000000        25.17775    
  -2500.00000000000        147.6091    
  -2468.75000000000        16.18959    
  -2437.50000000000        97.89453    
  -2406.25000000000        52.20907    
  -2375.00000000000        19.95317    
  -2343.75000000000        145.9551    
  -2312.50000000000        91.94553    
  -2281.25000000000        45.60744    
  -2250.00000000000        51.07109    
  -2218.75000000000        70.70939    
  -2187.50000000000        107.3671    
  -2156.25000000000        119.7705    
  -2125.00000000000        66.50143    
  -2093.75000000000        91.57436    
  -2062.50000000000        71.00298    
  -2031.25000000000        19.17565    
  -2000.00000000000        42.69591    
  -1968.75000000000        70.95015    
  -1937.50000000000        55.51740    
  -1906.25000000000        47.56937    
  -1875.00000000000        84.87366    
  -1843.75000000000        104.3448    
  -1812.50000000000        272.5725    
  -1781.25000000000        323.9549    
  -1750.00000000000        158.4875    
  -1718.75000000000        112.1687    
  -1687.50000000000        160.0074    
  -1656.25000000000        184.1715    
  -1625.00000000000        104.8288    
  -1593.75000000000        63.26813    
  -1562.50000000000        224.8858    
  -1531.25000000000        125.5671    
  -1500.00000000000        38.02621    
  -1468.75000000000        86.20963    
  -1437.50000000000        44.06777    
  -1406.25000000000        80.49781    
  -1375.00000000000        132.3296    
  -1343.75000000000        117.1696    
  -1312.50000000000        97.72157    
  -1281.25000000000        83.42764    
  -1250.00000000000        231.9279    
  -1218.75000000000        36.59660    
  -1187.50000000000        50.78791    
  -1156.25000000000        154.2786    
  -1125.00000000000        31.75099    
  -1093.75000000000        85.52626    
  -1062.50000000000        192.9992    
  -1031.25000000000        73.00505    
  -1000.00000000000        89.91568    
  -968.750000000000        93.77067    
  -937.500000000000        41.74653    
  -906.250000000000        175.1915    
  -875.000000000000        98.14496    
  -843.750000000000        124.9570    
  -812.500000000000        229.4904    
  -781.250000000000        299.4856    
  -750.000000000000        219.3563    
  -718.750000000000        278.3760    
  -687.500000000000        247.4127    
  -656.250000000000        451.3410    
  -625.000000000000        46.13699    
  -593.750000000000        314.7327    
  -562.500000000000        113.0670    
  -531.250000000000        199.5787    
  -500.000000000000        322.6234    
  -468.750000000000        81.55867    
  -437.500000000000        258.4254    
  -406.250000000000        313.6631    
  -375.000000000000        698.4845    
  -343.750000000000        1142.336    
  -312.500000000000        595.6179    
  -281.250000000000        826.0778    
  -250.000000000000        420.1583    
  -218.750000000000        54.00103    
  -187.500000000000        399.8550    
  -156.250000000000        1442.332    
  -125.000000000000        1416.790    
  -93.7500000000000        503.5214    
  -62.5000000000000        1375.011    
  -31.2500000000000        2517.305    
  0.000000000000000E+000   6422.503    
   31.2500000000000        2487.005    
   62.5000000000000        1446.703    
   93.7500000000000        539.6185    
   125.000000000000        1456.930    
   156.250000000000        1495.773    
   187.500000000000        395.4807    
   218.750000000000        24.60479    
   250.000000000000        403.9388    
   281.250000000000        788.5703    
   312.500000000000        588.4478    
   343.750000000000        1115.804    
   375.000000000000        669.0135    
   406.250000000000        293.8325    
   437.500000000000        225.7520    
   468.750000000000        67.26649    
   500.000000000000        323.1631    
   531.250000000000        215.4706    
   562.500000000000        137.5982    
   593.750000000000        323.4013    
   625.000000000000        53.55978    
   656.250000000000        456.7481    
   687.500000000000        239.3331    
   718.750000000000        314.2723    
   750.000000000000        220.5768    
   781.250000000000        287.7280    
   812.500000000000        235.5620    
   843.750000000000        139.5171    
   875.000000000000        97.58913    
   906.250000000000        176.1382    
   937.500000000000        34.13489    
   968.750000000000        95.46311    
   1000.00000000000        98.80921    
   1031.25000000000        80.13640    
   1062.50000000000        173.5530    
   1093.75000000000        98.93143    
   1125.00000000000        41.10321    
   1156.25000000000        157.7099    
   1187.50000000000        40.11245    
   1218.75000000000        41.36934    
   1250.00000000000        247.8635    
   1281.25000000000        71.80644    
   1312.50000000000        87.18868    
   1343.75000000000        112.6048    
   1375.00000000000        144.8392    
   1406.25000000000        91.49603    
   1437.50000000000        58.95112    
   1468.75000000000        84.82425    
   1500.00000000000        31.34720    
   1531.25000000000        130.8195    
   1562.50000000000        206.6941    
   1593.75000000000        46.43184    
   1625.00000000000        94.82488    
   1656.25000000000        170.4117    
   1687.50000000000        153.2917    
   1718.75000000000        110.5121    
   1750.00000000000        155.5416    
   1781.25000000000        307.6844    
   1812.50000000000        252.6680    
   1843.75000000000        88.36982    
   1875.00000000000        83.27233    
   1906.25000000000        33.19378    
   1937.50000000000        51.67154    
   1968.75000000000        73.33023    
   2000.00000000000        48.52930    
   2031.25000000000        17.75087    
   2062.50000000000        74.84116    
   2093.75000000000        86.35574    
   2125.00000000000        68.63445    
   2156.25000000000        110.3414    
   2187.50000000000        110.9052    
   2218.75000000000        81.01815    
   2250.00000000000        52.78904    
   2281.25000000000        43.69276    
   2312.50000000000        90.59220    
   2343.75000000000        155.9102    
   2375.00000000000        23.67449    
   2406.25000000000        55.40459    
   2437.50000000000        104.9169    
   2468.75000000000        11.77191    
   2500.00000000000        153.2805    
   2531.25000000000        14.83052    
   2562.50000000000        72.68097    
   2593.75000000000        96.92345    
   2625.00000000000        36.98592    
   2656.25000000000        59.56937    
   2687.50000000000        146.2890    
   2718.75000000000        76.65471    
   2750.00000000000        73.58107    
   2781.25000000000        50.84631    
   2812.50000000000        143.5415    
   2843.75000000000        65.58613    
   2875.00000000000        138.5354    
   2906.25000000000        30.33726    
   2937.50000000000        206.7973    
   2968.75000000000        107.5213    
   3000.00000000000        120.2025    
   3031.25000000000        191.3417    
   3062.50000000000        238.1046    
   3093.75000000000        198.1075    
   3125.00000000000        142.0296    
   3156.25000000000        256.2763    
   3187.50000000000        118.2501    
   3218.75000000000        261.2889    
   3250.00000000000        208.8761    
   3281.25000000000        240.6772    
   3312.50000000000        245.5935    
   3343.75000000000        137.8857    
   3375.00000000000        138.4044    
   3406.25000000000        452.5068    
   3437.50000000000        158.8498    
   3468.75000000000        292.9470    
   3500.00000000000        284.2701    
   3531.25000000000        90.24341    
   3562.50000000000        264.9331    
   3593.75000000000        220.4833    
   3625.00000000000        161.8782    
   3656.25000000000        369.5844    
   3687.50000000000        300.5383    
   3718.75000000000        320.4490    
   3750.00000000000        250.8170    
   3781.25000000000        431.9209    
   3812.50000000000        282.9503    
   3843.75000000000        410.2513    
   3875.00000000000        352.4258    
   3906.25000000000        234.9165    
   3937.50000000000        495.6964    
   3968.75000000000        403.8030    
