  -4000.00000000000        287.7807    
  -3968.75000000000        491.2738    
  -3937.50000000000        689.3674    
  -3906.25000000000        289.6748    
  -3875.00000000000        469.0155    
  -3843.75000000000        509.2913    
  -3812.50000000000        402.8147    
  -3781.25000000000        521.5441    
  -3750.00000000000        336.2914    
  -3718.75000000000        416.2022    
  -3687.50000000000        372.7487    
  -3656.25000000000        451.1772    
  -3625.00000000000        222.6851    
  -3593.75000000000        340.9899    
  -3562.50000000000        347.5599    
  -3531.25000000000        144.0952    
  -3500.00000000000        392.8788    
  -3468.75000000000        324.0011    
  -3437.50000000000        213.1057    
  -3406.25000000000        550.0957    
  -3375.00000000000        170.1624    
  -3343.75000000000        129.7635    
  -3312.50000000000        360.0699    
  -3281.25000000000        296.1855    
  -3250.00000000000        234.4379    
  -3218.75000000000        283.6313    
  -3187.50000000000        147.0508    
  -3156.25000000000        306.0164    
  -3125.00000000000        201.4151    
  -3093.75000000000        274.5009    
  -3062.50000000000        283.2242    
  -3031.25000000000        237.4260    
  -3000.00000000000        125.1737    
  -2968.75000000000        153.1982    
  -2937.50000000000        252.8961    
  -2906.25000000000        52.33619    
  -2875.00000000000        203.4765    
  -2843.75000000000        100.1972    
  -2812.50000000000        169.6670    
  -2781.25000000000        92.67754    
  -2750.00000000000        110.5205    
  -2718.75000000000        103.0165    
  -2687.50000000000        168.1876    
  -2656.25000000000        50.64882    
  -2625.00000000000        55.28734    
  -2593.75000000000        145.6233    
  -2562.50000000000        80.56779    
  -2531.25000000000        18.03358    
  -2500.00000000000        189.6749    
  -2468.75000000000        34.00779    
  -2437.50000000000        118.9274    
  -2406.25000000000        85.92515    
  -2375.00000000000        30.28704    
  -2343.75000000000        227.1201    
  -2312.50000000000        116.2477    
  -2281.25000000000        53.90279    
  -2250.00000000000        58.29282    
  -2218.75000000000        111.5790    
  -2187.50000000000        143.9718    
  -2156.25000000000        151.6661    
  -2125.00000000000        98.29939    
  -2093.75000000000        113.6078    
  -2062.50000000000        73.97581    
  -2031.25000000000        10.56962    
  -2000.00000000000        100.7400    
  -1968.75000000000        96.01203    
  -1937.50000000000        59.22994    
  -1906.25000000000        68.99500    
  -1875.00000000000        117.7327    
  -1843.75000000000        121.9173    
  -1812.50000000000        418.2189    
  -1781.25000000000        448.5575    
  -1750.00000000000        199.4900    
  -1718.75000000000        144.0420    
  -1687.50000000000        184.1703    
  -1656.25000000000        252.0785    
  -1625.00000000000        139.9449    
  -1593.75000000000        113.4578    
  -1562.50000000000        283.9347    
  -1531.25000000000        162.0860    
  -1500.00000000000        41.79626    
  -1468.75000000000        74.90845    
  -1437.50000000000        67.33004    
  -1406.25000000000        116.9278    
  -1375.00000000000        215.2165    
  -1343.75000000000        159.2755    
  -1312.50000000000        68.54816    
  -1281.25000000000        79.54786    
  -1250.00000000000        323.1505    
  -1218.75000000000        45.86261    
  -1187.50000000000        83.37173    
  -1156.25000000000        243.6595    
  -1125.00000000000        82.43485    
  -1093.75000000000        128.9109    
  -1062.50000000000        264.3718    
  -1031.25000000000        116.4499    
  -1000.00000000000        110.8928    
  -968.750000000000        108.3031    
  -937.500000000000        26.34713    
  -906.250000000000        199.1433    
  -875.000000000000        114.3294    
  -843.750000000000        166.4667    
  -812.500000000000        325.1442    
  -781.250000000000        437.9674    
  -750.000000000000        300.0597    
  -718.750000000000        341.3770    
  -687.500000000000        319.3250    
  -656.250000000000        596.1541    
  -625.000000000000        46.33705    
  -593.750000000000        412.2542    
  -562.500000000000        111.9612    
  -531.250000000000        276.1481    
  -500.000000000000        481.1223    
  -468.750000000000        103.6337    
  -437.500000000000        386.3328    
  -406.250000000000        368.8077    
  -375.000000000000        922.8386    
  -343.750000000000        1468.980    
  -312.500000000000        729.6445    
  -281.250000000000        1143.718    
  -250.000000000000        526.0154    
  -218.750000000000        142.0048    
  -187.500000000000        516.1951    
  -156.250000000000        1769.555    
  -125.000000000000        1831.846    
  -93.7500000000000        657.8438    
  -62.5000000000000        1704.996    
  -31.2500000000000        3232.864    
  0.000000000000000E+000   9552.287    
   31.2500000000000        3099.153    
   62.5000000000000        1932.192    
   93.7500000000000        714.0148    
   125.000000000000        1962.315    
   156.250000000000        1943.730    
   187.500000000000        525.3177    
   218.750000000000        65.29758    
   250.000000000000        479.1198    
   281.250000000000        977.8961    
   312.500000000000        720.0732    
   343.750000000000        1430.791    
   375.000000000000        846.7903    
   406.250000000000        327.5140    
   437.500000000000        261.2497    
   468.750000000000        59.11734    
   500.000000000000        451.1492    
   531.250000000000        353.5227    
   562.500000000000        162.6933    
   593.750000000000        379.9861    
   625.000000000000        74.14271    
   656.250000000000        602.3680    
   687.500000000000        281.2020    
   718.750000000000        372.9149    
   750.000000000000        262.5714    
   781.250000000000        356.8412    
   812.500000000000        311.9359    
   843.750000000000        175.8633    
   875.000000000000        118.2681    
   906.250000000000        284.5804    
   937.500000000000        75.75294    
   968.750000000000        132.5387    
   1000.00000000000        170.9889    
   1031.25000000000        124.9494    
   1062.50000000000        174.4254    
   1093.75000000000        125.4408    
   1125.00000000000        74.00110    
   1156.25000000000        172.6854    
   1187.50000000000        63.84409    
   1218.75000000000        63.65515    
   1250.00000000000        341.9525    
   1281.25000000000        102.9563    
   1312.50000000000        130.3377    
   1343.75000000000        179.2218    
   1375.00000000000        195.1467    
   1406.25000000000        127.9326    
   1437.50000000000        55.10289    
   1468.75000000000        60.08076    
   1500.00000000000        59.99438    
   1531.25000000000        148.7046    
   1562.50000000000        264.3660    
   1593.75000000000        62.89825    
   1625.00000000000        106.2782    
   1656.25000000000        203.5504    
   1687.50000000000        194.6153    
   1718.75000000000        125.9591    
   1750.00000000000        174.4709    
   1781.25000000000        360.1816    
   1812.50000000000        282.7106    
   1843.75000000000        114.9672    
   1875.00000000000        103.6406    
   1906.25000000000        15.00915    
   1937.50000000000        72.64465    
   1968.75000000000        82.45296    
   2000.00000000000        78.85718    
   2031.25000000000        15.75655    
   2062.50000000000        113.6405    
   2093.75000000000        125.6034    
   2125.00000000000        80.48214    
   2156.25000000000        153.3951    
   2187.50000000000        131.0391    
   2218.75000000000        70.01514    
   2250.00000000000        71.62088    
   2281.25000000000        90.76088    
   2312.50000000000        132.5621    
   2343.75000000000        209.7664    
   2375.00000000000        42.05456    
   2406.25000000000        57.83518    
   2437.50000000000        135.0788    
   2468.75000000000        28.36390    
   2500.00000000000        221.9726    
   2531.25000000000        6.261129    
   2562.50000000000        78.35634    
   2593.75000000000        130.7177    
   2625.00000000000        51.88008    
   2656.25000000000        82.36162    
   2687.50000000000        195.8256    
   2718.75000000000        92.92198    
   2750.00000000000        80.20838    
   2781.25000000000        49.87031    
   2812.50000000000        222.3326    
   2843.75000000000        91.60313    
   2875.00000000000        197.6402    
   2906.25000000000        37.07685    
   2937.50000000000        261.3468    
   2968.75000000000        129.9840    
   3000.00000000000        168.8571    
   3031.25000000000        248.3439    
   3062.50000000000        289.7669    
   3093.75000000000        278.7624    
   3125.00000000000        164.0607    
   3156.25000000000        330.4727    
   3187.50000000000        153.9506    
   3218.75000000000        347.2349    
   3250.00000000000        288.7072    
   3281.25000000000        329.1841    
   3312.50000000000        291.4124    
   3343.75000000000        196.0710    
   3375.00000000000        174.3524    
   3406.25000000000        602.3762    
   3437.50000000000        169.8216    
   3468.75000000000        387.4489    
   3500.00000000000        333.5970    
   3531.25000000000        105.5803    
   3562.50000000000        368.6557    
   3593.75000000000        295.4290    
   3625.00000000000        170.3677    
   3656.25000000000        472.2306    
   3687.50000000000        362.1508    
   3718.75000000000        396.2751    
   3750.00000000000        332.8991    
   3781.25000000000        546.7198    
   3812.50000000000        330.9147    
   3843.75000000000        496.0130    
   3875.00000000000        427.4547    
   3906.25000000000        271.9579    
   3937.50000000000        563.9569    
   3968.75000000000        512.8237    
