  -2000.00000000000        3.008963    
  -1984.37500000000        3.893034    
  -1968.75000000000        5.189596    
  -1953.12500000000        3.750978    
  -1937.50000000000        26.19908    
  -1921.87500000000        23.49396    
  -1906.25000000000        4.921050    
  -1890.62500000000        12.18775    
  -1875.00000000000        8.057401    
  -1859.37500000000        8.460130    
  -1843.75000000000        5.213303    
  -1828.12500000000        13.07843    
  -1812.50000000000        10.42095    
  -1796.87500000000        9.759653    
  -1781.25000000000        6.680755    
  -1765.62500000000        3.916210    
  -1750.00000000000        24.68429    
  -1734.37500000000        4.031010    
  -1718.75000000000        7.214880    
  -1703.12500000000        3.404938    
  -1687.50000000000        4.536713    
  -1671.87500000000        7.826960    
  -1656.25000000000        7.594365    
  -1640.62500000000        8.180770    
  -1625.00000000000       0.8126162    
  -1609.37500000000        6.374579    
  -1593.75000000000        6.074291    
  -1578.12500000000        2.767219    
  -1562.50000000000        16.18942    
  -1546.87500000000        45.79811    
  -1531.25000000000        16.91674    
  -1515.62500000000        14.62617    
  -1500.00000000000        27.79203    
  -1484.37500000000        5.207108    
  -1468.75000000000        11.27225    
  -1453.12500000000        5.481466    
  -1437.50000000000        11.54398    
  -1421.87500000000        14.62950    
  -1406.25000000000        8.251079    
  -1390.62500000000        5.020566    
  -1375.00000000000        2.433331    
  -1359.37500000000        34.21864    
  -1343.75000000000        9.896461    
  -1328.12500000000        16.12479    
  -1312.50000000000        8.668712    
  -1296.87500000000        17.26460    
  -1281.25000000000        15.86943    
  -1265.62500000000        5.176332    
  -1250.00000000000        29.01992    
  -1234.37500000000        6.482871    
  -1218.75000000000        3.842276    
  -1203.12500000000        21.88239    
  -1187.50000000000        20.25168    
  -1171.87500000000        77.50591    
  -1156.25000000000        61.21004    
  -1140.62500000000        18.85189    
  -1125.00000000000        6.257595    
  -1109.37500000000        12.24566    
  -1093.75000000000        10.28698    
  -1078.12500000000        6.183375    
  -1062.50000000000        4.312726    
  -1046.87500000000        9.266291    
  -1031.25000000000        9.150784    
  -1015.62500000000        1.708432    
  -1000.00000000000        5.961428    
  -984.375000000000        8.481586    
  -968.750000000000        77.59744    
  -953.125000000000        19.53410    
  -937.500000000000        12.98219    
  -921.875000000000        37.52466    
  -906.250000000000        14.35428    
  -890.625000000000        17.30563    
  -875.000000000000        12.60305    
  -859.375000000000        11.66169    
  -843.750000000000        10.70244    
  -828.125000000000        24.69205    
  -812.500000000000        24.35657    
  -796.875000000000        35.97060    
  -781.250000000000        115.5092    
  -765.625000000000        91.58707    
  -750.000000000000        28.45137    
  -734.375000000000        23.73475    
  -718.750000000000        32.67403    
  -703.125000000000        20.30199    
  -687.500000000000        23.69368    
  -671.875000000000        28.53139    
  -656.250000000000        37.07745    
  -640.625000000000        36.94223    
  -625.000000000000        58.36352    
  -609.375000000000        84.45057    
  -593.750000000000        192.4669    
  -578.125000000000        500.3124    
  -562.500000000000        92.80347    
  -546.875000000000        26.58860    
  -531.250000000000        41.56453    
  -515.625000000000        35.31675    
  -500.000000000000        25.66603    
  -484.375000000000        13.39563    
  -468.750000000000        9.336951    
  -453.125000000000        15.33198    
  -437.500000000000        29.35288    
  -421.875000000000        19.02941    
  -406.250000000000        55.86494    
  -390.625000000000        220.7099    
  -375.000000000000        73.37976    
  -359.375000000000        34.88867    
  -343.750000000000        13.61068    
  -328.125000000000        12.83734    
  -312.500000000000        27.29545    
  -296.875000000000        23.21659    
  -281.250000000000        14.38356    
  -265.625000000000        25.65285    
  -250.000000000000        34.83134    
  -234.375000000000        33.16304    
  -218.750000000000        60.93858    
  -203.125000000000        220.7912    
  -187.500000000000        236.5153    
  -171.875000000000        72.73237    
  -156.250000000000        40.88494    
  -140.625000000000        32.43660    
  -125.000000000000        22.53305    
  -109.375000000000        12.88228    
  -93.7500000000000        6.263952    
  -78.1250000000000        42.24575    
  -62.5000000000000        22.22213    
  -46.8750000000000        19.87032    
  -31.2500000000000        11.95294    
  -15.6250000000000        51.24464    
  0.000000000000000E+000   11391.17    
   15.6250000000000        62.96535    
   31.2500000000000        23.35391    
   46.8750000000000        27.32080    
   62.5000000000000        8.239827    
   78.1250000000000        42.13535    
   93.7500000000000        4.605779    
   109.375000000000        7.820557    
   125.000000000000        17.35134    
   140.625000000000        23.10693    
   156.250000000000        26.13381    
   171.875000000000        51.31454    
   187.500000000000        140.6164    
   203.125000000000        139.7867    
   218.750000000000        40.01952    
   234.375000000000        13.41896    
   250.000000000000        28.81291    
   265.625000000000        4.701414    
   281.250000000000        10.01876    
   296.875000000000        22.41664    
   312.500000000000        21.16955    
   328.125000000000        17.02961    
   343.750000000000        11.30096    
   359.375000000000        36.01960    
   375.000000000000        70.18103    
   390.625000000000        239.3140    
   406.250000000000        52.74541    
   421.875000000000        18.03505    
   437.500000000000        34.22772    
   453.125000000000        15.16158    
   468.750000000000        11.95602    
   484.375000000000        11.66425    
   500.000000000000        25.68964    
   515.625000000000        44.27066    
   531.250000000000        43.99222    
   546.875000000000        32.61011    
   562.500000000000        75.41205    
   578.125000000000        492.8839    
   593.750000000000        188.8897    
   609.375000000000        82.84055    
   625.000000000000        57.00406    
   640.625000000000        29.00585    
   656.250000000000        39.49039    
   671.875000000000        28.90748    
   687.500000000000        24.28526    
   703.125000000000        24.01068    
   718.750000000000        31.59520    
   734.375000000000        26.50568    
   750.000000000000        31.15374    
   765.625000000000        80.07204    
   781.250000000000        92.41176    
   796.875000000000        28.21796    
   812.500000000000        14.38247    
   828.125000000000        12.64378    
   843.750000000000        17.19470    
   859.375000000000        9.942081    
   875.000000000000        8.400158    
   890.625000000000        11.37154    
   906.250000000000        27.13871    
   921.875000000000        28.11774    
   937.500000000000        14.43166    
   953.125000000000        12.08912    
   968.750000000000        82.14632    
   984.375000000000        8.966012    
   1000.00000000000        3.923055    
   1015.62500000000        2.229182    
   1031.25000000000        8.863529    
   1046.87500000000        2.261017    
   1062.50000000000        6.085741    
   1078.12500000000        16.70152    
   1093.75000000000        22.57222    
   1109.37500000000        9.864504    
   1125.00000000000        6.016208    
   1140.62500000000        28.21294    
   1156.25000000000        68.68879    
   1171.87500000000        64.69259    
   1187.50000000000        29.09782    
   1203.12500000000        23.13830    
   1218.75000000000        11.05024    
   1234.37500000000        17.05104    
   1250.00000000000        33.81967    
   1265.62500000000        9.257932    
   1281.25000000000        15.46241    
   1296.87500000000        20.32293    
   1312.50000000000        2.582165    
   1328.12500000000        4.773260    
   1343.75000000000        9.139323    
   1359.37500000000        18.08100    
   1375.00000000000        9.918196    
   1390.62500000000        11.22799    
   1406.25000000000        13.68257    
   1421.87500000000        7.683888    
   1437.50000000000        8.443958    
   1453.12500000000        4.975105    
   1468.75000000000        10.99662    
   1484.37500000000        28.13260    
   1500.00000000000        28.94590    
   1515.62500000000        12.82108    
   1531.25000000000        16.22640    
   1546.87500000000        40.06882    
   1562.50000000000        10.48156    
   1578.12500000000        18.61799    
   1593.75000000000        5.345198    
   1609.37500000000        11.35765    
   1625.00000000000        6.127459    
   1640.62500000000        6.015068    
   1656.25000000000        7.834669    
   1671.87500000000        6.540895    
   1687.50000000000        10.61400    
   1703.12500000000        11.39782    
   1718.75000000000        11.80935    
   1734.37500000000        12.42027    
   1750.00000000000        25.90111    
   1765.62500000000       0.5456229    
   1781.25000000000        19.44402    
   1796.87500000000        5.768970    
   1812.50000000000        5.130580    
   1828.12500000000        17.65775    
   1843.75000000000        20.64147    
   1859.37500000000        18.75383    
   1875.00000000000        11.12423    
   1890.62500000000        13.52701    
   1906.25000000000        9.217545    
   1921.87500000000        16.17538    
   1937.50000000000        16.35640    
   1953.12500000000        14.90788    
   1968.75000000000        8.390857    
   1984.37500000000        8.329688    
