  -2000.00000000000        39.48099    
  -1984.37500000000        27.15215    
  -1968.75000000000        5.026874    
  -1953.12500000000        31.02314    
  -1937.50000000000        39.34934    
  -1921.87500000000        21.25060    
  -1906.25000000000        20.90849    
  -1890.62500000000        25.41711    
  -1875.00000000000        29.15759    
  -1859.37500000000        29.95870    
  -1843.75000000000        13.42936    
  -1828.12500000000        30.57370    
  -1812.50000000000        24.51416    
  -1796.87500000000        26.58337    
  -1781.25000000000        1.913702    
  -1765.62500000000        27.03988    
  -1750.00000000000        33.21931    
  -1734.37500000000        52.44256    
  -1718.75000000000        38.71642    
  -1703.12500000000        13.08321    
  -1687.50000000000        57.65371    
  -1671.87500000000        111.4538    
  -1656.25000000000        19.25515    
  -1640.62500000000        16.73977    
  -1625.00000000000        13.13651    
  -1609.37500000000        2.030684    
  -1593.75000000000        15.27682    
  -1578.12500000000        18.06129    
  -1562.50000000000        53.26633    
  -1546.87500000000        54.99054    
  -1531.25000000000        12.28934    
  -1515.62500000000        14.82015    
  -1500.00000000000        29.19992    
  -1484.37500000000        47.22317    
  -1468.75000000000        49.70410    
  -1453.12500000000        12.12894    
  -1437.50000000000        33.22228    
  -1421.87500000000        38.08874    
  -1406.25000000000        14.36469    
  -1390.62500000000        21.93284    
  -1375.00000000000        43.33980    
  -1359.37500000000        28.74255    
  -1343.75000000000        33.14857    
  -1328.12500000000        9.108864    
  -1312.50000000000        13.17687    
  -1296.87500000000        32.48248    
  -1281.25000000000        17.31442    
  -1265.62500000000        12.95119    
  -1250.00000000000        31.70622    
  -1234.37500000000        23.02283    
  -1218.75000000000        23.24368    
  -1203.12500000000        13.32965    
  -1187.50000000000        37.89159    
  -1171.87500000000        83.08766    
  -1156.25000000000        82.69421    
  -1140.62500000000        28.35043    
  -1125.00000000000        32.76312    
  -1109.37500000000        33.63846    
  -1093.75000000000        57.74135    
  -1078.12500000000        25.82820    
  -1062.50000000000        32.19796    
  -1046.87500000000        44.47345    
  -1031.25000000000        34.97248    
  -1015.62500000000        17.66081    
  -1000.00000000000        18.64168    
  -984.375000000000        28.18259    
  -968.750000000000        103.1995    
  -953.125000000000        44.75377    
  -937.500000000000        24.80178    
  -921.875000000000        41.07129    
  -906.250000000000        63.31575    
  -890.625000000000        2.847112    
  -875.000000000000        34.10221    
  -859.375000000000        20.67029    
  -843.750000000000        18.60857    
  -828.125000000000        27.06195    
  -812.500000000000        52.05525    
  -796.875000000000        78.40725    
  -781.250000000000        243.2070    
  -765.625000000000        183.2013    
  -750.000000000000        71.91222    
  -734.375000000000        66.83836    
  -718.750000000000        68.42318    
  -703.125000000000        76.96715    
  -687.500000000000        25.62204    
  -671.875000000000        65.44433    
  -656.250000000000        55.10163    
  -640.625000000000        52.87012    
  -625.000000000000        92.12621    
  -609.375000000000        120.9286    
  -593.750000000000        245.0726    
  -578.125000000000        719.3649    
  -562.500000000000        126.6715    
  -546.875000000000        41.19769    
  -531.250000000000        46.68374    
  -515.625000000000        35.47861    
  -500.000000000000        39.24612    
  -484.375000000000        18.19488    
  -468.750000000000        28.70578    
  -453.125000000000        9.777761    
  -437.500000000000        52.68182    
  -421.875000000000        20.26975    
  -406.250000000000        63.85967    
  -390.625000000000        232.8542    
  -375.000000000000        21.65025    
  -359.375000000000        25.78125    
  -343.750000000000        9.306708    
  -328.125000000000        32.71931    
  -312.500000000000        39.58446    
  -296.875000000000        32.96998    
  -281.250000000000        31.24696    
  -265.625000000000        52.39691    
  -250.000000000000        73.02047    
  -234.375000000000        40.18617    
  -218.750000000000        106.0680    
  -203.125000000000        368.6118    
  -187.500000000000        481.6565    
  -171.875000000000        146.7215    
  -156.250000000000        72.39369    
  -140.625000000000        46.35302    
  -125.000000000000        44.62114    
  -109.375000000000        34.25567    
  -93.7500000000000        27.27107    
  -78.1250000000000        55.09533    
  -62.5000000000000        26.93190    
  -46.8750000000000        15.98864    
  -31.2500000000000        17.80932    
  -15.6250000000000        85.80862    
  0.000000000000000E+000   15867.11    
   15.6250000000000        69.02505    
   31.2500000000000        41.26241    
   46.8750000000000        54.91315    
   62.5000000000000        1.673073    
   78.1250000000000        35.87209    
   93.7500000000000        22.51536    
   109.375000000000        13.40412    
   125.000000000000        50.13277    
   140.625000000000        22.62244    
   156.250000000000        39.68952    
   171.875000000000        61.32549    
   187.500000000000        116.2537    
   203.125000000000        106.3420    
   218.750000000000        58.37628    
   234.375000000000        18.72859    
   250.000000000000        52.86218    
   265.625000000000        15.79900    
   281.250000000000        26.14145    
   296.875000000000        33.23821    
   312.500000000000        55.04781    
   328.125000000000        24.20287    
   343.750000000000        19.73199    
   359.375000000000        46.82374    
   375.000000000000        116.4043    
   390.625000000000        286.8459    
   406.250000000000        69.91436    
   421.875000000000        33.91104    
   437.500000000000        35.22301    
   453.125000000000        20.86653    
   468.750000000000        16.61423    
   484.375000000000        39.90694    
   500.000000000000        34.43293    
   515.625000000000        101.5562    
   531.250000000000        71.57543    
   546.875000000000        66.93850    
   562.500000000000        125.1567    
   578.125000000000        807.8724    
   593.750000000000        278.8574    
   609.375000000000        119.3371    
   625.000000000000        86.18178    
   640.625000000000        68.96755    
   656.250000000000        24.72790    
   671.875000000000        33.51846    
   687.500000000000        27.20253    
   703.125000000000        43.73632    
   718.750000000000        39.56463    
   734.375000000000        33.89979    
   750.000000000000        40.02308    
   765.625000000000        88.76153    
   781.250000000000        127.2397    
   796.875000000000        32.73938    
   812.500000000000        30.97117    
   828.125000000000        13.21407    
   843.750000000000        49.13987    
   859.375000000000        7.831015    
   875.000000000000        7.689379    
   890.625000000000        12.04808    
   906.250000000000        77.95846    
   921.875000000000        42.40622    
   937.500000000000        30.47565    
   953.125000000000        36.27388    
   968.750000000000        107.8658    
   984.375000000000        57.86225    
   1000.00000000000        19.41586    
   1015.62500000000        13.25335    
   1031.25000000000        11.43747    
   1046.87500000000        29.89359    
   1062.50000000000        11.49559    
   1078.12500000000        17.46474    
   1093.75000000000        35.83705    
   1109.37500000000        27.97810    
   1125.00000000000        10.59155    
   1140.62500000000        31.10864    
   1156.25000000000        66.20258    
   1171.87500000000        80.26850    
   1187.50000000000        25.24187    
   1203.12500000000        12.87196    
   1218.75000000000        18.92419    
   1234.37500000000        29.15980    
   1250.00000000000        41.88235    
   1265.62500000000        2.906988    
   1281.25000000000        13.20149    
   1296.87500000000        27.43085    
   1312.50000000000        13.71125    
   1328.12500000000        11.04586    
   1343.75000000000        2.569348    
   1359.37500000000        23.15052    
   1375.00000000000        16.68265    
   1390.62500000000        10.94064    
   1406.25000000000        15.52208    
   1421.87500000000        29.73651    
   1437.50000000000        13.83248    
   1453.12500000000        1.412983    
   1468.75000000000        21.61581    
   1484.37500000000        108.5995    
   1500.00000000000        20.09456    
   1515.62500000000        21.33013    
   1531.25000000000        12.20288    
   1546.87500000000        54.45122    
   1562.50000000000        7.010951    
   1578.12500000000        28.05951    
   1593.75000000000        5.807131    
   1609.37500000000        6.527869    
   1625.00000000000        7.083814    
   1640.62500000000        5.576949    
   1656.25000000000        32.31254    
   1671.87500000000        45.75056    
   1687.50000000000        42.53489    
   1703.12500000000        13.27587    
   1718.75000000000        33.94173    
   1734.37500000000        23.81479    
   1750.00000000000        19.52613    
   1765.62500000000        15.90859    
   1781.25000000000        3.820224    
   1796.87500000000        5.481310    
   1812.50000000000        27.86537    
   1828.12500000000        23.06971    
   1843.75000000000        31.92353    
   1859.37500000000        28.15117    
   1875.00000000000        68.45174    
   1890.62500000000        13.63365    
   1906.25000000000        9.490617    
   1921.87500000000        9.386051    
   1937.50000000000        38.38002    
   1953.12500000000        27.73440    
   1968.75000000000        13.65954    
   1984.37500000000        45.06533    
