  -2000.00000000000        134.2037    
  -1984.37500000000        179.4953    
  -1968.75000000000        368.2483    
  -1953.12500000000        699.1489    
  -1937.50000000000        965.7797    
  -1921.87500000000        525.0442    
  -1906.25000000000        360.0667    
  -1890.62500000000        585.7798    
  -1875.00000000000        320.9637    
  -1859.37500000000        346.9693    
  -1843.75000000000        176.3830    
  -1828.12500000000        443.3130    
  -1812.50000000000        253.8919    
  -1796.87500000000        248.9828    
  -1781.25000000000        221.3313    
  -1765.62500000000        350.8593    
  -1750.00000000000        1628.551    
  -1734.37500000000        604.2614    
  -1718.75000000000        345.2920    
  -1703.12500000000        118.9591    
  -1687.50000000000        283.0691    
  -1671.87500000000        275.1870    
  -1656.25000000000        288.4760    
  -1640.62500000000        466.5477    
  -1625.00000000000        147.6374    
  -1609.37500000000        307.8316    
  -1593.75000000000        473.7521    
  -1578.12500000000        365.8289    
  -1562.50000000000        929.5215    
  -1546.87500000000        2602.392    
  -1531.25000000000        807.8260    
  -1515.62500000000        334.0888    
  -1500.00000000000        729.9555    
  -1484.37500000000        198.7075    
  -1468.75000000000        343.4048    
  -1453.12500000000        221.4556    
  -1437.50000000000        108.9127    
  -1421.87500000000        419.1244    
  -1406.25000000000        289.8703    
  -1390.62500000000        624.9726    
  -1375.00000000000        199.7243    
  -1359.37500000000        2544.878    
  -1343.75000000000        684.2540    
  -1328.12500000000        441.6296    
  -1312.50000000000        201.5441    
  -1296.87500000000        873.4292    
  -1281.25000000000        724.5766    
  -1265.62500000000        366.7419    
  -1250.00000000000        1117.705    
  -1234.37500000000        732.2934    
  -1218.75000000000        226.7025    
  -1203.12500000000        1186.848    
  -1187.50000000000        922.1863    
  -1171.87500000000        3102.340    
  -1156.25000000000        3327.915    
  -1140.62500000000        737.8334    
  -1125.00000000000        760.8295    
  -1109.37500000000        147.4029    
  -1093.75000000000        916.2317    
  -1078.12500000000        223.0566    
  -1062.50000000000        812.5908    
  -1046.87500000000        504.5270    
  -1031.25000000000        729.5344    
  -1015.62500000000        423.3693    
  -1000.00000000000        214.6236    
  -984.375000000000        274.9002    
  -968.750000000000        6936.284    
  -953.125000000000        1435.326    
  -937.500000000000        470.2629    
  -921.875000000000        1578.673    
  -906.250000000000        787.4239    
  -890.625000000000        191.0090    
  -875.000000000000        436.0587    
  -859.375000000000        819.6245    
  -843.750000000000        300.7961    
  -828.125000000000        1062.292    
  -812.500000000000        760.1852    
  -796.875000000000        459.6914    
  -781.250000000000        2948.889    
  -765.625000000000        2464.505    
  -750.000000000000        1083.159    
  -734.375000000000        1397.236    
  -718.750000000000        1250.532    
  -703.125000000000        822.1190    
  -687.500000000000        900.3355    
  -671.875000000000        1300.287    
  -656.250000000000        1284.730    
  -640.625000000000        1019.642    
  -625.000000000000        3006.316    
  -609.375000000000        3369.786    
  -593.750000000000        6914.913    
  -578.125000000000        22127.58    
  -562.500000000000        4286.030    
  -546.875000000000        2332.216    
  -531.250000000000        1479.142    
  -515.625000000000        1577.482    
  -500.000000000000        1400.642    
  -484.375000000000        903.6251    
  -468.750000000000        572.8489    
  -453.125000000000        745.7803    
  -437.500000000000        2008.306    
  -421.875000000000        3340.201    
  -406.250000000000        2235.119    
  -390.625000000000        40984.02    
  -375.000000000000        7181.135    
  -359.375000000000        4472.718    
  -343.750000000000        3606.339    
  -328.125000000000        3754.254    
  -312.500000000000        3043.306    
  -296.875000000000        4458.136    
  -281.250000000000        3103.205    
  -265.625000000000        5546.759    
  -250.000000000000        7792.244    
  -234.375000000000        8197.614    
  -218.750000000000        12769.36    
  -203.125000000000        39806.32    
  -187.500000000000        52340.04    
  -171.875000000000        15984.73    
  -156.250000000000        9039.407    
  -140.625000000000        5795.621    
  -125.000000000000        5037.715    
  -109.375000000000        5035.931    
  -93.7500000000000        4234.657    
  -78.1250000000000        2456.793    
  -62.5000000000000        2288.915    
  -46.8750000000000        3672.363    
  -31.2500000000000        2645.718    
  -15.6250000000000        1817.100    
  0.000000000000000E+000   481729.4    
   15.6250000000000        3493.908    
   31.2500000000000        3306.428    
   46.8750000000000        5698.423    
   62.5000000000000        1091.001    
   78.1250000000000        2890.889    
   93.7500000000000        4517.182    
   109.375000000000        4410.739    
   125.000000000000        5453.272    
   140.625000000000        4617.899    
   156.250000000000        8615.320    
   171.875000000000        13960.11    
   187.500000000000        42074.12    
   203.125000000000        26537.54    
   218.750000000000        11784.72    
   234.375000000000        7744.028    
   250.000000000000        7168.346    
   265.625000000000        5110.051    
   281.250000000000        3468.569    
   296.875000000000        3729.128    
   312.500000000000        3130.369    
   328.125000000000        3822.888    
   343.750000000000        3930.502    
   359.375000000000        6290.472    
   375.000000000000        12716.93    
   390.625000000000        45116.41    
   406.250000000000        7621.980    
   421.875000000000        4629.006    
   437.500000000000        3538.358    
   453.125000000000        1841.287    
   468.750000000000        425.3937    
   484.375000000000        1408.695    
   500.000000000000        2148.519    
   515.625000000000        1832.289    
   531.250000000000        1370.364    
   546.875000000000        2671.285    
   562.500000000000        2771.985    
   578.125000000000        22077.87    
   593.750000000000        8508.389    
   609.375000000000        3043.596    
   625.000000000000        2649.194    
   640.625000000000        1742.729    
   656.250000000000        1318.372    
   671.875000000000        1764.487    
   687.500000000000        1740.592    
   703.125000000000        1418.851    
   718.750000000000        1588.632    
   734.375000000000        2247.859    
   750.000000000000        2742.766    
   765.625000000000        6887.911    
   781.250000000000        9474.381    
   796.875000000000        2107.037    
   812.500000000000        1408.924    
   828.125000000000        1387.038    
   843.750000000000        558.0097    
   859.375000000000        278.8863    
   875.000000000000        645.8356    
   890.625000000000        506.0014    
   906.250000000000        1310.369    
   921.875000000000        1104.016    
   937.500000000000        196.1168    
   953.125000000000        295.1440    
   968.750000000000        3573.000    
   984.375000000000        286.1567    
   1000.00000000000        162.4579    
   1015.62500000000        173.7429    
   1031.25000000000        524.2524    
   1046.87500000000        720.5332    
   1062.50000000000        779.0967    
   1078.12500000000        295.9283    
   1093.75000000000        800.3097    
   1109.37500000000        1020.142    
   1125.00000000000        565.7137    
   1140.62500000000        373.8274    
   1156.25000000000        2062.960    
   1171.87500000000        1413.435    
   1187.50000000000        99.77037    
   1203.12500000000        492.7019    
   1218.75000000000        341.4828    
   1234.37500000000        339.4230    
   1250.00000000000        777.5830    
   1265.62500000000        310.9495    
   1281.25000000000        376.6579    
   1296.87500000000        588.0200    
   1312.50000000000        55.42831    
   1328.12500000000        113.8416    
   1343.75000000000        253.3554    
   1359.37500000000        641.5594    
   1375.00000000000        177.0100    
   1390.62500000000        957.6633    
   1406.25000000000        154.2746    
   1421.87500000000        487.2929    
   1437.50000000000        237.0563    
   1453.12500000000        417.0108    
   1468.75000000000        204.1297    
   1484.37500000000        613.5416    
   1500.00000000000        462.4771    
   1515.62500000000        377.9255    
   1531.25000000000        260.7762    
   1546.87500000000        1017.849    
   1562.50000000000        510.1888    
   1578.12500000000        759.4490    
   1593.75000000000        344.0906    
   1609.37500000000        651.1325    
   1625.00000000000        261.4188    
   1640.62500000000        36.15968    
   1656.25000000000        180.6489    
   1671.87500000000        184.5562    
   1687.50000000000        150.3575    
   1703.12500000000        178.0792    
   1718.75000000000        841.5352    
   1734.37500000000        168.1811    
   1750.00000000000        524.6768    
   1765.62500000000        300.9301    
   1781.25000000000        592.4056    
   1796.87500000000        240.6671    
   1812.50000000000        311.0227    
   1828.12500000000        149.6734    
   1843.75000000000        328.0099    
   1859.37500000000        69.94308    
   1875.00000000000        148.0204    
   1890.62500000000        336.1884    
   1906.25000000000        488.0019    
   1921.87500000000        703.8159    
   1937.50000000000        406.3023    
   1953.12500000000        269.3993    
   1968.75000000000        139.9262    
   1984.37500000000        122.5215    
