  -2000.00000000000        91.75567    
  -1984.37500000000        71.23132    
  -1968.75000000000        65.37942    
  -1953.12500000000        111.7790    
  -1937.50000000000        205.1778    
  -1921.87500000000        75.66297    
  -1906.25000000000        42.51542    
  -1890.62500000000        66.82700    
  -1875.00000000000        81.96661    
  -1859.37500000000        186.0389    
  -1843.75000000000        81.17294    
  -1828.12500000000        119.4027    
  -1812.50000000000        43.51763    
  -1796.87500000000        29.67556    
  -1781.25000000000        102.4711    
  -1765.62500000000        76.33636    
  -1750.00000000000        112.8100    
  -1734.37500000000        98.20430    
  -1718.75000000000        25.28842    
  -1703.12500000000        56.50002    
  -1687.50000000000        5.547183    
  -1671.87500000000        227.8815    
  -1656.25000000000        32.56887    
  -1640.62500000000        4.761596    
  -1625.00000000000        71.54575    
  -1609.37500000000        73.35039    
  -1593.75000000000        44.22836    
  -1578.12500000000        28.05830    
  -1562.50000000000        44.18035    
  -1546.87500000000        335.0203    
  -1531.25000000000        92.15736    
  -1515.62500000000        66.75434    
  -1500.00000000000        127.3278    
  -1484.37500000000        61.55703    
  -1468.75000000000        24.42677    
  -1453.12500000000        22.34791    
  -1437.50000000000        46.15667    
  -1421.87500000000        69.53989    
  -1406.25000000000        14.51019    
  -1390.62500000000        25.33551    
  -1375.00000000000        64.42782    
  -1359.37500000000        147.7205    
  -1343.75000000000        40.52439    
  -1328.12500000000        60.97738    
  -1312.50000000000        14.38638    
  -1296.87500000000        81.52331    
  -1281.25000000000        114.0808    
  -1265.62500000000        51.68579    
  -1250.00000000000        119.4289    
  -1234.37500000000        53.37469    
  -1218.75000000000        74.18481    
  -1203.12500000000        167.8762    
  -1187.50000000000        155.4048    
  -1171.87500000000        421.9519    
  -1156.25000000000        354.8468    
  -1140.62500000000        126.7219    
  -1125.00000000000        42.16669    
  -1109.37500000000        50.47771    
  -1093.75000000000        126.5400    
  -1078.12500000000        32.65567    
  -1062.50000000000        26.63153    
  -1046.87500000000        28.27266    
  -1031.25000000000        19.55702    
  -1015.62500000000        67.84248    
  -1000.00000000000        42.08833    
  -984.375000000000        51.39125    
  -968.750000000000        373.0239    
  -953.125000000000        58.94412    
  -937.500000000000        49.37998    
  -921.875000000000        83.89732    
  -906.250000000000        13.44147    
  -890.625000000000        43.19379    
  -875.000000000000        42.81176    
  -859.375000000000        34.41183    
  -843.750000000000        71.87913    
  -828.125000000000        83.01405    
  -812.500000000000        119.8037    
  -796.875000000000        39.47132    
  -781.250000000000        364.6354    
  -765.625000000000        94.08159    
  -750.000000000000        72.30561    
  -734.375000000000        29.47051    
  -718.750000000000        70.19809    
  -703.125000000000        52.15625    
  -687.500000000000        70.99243    
  -671.875000000000        45.94396    
  -656.250000000000        110.5335    
  -640.625000000000        87.74786    
  -625.000000000000        175.3496    
  -609.375000000000        250.7741    
  -593.750000000000        451.1202    
  -578.125000000000        1501.618    
  -562.500000000000        295.7966    
  -546.875000000000        65.89994    
  -531.250000000000        152.6691    
  -515.625000000000        101.1961    
  -500.000000000000        61.03833    
  -484.375000000000        40.12636    
  -468.750000000000        53.14633    
  -453.125000000000        81.46463    
  -437.500000000000        17.63964    
  -421.875000000000        88.90060    
  -406.250000000000        122.9373    
  -390.625000000000        699.6905    
  -375.000000000000        19.54076    
  -359.375000000000        131.5119    
  -343.750000000000        95.44633    
  -328.125000000000        134.9243    
  -312.500000000000        89.34752    
  -296.875000000000        163.4573    
  -281.250000000000        96.02120    
  -265.625000000000        203.5290    
  -250.000000000000        239.5565    
  -234.375000000000        259.7173    
  -218.750000000000        441.9962    
  -203.125000000000        1523.582    
  -187.500000000000        1971.949    
  -171.875000000000        604.0162    
  -156.250000000000        346.3199    
  -140.625000000000        227.8590    
  -125.000000000000        207.7581    
  -109.375000000000        190.7303    
  -93.7500000000000        107.8486    
  -78.1250000000000        187.3874    
  -62.5000000000000        87.77026    
  -46.8750000000000        71.53527    
  -31.2500000000000        48.50065    
  -15.6250000000000        181.5190    
  0.000000000000000E+000   38284.38    
   15.6250000000000        252.3085    
   31.2500000000000        143.5557    
   46.8750000000000        209.4962    
   62.5000000000000        47.64836    
   78.1250000000000        150.2092    
   93.7500000000000        141.3754    
   109.375000000000        136.8931    
   125.000000000000        181.9603    
   140.625000000000        124.6469    
   156.250000000000        221.3839    
   171.875000000000        355.2820    
   187.500000000000        1058.819    
   203.125000000000        550.2458    
   218.750000000000        309.3102    
   234.375000000000        231.6311    
   250.000000000000        226.5484    
   265.625000000000        74.05754    
   281.250000000000        109.8124    
   296.875000000000        46.78155    
   312.500000000000        92.74976    
   328.125000000000        82.23120    
   343.750000000000        85.24460    
   359.375000000000        166.0145    
   375.000000000000        414.6750    
   390.625000000000        1217.923    
   406.250000000000        225.1874    
   421.875000000000        151.7545    
   437.500000000000        143.2268    
   453.125000000000        74.71919    
   468.750000000000        28.63958    
   484.375000000000        67.62998    
   500.000000000000        107.9626    
   515.625000000000        147.1154    
   531.250000000000        147.4785    
   546.875000000000        118.0265    
   562.500000000000        197.6718    
   578.125000000000        1588.555    
   593.750000000000        610.4053    
   609.375000000000        243.9814    
   625.000000000000        159.0823    
   640.625000000000        100.5638    
   656.250000000000        65.96307    
   671.875000000000        58.00023    
   687.500000000000        97.99789    
   703.125000000000        65.55841    
   718.750000000000        92.12903    
   734.375000000000        111.4193    
   750.000000000000        145.7559    
   765.625000000000        344.0081    
   781.250000000000        372.2770    
   796.875000000000        107.6954    
   812.500000000000        58.91677    
   828.125000000000        49.96967    
   843.750000000000        58.22560    
   859.375000000000        14.16939    
   875.000000000000        47.61169    
   890.625000000000        48.65353    
   906.250000000000        200.3201    
   921.875000000000        57.00932    
   937.500000000000        39.98567    
   953.125000000000        64.43346    
   968.750000000000        182.3165    
   984.375000000000        27.69399    
   1000.00000000000        51.34962    
   1015.62500000000        30.81496    
   1031.25000000000        54.21404    
   1046.87500000000        62.34597    
   1062.50000000000        51.54133    
   1078.12500000000        13.58086    
   1093.75000000000        100.6218    
   1109.37500000000        92.17798    
   1125.00000000000        55.01301    
   1140.62500000000        84.29118    
   1156.25000000000        339.1564    
   1171.87500000000        255.5533    
   1187.50000000000        55.94506    
   1203.12500000000        66.14109    
   1218.75000000000        48.45373    
   1234.37500000000        94.06202    
   1250.00000000000        99.09057    
   1265.62500000000        24.87921    
   1281.25000000000        69.46916    
   1296.87500000000        44.30313    
   1312.50000000000        16.16907    
   1328.12500000000        46.58039    
   1343.75000000000        105.7243    
   1359.37500000000        168.3316    
   1375.00000000000        42.10820    
   1390.62500000000        53.06563    
   1406.25000000000        31.11275    
   1421.87500000000        87.53627    
   1437.50000000000        69.11792    
   1453.12500000000        44.30286    
   1468.75000000000        55.19123    
   1484.37500000000        2.489747    
   1500.00000000000        104.2397    
   1515.62500000000        49.02937    
   1531.25000000000        100.2205    
   1546.87500000000        129.8475    
   1562.50000000000        85.18732    
   1578.12500000000        78.13770    
   1593.75000000000        46.14022    
   1609.37500000000        20.56974    
   1625.00000000000        37.31509    
   1640.62500000000        31.33634    
   1656.25000000000        7.689005    
   1671.87500000000        134.1260    
   1687.50000000000        48.13221    
   1703.12500000000        17.05652    
   1718.75000000000        66.33185    
   1734.37500000000        80.09980    
   1750.00000000000        55.06565    
   1765.62500000000        24.56292    
   1781.25000000000        26.89494    
   1796.87500000000        61.14540    
   1812.50000000000        31.27971    
   1828.12500000000        55.10531    
   1843.75000000000        53.80530    
   1859.37500000000        89.04966    
   1875.00000000000        63.33291    
   1890.62500000000        83.10959    
   1906.25000000000        86.88743    
   1921.87500000000        63.52217    
   1937.50000000000        198.7523    
   1953.12500000000        33.33942    
   1968.75000000000        13.43636    
   1984.37500000000        46.30104    
