  -2000.00000000000        41.57955    
  -1984.37500000000        21.88428    
  -1968.75000000000        20.04916    
  -1953.12500000000        83.61593    
  -1937.50000000000        123.2289    
  -1921.87500000000        139.3157    
  -1906.25000000000        64.04598    
  -1890.62500000000        102.7513    
  -1875.00000000000        152.9371    
  -1859.37500000000        158.8971    
  -1843.75000000000        79.51084    
  -1828.12500000000        137.2562    
  -1812.50000000000        139.3851    
  -1796.87500000000        111.0243    
  -1781.25000000000        109.6904    
  -1765.62500000000        43.59544    
  -1750.00000000000        309.1640    
  -1734.37500000000        161.6212    
  -1718.75000000000        108.2173    
  -1703.12500000000        94.26558    
  -1687.50000000000        49.97737    
  -1671.87500000000        279.3997    
  -1656.25000000000        25.98839    
  -1640.62500000000        27.95831    
  -1625.00000000000        53.68183    
  -1609.37500000000        51.48757    
  -1593.75000000000        61.52243    
  -1578.12500000000        36.37602    
  -1562.50000000000        114.6662    
  -1546.87500000000        460.1712    
  -1531.25000000000        262.5025    
  -1515.62500000000        113.5971    
  -1500.00000000000        219.9784    
  -1484.37500000000        71.66052    
  -1468.75000000000        164.2213    
  -1453.12500000000        109.0021    
  -1437.50000000000        59.86861    
  -1421.87500000000        140.8267    
  -1406.25000000000        144.4446    
  -1390.62500000000        82.22573    
  -1375.00000000000        172.5735    
  -1359.37500000000        304.3256    
  -1343.75000000000        286.4952    
  -1328.12500000000        125.7069    
  -1312.50000000000        16.03867    
  -1296.87500000000        122.6053    
  -1281.25000000000        54.61120    
  -1265.62500000000        39.09891    
  -1250.00000000000        116.8018    
  -1234.37500000000        141.0182    
  -1218.75000000000        77.17502    
  -1203.12500000000        137.5116    
  -1187.50000000000        98.90260    
  -1171.87500000000        663.1346    
  -1156.25000000000        691.4708    
  -1140.62500000000        52.64737    
  -1125.00000000000        117.3644    
  -1109.37500000000        39.27987    
  -1093.75000000000        137.9024    
  -1078.12500000000        82.34562    
  -1062.50000000000        17.58989    
  -1046.87500000000        47.58873    
  -1031.25000000000        94.87361    
  -1015.62500000000        134.2719    
  -1000.00000000000        62.22953    
  -984.375000000000        134.1900    
  -968.750000000000        321.1726    
  -953.125000000000        24.58353    
  -937.500000000000        31.98585    
  -921.875000000000        93.80370    
  -906.250000000000        86.80948    
  -890.625000000000        44.69405    
  -875.000000000000        113.7650    
  -859.375000000000        39.50874    
  -843.750000000000        38.62045    
  -828.125000000000        172.0436    
  -812.500000000000        108.9103    
  -796.875000000000        124.7220    
  -781.250000000000        79.87251    
  -765.625000000000        218.9332    
  -750.000000000000        60.18227    
  -734.375000000000        15.44617    
  -718.750000000000        106.9065    
  -703.125000000000        117.9479    
  -687.500000000000        143.7623    
  -671.875000000000        125.5046    
  -656.250000000000        115.9335    
  -640.625000000000        127.3007    
  -625.000000000000        212.4894    
  -609.375000000000        278.3161    
  -593.750000000000        651.7250    
  -578.125000000000        1923.729    
  -562.500000000000        426.2917    
  -546.875000000000        90.41286    
  -531.250000000000        176.0274    
  -515.625000000000        66.66193    
  -500.000000000000        98.72414    
  -484.375000000000        39.62090    
  -468.750000000000        52.32284    
  -453.125000000000        73.04903    
  -437.500000000000        52.82037    
  -421.875000000000        82.13266    
  -406.250000000000        86.05356    
  -390.625000000000        1620.304    
  -375.000000000000        41.45955    
  -359.375000000000        138.0201    
  -343.750000000000        182.8825    
  -328.125000000000        181.7579    
  -312.500000000000        174.4858    
  -296.875000000000        210.4852    
  -281.250000000000        113.4390    
  -265.625000000000        255.8299    
  -250.000000000000        348.1236    
  -234.375000000000        400.8176    
  -218.750000000000        623.8266    
  -203.125000000000        2341.555    
  -187.500000000000        2855.017    
  -171.875000000000        919.3221    
  -156.250000000000        510.4958    
  -140.625000000000        329.2426    
  -125.000000000000        329.2558    
  -109.375000000000        282.9750    
  -93.7500000000000        205.3369    
  -78.1250000000000        186.8766    
  -62.5000000000000        134.4114    
  -46.8750000000000        132.9635    
  -31.2500000000000        167.7648    
  -15.6250000000000        226.8134    
  0.000000000000000E+000   60518.64    
   15.6250000000000        290.2524    
   31.2500000000000        246.7150    
   46.8750000000000        330.6957    
   62.5000000000000        84.67923    
   78.1250000000000        254.9994    
   93.7500000000000        249.5318    
   109.375000000000        264.4822    
   125.000000000000        251.7303    
   140.625000000000        192.1849    
   156.250000000000        375.5122    
   171.875000000000        631.6985    
   187.500000000000        1573.525    
   203.125000000000        825.8688    
   218.750000000000        535.6002    
   234.375000000000        365.9776    
   250.000000000000        389.3470    
   265.625000000000        148.3001    
   281.250000000000        156.2617    
   296.875000000000        115.7474    
   312.500000000000        324.9002    
   328.125000000000        99.37737    
   343.750000000000        191.5896    
   359.375000000000        243.0351    
   375.000000000000        723.3733    
   390.625000000000        2001.477    
   406.250000000000        390.8886    
   421.875000000000        189.4099    
   437.500000000000        229.8620    
   453.125000000000        134.8237    
   468.750000000000        64.23367    
   484.375000000000        90.32371    
   500.000000000000        204.2871    
   515.625000000000        21.52757    
   531.250000000000        80.37989    
   546.875000000000        178.8201    
   562.500000000000        313.8464    
   578.125000000000        2194.366    
   593.750000000000        911.2533    
   609.375000000000        373.2274    
   625.000000000000        290.3766    
   640.625000000000        339.2711    
   656.250000000000        216.8860    
   671.875000000000        220.3102    
   687.500000000000        226.6743    
   703.125000000000        206.4636    
   718.750000000000        196.2875    
   734.375000000000        225.0190    
   750.000000000000        399.0258    
   765.625000000000        965.4666    
   781.250000000000        1100.587    
   796.875000000000        383.1251    
   812.500000000000        177.2396    
   828.125000000000        67.31379    
   843.750000000000        141.3527    
   859.375000000000        54.83220    
   875.000000000000        79.26008    
   890.625000000000        93.49075    
   906.250000000000        146.8603    
   921.875000000000        119.5228    
   937.500000000000        93.62109    
   953.125000000000        157.1180    
   968.750000000000        1245.871    
   984.375000000000        89.90160    
   1000.00000000000        30.14244    
   1015.62500000000        27.51745    
   1031.25000000000        20.67622    
   1046.87500000000        15.41509    
   1062.50000000000        26.15435    
   1078.12500000000        85.30797    
   1093.75000000000        9.173283    
   1109.37500000000        168.6140    
   1125.00000000000        63.45045    
   1140.62500000000        113.3579    
   1156.25000000000        302.9624    
   1171.87500000000        212.6474    
   1187.50000000000        136.3182    
   1203.12500000000        75.73632    
   1218.75000000000        51.59239    
   1234.37500000000        41.53269    
   1250.00000000000        129.8161    
   1265.62500000000        33.06118    
   1281.25000000000        119.3711    
   1296.87500000000        50.94914    
   1312.50000000000        138.5905    
   1328.12500000000        95.40108    
   1343.75000000000        47.21444    
   1359.37500000000        245.0997    
   1375.00000000000        38.57779    
   1390.62500000000        83.09946    
   1406.25000000000        56.64289    
   1421.87500000000        31.15480    
   1437.50000000000        72.58862    
   1453.12500000000        25.06057    
   1468.75000000000        48.63105    
   1484.37500000000        182.0770    
   1500.00000000000        154.4814    
   1515.62500000000        64.50724    
   1531.25000000000        21.75240    
   1546.87500000000        291.1468    
   1562.50000000000        86.34719    
   1578.12500000000        32.64937    
   1593.75000000000        97.71883    
   1609.37500000000        99.57012    
   1625.00000000000        36.31127    
   1640.62500000000        113.8384    
   1656.25000000000        112.9414    
   1671.87500000000        93.86788    
   1687.50000000000        81.24922    
   1703.12500000000        76.81970    
   1718.75000000000        30.92206    
   1734.37500000000        135.7864    
   1750.00000000000        214.6038    
   1765.62500000000        47.58052    
   1781.25000000000        69.17191    
   1796.87500000000        87.45770    
   1812.50000000000        107.3450    
   1828.12500000000        51.13810    
   1843.75000000000        37.15323    
   1859.37500000000        231.1795    
   1875.00000000000        146.9983    
   1890.62500000000        36.78796    
   1906.25000000000        73.48714    
   1921.87500000000        116.3576    
   1937.50000000000        483.9977    
   1953.12500000000        75.41950    
   1968.75000000000        93.81208    
   1984.37500000000        50.51695    
