  -4000.00000000000        225.1539    
  -3968.75000000000        402.3587    
  -3937.50000000000        535.1164    
  -3906.25000000000        249.7364    
  -3875.00000000000        386.6923    
  -3843.75000000000        415.8735    
  -3812.50000000000        316.6451    
  -3781.25000000000        448.7844    
  -3750.00000000000        278.8355    
  -3718.75000000000        349.8292    
  -3687.50000000000        326.7006    
  -3656.25000000000        392.3180    
  -3625.00000000000        194.8709    
  -3593.75000000000        254.3980    
  -3562.50000000000        271.4444    
  -3531.25000000000        89.79160    
  -3500.00000000000        325.3299    
  -3468.75000000000        272.1159    
  -3437.50000000000        177.2540    
  -3406.25000000000        473.0253    
  -3375.00000000000        145.3664    
  -3343.75000000000        135.7638    
  -3312.50000000000        288.1886    
  -3281.25000000000        223.1860    
  -3250.00000000000        204.6223    
  -3218.75000000000        248.8235    
  -3187.50000000000        111.7714    
  -3156.25000000000        281.2725    
  -3125.00000000000        157.9035    
  -3093.75000000000        221.5978    
  -3062.50000000000        255.9355    
  -3031.25000000000        194.2866    
  -3000.00000000000        114.0285    
  -2968.75000000000        115.6410    
  -2937.50000000000        231.9074    
  -2906.25000000000        25.62131    
  -2875.00000000000        133.6709    
  -2843.75000000000        72.31079    
  -2812.50000000000        152.8762    
  -2781.25000000000        62.16175    
  -2750.00000000000        76.67677    
  -2718.75000000000        94.85905    
  -2687.50000000000        145.7007    
  -2656.25000000000        73.61186    
  -2625.00000000000        34.98827    
  -2593.75000000000        117.2345    
  -2562.50000000000        69.92465    
  -2531.25000000000        28.69510    
  -2500.00000000000        154.1606    
  -2468.75000000000        22.02040    
  -2437.50000000000        105.0867    
  -2406.25000000000        70.88559    
  -2375.00000000000        26.74620    
  -2343.75000000000        151.9634    
  -2312.50000000000        103.5854    
  -2281.25000000000        47.09111    
  -2250.00000000000        58.98338    
  -2218.75000000000        76.13197    
  -2187.50000000000        124.5195    
  -2156.25000000000        129.8237    
  -2125.00000000000        82.92457    
  -2093.75000000000        96.11381    
  -2062.50000000000        68.27262    
  -2031.25000000000        26.00998    
  -2000.00000000000        53.52919    
  -1968.75000000000        72.83899    
  -1937.50000000000        52.94091    
  -1906.25000000000        35.83793    
  -1875.00000000000        84.55640    
  -1843.75000000000        107.9766    
  -1812.50000000000        292.4291    
  -1781.25000000000        350.0345    
  -1750.00000000000        174.6436    
  -1718.75000000000        120.6317    
  -1687.50000000000        165.5988    
  -1656.25000000000        196.1354    
  -1625.00000000000        124.9829    
  -1593.75000000000        57.80711    
  -1562.50000000000        236.3685    
  -1531.25000000000        148.5616    
  -1500.00000000000        41.20077    
  -1468.75000000000        83.97967    
  -1437.50000000000        70.33360    
  -1406.25000000000        97.55424    
  -1375.00000000000        150.5457    
  -1343.75000000000        114.6076    
  -1312.50000000000        89.73384    
  -1281.25000000000        81.00063    
  -1250.00000000000        252.1092    
  -1218.75000000000        54.65239    
  -1187.50000000000        45.94612    
  -1156.25000000000        160.9359    
  -1125.00000000000        34.85005    
  -1093.75000000000        97.23934    
  -1062.50000000000        187.3433    
  -1031.25000000000        80.89008    
  -1000.00000000000        105.6129    
  -968.750000000000        106.8228    
  -937.500000000000        30.13982    
  -906.250000000000        186.4520    
  -875.000000000000        91.54232    
  -843.750000000000        146.6064    
  -812.500000000000        250.3503    
  -781.250000000000        313.9889    
  -750.000000000000        246.9060    
  -718.750000000000        290.0865    
  -687.500000000000        249.7116    
  -656.250000000000        486.0882    
  -625.000000000000        27.98172    
  -593.750000000000        353.6560    
  -562.500000000000        119.4909    
  -531.250000000000        213.5277    
  -500.000000000000        351.3799    
  -468.750000000000        89.07806    
  -437.500000000000        275.4559    
  -406.250000000000        334.4481    
  -375.000000000000        763.2532    
  -343.750000000000        1220.252    
  -312.500000000000        620.8590    
  -281.250000000000        894.6931    
  -250.000000000000        451.4457    
  -218.750000000000        71.97697    
  -187.500000000000        419.6283    
  -156.250000000000        1531.306    
  -125.000000000000        1510.217    
  -93.7500000000000        540.2936    
  -62.5000000000000        1470.541    
  -31.2500000000000        2692.951    
  0.000000000000000E+000   6835.038    
   31.2500000000000        2622.019    
   62.5000000000000        1546.692    
   93.7500000000000        588.5879    
   125.000000000000        1565.346    
   156.250000000000        1597.776    
   187.500000000000        405.0715    
   218.750000000000        15.26723    
   250.000000000000        427.9373    
   281.250000000000        822.9992    
   312.500000000000        607.8048    
   343.750000000000        1177.802    
   375.000000000000        712.1846    
   406.250000000000        313.6715    
   437.500000000000        231.3367    
   468.750000000000        91.98086    
   500.000000000000        352.1736    
   531.250000000000        242.0999    
   562.500000000000        151.1334    
   593.750000000000        348.4470    
   625.000000000000        52.90237    
   656.250000000000        488.8812    
   687.500000000000        263.5501    
   718.750000000000        319.8968    
   750.000000000000        247.0838    
   781.250000000000        326.9655    
   812.500000000000        248.6142    
   843.750000000000        141.1735    
   875.000000000000        93.03571    
   906.250000000000        177.7838    
   937.500000000000        53.84384    
   968.750000000000        97.32947    
   1000.00000000000        103.9118    
   1031.25000000000        83.89039    
   1062.50000000000        187.3375    
   1093.75000000000        103.2642    
   1125.00000000000        40.10805    
   1156.25000000000        165.0335    
   1187.50000000000        34.75211    
   1218.75000000000        42.27307    
   1250.00000000000        257.3033    
   1281.25000000000        76.78610    
   1312.50000000000        95.72093    
   1343.75000000000        128.1135    
   1375.00000000000        158.4277    
   1406.25000000000        105.3254    
   1437.50000000000        44.60451    
   1468.75000000000        97.25431    
   1500.00000000000        29.08055    
   1531.25000000000        134.1722    
   1562.50000000000        234.4988    
   1593.75000000000        68.29520    
   1625.00000000000        114.3006    
   1656.25000000000        181.2869    
   1687.50000000000        157.3759    
   1718.75000000000        113.4373    
   1750.00000000000        153.7866    
   1781.25000000000        330.4705    
   1812.50000000000        280.1483    
   1843.75000000000        93.28064    
   1875.00000000000        84.46701    
   1906.25000000000        45.04496    
   1937.50000000000        62.26336    
   1968.75000000000        75.95635    
   2000.00000000000        36.56360    
   2031.25000000000        14.81070    
   2062.50000000000        82.79070    
   2093.75000000000        91.92451    
   2125.00000000000        81.19615    
   2156.25000000000        130.5960    
   2187.50000000000        114.9822    
   2218.75000000000        81.90155    
   2250.00000000000        58.45296    
   2281.25000000000        47.08585    
   2312.50000000000        94.02508    
   2343.75000000000        166.6454    
   2375.00000000000        26.26420    
   2406.25000000000        63.90124    
   2437.50000000000        103.5263    
   2468.75000000000        14.88301    
   2500.00000000000        170.9416    
   2531.25000000000        25.68923    
   2562.50000000000        81.19978    
   2593.75000000000        111.7152    
   2625.00000000000        51.90126    
   2656.25000000000        69.75568    
   2687.50000000000        168.2720    
   2718.75000000000        83.34377    
   2750.00000000000        75.82227    
   2781.25000000000        58.06579    
   2812.50000000000        171.5478    
   2843.75000000000        79.40828    
   2875.00000000000        147.7379    
   2906.25000000000        35.83171    
   2937.50000000000        225.8584    
   2968.75000000000        103.5429    
   3000.00000000000        136.5449    
   3031.25000000000        206.9296    
   3062.50000000000        261.0533    
   3093.75000000000        217.9703    
   3125.00000000000        155.0930    
   3156.25000000000        274.9677    
   3187.50000000000        119.7572    
   3218.75000000000        278.4518    
   3250.00000000000        232.7401    
   3281.25000000000        251.2704    
   3312.50000000000        253.3999    
   3343.75000000000        143.0133    
   3375.00000000000        149.4187    
   3406.25000000000        497.1022    
   3437.50000000000        166.2829    
   3468.75000000000        313.8672    
   3500.00000000000        293.5117    
   3531.25000000000        97.40331    
   3562.50000000000        288.7422    
   3593.75000000000        219.8457    
   3625.00000000000        172.7072    
   3656.25000000000        388.5425    
   3687.50000000000        318.1555    
   3718.75000000000        342.7773    
   3750.00000000000        263.0607    
   3781.25000000000        465.4031    
   3812.50000000000        298.2015    
   3843.75000000000        440.2467    
   3875.00000000000        362.4644    
   3906.25000000000        240.7468    
   3937.50000000000        517.1368    
   3968.75000000000        425.6082    
