  -2000.00000000000        6.305268    
  -1984.37500000000        11.06317    
  -1968.75000000000        14.46294    
  -1953.12500000000        20.41543    
  -1937.50000000000        10.55951    
  -1921.87500000000        27.30690    
  -1906.25000000000        4.169558    
  -1890.62500000000        15.39080    
  -1875.00000000000        19.60662    
  -1859.37500000000        11.62931    
  -1843.75000000000        10.68049    
  -1828.12500000000        8.041265    
  -1812.50000000000        6.030258    
  -1796.87500000000        14.54879    
  -1781.25000000000        6.663396    
  -1765.62500000000        5.829673    
  -1750.00000000000        32.07258    
  -1734.37500000000        3.592410    
  -1718.75000000000        3.624550    
  -1703.12500000000        2.275909    
  -1687.50000000000        11.56028    
  -1671.87500000000        6.854176    
  -1656.25000000000        4.446356    
  -1640.62500000000        9.302771    
  -1625.00000000000        1.168376    
  -1609.37500000000        2.068924    
  -1593.75000000000        9.398938    
  -1578.12500000000        13.49725    
  -1562.50000000000        13.47172    
  -1546.87500000000        36.92836    
  -1531.25000000000        18.19864    
  -1515.62500000000        12.16304    
  -1500.00000000000        23.00487    
  -1484.37500000000        13.43724    
  -1468.75000000000        7.439927    
  -1453.12500000000        7.108722    
  -1437.50000000000        7.434323    
  -1421.87500000000        11.75959    
  -1406.25000000000        9.179037    
  -1390.62500000000        7.526750    
  -1375.00000000000        8.671512    
  -1359.37500000000        53.09737    
  -1343.75000000000        12.92159    
  -1328.12500000000        7.360528    
  -1312.50000000000        4.799681    
  -1296.87500000000        11.58516    
  -1281.25000000000        5.581927    
  -1265.62500000000        6.533928    
  -1250.00000000000        36.37675    
  -1234.37500000000        21.14681    
  -1218.75000000000        4.656810    
  -1203.12500000000        19.28019    
  -1187.50000000000        25.03263    
  -1171.87500000000        76.47423    
  -1156.25000000000        48.37350    
  -1140.62500000000        15.22204    
  -1125.00000000000        9.708222    
  -1109.37500000000        16.46584    
  -1093.75000000000        10.68649    
  -1078.12500000000        3.059741    
  -1062.50000000000        2.104284    
  -1046.87500000000        5.905301    
  -1031.25000000000        11.64819    
  -1015.62500000000        14.55024    
  -1000.00000000000        4.441577    
  -984.375000000000        9.512298    
  -968.750000000000        84.60122    
  -953.125000000000        21.72487    
  -937.500000000000        11.75150    
  -921.875000000000        33.09035    
  -906.250000000000        27.48610    
  -890.625000000000        9.911607    
  -875.000000000000        15.92395    
  -859.375000000000        11.13565    
  -843.750000000000        17.50606    
  -828.125000000000        11.87000    
  -812.500000000000        16.39509    
  -796.875000000000        26.78437    
  -781.250000000000        91.51698    
  -765.625000000000        93.82165    
  -750.000000000000        33.40551    
  -734.375000000000        28.54064    
  -718.750000000000        36.92844    
  -703.125000000000        21.34991    
  -687.500000000000        24.02260    
  -671.875000000000        26.31501    
  -656.250000000000        43.85315    
  -640.625000000000        39.00709    
  -625.000000000000        51.53357    
  -609.375000000000        81.72636    
  -593.750000000000        172.5946    
  -578.125000000000        489.8601    
  -562.500000000000        73.94332    
  -546.875000000000        26.17147    
  -531.250000000000        43.91819    
  -515.625000000000        11.71375    
  -500.000000000000        25.69826    
  -484.375000000000        8.764753    
  -468.750000000000        21.28311    
  -453.125000000000        6.581740    
  -437.500000000000        30.93252    
  -421.875000000000        21.46201    
  -406.250000000000        41.83445    
  -390.625000000000        198.4513    
  -375.000000000000        43.93237    
  -359.375000000000        35.20187    
  -343.750000000000        15.19002    
  -328.125000000000        29.00062    
  -312.500000000000        20.93023    
  -296.875000000000        21.43962    
  -281.250000000000        14.11496    
  -265.625000000000        28.77729    
  -250.000000000000        35.70305    
  -234.375000000000        33.25388    
  -218.750000000000        59.23929    
  -203.125000000000        227.5188    
  -187.500000000000        271.4486    
  -171.875000000000        74.19193    
  -156.250000000000        39.12105    
  -140.625000000000        37.73068    
  -125.000000000000        15.87388    
  -109.375000000000        22.17854    
  -93.7500000000000        4.610223    
  -78.1250000000000        38.84826    
  -62.5000000000000        18.77559    
  -46.8750000000000        18.29526    
  -31.2500000000000        12.45308    
  -15.6250000000000        54.61029    
  0.000000000000000E+000   10716.89    
   15.6250000000000        62.27538    
   31.2500000000000        26.97964    
   46.8750000000000        32.17696    
   62.5000000000000        5.668692    
   78.1250000000000        45.80514    
   93.7500000000000        9.881710    
   109.375000000000        6.696081    
   125.000000000000        35.69393    
   140.625000000000        23.70174    
   156.250000000000        19.67264    
   171.875000000000        45.15319    
   187.500000000000        132.4969    
   203.125000000000        113.7889    
   218.750000000000        30.99472    
   234.375000000000        9.309456    
   250.000000000000        33.63347    
   265.625000000000        4.608796    
   281.250000000000        18.28082    
   296.875000000000        7.486935    
   312.500000000000        20.93538    
   328.125000000000        17.05087    
   343.750000000000        1.425085    
   359.375000000000        32.66323    
   375.000000000000        86.70250    
   390.625000000000        234.8180    
   406.250000000000        57.26658    
   421.875000000000        24.49349    
   437.500000000000        34.93884    
   453.125000000000        20.78506    
   468.750000000000        8.680928    
   484.375000000000        8.536446    
   500.000000000000        22.66215    
   515.625000000000        15.41442    
   531.250000000000        39.46476    
   546.875000000000        26.72517    
   562.500000000000        74.70760    
   578.125000000000        470.0053    
   593.750000000000        180.6227    
   609.375000000000        78.26579    
   625.000000000000        48.33574    
   640.625000000000        36.40054    
   656.250000000000        44.46601    
   671.875000000000        31.98735    
   687.500000000000        27.98790    
   703.125000000000        24.41637    
   718.750000000000        29.14611    
   734.375000000000        28.91594    
   750.000000000000        38.03748    
   765.625000000000        96.67061    
   781.250000000000        117.6959    
   796.875000000000        30.77605    
   812.500000000000        18.88749    
   828.125000000000        8.419163    
   843.750000000000        9.955651    
   859.375000000000        12.32606    
   875.000000000000        12.73750    
   890.625000000000        9.478245    
   906.250000000000        37.28800    
   921.875000000000        30.30692    
   937.500000000000        7.334983    
   953.125000000000        19.23332    
   968.750000000000        36.93579    
   984.375000000000        8.589507    
   1000.00000000000        6.624053    
   1015.62500000000        5.125028    
   1031.25000000000        7.356095    
   1046.87500000000        9.510639    
   1062.50000000000        3.147174    
   1078.12500000000        5.051623    
   1093.75000000000        7.837008    
   1109.37500000000        23.03781    
   1125.00000000000        10.30567    
   1140.62500000000        22.76807    
   1156.25000000000        67.10325    
   1171.87500000000        63.33884    
   1187.50000000000        27.16265    
   1203.12500000000        20.89992    
   1218.75000000000        6.465161    
   1234.37500000000        19.41582    
   1250.00000000000        24.33601    
   1265.62500000000        11.27852    
   1281.25000000000        19.39938    
   1296.87500000000        39.02933    
   1312.50000000000        8.417683    
   1328.12500000000        10.10823    
   1343.75000000000        10.71176    
   1359.37500000000        20.67511    
   1375.00000000000        3.775514    
   1390.62500000000        11.00246    
   1406.25000000000        10.00739    
   1421.87500000000        12.56633    
   1437.50000000000        8.035457    
   1453.12500000000        7.996599    
   1468.75000000000        5.893461    
   1484.37500000000        23.52444    
   1500.00000000000        22.97067    
   1515.62500000000        13.58821    
   1531.25000000000        7.519547    
   1546.87500000000        38.59930    
   1562.50000000000        10.62454    
   1578.12500000000        10.55597    
   1593.75000000000        10.09293    
   1609.37500000000        12.52516    
   1625.00000000000        16.81390    
   1640.62500000000        5.969615    
   1656.25000000000        10.29458    
   1671.87500000000        22.80131    
   1687.50000000000        11.55002    
   1703.12500000000        5.698949    
   1718.75000000000        6.661283    
   1734.37500000000        13.61936    
   1750.00000000000        31.12041    
   1765.62500000000        7.561110    
   1781.25000000000        12.28641    
   1796.87500000000        5.721234    
   1812.50000000000        8.217861    
   1828.12500000000        12.78797    
   1843.75000000000        5.813955    
   1859.37500000000        14.93552    
   1875.00000000000        11.47900    
   1890.62500000000        10.06326    
   1906.25000000000        6.746755    
   1921.87500000000        18.93921    
   1937.50000000000        12.87464    
   1953.12500000000        10.97761    
   1968.75000000000        8.894532    
   1984.37500000000        5.496742    
