  -2000.00000000000        6.690361    
  -1984.37500000000       0.9687403    
  -1968.75000000000        7.693401    
  -1953.12500000000        10.19265    
  -1937.50000000000        8.204747    
  -1921.87500000000        13.48687    
  -1906.25000000000        5.345622    
  -1890.62500000000        8.377877    
  -1875.00000000000        2.945005    
  -1859.37500000000        8.086336    
  -1843.75000000000        5.550907    
  -1828.12500000000        13.50317    
  -1812.50000000000        6.108417    
  -1796.87500000000        5.163087    
  -1781.25000000000        8.927251    
  -1765.62500000000        5.474356    
  -1750.00000000000        28.49908    
  -1734.37500000000        6.936829    
  -1718.75000000000        7.308819    
  -1703.12500000000        1.755463    
  -1687.50000000000        3.543611    
  -1671.87500000000        11.40287    
  -1656.25000000000        3.902467    
  -1640.62500000000        7.182178    
  -1625.00000000000        1.520005    
  -1609.37500000000        5.455297    
  -1593.75000000000        5.526362    
  -1578.12500000000        12.62419    
  -1562.50000000000        7.580801    
  -1546.87500000000        24.12173    
  -1531.25000000000        7.214952    
  -1515.62500000000        6.569592    
  -1500.00000000000        17.74148    
  -1484.37500000000        6.048735    
  -1468.75000000000        3.042272    
  -1453.12500000000        4.231369    
  -1437.50000000000        2.924183    
  -1421.87500000000        9.589679    
  -1406.25000000000        7.491995    
  -1390.62500000000        6.084701    
  -1375.00000000000        2.312110    
  -1359.37500000000        17.30049    
  -1343.75000000000        7.369389    
  -1328.12500000000        5.895141    
  -1312.50000000000        5.908424    
  -1296.87500000000        13.82292    
  -1281.25000000000        6.282917    
  -1265.62500000000        5.660440    
  -1250.00000000000        26.13289    
  -1234.37500000000        11.27514    
  -1218.75000000000        10.01104    
  -1203.12500000000        18.51801    
  -1187.50000000000        20.54851    
  -1171.87500000000        61.31633    
  -1156.25000000000        59.80590    
  -1140.62500000000        14.99107    
  -1125.00000000000        5.685077    
  -1109.37500000000        9.464099    
  -1093.75000000000        2.705112    
  -1078.12500000000        3.712494    
  -1062.50000000000        3.163543    
  -1046.87500000000        3.729786    
  -1031.25000000000        1.717327    
  -1015.62500000000        4.096773    
  -1000.00000000000        1.892253    
  -984.375000000000        10.32223    
  -968.750000000000        67.48674    
  -953.125000000000        15.84843    
  -937.500000000000        11.43404    
  -921.875000000000        27.56338    
  -906.250000000000        17.09725    
  -890.625000000000        5.776268    
  -875.000000000000        5.914113    
  -859.375000000000        6.043263    
  -843.750000000000        6.208776    
  -828.125000000000        12.97573    
  -812.500000000000        12.84694    
  -796.875000000000        22.97166    
  -781.250000000000        76.98486    
  -765.625000000000        70.82790    
  -750.000000000000        24.49618    
  -734.375000000000        18.86195    
  -718.750000000000        23.28201    
  -703.125000000000        21.59751    
  -687.500000000000        22.10473    
  -671.875000000000        22.25311    
  -656.250000000000        28.15412    
  -640.625000000000        28.05714    
  -625.000000000000        45.77337    
  -609.375000000000        67.38500    
  -593.750000000000        143.8811    
  -578.125000000000        405.7168    
  -562.500000000000        68.54579    
  -546.875000000000        23.14525    
  -531.250000000000        34.38652    
  -515.625000000000        23.97927    
  -500.000000000000        15.47672    
  -484.375000000000        6.252041    
  -468.750000000000        8.995563    
  -453.125000000000        13.04368    
  -437.500000000000        23.49457    
  -421.875000000000        16.59100    
  -406.250000000000        42.06871    
  -390.625000000000        162.7416    
  -375.000000000000        56.33406    
  -359.375000000000        25.00458    
  -343.750000000000        4.304683    
  -328.125000000000        9.010315    
  -312.500000000000        23.59247    
  -296.875000000000        15.01894    
  -281.250000000000        10.47849    
  -265.625000000000        17.03728    
  -250.000000000000        26.76702    
  -234.375000000000        17.50074    
  -218.750000000000        43.02856    
  -203.125000000000        160.6372    
  -187.500000000000        181.9742    
  -171.875000000000        57.16108    
  -156.250000000000        29.26681    
  -140.625000000000        24.29409    
  -125.000000000000        21.37662    
  -109.375000000000        10.71898    
  -93.7500000000000        2.704957    
  -78.1250000000000        30.29685    
  -62.5000000000000        11.67976    
  -46.8750000000000        19.92358    
  -31.2500000000000        13.57922    
  -15.6250000000000        44.10835    
  0.000000000000000E+000   9259.747    
   15.6250000000000        43.76033    
   31.2500000000000        15.59850    
   46.8750000000000        22.99190    
   62.5000000000000        10.57935    
   78.1250000000000        29.03736    
   93.7500000000000        3.216335    
   109.375000000000        6.790704    
   125.000000000000        21.48839    
   140.625000000000        23.71904    
   156.250000000000        24.18800    
   171.875000000000        44.92294    
   187.500000000000        147.3148    
   203.125000000000        129.4148    
   218.750000000000        35.89023    
   234.375000000000        13.00479    
   250.000000000000        24.59364    
   265.625000000000        15.68468    
   281.250000000000        11.37107    
   296.875000000000        10.95329    
   312.500000000000        21.84863    
   328.125000000000        6.155888    
   343.750000000000        3.814609    
   359.375000000000        24.41117    
   375.000000000000        63.58570    
   390.625000000000        169.5007    
   406.250000000000        45.28542    
   421.875000000000        17.73557    
   437.500000000000        25.12150    
   453.125000000000        15.52886    
   468.750000000000        9.493739    
   484.375000000000        8.650330    
   500.000000000000        18.85016    
   515.625000000000        20.15703    
   531.250000000000        33.35424    
   546.875000000000        25.90168    
   562.500000000000        68.10595    
   578.125000000000        409.1304    
   593.750000000000        147.0444    
   609.375000000000        67.05531    
   625.000000000000        45.06302    
   640.625000000000        28.83417    
   656.250000000000        27.46704    
   671.875000000000        23.57552    
   687.500000000000        23.47774    
   703.125000000000        24.27745    
   718.750000000000        21.51733    
   734.375000000000        18.50600    
   750.000000000000        23.92896    
   765.625000000000        69.71298    
   781.250000000000        74.54337    
   796.875000000000        21.97535    
   812.500000000000        12.00440    
   828.125000000000        9.983888    
   843.750000000000        7.603384    
   859.375000000000        5.113662    
   875.000000000000        7.154778    
   890.625000000000        8.928994    
   906.250000000000        19.26343    
   921.875000000000        26.71892    
   937.500000000000        10.40046    
   953.125000000000        13.83853    
   968.750000000000        51.03205    
   984.375000000000        11.29512    
   1000.00000000000        1.477491    
   1015.62500000000        3.011755    
   1031.25000000000        2.814928    
   1046.87500000000        2.113269    
   1062.50000000000        2.615201    
   1078.12500000000        3.026598    
   1093.75000000000        1.558634    
   1109.37500000000        9.283763    
   1125.00000000000        4.620797    
   1140.62500000000        14.05658    
   1156.25000000000        56.23345    
   1171.87500000000        57.41198    
   1187.50000000000        21.50811    
   1203.12500000000        17.96274    
   1218.75000000000        7.912991    
   1234.37500000000        9.700615    
   1250.00000000000        25.17685    
   1265.62500000000        6.740995    
   1281.25000000000        6.114282    
   1296.87500000000        13.59405    
   1312.50000000000        4.362508    
   1328.12500000000        5.212854    
   1343.75000000000        8.920505    
   1359.37500000000        19.13779    
   1375.00000000000        1.652321    
   1390.62500000000        5.340721    
   1406.25000000000        6.443802    
   1421.87500000000        8.219363    
   1437.50000000000        3.263736    
   1453.12500000000        2.002854    
   1468.75000000000        1.248967    
   1484.37500000000        9.829062    
   1500.00000000000        17.42511    
   1515.62500000000        5.816273    
   1531.25000000000        3.488460    
   1546.87500000000        21.02403    
   1562.50000000000        8.214522    
   1578.12500000000        13.11121    
   1593.75000000000        5.669384    
   1609.37500000000        6.587848    
   1625.00000000000        2.251251    
   1640.62500000000        5.766074    
   1656.25000000000        4.090322    
   1671.87500000000        3.059449    
   1687.50000000000        5.841128    
   1703.12500000000        2.924207    
   1718.75000000000        8.400725    
   1734.37500000000        8.403619    
   1750.00000000000        27.26000    
   1765.62500000000        2.866237    
   1781.25000000000        7.365623    
   1796.87500000000        2.485307    
   1812.50000000000        2.723733    
   1828.12500000000        9.701343    
   1843.75000000000        2.930960    
   1859.37500000000        1.612136    
   1875.00000000000        8.804248    
   1890.62500000000        11.07624    
   1906.25000000000        6.443481    
   1921.87500000000        14.91392    
   1937.50000000000        8.064103    
   1953.12500000000        10.82813    
   1968.75000000000        6.813990    
   1984.37500000000        5.429809    
