  -4000.00000000000        223.1104    
  -3968.75000000000        410.0740    
  -3937.50000000000        535.9841    
  -3906.25000000000        241.7921    
  -3875.00000000000        382.8659    
  -3843.75000000000        409.2007    
  -3812.50000000000        307.5747    
  -3781.25000000000        438.1721    
  -3750.00000000000        274.0286    
  -3718.75000000000        339.3538    
  -3687.50000000000        314.4292    
  -3656.25000000000        382.1675    
  -3625.00000000000        194.7850    
  -3593.75000000000        262.4695    
  -3562.50000000000        268.9428    
  -3531.25000000000        88.96242    
  -3500.00000000000        313.7447    
  -3468.75000000000        273.6336    
  -3437.50000000000        163.6848    
  -3406.25000000000        473.1676    
  -3375.00000000000        137.1242    
  -3343.75000000000        129.2332    
  -3312.50000000000        274.9219    
  -3281.25000000000        235.5148    
  -3250.00000000000        195.1925    
  -3218.75000000000        239.8468    
  -3187.50000000000        113.4711    
  -3156.25000000000        268.2019    
  -3125.00000000000        175.4038    
  -3093.75000000000        210.9070    
  -3062.50000000000        247.1246    
  -3031.25000000000        181.9086    
  -3000.00000000000        118.5869    
  -2968.75000000000        137.3125    
  -2937.50000000000        218.4826    
  -2906.25000000000        37.15905    
  -2875.00000000000        152.4739    
  -2843.75000000000        66.57959    
  -2812.50000000000        152.5590    
  -2781.25000000000        57.89785    
  -2750.00000000000        72.03275    
  -2718.75000000000        79.76243    
  -2687.50000000000        143.7846    
  -2656.25000000000        60.79754    
  -2625.00000000000        36.20298    
  -2593.75000000000        111.7068    
  -2562.50000000000        70.03403    
  -2531.25000000000        33.27182    
  -2500.00000000000        159.8157    
  -2468.75000000000        15.02038    
  -2437.50000000000        108.1334    
  -2406.25000000000        66.94132    
  -2375.00000000000        24.95344    
  -2343.75000000000        153.6867    
  -2312.50000000000        100.3766    
  -2281.25000000000        41.71080    
  -2250.00000000000        59.44238    
  -2218.75000000000        74.18278    
  -2187.50000000000        114.8571    
  -2156.25000000000        112.2541    
  -2125.00000000000        70.09303    
  -2093.75000000000        95.19229    
  -2062.50000000000        67.67351    
  -2031.25000000000        30.35736    
  -2000.00000000000        50.88557    
  -1968.75000000000        68.16354    
  -1937.50000000000        53.79875    
  -1906.25000000000        40.27050    
  -1875.00000000000        93.63514    
  -1843.75000000000        113.0931    
  -1812.50000000000        292.4776    
  -1781.25000000000        335.0726    
  -1750.00000000000        170.6138    
  -1718.75000000000        118.7234    
  -1687.50000000000        168.6941    
  -1656.25000000000        198.8941    
  -1625.00000000000        115.7885    
  -1593.75000000000        62.50880    
  -1562.50000000000        226.7675    
  -1531.25000000000        144.4439    
  -1500.00000000000        46.21811    
  -1468.75000000000        90.22744    
  -1437.50000000000        43.57689    
  -1406.25000000000        88.88313    
  -1375.00000000000        144.6635    
  -1343.75000000000        117.3400    
  -1312.50000000000        102.5251    
  -1281.25000000000        97.01407    
  -1250.00000000000        260.7210    
  -1218.75000000000        58.45108    
  -1187.50000000000        52.30127    
  -1156.25000000000        173.0208    
  -1125.00000000000        32.52885    
  -1093.75000000000        96.57942    
  -1062.50000000000        192.0054    
  -1031.25000000000        79.86195    
  -1000.00000000000        108.8302    
  -968.750000000000        98.24897    
  -937.500000000000        52.58419    
  -906.250000000000        196.0219    
  -875.000000000000        100.5586    
  -843.750000000000        137.3242    
  -812.500000000000        239.9599    
  -781.250000000000        316.5995    
  -750.000000000000        256.7596    
  -718.750000000000        292.2794    
  -687.500000000000        254.4299    
  -656.250000000000        463.1377    
  -625.000000000000        47.41728    
  -593.750000000000        338.4489    
  -562.500000000000        120.1528    
  -531.250000000000        212.1945    
  -500.000000000000        337.3036    
  -468.750000000000        90.05981    
  -437.500000000000        285.2326    
  -406.250000000000        342.5638    
  -375.000000000000        740.6042    
  -343.750000000000        1185.385    
  -312.500000000000        620.8422    
  -281.250000000000        873.1667    
  -250.000000000000        434.6217    
  -218.750000000000        86.17793    
  -187.500000000000        417.8248    
  -156.250000000000        1500.538    
  -125.000000000000        1465.297    
  -93.7500000000000        525.3416    
  -62.5000000000000        1440.785    
  -31.2500000000000        2622.182    
  0.000000000000000E+000   7312.432    
   31.2500000000000        2569.482    
   62.5000000000000        1517.891    
   93.7500000000000        559.9686    
   125.000000000000        1537.820    
   156.250000000000        1568.551    
   187.500000000000        406.0524    
   218.750000000000        23.65699    
   250.000000000000        436.4056    
   281.250000000000        806.9391    
   312.500000000000        609.8998    
   343.750000000000        1149.380    
   375.000000000000        693.3072    
   406.250000000000        305.0574    
   437.500000000000        214.7561    
   468.750000000000        76.94046    
   500.000000000000        344.8081    
   531.250000000000        233.0508    
   562.500000000000        151.9818    
   593.750000000000        349.7177    
   625.000000000000        41.99712    
   656.250000000000        464.2134    
   687.500000000000        267.6800    
   718.750000000000        329.5956    
   750.000000000000        238.8720    
   781.250000000000        308.0961    
   812.500000000000        244.6055    
   843.750000000000        139.2387    
   875.000000000000        97.48304    
   906.250000000000        183.8503    
   937.500000000000        34.78663    
   968.750000000000        88.12366    
   1000.00000000000        94.81618    
   1031.25000000000        84.81809    
   1062.50000000000        170.5807    
   1093.75000000000        106.3049    
   1125.00000000000        41.83111    
   1156.25000000000        160.5124    
   1187.50000000000        29.61932    
   1218.75000000000        47.66394    
   1250.00000000000        261.3405    
   1281.25000000000        77.51521    
   1312.50000000000        99.18185    
   1343.75000000000        122.8479    
   1375.00000000000        154.0316    
   1406.25000000000        94.64156    
   1437.50000000000        40.19467    
   1468.75000000000        86.69975    
   1500.00000000000        42.11207    
   1531.25000000000        142.3766    
   1562.50000000000        224.1705    
   1593.75000000000        55.15798    
   1625.00000000000        109.7531    
   1656.25000000000        189.2087    
   1687.50000000000        160.6379    
   1718.75000000000        112.0479    
   1750.00000000000        163.5093    
   1781.25000000000        311.8938    
   1812.50000000000        261.3921    
   1843.75000000000        103.4652    
   1875.00000000000        87.87769    
   1906.25000000000        30.97184    
   1937.50000000000        60.90048    
   1968.75000000000        72.49483    
   2000.00000000000        41.62651    
   2031.25000000000        18.45003    
   2062.50000000000        80.06419    
   2093.75000000000        96.68684    
   2125.00000000000        78.31016    
   2156.25000000000        120.0495    
   2187.50000000000        114.7870    
   2218.75000000000        86.04933    
   2250.00000000000        55.28488    
   2281.25000000000        50.22442    
   2312.50000000000        91.41179    
   2343.75000000000        165.9137    
   2375.00000000000        24.66177    
   2406.25000000000        55.29673    
   2437.50000000000        110.0919    
   2468.75000000000        8.011504    
   2500.00000000000        153.5375    
   2531.25000000000        13.98396    
   2562.50000000000        77.77871    
   2593.75000000000        106.8877    
   2625.00000000000        41.98256    
   2656.25000000000        49.81484    
   2687.50000000000        158.4330    
   2718.75000000000        86.08410    
   2750.00000000000        85.52289    
   2781.25000000000        46.25249    
   2812.50000000000        166.9661    
   2843.75000000000        73.73160    
   2875.00000000000        149.4570    
   2906.25000000000        24.31304    
   2937.50000000000        224.3460    
   2968.75000000000        114.6512    
   3000.00000000000        128.0561    
   3031.25000000000        206.1284    
   3062.50000000000        243.2381    
   3093.75000000000        214.2743    
   3125.00000000000        150.5243    
   3156.25000000000        263.8686    
   3187.50000000000        123.8475    
   3218.75000000000        273.3209    
   3250.00000000000        217.8038    
   3281.25000000000        256.9283    
   3312.50000000000        261.7484    
   3343.75000000000        139.8445    
   3375.00000000000        136.6609    
   3406.25000000000        475.8846    
   3437.50000000000        157.3865    
   3468.75000000000        305.7814    
   3500.00000000000        309.5705    
   3531.25000000000        85.18603    
   3562.50000000000        276.0490    
   3593.75000000000        227.6864    
   3625.00000000000        161.8311    
   3656.25000000000        384.0590    
   3687.50000000000        318.4212    
   3718.75000000000        330.9100    
   3750.00000000000        258.5714    
   3781.25000000000        447.9631    
   3812.50000000000        293.3320    
   3843.75000000000        417.5057    
   3875.00000000000        363.8117    
   3906.25000000000        242.0746    
   3937.50000000000        518.1649    
   3968.75000000000        417.8997    
