  -4000.00000000000        227.5050    
  -3968.75000000000        407.4919    
  -3937.50000000000        543.0780    
  -3906.25000000000        253.4776    
  -3875.00000000000        387.2404    
  -3843.75000000000        412.1321    
  -3812.50000000000        306.4856    
  -3781.25000000000        441.7486    
  -3750.00000000000        280.7762    
  -3718.75000000000        342.2741    
  -3687.50000000000        318.6465    
  -3656.25000000000        383.1588    
  -3625.00000000000        188.3385    
  -3593.75000000000        262.3294    
  -3562.50000000000        263.6882    
  -3531.25000000000        110.7394    
  -3500.00000000000        315.9916    
  -3468.75000000000        283.2425    
  -3437.50000000000        163.8039    
  -3406.25000000000        476.1078    
  -3375.00000000000        139.8109    
  -3343.75000000000        138.2958    
  -3312.50000000000        283.7481    
  -3281.25000000000        219.5445    
  -3250.00000000000        201.1127    
  -3218.75000000000        254.9063    
  -3187.50000000000        117.4257    
  -3156.25000000000        285.1972    
  -3125.00000000000        163.4916    
  -3093.75000000000        219.2926    
  -3062.50000000000        249.8572    
  -3031.25000000000        193.2878    
  -3000.00000000000        122.6228    
  -2968.75000000000        131.2882    
  -2937.50000000000        225.5616    
  -2906.25000000000        28.38604    
  -2875.00000000000        138.7816    
  -2843.75000000000        66.00933    
  -2812.50000000000        150.4913    
  -2781.25000000000        62.41050    
  -2750.00000000000        96.10059    
  -2718.75000000000        84.44112    
  -2687.50000000000        152.5513    
  -2656.25000000000        63.15838    
  -2625.00000000000        29.38614    
  -2593.75000000000        116.4332    
  -2562.50000000000        70.67585    
  -2531.25000000000        22.72489    
  -2500.00000000000        151.4758    
  -2468.75000000000        13.77766    
  -2437.50000000000        108.1805    
  -2406.25000000000        56.01864    
  -2375.00000000000        26.26842    
  -2343.75000000000        152.0589    
  -2312.50000000000        102.2276    
  -2281.25000000000        40.52018    
  -2250.00000000000        57.27458    
  -2218.75000000000        80.12449    
  -2187.50000000000        118.6980    
  -2156.25000000000        118.3262    
  -2125.00000000000        80.70820    
  -2093.75000000000        106.2147    
  -2062.50000000000        66.87400    
  -2031.25000000000        23.21486    
  -2000.00000000000        51.98558    
  -1968.75000000000        86.56612    
  -1937.50000000000        56.22366    
  -1906.25000000000        27.94717    
  -1875.00000000000        80.35075    
  -1843.75000000000        121.6680    
  -1812.50000000000        293.8802    
  -1781.25000000000        350.9952    
  -1750.00000000000        172.7119    
  -1718.75000000000        123.3161    
  -1687.50000000000        176.6909    
  -1656.25000000000        203.6659    
  -1625.00000000000        112.1081    
  -1593.75000000000        67.30798    
  -1562.50000000000        239.8982    
  -1531.25000000000        127.6233    
  -1500.00000000000        41.73740    
  -1468.75000000000        80.98055    
  -1437.50000000000        43.07403    
  -1406.25000000000        96.36542    
  -1375.00000000000        150.4625    
  -1343.75000000000        124.1788    
  -1312.50000000000        93.51030    
  -1281.25000000000        85.63429    
  -1250.00000000000        247.9606    
  -1218.75000000000        51.64896    
  -1187.50000000000        51.32547    
  -1156.25000000000        175.6453    
  -1125.00000000000        35.92764    
  -1093.75000000000        95.04828    
  -1062.50000000000        196.3949    
  -1031.25000000000        70.72419    
  -1000.00000000000        97.17236    
  -968.750000000000        104.9359    
  -937.500000000000        39.34693    
  -906.250000000000        194.2199    
  -875.000000000000        107.0597    
  -843.750000000000        142.9508    
  -812.500000000000        243.9719    
  -781.250000000000        315.9577    
  -750.000000000000        241.9871    
  -718.750000000000        289.7924    
  -687.500000000000        266.7174    
  -656.250000000000        467.0097    
  -625.000000000000        34.74122    
  -593.750000000000        323.7765    
  -562.500000000000        126.6859    
  -531.250000000000        216.9566    
  -500.000000000000        332.0042    
  -468.750000000000        90.55821    
  -437.500000000000        291.4370    
  -406.250000000000        339.1122    
  -375.000000000000        755.2134    
  -343.750000000000        1219.073    
  -312.500000000000        627.0978    
  -281.250000000000        876.8068    
  -250.000000000000        449.4286    
  -218.750000000000        82.04066    
  -187.500000000000        421.4694    
  -156.250000000000        1507.162    
  -125.000000000000        1485.798    
  -93.7500000000000        552.3739    
  -62.5000000000000        1451.479    
  -31.2500000000000        2670.350    
  0.000000000000000E+000   6855.299    
   31.2500000000000        2579.325    
   62.5000000000000        1536.578    
   93.7500000000000        569.6681    
   125.000000000000        1565.446    
   156.250000000000        1591.319    
   187.500000000000        402.7426    
   218.750000000000        20.31653    
   250.000000000000        438.1527    
   281.250000000000        824.0995    
   312.500000000000        606.4803    
   343.750000000000        1184.734    
   375.000000000000        710.5668    
   406.250000000000        310.2496    
   437.500000000000        235.0157    
   468.750000000000        70.67874    
   500.000000000000        339.4312    
   531.250000000000        244.4539    
   562.500000000000        150.4727    
   593.750000000000        352.8912    
   625.000000000000        46.86051    
   656.250000000000        475.8609    
   687.500000000000        264.3701    
   718.750000000000        314.5463    
   750.000000000000        232.5616    
   781.250000000000        317.7508    
   812.500000000000        255.3970    
   843.750000000000        140.2365    
   875.000000000000        96.94978    
   906.250000000000        191.8056    
   937.500000000000        36.27696    
   968.750000000000        105.7962    
   1000.00000000000        106.5509    
   1031.25000000000        89.95177    
   1062.50000000000        179.4462    
   1093.75000000000        107.4264    
   1125.00000000000        52.33326    
   1156.25000000000        168.6190    
   1187.50000000000        40.49811    
   1218.75000000000        56.62707    
   1250.00000000000        262.2758    
   1281.25000000000        67.22997    
   1312.50000000000        104.6644    
   1343.75000000000        119.4599    
   1375.00000000000        147.8878    
   1406.25000000000        99.97473    
   1437.50000000000        50.61755    
   1468.75000000000        75.16807    
   1500.00000000000        33.20255    
   1531.25000000000        131.3369    
   1562.50000000000        222.7159    
   1593.75000000000        57.46083    
   1625.00000000000        119.8673    
   1656.25000000000        177.8217    
   1687.50000000000        157.4836    
   1718.75000000000        106.7584    
   1750.00000000000        163.0116    
   1781.25000000000        321.5038    
   1812.50000000000        264.9514    
   1843.75000000000        103.1392    
   1875.00000000000        98.83344    
   1906.25000000000        30.68126    
   1937.50000000000        55.79608    
   1968.75000000000        81.49929    
   2000.00000000000        47.26624    
   2031.25000000000        11.89490    
   2062.50000000000        74.73802    
   2093.75000000000        88.56368    
   2125.00000000000        68.14947    
   2156.25000000000        118.0043    
   2187.50000000000        108.2887    
   2218.75000000000        83.44170    
   2250.00000000000        70.33202    
   2281.25000000000        50.91713    
   2312.50000000000        91.19496    
   2343.75000000000        168.4091    
   2375.00000000000        25.64296    
   2406.25000000000        58.73826    
   2437.50000000000        107.1925    
   2468.75000000000        18.23992    
   2500.00000000000        150.3929    
   2531.25000000000        23.95478    
   2562.50000000000        68.73985    
   2593.75000000000        99.56229    
   2625.00000000000        50.32671    
   2656.25000000000        62.24731    
   2687.50000000000        151.9871    
   2718.75000000000        77.79105    
   2750.00000000000        78.22906    
   2781.25000000000        46.16285    
   2812.50000000000        169.3003    
   2843.75000000000        66.51785    
   2875.00000000000        158.5200    
   2906.25000000000        34.44526    
   2937.50000000000        219.3032    
   2968.75000000000        120.5609    
   3000.00000000000        135.7841    
   3031.25000000000        212.0752    
   3062.50000000000        246.1270    
   3093.75000000000        221.3601    
   3125.00000000000        155.9051    
   3156.25000000000        269.5286    
   3187.50000000000        115.1354    
   3218.75000000000        264.0790    
   3250.00000000000        220.7407    
   3281.25000000000        250.8330    
   3312.50000000000        254.3036    
   3343.75000000000        137.6389    
   3375.00000000000        142.5623    
   3406.25000000000        481.8001    
   3437.50000000000        172.5515    
   3468.75000000000        304.5638    
   3500.00000000000        298.2539    
   3531.25000000000        106.6719    
   3562.50000000000        284.5221    
   3593.75000000000        227.7067    
   3625.00000000000        163.6242    
   3656.25000000000        384.5966    
   3687.50000000000        315.4981    
   3718.75000000000        353.7114    
   3750.00000000000        256.4568    
   3781.25000000000        457.3568    
   3812.50000000000        294.0196    
   3843.75000000000        435.5270    
   3875.00000000000        368.2358    
   3906.25000000000        253.9353    
   3937.50000000000        508.2465    
   3968.75000000000        422.9925    
