  -2000.00000000000        20.72261    
  -1984.37500000000        95.05886    
  -1968.75000000000        213.2561    
  -1953.12500000000        184.0681    
  -1937.50000000000        400.1594    
  -1921.87500000000        132.5537    
  -1906.25000000000        189.9904    
  -1890.62500000000        298.5928    
  -1875.00000000000        235.3590    
  -1859.37500000000        128.8549    
  -1843.75000000000        59.95749    
  -1828.12500000000        288.3696    
  -1812.50000000000        130.1289    
  -1796.87500000000        64.66821    
  -1781.25000000000        99.16120    
  -1765.62500000000        278.1983    
  -1750.00000000000        709.7950    
  -1734.37500000000        273.0456    
  -1718.75000000000        92.99940    
  -1703.12500000000        56.53736    
  -1687.50000000000        163.3336    
  -1671.87500000000        417.8253    
  -1656.25000000000        213.8351    
  -1640.62500000000        388.0508    
  -1625.00000000000        49.03838    
  -1609.37500000000        230.5465    
  -1593.75000000000        211.7124    
  -1578.12500000000        257.7593    
  -1562.50000000000        489.5690    
  -1546.87500000000        1115.114    
  -1531.25000000000        348.4846    
  -1515.62500000000        236.0903    
  -1500.00000000000        418.1042    
  -1484.37500000000        216.7260    
  -1468.75000000000        141.7312    
  -1453.12500000000        180.1829    
  -1437.50000000000        301.8965    
  -1421.87500000000        304.6937    
  -1406.25000000000        240.5618    
  -1390.62500000000        166.1384    
  -1375.00000000000        85.65702    
  -1359.37500000000        1765.991    
  -1343.75000000000        350.3738    
  -1328.12500000000        309.9633    
  -1312.50000000000        178.8130    
  -1296.87500000000        649.3553    
  -1281.25000000000        274.1503    
  -1265.62500000000        143.0146    
  -1250.00000000000        520.0860    
  -1234.37500000000        407.7349    
  -1218.75000000000        272.9175    
  -1203.12500000000        505.2855    
  -1187.50000000000        568.0168    
  -1171.87500000000        1869.887    
  -1156.25000000000        1821.003    
  -1140.62500000000        494.7609    
  -1125.00000000000        366.4236    
  -1109.37500000000        642.1153    
  -1093.75000000000        499.4576    
  -1078.12500000000        206.2210    
  -1062.50000000000        97.53811    
  -1046.87500000000        248.4369    
  -1031.25000000000        331.9280    
  -1015.62500000000        367.3352    
  -1000.00000000000        71.39140    
  -984.375000000000        627.5887    
  -968.750000000000        7459.289    
  -953.125000000000        747.2778    
  -937.500000000000        204.1108    
  -921.875000000000        738.5260    
  -906.250000000000        572.1705    
  -890.625000000000        162.3739    
  -875.000000000000        421.0493    
  -859.375000000000        188.1779    
  -843.750000000000        501.1023    
  -828.125000000000        944.9293    
  -812.500000000000        1140.744    
  -796.875000000000        1511.928    
  -781.250000000000        6960.623    
  -765.625000000000        4131.281    
  -750.000000000000        1766.071    
  -734.375000000000        1332.184    
  -718.750000000000        386.3419    
  -703.125000000000        772.7056    
  -687.500000000000        910.5056    
  -671.875000000000        903.0630    
  -656.250000000000        703.9978    
  -640.625000000000        302.4300    
  -625.000000000000        1893.006    
  -609.375000000000        2039.168    
  -593.750000000000        3135.853    
  -578.125000000000        11586.71    
  -562.500000000000        1860.333    
  -546.875000000000        1170.995    
  -531.250000000000        804.7531    
  -515.625000000000        773.9903    
  -500.000000000000        605.9391    
  -484.375000000000        421.0352    
  -468.750000000000        670.3602    
  -453.125000000000        589.0887    
  -437.500000000000        1272.181    
  -421.875000000000        1374.339    
  -406.250000000000        1456.828    
  -390.625000000000        10987.59    
  -375.000000000000        2354.717    
  -359.375000000000        1517.202    
  -343.750000000000        1437.554    
  -328.125000000000        1473.899    
  -312.500000000000        1247.221    
  -296.875000000000        2278.758    
  -281.250000000000        1673.231    
  -265.625000000000        2669.067    
  -250.000000000000        3831.911    
  -234.375000000000        3947.882    
  -218.750000000000        6314.503    
  -203.125000000000        18822.61    
  -187.500000000000        26491.67    
  -171.875000000000        8396.043    
  -156.250000000000        4967.881    
  -140.625000000000        3093.970    
  -125.000000000000        3267.515    
  -109.375000000000        3173.194    
  -93.7500000000000        2479.981    
  -78.1250000000000        1595.250    
  -62.5000000000000        1628.351    
  -46.8750000000000        2002.757    
  -31.2500000000000        1384.029    
  -15.6250000000000        2426.975    
  0.000000000000000E+000   253807.2    
   15.6250000000000        2411.598    
   31.2500000000000        1575.410    
   46.8750000000000        2412.822    
   62.5000000000000        1438.882    
   78.1250000000000        1631.296    
   93.7500000000000        2329.079    
   109.375000000000        2744.177    
   125.000000000000        2978.272    
   140.625000000000        2471.990    
   156.250000000000        4252.414    
   171.875000000000        7177.490    
   187.500000000000        20456.33    
   203.125000000000        13155.84    
   218.750000000000        4857.418    
   234.375000000000        3370.102    
   250.000000000000        3726.531    
   265.625000000000        1971.680    
   281.250000000000        1273.491    
   296.875000000000        1311.571    
   312.500000000000        689.7277    
   328.125000000000        1019.920    
   343.750000000000        1043.879    
   359.375000000000        1308.815    
   375.000000000000        2744.474    
   390.625000000000        9077.510    
   406.250000000000        1230.218    
   421.875000000000        1293.347    
   437.500000000000        1664.420    
   453.125000000000        500.3740    
   468.750000000000        236.6269    
   484.375000000000        504.5662    
   500.000000000000        1188.035    
   515.625000000000        952.2415    
   531.250000000000        679.2333    
   546.875000000000        1961.181    
   562.500000000000        1995.929    
   578.125000000000        14473.22    
   593.750000000000        5685.638    
   609.375000000000        2311.457    
   625.000000000000        1921.680    
   640.625000000000        918.3233    
   656.250000000000        970.3085    
   671.875000000000        1306.136    
   687.500000000000        1485.177    
   703.125000000000        955.5048    
   718.750000000000        915.2756    
   734.375000000000        1626.573    
   750.000000000000        2107.178    
   765.625000000000        5447.780    
   781.250000000000        8154.442    
   796.875000000000        1833.597    
   812.500000000000        1121.116    
   828.125000000000        1056.403    
   843.750000000000        515.1388    
   859.375000000000        328.2273    
   875.000000000000        382.3940    
   890.625000000000        248.4758    
   906.250000000000        881.8450    
   921.875000000000        842.4272    
   937.500000000000        145.5373    
   953.125000000000        355.3856    
   968.750000000000        2171.774    
   984.375000000000        289.8704    
   1000.00000000000        238.4877    
   1015.62500000000        286.2806    
   1031.25000000000        653.7719    
   1046.87500000000        304.4807    
   1062.50000000000        259.7649    
   1078.12500000000        289.3905    
   1093.75000000000        449.4528    
   1109.37500000000        1005.315    
   1125.00000000000        365.4202    
   1140.62500000000        402.7474    
   1156.25000000000        2003.045    
   1171.87500000000        1636.568    
   1187.50000000000        310.0943    
   1203.12500000000        413.6789    
   1218.75000000000        158.5788    
   1234.37500000000        426.3444    
   1250.00000000000        370.4033    
   1265.62500000000        304.8371    
   1281.25000000000        152.9203    
   1296.87500000000        226.4314    
   1312.50000000000        263.1511    
   1328.12500000000        183.9556    
   1343.75000000000        345.9297    
   1359.37500000000        1673.597    
   1375.00000000000        120.0530    
   1390.62500000000        311.1474    
   1406.25000000000        159.2580    
   1421.87500000000        265.1082    
   1437.50000000000        294.9402    
   1453.12500000000        241.9480    
   1468.75000000000        43.95692    
   1484.37500000000        324.1823    
   1500.00000000000        375.0003    
   1515.62500000000        163.2233    
   1531.25000000000        199.8034    
   1546.87500000000        437.3782    
   1562.50000000000        269.9134    
   1578.12500000000        502.0170    
   1593.75000000000        51.55011    
   1609.37500000000        232.4934    
   1625.00000000000        131.1477    
   1640.62500000000        126.0205    
   1656.25000000000        45.20977    
   1671.87500000000        190.8015    
   1687.50000000000        155.8296    
   1703.12500000000        151.6716    
   1718.75000000000        211.4077    
   1734.37500000000        86.93446    
   1750.00000000000        207.9653    
   1765.62500000000        209.0828    
   1781.25000000000        328.2450    
   1796.87500000000        142.0804    
   1812.50000000000        190.9087    
   1828.12500000000        202.6795    
   1843.75000000000        117.5540    
   1859.37500000000        206.0253    
   1875.00000000000        196.3812    
   1890.62500000000        92.77262    
   1906.25000000000        264.6997    
   1921.87500000000        341.4964    
   1937.50000000000        186.0694    
   1953.12500000000        170.4639    
   1968.75000000000        76.17320    
   1984.37500000000        143.6039    
