  -4000.00000000000        224.1659    
  -3968.75000000000        398.3315    
  -3937.50000000000        522.6201    
  -3906.25000000000        237.9328    
  -3875.00000000000        365.4479    
  -3843.75000000000        404.0721    
  -3812.50000000000        295.6915    
  -3781.25000000000        428.1631    
  -3750.00000000000        279.7360    
  -3718.75000000000        337.3110    
  -3687.50000000000        308.5508    
  -3656.25000000000        375.7835    
  -3625.00000000000        179.6455    
  -3593.75000000000        256.1275    
  -3562.50000000000        262.7778    
  -3531.25000000000        99.95703    
  -3500.00000000000        307.0715    
  -3468.75000000000        262.0358    
  -3437.50000000000        161.1819    
  -3406.25000000000        466.8058    
  -3375.00000000000        139.6080    
  -3343.75000000000        142.1998    
  -3312.50000000000        268.5655    
  -3281.25000000000        232.3666    
  -3250.00000000000        205.4893    
  -3218.75000000000        241.9955    
  -3187.50000000000        114.5359    
  -3156.25000000000        275.9938    
  -3125.00000000000        171.8913    
  -3093.75000000000        208.1953    
  -3062.50000000000        245.2431    
  -3031.25000000000        188.2995    
  -3000.00000000000        124.7302    
  -2968.75000000000        119.8089    
  -2937.50000000000        217.8832    
  -2906.25000000000        22.60189    
  -2875.00000000000        130.6569    
  -2843.75000000000        63.23832    
  -2812.50000000000        155.9146    
  -2781.25000000000        47.84265    
  -2750.00000000000        86.77660    
  -2718.75000000000        81.38864    
  -2687.50000000000        144.9011    
  -2656.25000000000        62.84568    
  -2625.00000000000        40.07131    
  -2593.75000000000        114.6205    
  -2562.50000000000        75.16517    
  -2531.25000000000        23.13079    
  -2500.00000000000        151.4125    
  -2468.75000000000        14.91341    
  -2437.50000000000        95.42936    
  -2406.25000000000        58.77660    
  -2375.00000000000        27.09127    
  -2343.75000000000        158.2372    
  -2312.50000000000        102.1710    
  -2281.25000000000        38.38996    
  -2250.00000000000        64.48526    
  -2218.75000000000        85.38905    
  -2187.50000000000        126.9014    
  -2156.25000000000        111.5509    
  -2125.00000000000        66.13233    
  -2093.75000000000        98.09187    
  -2062.50000000000        72.03191    
  -2031.25000000000        21.67475    
  -2000.00000000000        50.79870    
  -1968.75000000000        80.72549    
  -1937.50000000000        61.23418    
  -1906.25000000000        35.49707    
  -1875.00000000000        94.96661    
  -1843.75000000000        98.94701    
  -1812.50000000000        287.2901    
  -1781.25000000000        335.9767    
  -1750.00000000000        163.7497    
  -1718.75000000000        111.0282    
  -1687.50000000000        161.0324    
  -1656.25000000000        193.6714    
  -1625.00000000000        115.5379    
  -1593.75000000000        58.48580    
  -1562.50000000000        234.3232    
  -1531.25000000000        142.9078    
  -1500.00000000000        34.97820    
  -1468.75000000000        88.49034    
  -1437.50000000000        49.27037    
  -1406.25000000000        85.90935    
  -1375.00000000000        140.0290    
  -1343.75000000000        122.6819    
  -1312.50000000000        97.93506    
  -1281.25000000000        97.21851    
  -1250.00000000000        239.7258    
  -1218.75000000000        43.60338    
  -1187.50000000000        42.97549    
  -1156.25000000000        164.9353    
  -1125.00000000000        30.71512    
  -1093.75000000000        94.15755    
  -1062.50000000000        178.7085    
  -1031.25000000000        78.02124    
  -1000.00000000000        98.75573    
  -968.750000000000        92.21828    
  -937.500000000000        39.52364    
  -906.250000000000        186.5982    
  -875.000000000000        100.2258    
  -843.750000000000        138.7685    
  -812.500000000000        246.2715    
  -781.250000000000        307.8635    
  -750.000000000000        237.1798    
  -718.750000000000        297.1061    
  -687.500000000000        257.6251    
  -656.250000000000        459.4827    
  -625.000000000000        38.66448    
  -593.750000000000        343.9940    
  -562.500000000000        129.2915    
  -531.250000000000        209.5937    
  -500.000000000000        341.9802    
  -468.750000000000        81.59447    
  -437.500000000000        292.3511    
  -406.250000000000        330.5570    
  -375.000000000000        730.0178    
  -343.750000000000        1183.441    
  -312.500000000000        607.8721    
  -281.250000000000        862.4929    
  -250.000000000000        436.1442    
  -218.750000000000        74.40993    
  -187.500000000000        394.7520    
  -156.250000000000        1456.112    
  -125.000000000000        1448.128    
  -93.7500000000000        517.3771    
  -62.5000000000000        1417.096    
  -31.2500000000000        2596.664    
  0.000000000000000E+000   7209.463    
   31.2500000000000        2551.434    
   62.5000000000000        1503.482    
   93.7500000000000        554.6876    
   125.000000000000        1510.697    
   156.250000000000        1541.822    
   187.500000000000        393.2335    
   218.750000000000        20.45022    
   250.000000000000        410.3672    
   281.250000000000        815.7105    
   312.500000000000        594.9526    
   343.750000000000        1148.459    
   375.000000000000        677.3652    
   406.250000000000        305.2075    
   437.500000000000        224.1306    
   468.750000000000        77.49695    
   500.000000000000        331.1347    
   531.250000000000        234.6792    
   562.500000000000        126.1146    
   593.750000000000        342.1928    
   625.000000000000        42.38860    
   656.250000000000        448.0007    
   687.500000000000        263.2517    
   718.750000000000        300.6487    
   750.000000000000        231.8200    
   781.250000000000        302.6903    
   812.500000000000        245.6553    
   843.750000000000        124.6559    
   875.000000000000        90.99678    
   906.250000000000        178.7494    
   937.500000000000        38.04621    
   968.750000000000        106.2788    
   1000.00000000000        108.8346    
   1031.25000000000        73.21291    
   1062.50000000000        178.4237    
   1093.75000000000        97.70251    
   1125.00000000000        39.08892    
   1156.25000000000        164.2096    
   1187.50000000000        42.57945    
   1218.75000000000        50.34091    
   1250.00000000000        263.7303    
   1281.25000000000        65.63768    
   1312.50000000000        98.70003    
   1343.75000000000        125.2631    
   1375.00000000000        151.6808    
   1406.25000000000        84.33749    
   1437.50000000000        46.45230    
   1468.75000000000        72.87813    
   1500.00000000000        50.09612    
   1531.25000000000        130.8642    
   1562.50000000000        212.2071    
   1593.75000000000        69.42216    
   1625.00000000000        114.0764    
   1656.25000000000        175.4740    
   1687.50000000000        146.1897    
   1718.75000000000        99.32105    
   1750.00000000000        159.8887    
   1781.25000000000        312.6885    
   1812.50000000000        266.3201    
   1843.75000000000        102.3670    
   1875.00000000000        85.28408    
   1906.25000000000        37.47394    
   1937.50000000000        60.11530    
   1968.75000000000        65.47638    
   2000.00000000000        47.05446    
   2031.25000000000        25.97847    
   2062.50000000000        66.18793    
   2093.75000000000        85.59192    
   2125.00000000000        68.33296    
   2156.25000000000        116.0290    
   2187.50000000000        108.7637    
   2218.75000000000        80.21951    
   2250.00000000000        63.13515    
   2281.25000000000        38.70420    
   2312.50000000000        88.53827    
   2343.75000000000        165.0126    
   2375.00000000000        20.03677    
   2406.25000000000        55.57990    
   2437.50000000000        99.59778    
   2468.75000000000        7.691428    
   2500.00000000000        155.9315    
   2531.25000000000        15.09397    
   2562.50000000000        76.35464    
   2593.75000000000        102.6005    
   2625.00000000000        42.38303    
   2656.25000000000        71.65771    
   2687.50000000000        159.0809    
   2718.75000000000        80.02953    
   2750.00000000000        79.22491    
   2781.25000000000        52.92828    
   2812.50000000000        153.4014    
   2843.75000000000        63.45317    
   2875.00000000000        150.2834    
   2906.25000000000        19.51289    
   2937.50000000000        215.5153    
   2968.75000000000        111.0439    
   3000.00000000000        128.9333    
   3031.25000000000        202.0652    
   3062.50000000000        241.8225    
   3093.75000000000        207.1113    
   3125.00000000000        150.7813    
   3156.25000000000        274.2769    
   3187.50000000000        113.2112    
   3218.75000000000        258.0061    
   3250.00000000000        207.8347    
   3281.25000000000        243.3734    
   3312.50000000000        246.2400    
   3343.75000000000        136.9892    
   3375.00000000000        143.8062    
   3406.25000000000        470.9950    
   3437.50000000000        163.4338    
   3468.75000000000        295.2837    
   3500.00000000000        297.0557    
   3531.25000000000        97.03065    
   3562.50000000000        282.5400    
   3593.75000000000        217.3092    
   3625.00000000000        159.7948    
   3656.25000000000        372.7720    
   3687.50000000000        297.7639    
   3718.75000000000        331.1689    
   3750.00000000000        252.8969    
   3781.25000000000        455.6430    
   3812.50000000000        281.2153    
   3843.75000000000        424.1721    
   3875.00000000000        360.9961    
   3906.25000000000        242.9849    
   3937.50000000000        500.0705    
   3968.75000000000        420.1894    
