  -2000.00000000000        5.146943    
  -1984.37500000000        2.751457    
  -1968.75000000000        5.594338    
  -1953.12500000000        8.269675    
  -1937.50000000000        8.843085    
  -1921.87500000000        13.59842    
  -1906.25000000000        4.478260    
  -1890.62500000000        8.424733    
  -1875.00000000000        4.401344    
  -1859.37500000000        2.827324    
  -1843.75000000000        4.028080    
  -1828.12500000000        9.173711    
  -1812.50000000000        3.851738    
  -1796.87500000000        2.775041    
  -1781.25000000000        7.967807    
  -1765.62500000000        3.259228    
  -1750.00000000000        20.16116    
  -1734.37500000000        4.394751    
  -1718.75000000000        6.363170    
  -1703.12500000000        1.794590    
  -1687.50000000000        3.093705    
  -1671.87500000000        4.469142    
  -1656.25000000000        3.525780    
  -1640.62500000000        5.087512    
  -1625.00000000000       0.5995936    
  -1609.37500000000        3.834713    
  -1593.75000000000        5.719173    
  -1578.12500000000        10.62997    
  -1562.50000000000        8.313714    
  -1546.87500000000        28.65627    
  -1531.25000000000        6.799839    
  -1515.62500000000        6.857265    
  -1500.00000000000        14.60360    
  -1484.37500000000        7.559236    
  -1468.75000000000        2.866956    
  -1453.12500000000        4.666153    
  -1437.50000000000        3.525515    
  -1421.87500000000        8.528749    
  -1406.25000000000        5.691288    
  -1390.62500000000        4.920979    
  -1375.00000000000       0.8292547    
  -1359.37500000000        18.07255    
  -1343.75000000000        7.813374    
  -1328.12500000000        5.422917    
  -1312.50000000000        3.738563    
  -1296.87500000000        13.52872    
  -1281.25000000000        3.305191    
  -1265.62500000000        5.296520    
  -1250.00000000000        22.68744    
  -1234.37500000000        8.735753    
  -1218.75000000000        5.277460    
  -1203.12500000000        14.85937    
  -1187.50000000000        16.60698    
  -1171.87500000000        46.10988    
  -1156.25000000000        42.15438    
  -1140.62500000000        9.649719    
  -1125.00000000000        3.141742    
  -1109.37500000000        8.902537    
  -1093.75000000000        2.232562    
  -1078.12500000000        3.260187    
  -1062.50000000000        2.181693    
  -1046.87500000000        2.135664    
  -1031.25000000000        3.880786    
  -1015.62500000000        2.852384    
  -1000.00000000000        1.546508    
  -984.375000000000        7.494973    
  -968.750000000000        50.48866    
  -953.125000000000        14.37224    
  -937.500000000000        10.08239    
  -921.875000000000        25.26422    
  -906.250000000000        17.41001    
  -890.625000000000        7.399225    
  -875.000000000000        5.729609    
  -859.375000000000        6.533935    
  -843.750000000000        6.094693    
  -828.125000000000        8.952507    
  -812.500000000000        11.42374    
  -796.875000000000        20.01369    
  -781.250000000000        70.19919    
  -765.625000000000        64.42822    
  -750.000000000000        21.57097    
  -734.375000000000        17.32442    
  -718.750000000000        21.99792    
  -703.125000000000        20.06419    
  -687.500000000000        19.65146    
  -671.875000000000        21.66115    
  -656.250000000000        27.45150    
  -640.625000000000        24.57516    
  -625.000000000000        42.30482    
  -609.375000000000        63.75003    
  -593.750000000000        138.0489    
  -578.125000000000        389.6801    
  -562.500000000000        65.64819    
  -546.875000000000        23.36716    
  -531.250000000000        32.21545    
  -515.625000000000        21.19148    
  -500.000000000000        17.45761    
  -484.375000000000        7.134687    
  -468.750000000000        8.898765    
  -453.125000000000        13.84581    
  -437.500000000000        22.55990    
  -421.875000000000        16.85210    
  -406.250000000000        39.78218    
  -390.625000000000        142.5777    
  -375.000000000000        51.62058    
  -359.375000000000        22.39287    
  -343.750000000000        3.993439    
  -328.125000000000        7.738420    
  -312.500000000000        17.90537    
  -296.875000000000        14.52392    
  -281.250000000000        10.33045    
  -265.625000000000        16.24539    
  -250.000000000000        24.55545    
  -234.375000000000        16.51843    
  -218.750000000000        39.93615    
  -203.125000000000        147.2689    
  -187.500000000000        168.6245    
  -171.875000000000        51.15463    
  -156.250000000000        27.31251    
  -140.625000000000        23.20321    
  -125.000000000000        21.05489    
  -109.375000000000        9.910769    
  -93.7500000000000        1.664386    
  -78.1250000000000        28.71899    
  -62.5000000000000        11.06001    
  -46.8750000000000        18.81221    
  -31.2500000000000        12.80517    
  -15.6250000000000        41.70045    
  0.000000000000000E+000   8767.820    
   15.6250000000000        42.48666    
   31.2500000000000        15.41038    
   46.8750000000000        21.65100    
   62.5000000000000        10.01564    
   78.1250000000000        28.25552    
   93.7500000000000        2.040987    
   109.375000000000        7.024922    
   125.000000000000        20.12194    
   140.625000000000        21.68090    
   156.250000000000        23.85988    
   171.875000000000        44.80529    
   187.500000000000        145.6038    
   203.125000000000        127.0337    
   218.750000000000        36.36844    
   234.375000000000        14.17341    
   250.000000000000        23.68584    
   265.625000000000        13.63453    
   281.250000000000        11.70049    
   296.875000000000        12.71941    
   312.500000000000        18.37934    
   328.125000000000        6.952526    
   343.750000000000        5.149852    
   359.375000000000        25.55836    
   375.000000000000        60.11278    
   390.625000000000        171.5546    
   406.250000000000        43.04736    
   421.875000000000        17.55421    
   437.500000000000        24.01001    
   453.125000000000        13.50013    
   468.750000000000        7.655216    
   484.375000000000        7.990085    
   500.000000000000        17.94494    
   515.625000000000        20.87312    
   531.250000000000        32.05106    
   546.875000000000        24.14177    
   562.500000000000        65.00427    
   578.125000000000        389.6710    
   593.750000000000        139.2308    
   609.375000000000        63.31470    
   625.000000000000        42.12748    
   640.625000000000        25.74636    
   656.250000000000        28.44185    
   671.875000000000        22.56411    
   687.500000000000        20.65319    
   703.125000000000        20.55364    
   718.750000000000        22.59853    
   734.375000000000        18.58495    
   750.000000000000        22.73708    
   765.625000000000        66.82193    
   781.250000000000        72.77143    
   796.875000000000        20.27250    
   812.500000000000        11.37653    
   828.125000000000        9.314276    
   843.750000000000        5.369684    
   859.375000000000        5.802858    
   875.000000000000        6.015000    
   890.625000000000        7.762311    
   906.250000000000        18.11477    
   921.875000000000        24.53605    
   937.500000000000        9.702962    
   953.125000000000        13.72555    
   968.750000000000        50.72145    
   984.375000000000        7.730085    
   1000.00000000000        1.285928    
   1015.62500000000        3.954789    
   1031.25000000000        3.924074    
   1046.87500000000        2.802441    
   1062.50000000000        2.896225    
   1078.12500000000        3.094594    
   1093.75000000000        1.220367    
   1109.37500000000        8.968623    
   1125.00000000000        3.384944    
   1140.62500000000        9.780353    
   1156.25000000000        41.38272    
   1171.87500000000        45.06192    
   1187.50000000000        16.25721    
   1203.12500000000        14.16196    
   1218.75000000000        4.923587    
   1234.37500000000        8.183102    
   1250.00000000000        22.18286    
   1265.62500000000        5.821391    
   1281.25000000000        4.292861    
   1296.87500000000        12.03560    
   1312.50000000000        4.161311    
   1328.12500000000        5.293822    
   1343.75000000000        6.640268    
   1359.37500000000        18.94205    
   1375.00000000000        1.459370    
   1390.62500000000        5.709812    
   1406.25000000000        6.034250    
   1421.87500000000        8.381553    
   1437.50000000000        3.065468    
   1453.12500000000        4.173489    
   1468.75000000000        2.346085    
   1484.37500000000        7.914014    
   1500.00000000000        14.75877    
   1515.62500000000        6.922295    
   1531.25000000000        7.617557    
   1546.87500000000        32.92471    
   1562.50000000000        9.976480    
   1578.12500000000        9.715878    
   1593.75000000000        6.139985    
   1609.37500000000        4.796105    
   1625.00000000000       0.6267210    
   1640.62500000000        6.283804    
   1656.25000000000        4.286220    
   1671.87500000000        6.443173    
   1687.50000000000        4.258167    
   1703.12500000000        1.568815    
   1718.75000000000        7.042380    
   1734.37500000000        6.212862    
   1750.00000000000        23.77848    
   1765.62500000000        3.827949    
   1781.25000000000        7.882001    
   1796.87500000000        3.322379    
   1812.50000000000        3.294332    
   1828.12500000000        8.764473    
   1843.75000000000        4.120263    
   1859.37500000000        2.249169    
   1875.00000000000        5.378721    
   1890.62500000000        9.256218    
   1906.25000000000        4.512211    
   1921.87500000000        13.03137    
   1937.50000000000        8.214389    
   1953.12500000000        8.374590    
   1968.75000000000        6.611528    
   1984.37500000000        2.027241    
