  -4000.00000000000        211.9774    
  -3968.75000000000        389.5003    
  -3937.50000000000        506.2624    
  -3906.25000000000        235.9838    
  -3875.00000000000        367.7320    
  -3843.75000000000        393.8109    
  -3812.50000000000        283.9492    
  -3781.25000000000        416.0184    
  -3750.00000000000        258.9180    
  -3718.75000000000        326.1302    
  -3687.50000000000        300.5303    
  -3656.25000000000        369.3397    
  -3625.00000000000        170.7094    
  -3593.75000000000        245.8272    
  -3562.50000000000        256.3174    
  -3531.25000000000        89.71663    
  -3500.00000000000        292.1141    
  -3468.75000000000        272.3841    
  -3437.50000000000        160.3031    
  -3406.25000000000        452.4857    
  -3375.00000000000        136.5610    
  -3343.75000000000        126.1734    
  -3312.50000000000        262.4896    
  -3281.25000000000        226.1362    
  -3250.00000000000        198.2383    
  -3218.75000000000        240.8614    
  -3187.50000000000        102.4374    
  -3156.25000000000        253.4307    
  -3125.00000000000        153.9472    
  -3093.75000000000        200.3019    
  -3062.50000000000        243.1670    
  -3031.25000000000        185.9240    
  -3000.00000000000        103.0137    
  -2968.75000000000        120.2170    
  -2937.50000000000        208.7532    
  -2906.25000000000        32.77765    
  -2875.00000000000        138.3970    
  -2843.75000000000        59.97247    
  -2812.50000000000        143.8192    
  -2781.25000000000        62.45217    
  -2750.00000000000        76.06583    
  -2718.75000000000        68.84068    
  -2687.50000000000        140.1887    
  -2656.25000000000        54.85583    
  -2625.00000000000        35.56353    
  -2593.75000000000        109.9901    
  -2562.50000000000        71.65417    
  -2531.25000000000        18.38625    
  -2500.00000000000        143.7323    
  -2468.75000000000        10.41494    
  -2437.50000000000        99.33965    
  -2406.25000000000        57.68602    
  -2375.00000000000        23.67243    
  -2343.75000000000        150.4634    
  -2312.50000000000        93.61219    
  -2281.25000000000        35.22434    
  -2250.00000000000        57.58443    
  -2218.75000000000        74.80645    
  -2187.50000000000        106.5064    
  -2156.25000000000        114.4373    
  -2125.00000000000        60.05021    
  -2093.75000000000        101.1222    
  -2062.50000000000        66.90797    
  -2031.25000000000        19.47039    
  -2000.00000000000        54.00478    
  -1968.75000000000        75.33424    
  -1937.50000000000        58.73462    
  -1906.25000000000        30.91451    
  -1875.00000000000        79.15985    
  -1843.75000000000        107.7440    
  -1812.50000000000        277.2798    
  -1781.25000000000        332.7166    
  -1750.00000000000        158.4945    
  -1718.75000000000        112.1937    
  -1687.50000000000        156.5619    
  -1656.25000000000        183.5396    
  -1625.00000000000        116.4634    
  -1593.75000000000        56.52823    
  -1562.50000000000        213.7618    
  -1531.25000000000        131.2208    
  -1500.00000000000        42.99178    
  -1468.75000000000        79.56868    
  -1437.50000000000        43.60173    
  -1406.25000000000        87.99448    
  -1375.00000000000        139.9273    
  -1343.75000000000        108.1747    
  -1312.50000000000        96.06127    
  -1281.25000000000        79.92455    
  -1250.00000000000        236.5210    
  -1218.75000000000        47.89834    
  -1187.50000000000        52.18119    
  -1156.25000000000        160.9283    
  -1125.00000000000        41.11555    
  -1093.75000000000        86.90096    
  -1062.50000000000        180.8484    
  -1031.25000000000        77.58620    
  -1000.00000000000        98.87661    
  -968.750000000000        104.2659    
  -937.500000000000        38.61464    
  -906.250000000000        171.1969    
  -875.000000000000        96.28281    
  -843.750000000000        140.1492    
  -812.500000000000        234.6017    
  -781.250000000000        308.4665    
  -750.000000000000        242.7357    
  -718.750000000000        283.0619    
  -687.500000000000        240.4506    
  -656.250000000000        441.3505    
  -625.000000000000        22.65576    
  -593.750000000000        320.4332    
  -562.500000000000        113.5160    
  -531.250000000000        208.9349    
  -500.000000000000        327.0349    
  -468.750000000000        88.43845    
  -437.500000000000        251.4951    
  -406.250000000000        310.5966    
  -375.000000000000        688.5114    
  -343.750000000000        1125.693    
  -312.500000000000        588.3391    
  -281.250000000000        818.8940    
  -250.000000000000        418.0305    
  -218.750000000000        62.93212    
  -187.500000000000        382.5380    
  -156.250000000000        1447.412    
  -125.000000000000        1401.438    
  -93.7500000000000        501.6374    
  -62.5000000000000        1398.411    
  -31.2500000000000        2511.019    
  0.000000000000000E+000   6888.377    
   31.2500000000000        2435.144    
   62.5000000000000        1435.495    
   93.7500000000000        537.9615    
   125.000000000000        1463.162    
   156.250000000000        1492.069    
   187.500000000000        393.6935    
   218.750000000000        10.79644    
   250.000000000000        414.9801    
   281.250000000000        784.2632    
   312.500000000000        596.0153    
   343.750000000000        1106.511    
   375.000000000000        668.4465    
   406.250000000000        288.4552    
   437.500000000000        219.5884    
   468.750000000000        82.79692    
   500.000000000000        319.5823    
   531.250000000000        217.0537    
   562.500000000000        138.1037    
   593.750000000000        338.5464    
   625.000000000000        41.93080    
   656.250000000000        444.0309    
   687.500000000000        256.1222    
   718.750000000000        312.9764    
   750.000000000000        227.7434    
   781.250000000000        307.0887    
   812.500000000000        240.7149    
   843.750000000000        127.4221    
   875.000000000000        80.60894    
   906.250000000000        174.0303    
   937.500000000000        38.09499    
   968.750000000000        96.77598    
   1000.00000000000        93.90554    
   1031.25000000000        75.82161    
   1062.50000000000        164.0063    
   1093.75000000000        96.92176    
   1125.00000000000        33.84935    
   1156.25000000000        160.3361    
   1187.50000000000        38.82852    
   1218.75000000000        46.34428    
   1250.00000000000        240.5078    
   1281.25000000000        75.58643    
   1312.50000000000        88.69279    
   1343.75000000000        113.9831    
   1375.00000000000        135.4695    
   1406.25000000000        96.30332    
   1437.50000000000        49.58936    
   1468.75000000000        76.89980    
   1500.00000000000        29.10690    
   1531.25000000000        114.9487    
   1562.50000000000        217.0775    
   1593.75000000000        60.25007    
   1625.00000000000        105.3855    
   1656.25000000000        174.8850    
   1687.50000000000        155.9552    
   1718.75000000000        110.1609    
   1750.00000000000        149.9847    
   1781.25000000000        292.7668    
   1812.50000000000        249.2948    
   1843.75000000000        93.43010    
   1875.00000000000        85.89573    
   1906.25000000000        42.21467    
   1937.50000000000        46.75282    
   1968.75000000000        72.11172    
   2000.00000000000        41.95591    
   2031.25000000000        21.81228    
   2062.50000000000        65.62589    
   2093.75000000000        88.43329    
   2125.00000000000        64.74999    
   2156.25000000000        111.9583    
   2187.50000000000        114.2607    
   2218.75000000000        70.59586    
   2250.00000000000        53.63873    
   2281.25000000000        38.77525    
   2312.50000000000        90.14921    
   2343.75000000000        153.9600    
   2375.00000000000        19.75808    
   2406.25000000000        51.43644    
   2437.50000000000        104.7634    
   2468.75000000000        13.06002    
   2500.00000000000        153.0513    
   2531.25000000000        14.76532    
   2562.50000000000        62.99086    
   2593.75000000000        101.8680    
   2625.00000000000        43.56925    
   2656.25000000000        57.10053    
   2687.50000000000        148.4781    
   2718.75000000000        74.08510    
   2750.00000000000        79.92238    
   2781.25000000000        47.14610    
   2812.50000000000        150.5621    
   2843.75000000000        71.28652    
   2875.00000000000        143.7609    
   2906.25000000000        22.89705    
   2937.50000000000        207.5275    
   2968.75000000000        110.7921    
   3000.00000000000        123.8219    
   3031.25000000000        199.5451    
   3062.50000000000        230.3204    
   3093.75000000000        204.6225    
   3125.00000000000        144.4697    
   3156.25000000000        258.6180    
   3187.50000000000        115.5842    
   3218.75000000000        255.2621    
   3250.00000000000        205.9912    
   3281.25000000000        239.8694    
   3312.50000000000        244.1941    
   3343.75000000000        128.2253    
   3375.00000000000        139.1012    
   3406.25000000000        452.9899    
   3437.50000000000        159.9611    
   3468.75000000000        290.2745    
   3500.00000000000        285.3755    
   3531.25000000000        81.26086    
   3562.50000000000        270.8411    
   3593.75000000000        217.2755    
   3625.00000000000        163.2131    
   3656.25000000000        362.8463    
   3687.50000000000        293.1171    
   3718.75000000000        323.8035    
   3750.00000000000        247.6782    
   3781.25000000000        437.6550    
   3812.50000000000        282.5199    
   3843.75000000000        397.3206    
   3875.00000000000        353.5760    
   3906.25000000000        226.9401    
   3937.50000000000        487.6318    
   3968.75000000000        395.9207    
