  -2000.00000000000        20.28829    
  -1984.37500000000        19.21629    
  -1968.75000000000        7.360026    
  -1953.12500000000        21.80762    
  -1937.50000000000        44.65391    
  -1921.87500000000        24.86741    
  -1906.25000000000        5.202915    
  -1890.62500000000        11.29631    
  -1875.00000000000        38.80529    
  -1859.37500000000        36.37025    
  -1843.75000000000        17.99148    
  -1828.12500000000        25.50417    
  -1812.50000000000        22.12680    
  -1796.87500000000        12.13307    
  -1781.25000000000        16.08713    
  -1765.62500000000        22.83564    
  -1750.00000000000        36.91688    
  -1734.37500000000        20.10647    
  -1718.75000000000        2.099487    
  -1703.12500000000        5.820874    
  -1687.50000000000        7.824913    
  -1671.87500000000        57.45773    
  -1656.25000000000        11.51122    
  -1640.62500000000        12.12318    
  -1625.00000000000        2.784779    
  -1609.37500000000        13.42143    
  -1593.75000000000        14.51678    
  -1578.12500000000        3.215887    
  -1562.50000000000        15.45598    
  -1546.87500000000        94.92709    
  -1531.25000000000        18.93519    
  -1515.62500000000        15.08640    
  -1500.00000000000        34.11765    
  -1484.37500000000        17.68085    
  -1468.75000000000        21.52559    
  -1453.12500000000        3.420131    
  -1437.50000000000        13.19873    
  -1421.87500000000        33.98731    
  -1406.25000000000        8.964233    
  -1390.62500000000        2.554981    
  -1375.00000000000        6.085450    
  -1359.37500000000        78.68896    
  -1343.75000000000        28.18055    
  -1328.12500000000        25.71964    
  -1312.50000000000        11.50738    
  -1296.87500000000        52.91310    
  -1281.25000000000        20.75446    
  -1265.62500000000        13.50126    
  -1250.00000000000        47.50027    
  -1234.37500000000        41.18525    
  -1218.75000000000        7.853151    
  -1203.12500000000        34.05954    
  -1187.50000000000        38.39574    
  -1171.87500000000        124.0780    
  -1156.25000000000        116.4610    
  -1140.62500000000        21.62046    
  -1125.00000000000        25.17794    
  -1109.37500000000        21.81007    
  -1093.75000000000        24.25996    
  -1078.12500000000        14.95174    
  -1062.50000000000        21.40854    
  -1046.87500000000        24.30145    
  -1031.25000000000        47.24238    
  -1015.62500000000        8.907802    
  -1000.00000000000        15.37928    
  -984.375000000000        5.126924    
  -968.750000000000        200.4484    
  -953.125000000000        43.61595    
  -937.500000000000        28.41677    
  -921.875000000000        35.57883    
  -906.250000000000        53.86713    
  -890.625000000000        22.13761    
  -875.000000000000        21.96771    
  -859.375000000000        20.20935    
  -843.750000000000        26.54263    
  -828.125000000000        16.43117    
  -812.500000000000        25.39003    
  -796.875000000000        26.91952    
  -781.250000000000        75.52793    
  -765.625000000000        73.97553    
  -750.000000000000        22.06643    
  -734.375000000000        10.25191    
  -718.750000000000        47.25454    
  -703.125000000000        25.87631    
  -687.500000000000        28.55840    
  -671.875000000000        37.56824    
  -656.250000000000        48.67010    
  -640.625000000000        58.10330    
  -625.000000000000        87.85162    
  -609.375000000000        134.0489    
  -593.750000000000        254.8581    
  -578.125000000000        727.6485    
  -562.500000000000        124.2917    
  -546.875000000000        36.10741    
  -531.250000000000        58.67573    
  -515.625000000000        37.47709    
  -500.000000000000        22.02400    
  -484.375000000000        9.383611    
  -468.750000000000        10.63873    
  -453.125000000000        30.37465    
  -437.500000000000        33.30587    
  -421.875000000000        24.51134    
  -406.250000000000        71.28031    
  -390.625000000000        322.5023    
  -375.000000000000        93.81656    
  -359.375000000000        42.62575    
  -343.750000000000        11.97602    
  -328.125000000000        28.48267    
  -312.500000000000        72.51656    
  -296.875000000000        59.90911    
  -281.250000000000        44.05104    
  -265.625000000000        48.12752    
  -250.000000000000        65.51874    
  -234.375000000000        81.10433    
  -218.750000000000        144.1921    
  -203.125000000000        523.3151    
  -187.500000000000        660.9540    
  -171.875000000000        193.3804    
  -156.250000000000        110.8268    
  -140.625000000000        70.05667    
  -125.000000000000        75.08996    
  -109.375000000000        68.59540    
  -93.7500000000000        30.79684    
  -78.1250000000000        79.56837    
  -62.5000000000000        34.37564    
  -46.8750000000000        39.32691    
  -31.2500000000000        23.17395    
  -15.6250000000000        87.58490    
  0.000000000000000E+000   19196.76    
   15.6250000000000        102.4204    
   31.2500000000000        54.19645    
   46.8750000000000        77.34454    
   62.5000000000000        39.56210    
   78.1250000000000        70.05517    
   93.7500000000000        34.85529    
   109.375000000000        30.09525    
   125.000000000000        65.77496    
   140.625000000000        36.57711    
   156.250000000000        53.38455    
   171.875000000000        92.25252    
   187.500000000000        242.5776    
   203.125000000000        101.8945    
   218.750000000000        90.44209    
   234.375000000000        64.56364    
   250.000000000000        78.34096    
   265.625000000000        18.36760    
   281.250000000000        41.04964    
   296.875000000000        11.71307    
   312.500000000000        32.68814    
   328.125000000000        21.71553    
   343.750000000000        19.93915    
   359.375000000000        58.43401    
   375.000000000000        162.2475    
   390.625000000000        417.0570    
   406.250000000000        114.6685    
   421.875000000000        53.13444    
   437.500000000000        65.02290    
   453.125000000000       0.7303396    
   468.750000000000        6.677425    
   484.375000000000        18.28230    
   500.000000000000        43.70609    
   515.625000000000        58.06726    
   531.250000000000        75.61111    
   546.875000000000        70.74877    
   562.500000000000        138.4349    
   578.125000000000        824.7958    
   593.750000000000        287.5000    
   609.375000000000        131.5019    
   625.000000000000        93.02456    
   640.625000000000        32.73692    
   656.250000000000        57.37081    
   671.875000000000        57.29092    
   687.500000000000        60.77129    
   703.125000000000        43.15912    
   718.750000000000        57.62767    
   734.375000000000        55.19290    
   750.000000000000        69.27115    
   765.625000000000        198.0485    
   781.250000000000        245.4778    
   796.875000000000        72.04033    
   812.500000000000        34.23027    
   828.125000000000        32.41708    
   843.750000000000        34.40502    
   859.375000000000        14.11405    
   875.000000000000        16.66213    
   890.625000000000        12.92135    
   906.250000000000        47.09816    
   921.875000000000        54.31399    
   937.500000000000        28.96784    
   953.125000000000        44.43021    
   968.750000000000        72.42886    
   984.375000000000        30.74833    
   1000.00000000000        8.912889    
   1015.62500000000        9.672944    
   1031.25000000000        16.61319    
   1046.87500000000        23.54802    
   1062.50000000000        6.965841    
   1078.12500000000        8.650485    
   1093.75000000000        21.45444    
   1109.37500000000        39.43953    
   1125.00000000000        20.95939    
   1140.62500000000        37.50525    
   1156.25000000000        174.7008    
   1171.87500000000        105.1883    
   1187.50000000000        46.17065    
   1203.12500000000        31.24643    
   1218.75000000000        32.07719    
   1234.37500000000        14.56615    
   1250.00000000000        48.05846    
   1265.62500000000        13.55131    
   1281.25000000000        16.62184    
   1296.87500000000        28.68483    
   1312.50000000000        12.41577    
   1328.12500000000        10.45052    
   1343.75000000000        23.78631    
   1359.37500000000        101.9950    
   1375.00000000000        6.493794    
   1390.62500000000        25.58250    
   1406.25000000000        12.58335    
   1421.87500000000        29.18631    
   1437.50000000000        22.65407    
   1453.12500000000        19.98996    
   1468.75000000000        28.05966    
   1484.37500000000        30.16173    
   1500.00000000000        54.92945    
   1515.62500000000        25.19959    
   1531.25000000000        25.03813    
   1546.87500000000        61.07767    
   1562.50000000000        28.62928    
   1578.12500000000        29.84913    
   1593.75000000000        14.08656    
   1609.37500000000        22.19629    
   1625.00000000000        7.825550    
   1640.62500000000        20.25089    
   1656.25000000000        14.97460    
   1671.87500000000        29.14070    
   1687.50000000000        24.79790    
   1703.12500000000        1.290370    
   1718.75000000000        19.58888    
   1734.37500000000        35.64705    
   1750.00000000000        29.21628    
   1765.62500000000        17.98837    
   1781.25000000000        9.265850    
   1796.87500000000        19.86618    
   1812.50000000000        24.95606    
   1828.12500000000        20.80221    
   1843.75000000000        18.79733    
   1859.37500000000        11.35558    
   1875.00000000000        1.823081    
   1890.62500000000        15.92515    
   1906.25000000000        17.11350    
   1921.87500000000        23.80664    
   1937.50000000000        45.54457    
   1953.12500000000        11.32470    
   1968.75000000000        11.60594    
   1984.37500000000        14.48210    
