  -2000.00000000000        50.31177    
  -1984.37500000000        118.2390    
  -1968.75000000000        80.11458    
  -1953.12500000000        137.8584    
  -1937.50000000000        238.9538    
  -1921.87500000000        80.07195    
  -1906.25000000000        131.2849    
  -1890.62500000000        37.41990    
  -1875.00000000000        197.3905    
  -1859.37500000000        187.6128    
  -1843.75000000000        115.6448    
  -1828.12500000000        216.2821    
  -1812.50000000000        181.6749    
  -1796.87500000000        98.90657    
  -1781.25000000000        93.72825    
  -1765.62500000000        102.6924    
  -1750.00000000000        271.1978    
  -1734.37500000000        67.77370    
  -1718.75000000000        102.4655    
  -1703.12500000000        64.07468    
  -1687.50000000000        87.57209    
  -1671.87500000000        86.42612    
  -1656.25000000000        107.3994    
  -1640.62500000000        41.24223    
  -1625.00000000000        46.56503    
  -1609.37500000000        231.5314    
  -1593.75000000000        23.54906    
  -1578.12500000000        200.7314    
  -1562.50000000000        165.5964    
  -1546.87500000000        693.6804    
  -1531.25000000000        245.0462    
  -1515.62500000000        179.9240    
  -1500.00000000000        229.7309    
  -1484.37500000000        70.44482    
  -1468.75000000000        164.5623    
  -1453.12500000000        77.60859    
  -1437.50000000000        130.2048    
  -1421.87500000000        234.1817    
  -1406.25000000000        93.27104    
  -1390.62500000000        207.2567    
  -1375.00000000000        35.69569    
  -1359.37500000000        967.1316    
  -1343.75000000000        223.4939    
  -1328.12500000000        148.1980    
  -1312.50000000000        60.56460    
  -1296.87500000000        329.4940    
  -1281.25000000000        178.5123    
  -1265.62500000000        131.9714    
  -1250.00000000000        310.7959    
  -1234.37500000000        225.5084    
  -1218.75000000000        121.5437    
  -1203.12500000000        324.6653    
  -1187.50000000000        368.6364    
  -1171.87500000000        1053.930    
  -1156.25000000000        1150.760    
  -1140.62500000000        244.6037    
  -1125.00000000000        262.0839    
  -1109.37500000000        210.1084    
  -1093.75000000000        337.6158    
  -1078.12500000000        47.84729    
  -1062.50000000000        191.9564    
  -1046.87500000000        14.85964    
  -1031.25000000000        206.6743    
  -1015.62500000000        192.0670    
  -1000.00000000000        154.8013    
  -984.375000000000        76.19848    
  -968.750000000000        2358.657    
  -953.125000000000        444.8841    
  -937.500000000000        159.9408    
  -921.875000000000        567.3105    
  -906.250000000000        232.3882    
  -890.625000000000        132.5039    
  -875.000000000000        168.6874    
  -859.375000000000        463.2865    
  -843.750000000000        148.0923    
  -828.125000000000        424.8784    
  -812.500000000000        394.5799    
  -796.875000000000        478.4897    
  -781.250000000000        1912.649    
  -765.625000000000        1148.209    
  -750.000000000000        538.5113    
  -734.375000000000        504.9828    
  -718.750000000000        55.58996    
  -703.125000000000        354.2731    
  -687.500000000000        523.9292    
  -671.875000000000        582.1926    
  -656.250000000000        466.3089    
  -640.625000000000        379.8104    
  -625.000000000000        1050.555    
  -609.375000000000        1182.832    
  -593.750000000000        2502.823    
  -578.125000000000        7665.636    
  -562.500000000000        1159.278    
  -546.875000000000        806.7900    
  -531.250000000000        103.1669    
  -515.625000000000        553.0103    
  -500.000000000000        466.6028    
  -484.375000000000        257.6570    
  -468.750000000000        204.5406    
  -453.125000000000        134.5766    
  -437.500000000000        404.3472    
  -421.875000000000        630.3845    
  -406.250000000000        583.4787    
  -390.625000000000        6287.634    
  -375.000000000000        1846.359    
  -359.375000000000        1061.890    
  -343.750000000000        973.2778    
  -328.125000000000        1035.302    
  -312.500000000000        864.9019    
  -296.875000000000        1464.674    
  -281.250000000000        1300.835    
  -265.625000000000        2091.229    
  -250.000000000000        3136.869    
  -234.375000000000        3320.877    
  -218.750000000000        5222.868    
  -203.125000000000        15707.34    
  -187.500000000000        22264.19    
  -171.875000000000        7238.628    
  -156.250000000000        4362.100    
  -140.625000000000        2479.185    
  -125.000000000000        2773.686    
  -109.375000000000        2381.703    
  -93.7500000000000        2130.173    
  -78.1250000000000        1529.717    
  -62.5000000000000        1499.890    
  -46.8750000000000        1784.254    
  -31.2500000000000        1374.365    
  -15.6250000000000        1537.713    
  0.000000000000000E+000   208609.5    
   15.6250000000000        1870.259    
   31.2500000000000        1512.549    
   46.8750000000000        1974.347    
   62.5000000000000        1442.293    
   78.1250000000000        1487.664    
   93.7500000000000        2186.190    
   109.375000000000        2360.572    
   125.000000000000        2657.302    
   140.625000000000        2435.566    
   156.250000000000        4172.230    
   171.875000000000        6953.973    
   187.500000000000        21941.05    
   203.125000000000        14447.28    
   218.750000000000        5386.438    
   234.375000000000        3323.178    
   250.000000000000        3081.762    
   265.625000000000        1910.566    
   281.250000000000        1309.072    
   296.875000000000        1354.563    
   312.500000000000        949.5881    
   328.125000000000        1002.209    
   343.750000000000        1050.324    
   359.375000000000        1192.042    
   375.000000000000        2231.524    
   390.625000000000        7492.366    
   406.250000000000        631.0122    
   421.875000000000        752.3106    
   437.500000000000        647.3798    
   453.125000000000        179.6478    
   468.750000000000        282.5987    
   484.375000000000        239.9541    
   500.000000000000        549.4624    
   515.625000000000        553.6339    
   531.250000000000        66.83678    
   546.875000000000        874.7612    
   562.500000000000        970.7704    
   578.125000000000        7654.370    
   593.750000000000        2872.097    
   609.375000000000        1186.995    
   625.000000000000        1014.773    
   640.625000000000        578.4240    
   656.250000000000        596.4800    
   671.875000000000        672.0257    
   687.500000000000        657.6268    
   703.125000000000        469.8107    
   718.750000000000        213.7302    
   734.375000000000        720.2562    
   750.000000000000        754.4645    
   765.625000000000        1900.187    
   781.250000000000        2556.727    
   796.875000000000        486.1275    
   812.500000000000        470.9747    
   828.125000000000        404.5693    
   843.750000000000        98.59941    
   859.375000000000        378.9157    
   875.000000000000        120.8068    
   890.625000000000        128.9062    
   906.250000000000        334.6484    
   921.875000000000        530.8402    
   937.500000000000        129.3841    
   953.125000000000        257.6536    
   968.750000000000        1610.114    
   984.375000000000        175.6014    
   1000.00000000000        122.3038    
   1015.62500000000        150.4375    
   1031.25000000000        209.4551    
   1046.87500000000        55.94476    
   1062.50000000000        215.3586    
   1078.12500000000        85.42172    
   1093.75000000000        342.2521    
   1109.37500000000        287.1254    
   1125.00000000000        242.8652    
   1140.62500000000        168.8925    
   1156.25000000000        782.8435    
   1171.87500000000        543.2697    
   1187.50000000000        143.1231    
   1203.12500000000        216.5319    
   1218.75000000000        84.78279    
   1234.37500000000        101.8261    
   1250.00000000000        214.7700    
   1265.62500000000        107.3123    
   1281.25000000000        197.0241    
   1296.87500000000        240.7768    
   1312.50000000000        110.0219    
   1328.12500000000        33.58140    
   1343.75000000000        126.9435    
   1359.37500000000        720.1136    
   1375.00000000000        71.92670    
   1390.62500000000        225.0935    
   1406.25000000000        97.95957    
   1421.87500000000        256.2160    
   1437.50000000000        65.68684    
   1453.12500000000        71.59277    
   1468.75000000000        99.34510    
   1484.37500000000        199.7256    
   1500.00000000000        101.6963    
   1515.62500000000        177.5885    
   1531.25000000000        169.6596    
   1546.87500000000        382.1933    
   1562.50000000000        178.5946    
   1578.12500000000        298.7231    
   1593.75000000000        34.75341    
   1609.37500000000        228.7755    
   1625.00000000000        92.84476    
   1640.62500000000        74.78494    
   1656.25000000000        26.78805    
   1671.87500000000        103.5177    
   1687.50000000000        156.7088    
   1703.12500000000        81.03651    
   1718.75000000000        126.0483    
   1734.37500000000        83.83985    
   1750.00000000000        214.1366    
   1765.62500000000        103.3776    
   1781.25000000000        76.87360    
   1796.87500000000        65.26042    
   1812.50000000000        165.4210    
   1828.12500000000        1.520461    
   1843.75000000000        119.5105    
   1859.37500000000        71.16022    
   1875.00000000000        170.9456    
   1890.62500000000        17.04384    
   1906.25000000000        135.8074    
   1921.87500000000        135.9241    
   1937.50000000000        140.0620    
   1953.12500000000        155.7056    
   1968.75000000000        58.81672    
   1984.37500000000        45.81998    
