  -4000.00000000000        195.8086    
  -3968.75000000000        360.2434    
  -3937.50000000000        458.0034    
  -3906.25000000000        215.1471    
  -3875.00000000000        325.7277    
  -3843.75000000000        365.4012    
  -3812.50000000000        261.7947    
  -3781.25000000000        388.1405    
  -3750.00000000000        235.4894    
  -3718.75000000000        299.3001    
  -3687.50000000000        275.0338    
  -3656.25000000000        335.4452    
  -3625.00000000000        155.5730    
  -3593.75000000000        211.1263    
  -3562.50000000000        236.7067    
  -3531.25000000000        83.49279    
  -3500.00000000000        269.2974    
  -3468.75000000000        251.2484    
  -3437.50000000000        146.3612    
  -3406.25000000000        416.5771    
  -3375.00000000000        124.8087    
  -3343.75000000000        120.8180    
  -3312.50000000000        231.0950    
  -3281.25000000000        213.9151    
  -3250.00000000000        183.8004    
  -3218.75000000000        224.9097    
  -3187.50000000000        100.7101    
  -3156.25000000000        238.9993    
  -3125.00000000000        141.0748    
  -3093.75000000000        189.4681    
  -3062.50000000000        219.3562    
  -3031.25000000000        173.6285    
  -3000.00000000000        107.8877    
  -2968.75000000000        107.6804    
  -2937.50000000000        194.5012    
  -2906.25000000000        26.82582    
  -2875.00000000000        128.8226    
  -2843.75000000000        59.70870    
  -2812.50000000000        138.0465    
  -2781.25000000000        47.82691    
  -2750.00000000000        69.05767    
  -2718.75000000000        70.50614    
  -2687.50000000000        132.1741    
  -2656.25000000000        53.33560    
  -2625.00000000000        33.17627    
  -2593.75000000000        94.43938    
  -2562.50000000000        61.74356    
  -2531.25000000000        17.26842    
  -2500.00000000000        137.7754    
  -2468.75000000000        12.30756    
  -2437.50000000000        92.06179    
  -2406.25000000000        52.45031    
  -2375.00000000000        22.66822    
  -2343.75000000000        137.9790    
  -2312.50000000000        85.25743    
  -2281.25000000000        39.86672    
  -2250.00000000000        50.77552    
  -2218.75000000000        70.81177    
  -2187.50000000000        101.7405    
  -2156.25000000000        105.2537    
  -2125.00000000000        63.09862    
  -2093.75000000000        83.24774    
  -2062.50000000000        64.40626    
  -2031.25000000000        19.72162    
  -2000.00000000000        41.37466    
  -1968.75000000000        65.94091    
  -1937.50000000000        48.94122    
  -1906.25000000000        31.07181    
  -1875.00000000000        80.23579    
  -1843.75000000000        93.09119    
  -1812.50000000000        244.6911    
  -1781.25000000000        289.9666    
  -1750.00000000000        146.0009    
  -1718.75000000000        101.3765    
  -1687.50000000000        141.6826    
  -1656.25000000000        163.4720    
  -1625.00000000000        100.4968    
  -1593.75000000000        55.46150    
  -1562.50000000000        199.7586    
  -1531.25000000000        117.7871    
  -1500.00000000000        37.70641    
  -1468.75000000000        72.36887    
  -1437.50000000000        42.84438    
  -1406.25000000000        82.38979    
  -1375.00000000000        131.7660    
  -1343.75000000000        103.1161    
  -1312.50000000000        84.45129    
  -1281.25000000000        67.84717    
  -1250.00000000000        223.7049    
  -1218.75000000000        45.53761    
  -1187.50000000000        37.80052    
  -1156.25000000000        142.4586    
  -1125.00000000000        30.36992    
  -1093.75000000000        91.37117    
  -1062.50000000000        166.3664    
  -1031.25000000000        64.70722    
  -1000.00000000000        81.73904    
  -968.750000000000        89.51379    
  -937.500000000000        31.79747    
  -906.250000000000        166.2343    
  -875.000000000000        89.16660    
  -843.750000000000        118.4337    
  -812.500000000000        210.1031    
  -781.250000000000        276.7022    
  -750.000000000000        211.2970    
  -718.750000000000        265.5551    
  -687.500000000000        232.3590    
  -656.250000000000        404.3416    
  -625.000000000000        36.24793    
  -593.750000000000        300.0574    
  -562.500000000000        112.6994    
  -531.250000000000        197.4527    
  -500.000000000000        300.7291    
  -468.750000000000        73.82774    
  -437.500000000000        225.8508    
  -406.250000000000        278.2948    
  -375.000000000000        633.0612    
  -343.750000000000        1033.425    
  -312.500000000000        550.4434    
  -281.250000000000        745.8852    
  -250.000000000000        375.2402    
  -218.750000000000        35.08700    
  -187.500000000000        364.2862    
  -156.250000000000        1336.908    
  -125.000000000000        1315.179    
  -93.7500000000000        483.9562    
  -62.5000000000000        1289.469    
  -31.2500000000000        2293.686    
  0.000000000000000E+000   5840.026    
   31.2500000000000        2276.544    
   62.5000000000000        1294.653    
   93.7500000000000        471.7686    
   125.000000000000        1314.498    
   156.250000000000        1355.855    
   187.500000000000        356.6044    
   218.750000000000        37.62403    
   250.000000000000        377.6971    
   281.250000000000        745.4957    
   312.500000000000        540.7783    
   343.750000000000        1039.146    
   375.000000000000        628.6086    
   406.250000000000        281.4959    
   437.500000000000        222.6461    
   468.750000000000        60.68285    
   500.000000000000        306.4813    
   531.250000000000        191.1867    
   562.500000000000        122.5893    
   593.750000000000        295.9292    
   625.000000000000        29.19014    
   656.250000000000        398.0651    
   687.500000000000        229.8685    
   718.750000000000        271.0359    
   750.000000000000        210.5904    
   781.250000000000        270.6659    
   812.500000000000        211.6916    
   843.750000000000        120.1580    
   875.000000000000        79.98359    
   906.250000000000        158.3487    
   937.500000000000        38.94818    
   968.750000000000        91.14776    
   1000.00000000000        91.43410    
   1031.25000000000        69.06498    
   1062.50000000000        161.5924    
   1093.75000000000        87.19912    
   1125.00000000000        35.46595    
   1156.25000000000        142.5039    
   1187.50000000000        37.28485    
   1218.75000000000        42.19123    
   1250.00000000000        223.7044    
   1281.25000000000        70.75629    
   1312.50000000000        85.67025    
   1343.75000000000        108.8161    
   1375.00000000000        130.4333    
   1406.25000000000        83.09617    
   1437.50000000000        43.00243    
   1468.75000000000        72.04600    
   1500.00000000000        34.33986    
   1531.25000000000        112.3212    
   1562.50000000000        197.4294    
   1593.75000000000        53.95288    
   1625.00000000000        100.4194    
   1656.25000000000        162.3111    
   1687.50000000000        140.8687    
   1718.75000000000        100.7841    
   1750.00000000000        146.5222    
   1781.25000000000        285.6926    
   1812.50000000000        241.6692    
   1843.75000000000        91.51675    
   1875.00000000000        79.10628    
   1906.25000000000        32.94725    
   1937.50000000000        49.19709    
   1968.75000000000        66.45044    
   2000.00000000000        41.54737    
   2031.25000000000        18.45749    
   2062.50000000000        65.22202    
   2093.75000000000        83.50834    
   2125.00000000000        62.13532    
   2156.25000000000        105.3044    
   2187.50000000000        103.4934    
   2218.75000000000        70.44784    
   2250.00000000000        50.53260    
   2281.25000000000        40.18426    
   2312.50000000000        85.15244    
   2343.75000000000        140.6012    
   2375.00000000000        21.18912    
   2406.25000000000        50.63160    
   2437.50000000000        92.78601    
   2468.75000000000        11.92329    
   2500.00000000000        137.6431    
   2531.25000000000        17.92594    
   2562.50000000000        61.98212    
   2593.75000000000        94.60566    
   2625.00000000000        34.51606    
   2656.25000000000        52.69128    
   2687.50000000000        133.5166    
   2718.75000000000        70.02000    
   2750.00000000000        67.73864    
   2781.25000000000        46.67400    
   2812.50000000000        138.8490    
   2843.75000000000        59.45703    
   2875.00000000000        129.1787    
   2906.25000000000        26.10855    
   2937.50000000000        196.1446    
   2968.75000000000        106.5605    
   3000.00000000000        109.3101    
   3031.25000000000        175.9229    
   3062.50000000000        218.7597    
   3093.75000000000        189.4009    
   3125.00000000000        138.9863    
   3156.25000000000        238.1809    
   3187.50000000000        100.9569    
   3218.75000000000        226.8617    
   3250.00000000000        185.4321    
   3281.25000000000        215.7373    
   3312.50000000000        230.7938    
   3343.75000000000        122.3823    
   3375.00000000000        126.1114    
   3406.25000000000        417.7042    
   3437.50000000000        145.6422    
   3468.75000000000        254.6745    
   3500.00000000000        268.1226    
   3531.25000000000        82.38861    
   3562.50000000000        238.7644    
   3593.75000000000        208.8035    
   3625.00000000000        153.7680    
   3656.25000000000        335.4318    
   3687.50000000000        274.4404    
   3718.75000000000        299.2097    
   3750.00000000000        234.2682    
   3781.25000000000        389.9006    
   3812.50000000000        261.2748    
   3843.75000000000        368.6542    
   3875.00000000000        323.7414    
   3906.25000000000        214.3181    
   3937.50000000000        455.1060    
   3968.75000000000        361.1015    
