  -2000.00000000000        29.16235    
  -1984.37500000000        41.64941    
  -1968.75000000000        36.35410    
  -1953.12500000000        44.37144    
  -1937.50000000000        75.34171    
  -1921.87500000000        61.97258    
  -1906.25000000000        15.32790    
  -1890.62500000000        36.79990    
  -1875.00000000000        27.93674    
  -1859.37500000000        61.35782    
  -1843.75000000000        29.47672    
  -1828.12500000000        31.84003    
  -1812.50000000000        30.53909    
  -1796.87500000000        9.047733    
  -1781.25000000000        13.50291    
  -1765.62500000000        40.29934    
  -1750.00000000000        133.0700    
  -1734.37500000000        12.70275    
  -1718.75000000000        13.10566    
  -1703.12500000000        30.96656    
  -1687.50000000000        25.69404    
  -1671.87500000000        202.2971    
  -1656.25000000000        28.88232    
  -1640.62500000000        43.06078    
  -1625.00000000000        15.78045    
  -1609.37500000000        17.11903    
  -1593.75000000000        9.025449    
  -1578.12500000000        26.54955    
  -1562.50000000000        74.02722    
  -1546.87500000000        162.7869    
  -1531.25000000000        61.60303    
  -1515.62500000000        41.46942    
  -1500.00000000000        74.91377    
  -1484.37500000000        36.42632    
  -1468.75000000000        34.08972    
  -1453.12500000000        37.14090    
  -1437.50000000000        64.14519    
  -1421.87500000000        70.79637    
  -1406.25000000000        55.29137    
  -1390.62500000000        26.30639    
  -1375.00000000000       0.7916172    
  -1359.37500000000        90.00247    
  -1343.75000000000        48.85923    
  -1328.12500000000        37.13665    
  -1312.50000000000        20.14172    
  -1296.87500000000        114.6236    
  -1281.25000000000        40.99343    
  -1265.62500000000        29.67312    
  -1250.00000000000        91.94256    
  -1234.37500000000        69.62131    
  -1218.75000000000        16.48900    
  -1203.12500000000        55.35841    
  -1187.50000000000        87.84223    
  -1171.87500000000        257.6428    
  -1156.25000000000        230.2027    
  -1140.62500000000        72.39794    
  -1125.00000000000        43.78490    
  -1109.37500000000        57.51034    
  -1093.75000000000        119.3315    
  -1078.12500000000        22.44917    
  -1062.50000000000        12.84511    
  -1046.87500000000        20.97603    
  -1031.25000000000        74.84884    
  -1015.62500000000        37.36150    
  -1000.00000000000        10.28978    
  -984.375000000000        73.10820    
  -968.750000000000        733.5735    
  -953.125000000000        196.1789    
  -937.500000000000        65.35171    
  -921.875000000000        111.1831    
  -906.250000000000        82.82246    
  -890.625000000000        60.99493    
  -875.000000000000        64.09039    
  -859.375000000000        95.22803    
  -843.750000000000        73.96897    
  -828.125000000000        111.2093    
  -812.500000000000        137.1433    
  -796.875000000000        135.7022    
  -781.250000000000        465.2792    
  -765.625000000000        173.8892    
  -750.000000000000        135.4553    
  -734.375000000000        38.26258    
  -718.750000000000        144.1185    
  -703.125000000000        43.26217    
  -687.500000000000        36.27946    
  -671.875000000000        96.94965    
  -656.250000000000        87.84785    
  -640.625000000000        33.87625    
  -625.000000000000        202.5613    
  -609.375000000000        285.9924    
  -593.750000000000        598.9180    
  -578.125000000000        1813.579    
  -562.500000000000        368.5547    
  -546.875000000000        83.72511    
  -531.250000000000        176.1422    
  -515.625000000000        76.03278    
  -500.000000000000        64.67731    
  -484.375000000000        55.21629    
  -468.750000000000        54.23727    
  -453.125000000000        61.11139    
  -437.500000000000        73.03286    
  -421.875000000000        74.62553    
  -406.250000000000        135.3968    
  -390.625000000000        915.8688    
  -375.000000000000        61.50812    
  -359.375000000000        128.6132    
  -343.750000000000        88.42127    
  -328.125000000000        65.66620    
  -312.500000000000        103.5244    
  -296.875000000000        185.9785    
  -281.250000000000        65.19482    
  -265.625000000000        170.4231    
  -250.000000000000        243.3942    
  -234.375000000000        252.1002    
  -218.750000000000        447.3875    
  -203.125000000000        1468.236    
  -187.500000000000        1887.806    
  -171.875000000000        585.8087    
  -156.250000000000        328.5485    
  -140.625000000000        212.0179    
  -125.000000000000        227.5957    
  -109.375000000000        156.3693    
  -93.7500000000000        129.6206    
  -78.1250000000000        125.3896    
  -62.5000000000000        132.4288    
  -46.8750000000000        81.04358    
  -31.2500000000000        39.28285    
  -15.6250000000000        219.4834    
  0.000000000000000E+000   38742.15    
   15.6250000000000        223.0136    
   31.2500000000000        122.6197    
   46.8750000000000        212.6792    
   62.5000000000000        17.40632    
   78.1250000000000        171.1339    
   93.7500000000000        133.9358    
   109.375000000000        98.35949    
   125.000000000000        176.5679    
   140.625000000000        137.1612    
   156.250000000000        220.0649    
   171.875000000000        321.5309    
   187.500000000000        948.5943    
   203.125000000000        429.9133    
   218.750000000000        304.6039    
   234.375000000000        168.2738    
   250.000000000000        213.4871    
   265.625000000000        115.6986    
   281.250000000000        100.3133    
   296.875000000000        75.52361    
   312.500000000000        44.03995    
   328.125000000000        103.0109    
   343.750000000000        105.0754    
   359.375000000000        195.1141    
   375.000000000000        415.2578    
   390.625000000000        1288.806    
   406.250000000000        276.2837    
   421.875000000000        141.0902    
   437.500000000000        122.1394    
   453.125000000000        83.40608    
   468.750000000000        28.87029    
   484.375000000000        52.70545    
   500.000000000000        108.6961    
   515.625000000000        82.01099    
   531.250000000000        133.4785    
   546.875000000000        163.3083    
   562.500000000000        337.0327    
   578.125000000000        1941.654    
   593.750000000000        694.9819    
   609.375000000000        270.1885    
   625.000000000000        237.0847    
   640.625000000000        125.1418    
   656.250000000000        170.1290    
   671.875000000000        141.6289    
   687.500000000000        110.0315    
   703.125000000000        194.0908    
   718.750000000000        82.91810    
   734.375000000000        77.58731    
   750.000000000000        87.90794    
   765.625000000000        191.9764    
   781.250000000000        193.8827    
   796.875000000000        19.52046    
   812.500000000000        54.53979    
   828.125000000000        56.46210    
   843.750000000000        39.74674    
   859.375000000000        42.35037    
   875.000000000000        28.63880    
   890.625000000000        105.7908    
   906.250000000000        37.94502    
   921.875000000000        160.8337    
   937.500000000000        83.16946    
   953.125000000000        66.85022    
   968.750000000000        281.2603    
   984.375000000000        99.26050    
   1000.00000000000        81.29794    
   1015.62500000000        62.20153    
   1031.25000000000        57.58100    
   1046.87500000000        51.96902    
   1062.50000000000        27.65797    
   1078.12500000000        80.39998    
   1093.75000000000        130.1188    
   1109.37500000000        44.10485    
   1125.00000000000        54.80203    
   1140.62500000000        14.42379    
   1156.25000000000        80.05614    
   1171.87500000000        145.3298    
   1187.50000000000        72.93311    
   1203.12500000000        55.63659    
   1218.75000000000        19.45346    
   1234.37500000000        1.346563    
   1250.00000000000        94.94833    
   1265.62500000000        35.79400    
   1281.25000000000        23.26519    
   1296.87500000000        97.38798    
   1312.50000000000        18.11796    
   1328.12500000000        65.29726    
   1343.75000000000        30.51819    
   1359.37500000000        97.30015    
   1375.00000000000        34.08739    
   1390.62500000000        47.35126    
   1406.25000000000        38.10107    
   1421.87500000000        77.45708    
   1437.50000000000        4.772285    
   1453.12500000000        28.35660    
   1468.75000000000        31.28333    
   1484.37500000000        60.47022    
   1500.00000000000        47.81155    
   1515.62500000000        36.34473    
   1531.25000000000        43.45389    
   1546.87500000000        131.8798    
   1562.50000000000        9.683905    
   1578.12500000000        53.71889    
   1593.75000000000        21.44802    
   1609.37500000000        63.04485    
   1625.00000000000        26.23475    
   1640.62500000000        16.44115    
   1656.25000000000        47.95465    
   1671.87500000000        110.7944    
   1687.50000000000        55.84274    
   1703.12500000000        21.35806    
   1718.75000000000        55.36076    
   1734.37500000000        64.91160    
   1750.00000000000        77.15488    
   1765.62500000000        36.67852    
   1781.25000000000        66.90450    
   1796.87500000000        24.17451    
   1812.50000000000        18.40238    
   1828.12500000000        47.19871    
   1843.75000000000        38.67057    
   1859.37500000000        8.499881    
   1875.00000000000        22.13682    
   1890.62500000000        30.89947    
   1906.25000000000        43.32979    
   1921.87500000000        56.19722    
   1937.50000000000        91.32695    
   1953.12500000000        39.22604    
   1968.75000000000        27.92072    
   1984.37500000000        33.16318    
