  -2000.00000000000        19.48865    
  -1984.37500000000        10.22808    
  -1968.75000000000        16.14362    
  -1953.12500000000        16.11568    
  -1937.50000000000        12.68091    
  -1921.87500000000        34.40260    
  -1906.25000000000        26.37819    
  -1890.62500000000        23.91348    
  -1875.00000000000        36.16245    
  -1859.37500000000        8.665067    
  -1843.75000000000        11.98505    
  -1828.12500000000        27.56276    
  -1812.50000000000        2.465703    
  -1796.87500000000        16.43083    
  -1781.25000000000        23.23882    
  -1765.62500000000        12.04776    
  -1750.00000000000        96.14742    
  -1734.37500000000        9.499599    
  -1718.75000000000        18.26097    
  -1703.12500000000        3.927090    
  -1687.50000000000        30.63883    
  -1671.87500000000        37.77448    
  -1656.25000000000        11.18003    
  -1640.62500000000        16.31674    
  -1625.00000000000        33.75631    
  -1609.37500000000        13.85975    
  -1593.75000000000        12.96671    
  -1578.12500000000        35.22566    
  -1562.50000000000        25.84694    
  -1546.87500000000        109.4605    
  -1531.25000000000        27.48063    
  -1515.62500000000        22.33109    
  -1500.00000000000        51.18912    
  -1484.37500000000        30.16135    
  -1468.75000000000        9.682331    
  -1453.12500000000        9.842445    
  -1437.50000000000        22.35149    
  -1421.87500000000        39.35565    
  -1406.25000000000        21.58143    
  -1390.62500000000        17.52645    
  -1375.00000000000        16.83066    
  -1359.37500000000        52.64797    
  -1343.75000000000        30.56439    
  -1328.12500000000        14.60531    
  -1312.50000000000        11.41508    
  -1296.87500000000        91.71738    
  -1281.25000000000        75.55161    
  -1265.62500000000        21.33442    
  -1250.00000000000        63.27913    
  -1234.37500000000        3.437499    
  -1218.75000000000        7.525676    
  -1203.12500000000        39.76523    
  -1187.50000000000        49.85969    
  -1171.87500000000        127.9415    
  -1156.25000000000        128.0678    
  -1140.62500000000        47.08765    
  -1125.00000000000        20.14804    
  -1109.37500000000        11.55989    
  -1093.75000000000        49.02052    
  -1078.12500000000        13.44740    
  -1062.50000000000        24.28403    
  -1046.87500000000        28.18710    
  -1031.25000000000        5.646150    
  -1015.62500000000        8.206331    
  -1000.00000000000        13.99488    
  -984.375000000000        22.44732    
  -968.750000000000        205.1750    
  -953.125000000000        82.86569    
  -937.500000000000        28.10551    
  -921.875000000000        70.16404    
  -906.250000000000        24.77140    
  -890.625000000000        42.34591    
  -875.000000000000        13.72231    
  -859.375000000000        28.81715    
  -843.750000000000        16.07817    
  -828.125000000000        19.89981    
  -812.500000000000        26.27094    
  -796.875000000000        45.31643    
  -781.250000000000        182.7373    
  -765.625000000000        137.6998    
  -750.000000000000        39.53075    
  -734.375000000000        28.41564    
  -718.750000000000        55.10794    
  -703.125000000000        64.17879    
  -687.500000000000        50.28708    
  -671.875000000000        51.81101    
  -656.250000000000        77.82993    
  -640.625000000000        42.04369    
  -625.000000000000        106.3939    
  -609.375000000000        152.7689    
  -593.750000000000        328.7008    
  -578.125000000000        969.7803    
  -562.500000000000        176.6152    
  -546.875000000000        56.30561    
  -531.250000000000        82.52728    
  -515.625000000000        64.32325    
  -500.000000000000        38.05271    
  -484.375000000000        7.927707    
  -468.750000000000        32.01669    
  -453.125000000000        18.02206    
  -437.500000000000        44.26107    
  -421.875000000000        34.30231    
  -406.250000000000        98.18719    
  -390.625000000000        377.2358    
  -375.000000000000        79.33216    
  -359.375000000000        64.14899    
  -343.750000000000        42.31602    
  -328.125000000000        46.32554    
  -312.500000000000        48.70247    
  -296.875000000000        80.05716    
  -281.250000000000        31.80045    
  -265.625000000000        81.44638    
  -250.000000000000        98.14558    
  -234.375000000000        99.19418    
  -218.750000000000        172.1038    
  -203.125000000000        681.8636    
  -187.500000000000        833.5676    
  -171.875000000000        253.4420    
  -156.250000000000        148.3678    
  -140.625000000000        92.61779    
  -125.000000000000        103.9576    
  -109.375000000000        81.60925    
  -93.7500000000000        40.36699    
  -78.1250000000000        82.60574    
  -62.5000000000000        55.28963    
  -46.8750000000000        35.77984    
  -31.2500000000000        19.85408    
  -15.6250000000000        59.49101    
  0.000000000000000E+000   22832.28    
   15.6250000000000        110.9075    
   31.2500000000000        55.41971    
   46.8750000000000        105.6694    
   62.5000000000000        7.375512    
   78.1250000000000        79.53114    
   93.7500000000000        45.08494    
   109.375000000000        32.84418    
   125.000000000000        61.36803    
   140.625000000000        46.19170    
   156.250000000000        86.11401    
   171.875000000000        108.2206    
   187.500000000000        326.0587    
   203.125000000000        106.0062    
   218.750000000000        113.5310    
   234.375000000000        74.37231    
   250.000000000000        97.85098    
   265.625000000000        23.47968    
   281.250000000000        48.17292    
   296.875000000000        38.00037    
   312.500000000000        101.6635    
   328.125000000000        55.61610    
   343.750000000000        55.55990    
   359.375000000000        78.31900    
   375.000000000000        199.0831    
   390.625000000000        551.5654    
   406.250000000000        132.8358    
   421.875000000000        59.02360    
   437.500000000000        79.40054    
   453.125000000000        58.05824    
   468.750000000000        34.23428    
   484.375000000000        28.06117    
   500.000000000000        37.68569    
   515.625000000000        48.47325    
   531.250000000000        87.63835    
   546.875000000000        67.94695    
   562.500000000000        167.4712    
   578.125000000000        1017.887    
   593.750000000000        417.8696    
   609.375000000000        164.0706    
   625.000000000000        123.6013    
   640.625000000000        84.42702    
   656.250000000000        24.76360    
   671.875000000000        60.43629    
   687.500000000000        38.75504    
   703.125000000000        98.28966    
   718.750000000000        73.55933    
   734.375000000000        57.97132    
   750.000000000000        61.72196    
   765.625000000000        167.7816    
   781.250000000000        191.1917    
   796.875000000000        47.13580    
   812.500000000000        28.47944    
   828.125000000000        18.93850    
   843.750000000000        10.27454    
   859.375000000000        23.60849    
   875.000000000000        8.851843    
   890.625000000000        15.43851    
   906.250000000000        69.55360    
   921.875000000000        68.88886    
   937.500000000000        11.02312    
   953.125000000000        31.85611    
   968.750000000000        137.2870    
   984.375000000000        25.98783    
   1000.00000000000        26.02286    
   1015.62500000000        21.00536    
   1031.25000000000        22.44770    
   1046.87500000000        51.74195    
   1062.50000000000        2.975577    
   1078.12500000000        23.90427    
   1093.75000000000        51.72680    
   1109.37500000000        35.35700    
   1125.00000000000        28.15309    
   1140.62500000000        20.13491    
   1156.25000000000        95.00262    
   1171.87500000000        111.6601    
   1187.50000000000        46.05231    
   1203.12500000000        38.89738    
   1218.75000000000        18.20804    
   1234.37500000000        33.67004    
   1250.00000000000        66.43970    
   1265.62500000000        19.17421    
   1281.25000000000        45.75899    
   1296.87500000000        90.43172    
   1312.50000000000        19.55921    
   1328.12500000000        25.18669    
   1343.75000000000        16.29210    
   1359.37500000000        55.49477    
   1375.00000000000        8.685988    
   1390.62500000000        11.82434    
   1406.25000000000        26.88270    
   1421.87500000000        39.04803    
   1437.50000000000        11.24614    
   1453.12500000000        10.69174    
   1468.75000000000        39.72167    
   1484.37500000000        47.48417    
   1500.00000000000        30.28824    
   1515.62500000000        13.76473    
   1531.25000000000        16.91087    
   1546.87500000000        44.03438    
   1562.50000000000        41.39646    
   1578.12500000000        21.50463    
   1593.75000000000        19.50413    
   1609.37500000000        35.45664    
   1625.00000000000        19.90813    
   1640.62500000000        19.25817    
   1656.25000000000        51.80523    
   1671.87500000000        53.33333    
   1687.50000000000        22.89937    
   1703.12500000000        29.71316    
   1718.75000000000        24.05816    
   1734.37500000000        17.73386    
   1750.00000000000        52.41445    
   1765.62500000000        17.93519    
   1781.25000000000        17.25034    
   1796.87500000000        18.24712    
   1812.50000000000        3.857347    
   1828.12500000000        31.96049    
   1843.75000000000        22.52226    
   1859.37500000000        24.99350    
   1875.00000000000        44.94770    
   1890.62500000000        36.77492    
   1906.25000000000        20.54041    
   1921.87500000000        33.79451    
   1937.50000000000        39.24545    
   1953.12500000000        23.01417    
   1968.75000000000        21.59111    
   1984.37500000000        18.48114    
