  -4000.00000000000        200.2963    
  -3968.75000000000        370.4406    
  -3937.50000000000        472.1132    
  -3906.25000000000        219.4460    
  -3875.00000000000        340.4573    
  -3843.75000000000        376.8277    
  -3812.50000000000        270.7657    
  -3781.25000000000        396.1423    
  -3750.00000000000        247.2987    
  -3718.75000000000        307.4647    
  -3687.50000000000        281.0025    
  -3656.25000000000        345.3610    
  -3625.00000000000        163.8056    
  -3593.75000000000        219.2388    
  -3562.50000000000        244.4529    
  -3531.25000000000        86.25951    
  -3500.00000000000        277.6613    
  -3468.75000000000        251.0933    
  -3437.50000000000        152.1529    
  -3406.25000000000        432.4192    
  -3375.00000000000        131.6301    
  -3343.75000000000        122.6459    
  -3312.50000000000        244.0737    
  -3281.25000000000        218.6343    
  -3250.00000000000        179.8584    
  -3218.75000000000        225.1821    
  -3187.50000000000        98.68352    
  -3156.25000000000        247.7697    
  -3125.00000000000        156.9158    
  -3093.75000000000        197.4504    
  -3062.50000000000        223.7188    
  -3031.25000000000        173.6527    
  -3000.00000000000        105.3388    
  -2968.75000000000        115.6139    
  -2937.50000000000        200.4059    
  -2906.25000000000        30.14657    
  -2875.00000000000        131.5033    
  -2843.75000000000        59.68284    
  -2812.50000000000        142.4487    
  -2781.25000000000        50.52306    
  -2750.00000000000        71.89048    
  -2718.75000000000        74.20735    
  -2687.50000000000        131.5935    
  -2656.25000000000        52.46163    
  -2625.00000000000        35.79723    
  -2593.75000000000        95.97902    
  -2562.50000000000        66.18977    
  -2531.25000000000        19.38266    
  -2500.00000000000        144.8388    
  -2468.75000000000        14.72103    
  -2437.50000000000        95.10682    
  -2406.25000000000        52.18920    
  -2375.00000000000        19.29662    
  -2343.75000000000        134.6766    
  -2312.50000000000        87.12582    
  -2281.25000000000        38.29604    
  -2250.00000000000        54.03100    
  -2218.75000000000        73.41340    
  -2187.50000000000        108.0425    
  -2156.25000000000        110.3765    
  -2125.00000000000        61.82746    
  -2093.75000000000        81.38567    
  -2062.50000000000        71.62405    
  -2031.25000000000        16.46572    
  -2000.00000000000        41.73988    
  -1968.75000000000        64.00376    
  -1937.50000000000        52.20846    
  -1906.25000000000        27.12550    
  -1875.00000000000        81.66688    
  -1843.75000000000        94.51600    
  -1812.50000000000        255.3003    
  -1781.25000000000        300.1682    
  -1750.00000000000        147.7093    
  -1718.75000000000        107.8227    
  -1687.50000000000        142.1639    
  -1656.25000000000        180.9558    
  -1625.00000000000        107.0334    
  -1593.75000000000        55.18595    
  -1562.50000000000        202.8483    
  -1531.25000000000        125.5910    
  -1500.00000000000        41.63128    
  -1468.75000000000        74.19474    
  -1437.50000000000        44.41113    
  -1406.25000000000        81.14818    
  -1375.00000000000        134.4694    
  -1343.75000000000        102.2642    
  -1312.50000000000        86.17101    
  -1281.25000000000        74.81418    
  -1250.00000000000        227.3362    
  -1218.75000000000        46.43227    
  -1187.50000000000        44.53774    
  -1156.25000000000        145.9668    
  -1125.00000000000        35.79573    
  -1093.75000000000        98.13779    
  -1062.50000000000        171.0235    
  -1031.25000000000        70.89336    
  -1000.00000000000        98.65041    
  -968.750000000000        85.57758    
  -937.500000000000        41.01918    
  -906.250000000000        167.0944    
  -875.000000000000        85.32985    
  -843.750000000000        135.4730    
  -812.500000000000        218.0072    
  -781.250000000000        276.8049    
  -750.000000000000        214.0328    
  -718.750000000000        273.7438    
  -687.500000000000        230.2244    
  -656.250000000000        422.9585    
  -625.000000000000        27.40605    
  -593.750000000000        302.9524    
  -562.500000000000        115.0697    
  -531.250000000000        190.5890    
  -500.000000000000        305.7889    
  -468.750000000000        79.01667    
  -437.500000000000        242.7969    
  -406.250000000000        288.5276    
  -375.000000000000        666.9612    
  -343.750000000000        1082.752    
  -312.500000000000        557.7279    
  -281.250000000000        780.1302    
  -250.000000000000        400.2444    
  -218.750000000000        44.90628    
  -187.500000000000        369.8183    
  -156.250000000000        1384.415    
  -125.000000000000        1347.415    
  -93.7500000000000        482.4059    
  -62.5000000000000        1319.695    
  -31.2500000000000        2351.499    
  0.000000000000000E+000   6055.993    
   31.2500000000000        2337.156    
   62.5000000000000        1356.317    
   93.7500000000000        496.4483    
   125.000000000000        1380.337    
   156.250000000000        1393.097    
   187.500000000000        368.1360    
   218.750000000000        26.69823    
   250.000000000000        381.1980    
   281.250000000000        754.2064    
   312.500000000000        553.5615    
   343.750000000000        1069.712    
   375.000000000000        646.7337    
   406.250000000000        290.6255    
   437.500000000000        219.3877    
   468.750000000000        76.11034    
   500.000000000000        303.8059    
   531.250000000000        202.7810    
   562.500000000000        132.2116    
   593.750000000000        310.5280    
   625.000000000000        40.23817    
   656.250000000000        423.7363    
   687.500000000000        225.1958    
   718.750000000000        283.2200    
   750.000000000000        217.3520    
   781.250000000000        285.2444    
   812.500000000000        224.9161    
   843.750000000000        124.3074    
   875.000000000000        84.16511    
   906.250000000000        164.8429    
   937.500000000000        39.15118    
   968.750000000000        100.3477    
   1000.00000000000        92.12936    
   1031.25000000000        70.06960    
   1062.50000000000        162.9920    
   1093.75000000000        100.3266    
   1125.00000000000        32.62745    
   1156.25000000000        149.5457    
   1187.50000000000        34.93209    
   1218.75000000000        48.82036    
   1250.00000000000        232.3552    
   1281.25000000000        65.47584    
   1312.50000000000        81.26443    
   1343.75000000000        112.1287    
   1375.00000000000        134.4330    
   1406.25000000000        87.55715    
   1437.50000000000        41.22710    
   1468.75000000000        71.50423    
   1500.00000000000        39.27988    
   1531.25000000000        118.9011    
   1562.50000000000        204.1940    
   1593.75000000000        46.09100    
   1625.00000000000        98.23067    
   1656.25000000000        168.9180    
   1687.50000000000        145.5945    
   1718.75000000000        100.9512    
   1750.00000000000        151.5529    
   1781.25000000000        291.5027    
   1812.50000000000        247.1781    
   1843.75000000000        94.83837    
   1875.00000000000        83.59830    
   1906.25000000000        33.20664    
   1937.50000000000        45.16248    
   1968.75000000000        70.50481    
   2000.00000000000        41.13293    
   2031.25000000000        22.53392    
   2062.50000000000        66.33878    
   2093.75000000000        84.43150    
   2125.00000000000        65.75488    
   2156.25000000000        110.3883    
   2187.50000000000        104.2077    
   2218.75000000000        74.06895    
   2250.00000000000        51.57690    
   2281.25000000000        40.15133    
   2312.50000000000        87.17303    
   2343.75000000000        142.8961    
   2375.00000000000        25.02503    
   2406.25000000000        52.71907    
   2437.50000000000        95.02270    
   2468.75000000000        7.763853    
   2500.00000000000        139.7000    
   2531.25000000000        14.66839    
   2562.50000000000        64.89926    
   2593.75000000000        102.3362    
   2625.00000000000        36.13065    
   2656.25000000000        55.54985    
   2687.50000000000        137.4194    
   2718.75000000000        69.19210    
   2750.00000000000        70.02810    
   2781.25000000000        44.54827    
   2812.50000000000        142.4262    
   2843.75000000000        59.63233    
   2875.00000000000        140.5715    
   2906.25000000000        21.60894    
   2937.50000000000        205.3534    
   2968.75000000000        103.7654    
   3000.00000000000        112.3668    
   3031.25000000000        179.4084    
   3062.50000000000        224.7625    
   3093.75000000000        194.9741    
   3125.00000000000        139.2839    
   3156.25000000000        247.5732    
   3187.50000000000        107.8885    
   3218.75000000000        240.3698    
   3250.00000000000        197.4914    
   3281.25000000000        225.2675    
   3312.50000000000        233.7363    
   3343.75000000000        125.9788    
   3375.00000000000        130.9155    
   3406.25000000000        432.8135    
   3437.50000000000        149.3239    
   3468.75000000000        270.3547    
   3500.00000000000        272.2667    
   3531.25000000000        84.68085    
   3562.50000000000        246.2617    
   3593.75000000000        210.2794    
   3625.00000000000        155.7040    
   3656.25000000000        346.6695    
   3687.50000000000        279.4737    
   3718.75000000000        305.9385    
   3750.00000000000        237.9014    
   3781.25000000000        409.6187    
   3812.50000000000        269.4564    
   3843.75000000000        385.8529    
   3875.00000000000        335.9909    
   3906.25000000000        221.6037    
   3937.50000000000        465.4054    
   3968.75000000000        377.2118    
