  -4000.00000000000        195.7739    
  -3968.75000000000        361.1263    
  -3937.50000000000        456.5660    
  -3906.25000000000        213.7066    
  -3875.00000000000        324.7654    
  -3843.75000000000        366.3427    
  -3812.50000000000        261.4004    
  -3781.25000000000        387.8653    
  -3750.00000000000        234.8349    
  -3718.75000000000        299.5678    
  -3687.50000000000        274.6991    
  -3656.25000000000        335.1680    
  -3625.00000000000        154.9215    
  -3593.75000000000        211.1799    
  -3562.50000000000        237.1890    
  -3531.25000000000        83.35508    
  -3500.00000000000        268.1807    
  -3468.75000000000        252.8251    
  -3437.50000000000        145.9789    
  -3406.25000000000        417.1201    
  -3375.00000000000        126.7235    
  -3343.75000000000        121.7477    
  -3312.50000000000        231.8402    
  -3281.25000000000        213.1003    
  -3250.00000000000        184.0945    
  -3218.75000000000        225.3669    
  -3187.50000000000        100.6031    
  -3156.25000000000        238.2115    
  -3125.00000000000        141.0695    
  -3093.75000000000        188.8419    
  -3062.50000000000        219.3252    
  -3031.25000000000        173.9177    
  -3000.00000000000        107.7618    
  -2968.75000000000        106.5875    
  -2937.50000000000        194.5762    
  -2906.25000000000        26.40571    
  -2875.00000000000        128.5983    
  -2843.75000000000        59.27855    
  -2812.50000000000        137.6532    
  -2781.25000000000        46.64282    
  -2750.00000000000        68.31313    
  -2718.75000000000        70.71999    
  -2687.50000000000        132.6471    
  -2656.25000000000        53.03271    
  -2625.00000000000        33.28806    
  -2593.75000000000        94.73845    
  -2562.50000000000        61.33955    
  -2531.25000000000        17.44088    
  -2500.00000000000        136.9059    
  -2468.75000000000        12.31958    
  -2437.50000000000        92.21195    
  -2406.25000000000        51.53766    
  -2375.00000000000        22.06334    
  -2343.75000000000        138.3427    
  -2312.50000000000        84.08009    
  -2281.25000000000        39.26275    
  -2250.00000000000        51.11803    
  -2218.75000000000        71.56992    
  -2187.50000000000        103.3032    
  -2156.25000000000        105.1918    
  -2125.00000000000        64.44030    
  -2093.75000000000        81.96034    
  -2062.50000000000        64.41090    
  -2031.25000000000        17.74510    
  -2000.00000000000        43.00547    
  -1968.75000000000        66.66256    
  -1937.50000000000        48.65574    
  -1906.25000000000        33.20159    
  -1875.00000000000        79.37613    
  -1843.75000000000        91.11594    
  -1812.50000000000        245.1090    
  -1781.25000000000        290.2251    
  -1750.00000000000        144.8922    
  -1718.75000000000        101.2216    
  -1687.50000000000        140.9550    
  -1656.25000000000        163.9002    
  -1625.00000000000        101.0920    
  -1593.75000000000        52.84175    
  -1562.50000000000        199.6103    
  -1531.25000000000        116.9675    
  -1500.00000000000        33.33492    
  -1468.75000000000        70.15926    
  -1437.50000000000        42.87062    
  -1406.25000000000        77.84708    
  -1375.00000000000        131.3626    
  -1343.75000000000        107.5884    
  -1312.50000000000        83.23801    
  -1281.25000000000        71.08854    
  -1250.00000000000        221.0537    
  -1218.75000000000        42.56079    
  -1187.50000000000        40.54273    
  -1156.25000000000        141.2814    
  -1125.00000000000        31.68974    
  -1093.75000000000        90.70628    
  -1062.50000000000        163.8931    
  -1031.25000000000        69.51892    
  -1000.00000000000        92.98589    
  -968.750000000000        90.41379    
  -937.500000000000        38.65134    
  -906.250000000000        161.4330    
  -875.000000000000        85.93974    
  -843.750000000000        112.7209    
  -812.500000000000        208.6573    
  -781.250000000000        282.8575    
  -750.000000000000        210.4271    
  -718.750000000000        269.3145    
  -687.500000000000        227.0557    
  -656.250000000000        412.7265    
  -625.000000000000        34.64454    
  -593.750000000000        304.6077    
  -562.500000000000        120.4409    
  -531.250000000000        190.6949    
  -500.000000000000        295.8577    
  -468.750000000000        77.37469    
  -437.500000000000        222.5778    
  -406.250000000000        280.3132    
  -375.000000000000        640.1611    
  -343.750000000000        1031.814    
  -312.500000000000        539.3987    
  -281.250000000000        736.9919    
  -250.000000000000        378.1350    
  -218.750000000000        39.31368    
  -187.500000000000        348.5630    
  -156.250000000000        1326.761    
  -125.000000000000        1320.652    
  -93.7500000000000        469.2901    
  -62.5000000000000        1294.452    
  -31.2500000000000        2276.351    
  0.000000000000000E+000   5702.503    
   31.2500000000000        2277.452    
   62.5000000000000        1294.380    
   93.7500000000000        478.6432    
   125.000000000000        1324.693    
   156.250000000000        1360.425    
   187.500000000000        356.9723    
   218.750000000000        27.20320    
   250.000000000000        364.5123    
   281.250000000000        737.3997    
   312.500000000000        537.4798    
   343.750000000000        1038.753    
   375.000000000000        633.6459    
   406.250000000000        275.0008    
   437.500000000000        216.4178    
   468.750000000000        67.36627    
   500.000000000000        303.4543    
   531.250000000000        194.0211    
   562.500000000000        124.6376    
   593.750000000000        296.6133    
   625.000000000000        25.21095    
   656.250000000000        401.0737    
   687.500000000000        232.3864    
   718.750000000000        255.7445    
   750.000000000000        196.7665    
   781.250000000000        279.4294    
   812.500000000000        212.1857    
   843.750000000000        116.8038    
   875.000000000000        80.59325    
   906.250000000000        165.6003    
   937.500000000000        33.49354    
   968.750000000000        95.64276    
   1000.00000000000        90.94450    
   1031.25000000000        63.85027    
   1062.50000000000        161.7006    
   1093.75000000000        93.02959    
   1125.00000000000        37.21332    
   1156.25000000000        142.1103    
   1187.50000000000        38.87313    
   1218.75000000000        41.92948    
   1250.00000000000        222.2772    
   1281.25000000000        68.90304    
   1312.50000000000        84.60123    
   1343.75000000000        111.0131    
   1375.00000000000        131.9154    
   1406.25000000000        83.03017    
   1437.50000000000        40.55199    
   1468.75000000000        73.20548    
   1500.00000000000        32.98621    
   1531.25000000000        115.9131    
   1562.50000000000        198.5007    
   1593.75000000000        50.97895    
   1625.00000000000        102.8762    
   1656.25000000000        162.7185    
   1687.50000000000        138.6761    
   1718.75000000000        101.9607    
   1750.00000000000        142.8932    
   1781.25000000000        287.4526    
   1812.50000000000        242.9585    
   1843.75000000000        89.34982    
   1875.00000000000        77.08116    
   1906.25000000000        33.57978    
   1937.50000000000        48.05647    
   1968.75000000000        66.30893    
   2000.00000000000        41.44196    
   2031.25000000000        18.95124    
   2062.50000000000        64.69804    
   2093.75000000000        81.69043    
   2125.00000000000        64.04356    
   2156.25000000000        106.0125    
   2187.50000000000        101.7121    
   2218.75000000000        71.02695    
   2250.00000000000        51.04209    
   2281.25000000000        40.04251    
   2312.50000000000        82.96055    
   2343.75000000000        139.3733    
   2375.00000000000        22.37759    
   2406.25000000000        50.94651    
   2437.50000000000        91.81570    
   2468.75000000000        10.84809    
   2500.00000000000        137.2816    
   2531.25000000000        19.07645    
   2562.50000000000        62.63167    
   2593.75000000000        94.76875    
   2625.00000000000        34.39368    
   2656.25000000000        52.60952    
   2687.50000000000        132.8752    
   2718.75000000000        69.95338    
   2750.00000000000        67.56903    
   2781.25000000000        46.45764    
   2812.50000000000        138.9644    
   2843.75000000000        59.46735    
   2875.00000000000        128.9484    
   2906.25000000000        25.88965    
   2937.50000000000        194.8970    
   2968.75000000000        105.3798    
   3000.00000000000        109.1820    
   3031.25000000000        174.8252    
   3062.50000000000        218.4030    
   3093.75000000000        188.1149    
   3125.00000000000        138.3190    
   3156.25000000000        238.1229    
   3187.50000000000        100.8166    
   3218.75000000000        227.0807    
   3250.00000000000        185.0898    
   3281.25000000000        214.7896    
   3312.50000000000        230.0163    
   3343.75000000000        122.0265    
   3375.00000000000        126.5262    
   3406.25000000000        417.0366    
   3437.50000000000        146.2500    
   3468.75000000000        254.7695    
   3500.00000000000        267.1670    
   3531.25000000000        83.14847    
   3562.50000000000        239.2036    
   3593.75000000000        208.8930    
   3625.00000000000        152.7090    
   3656.25000000000        335.5967    
   3687.50000000000        273.5624    
   3718.75000000000        299.6430    
   3750.00000000000        233.7558    
   3781.25000000000        390.7618    
   3812.50000000000        260.5743    
   3843.75000000000        367.7145    
   3875.00000000000        323.8163    
   3906.25000000000        213.3212    
   3937.50000000000        454.8216    
   3968.75000000000        361.7920    
