  -4000.00000000000        217.4394    
  -3968.75000000000        402.2850    
  -3937.50000000000        530.0992    
  -3906.25000000000        246.7404    
  -3875.00000000000        380.3311    
  -3843.75000000000        412.0721    
  -3812.50000000000        304.5875    
  -3781.25000000000        423.7901    
  -3750.00000000000        269.7252    
  -3718.75000000000        337.2256    
  -3687.50000000000        308.5521    
  -3656.25000000000        386.5288    
  -3625.00000000000        185.2101    
  -3593.75000000000        251.5752    
  -3562.50000000000        253.4407    
  -3531.25000000000        89.18829    
  -3500.00000000000        311.2059    
  -3468.75000000000        277.9959    
  -3437.50000000000        169.3139    
  -3406.25000000000        467.0206    
  -3375.00000000000        143.8753    
  -3343.75000000000        127.2274    
  -3312.50000000000        273.0602    
  -3281.25000000000        237.4949    
  -3250.00000000000        196.4924    
  -3218.75000000000        246.6150    
  -3187.50000000000        117.9156    
  -3156.25000000000        279.7638    
  -3125.00000000000        168.7158    
  -3093.75000000000        204.3815    
  -3062.50000000000        249.4386    
  -3031.25000000000        192.0394    
  -3000.00000000000        109.7184    
  -2968.75000000000        123.8632    
  -2937.50000000000        212.3860    
  -2906.25000000000        30.57779    
  -2875.00000000000        139.6447    
  -2843.75000000000        80.58142    
  -2812.50000000000        149.2765    
  -2781.25000000000        65.61863    
  -2750.00000000000        72.69034    
  -2718.75000000000        77.80685    
  -2687.50000000000        146.5502    
  -2656.25000000000        59.06838    
  -2625.00000000000        28.22679    
  -2593.75000000000        107.2197    
  -2562.50000000000        75.08817    
  -2531.25000000000        24.96508    
  -2500.00000000000        150.6714    
  -2468.75000000000        21.31563    
  -2437.50000000000        99.29976    
  -2406.25000000000        63.84774    
  -2375.00000000000        27.91652    
  -2343.75000000000        154.6600    
  -2312.50000000000        99.96050    
  -2281.25000000000        43.50296    
  -2250.00000000000        63.09148    
  -2218.75000000000        83.25282    
  -2187.50000000000        107.2411    
  -2156.25000000000        112.4279    
  -2125.00000000000        71.91678    
  -2093.75000000000        95.19202    
  -2062.50000000000        72.77108    
  -2031.25000000000        25.32006    
  -2000.00000000000        47.24961    
  -1968.75000000000        66.79239    
  -1937.50000000000        60.76814    
  -1906.25000000000        39.23386    
  -1875.00000000000        96.20760    
  -1843.75000000000        102.5171    
  -1812.50000000000        289.2064    
  -1781.25000000000        335.0883    
  -1750.00000000000        154.2408    
  -1718.75000000000        117.8739    
  -1687.50000000000        170.2603    
  -1656.25000000000        209.6563    
  -1625.00000000000        113.4461    
  -1593.75000000000        55.34443    
  -1562.50000000000        236.9005    
  -1531.25000000000        134.7509    
  -1500.00000000000        40.87716    
  -1468.75000000000        87.59018    
  -1437.50000000000        58.73243    
  -1406.25000000000        88.54376    
  -1375.00000000000        136.8344    
  -1343.75000000000        105.9303    
  -1312.50000000000        100.4741    
  -1281.25000000000        82.17142    
  -1250.00000000000        244.9275    
  -1218.75000000000        54.82361    
  -1187.50000000000        53.56177    
  -1156.25000000000        169.8384    
  -1125.00000000000        28.50722    
  -1093.75000000000        107.7739    
  -1062.50000000000        186.6482    
  -1031.25000000000        78.25362    
  -1000.00000000000        101.4914    
  -968.750000000000        99.75191    
  -937.500000000000        38.57698    
  -906.250000000000        176.4185    
  -875.000000000000        105.1613    
  -843.750000000000        133.7869    
  -812.500000000000        253.3839    
  -781.250000000000        307.8382    
  -750.000000000000        239.2354    
  -718.750000000000        299.9842    
  -687.500000000000        256.9314    
  -656.250000000000        471.6562    
  -625.000000000000        37.02184    
  -593.750000000000        336.3218    
  -562.500000000000        127.6086    
  -531.250000000000        218.5008    
  -500.000000000000        340.1912    
  -468.750000000000        89.00842    
  -437.500000000000        277.1325    
  -406.250000000000        331.5144    
  -375.000000000000        736.3589    
  -343.750000000000        1198.534    
  -312.500000000000        607.9016    
  -281.250000000000        846.4753    
  -250.000000000000        437.7160    
  -218.750000000000        68.91833    
  -187.500000000000        415.5085    
  -156.250000000000        1491.213    
  -125.000000000000        1465.941    
  -93.7500000000000        534.3447    
  -62.5000000000000        1437.317    
  -31.2500000000000        2616.818    
  0.000000000000000E+000   6639.993    
   31.2500000000000        2569.293    
   62.5000000000000        1526.900    
   93.7500000000000        563.1836    
   125.000000000000        1534.851    
   156.250000000000        1562.220    
   187.500000000000        401.8983    
   218.750000000000        22.94275    
   250.000000000000        431.3213    
   281.250000000000        815.0825    
   312.500000000000        625.8404    
   343.750000000000        1169.691    
   375.000000000000        703.8693    
   406.250000000000        308.7890    
   437.500000000000        238.2731    
   468.750000000000        86.58595    
   500.000000000000        343.4107    
   531.250000000000        217.1174    
   562.500000000000        152.4541    
   593.750000000000        339.5656    
   625.000000000000        50.15768    
   656.250000000000        460.5711    
   687.500000000000        241.7948    
   718.750000000000        303.5388    
   750.000000000000        236.4333    
   781.250000000000        309.0527    
   812.500000000000        253.2409    
   843.750000000000        130.6444    
   875.000000000000        99.19647    
   906.250000000000        182.5648    
   937.500000000000        40.30784    
   968.750000000000        103.1957    
   1000.00000000000        108.5486    
   1031.25000000000        80.29741    
   1062.50000000000        186.4082    
   1093.75000000000        116.3816    
   1125.00000000000        49.75617    
   1156.25000000000        165.6343    
   1187.50000000000        37.44886    
   1218.75000000000        60.58102    
   1250.00000000000        261.3009    
   1281.25000000000        73.36076    
   1312.50000000000        92.76113    
   1343.75000000000        116.2403    
   1375.00000000000        154.9778    
   1406.25000000000        92.78336    
   1437.50000000000        52.56639    
   1468.75000000000        84.25627    
   1500.00000000000        43.50447    
   1531.25000000000        132.3667    
   1562.50000000000        224.8797    
   1593.75000000000        71.15515    
   1625.00000000000        106.2280    
   1656.25000000000        170.4190    
   1687.50000000000        160.9644    
   1718.75000000000        123.1937    
   1750.00000000000        157.0350    
   1781.25000000000        312.8668    
   1812.50000000000        255.9488    
   1843.75000000000        110.8998    
   1875.00000000000        94.46853    
   1906.25000000000        36.33008    
   1937.50000000000        52.79614    
   1968.75000000000        70.66566    
   2000.00000000000        44.61898    
   2031.25000000000        21.83221    
   2062.50000000000        77.01535    
   2093.75000000000        86.12237    
   2125.00000000000        70.44427    
   2156.25000000000        117.4067    
   2187.50000000000        117.5879    
   2218.75000000000        83.22215    
   2250.00000000000        53.12117    
   2281.25000000000        49.32592    
   2312.50000000000        91.79133    
   2343.75000000000        170.3879    
   2375.00000000000        30.36189    
   2406.25000000000        59.51863    
   2437.50000000000        96.48455    
   2468.75000000000        15.92589    
   2500.00000000000        159.2439    
   2531.25000000000        15.95237    
   2562.50000000000        60.07133    
   2593.75000000000        98.93676    
   2625.00000000000        43.46534    
   2656.25000000000        60.96466    
   2687.50000000000        166.1514    
   2718.75000000000        76.45766    
   2750.00000000000        64.51037    
   2781.25000000000        49.75877    
   2812.50000000000        175.2458    
   2843.75000000000        73.01972    
   2875.00000000000        153.4495    
   2906.25000000000        38.37002    
   2937.50000000000        211.5146    
   2968.75000000000        108.3880    
   3000.00000000000        126.2261    
   3031.25000000000        196.7785    
   3062.50000000000        235.7646    
   3093.75000000000        216.3843    
   3125.00000000000        155.8588    
   3156.25000000000        262.0773    
   3187.50000000000        120.7097    
   3218.75000000000        264.3681    
   3250.00000000000        214.9353    
   3281.25000000000        241.9337    
   3312.50000000000        257.3647    
   3343.75000000000        140.1482    
   3375.00000000000        143.6245    
   3406.25000000000        463.4462    
   3437.50000000000        172.6935    
   3468.75000000000        300.0229    
   3500.00000000000        298.1606    
   3531.25000000000        103.6708    
   3562.50000000000        273.9831    
   3593.75000000000        229.6453    
   3625.00000000000        167.2618    
   3656.25000000000        385.2358    
   3687.50000000000        315.0063    
   3718.75000000000        347.6190    
   3750.00000000000        257.2623    
   3781.25000000000        458.0791    
   3812.50000000000        296.1888    
   3843.75000000000        424.7091    
   3875.00000000000        365.4880    
   3906.25000000000        232.8350    
   3937.50000000000        509.7873    
   3968.75000000000        422.5530    
