  -4000.00000000000        226.1357    
  -3968.75000000000        432.6225    
  -3937.50000000000        550.1307    
  -3906.25000000000        256.7869    
  -3875.00000000000        396.8986    
  -3843.75000000000        426.4434    
  -3812.50000000000        329.0413    
  -3781.25000000000        444.4724    
  -3750.00000000000        300.1401    
  -3718.75000000000        361.3025    
  -3687.50000000000        332.7314    
  -3656.25000000000        408.4443    
  -3625.00000000000        192.5573    
  -3593.75000000000        270.7213    
  -3562.50000000000        268.9160    
  -3531.25000000000        94.12345    
  -3500.00000000000        337.7221    
  -3468.75000000000        282.4311    
  -3437.50000000000        173.1596    
  -3406.25000000000        490.2226    
  -3375.00000000000        155.4083    
  -3343.75000000000        155.6111    
  -3312.50000000000        279.3250    
  -3281.25000000000        247.3656    
  -3250.00000000000        202.8735    
  -3218.75000000000        254.5627    
  -3187.50000000000        119.0130    
  -3156.25000000000        295.7204    
  -3125.00000000000        196.5712    
  -3093.75000000000        223.7618    
  -3062.50000000000        259.4603    
  -3031.25000000000        203.0000    
  -3000.00000000000        129.2026    
  -2968.75000000000        123.3395    
  -2937.50000000000        225.2319    
  -2906.25000000000        37.57739    
  -2875.00000000000        164.7071    
  -2843.75000000000        60.50339    
  -2812.50000000000        167.8344    
  -2781.25000000000        61.60026    
  -2750.00000000000        73.82230    
  -2718.75000000000        84.59716    
  -2687.50000000000        160.8329    
  -2656.25000000000        58.47625    
  -2625.00000000000        32.73169    
  -2593.75000000000        118.1976    
  -2562.50000000000        78.13617    
  -2531.25000000000        30.06745    
  -2500.00000000000        161.2969    
  -2468.75000000000        10.27995    
  -2437.50000000000        107.6906    
  -2406.25000000000        75.26430    
  -2375.00000000000        25.73981    
  -2343.75000000000        175.9644    
  -2312.50000000000        102.6962    
  -2281.25000000000        46.22903    
  -2250.00000000000        71.89287    
  -2218.75000000000        71.44016    
  -2187.50000000000        127.7705    
  -2156.25000000000        135.0792    
  -2125.00000000000        85.93561    
  -2093.75000000000        112.5676    
  -2062.50000000000        75.70068    
  -2031.25000000000        28.04100    
  -2000.00000000000        58.31295    
  -1968.75000000000        72.55959    
  -1937.50000000000        61.70099    
  -1906.25000000000        35.19392    
  -1875.00000000000        98.27867    
  -1843.75000000000        107.3277    
  -1812.50000000000        313.5763    
  -1781.25000000000        364.2552    
  -1750.00000000000        179.4053    
  -1718.75000000000        131.5913    
  -1687.50000000000        160.1251    
  -1656.25000000000        209.7752    
  -1625.00000000000        129.2683    
  -1593.75000000000        62.38577    
  -1562.50000000000        246.9092    
  -1531.25000000000        143.6822    
  -1500.00000000000        43.30747    
  -1468.75000000000        94.26000    
  -1437.50000000000        63.28502    
  -1406.25000000000        110.8295    
  -1375.00000000000        158.3853    
  -1343.75000000000        130.8604    
  -1312.50000000000        96.50470    
  -1281.25000000000        104.1248    
  -1250.00000000000        255.9616    
  -1218.75000000000        45.89516    
  -1187.50000000000        59.47927    
  -1156.25000000000        180.0833    
  -1125.00000000000        26.55924    
  -1093.75000000000        112.5598    
  -1062.50000000000        204.2166    
  -1031.25000000000        71.27109    
  -1000.00000000000        112.5957    
  -968.750000000000        100.3082    
  -937.500000000000        41.35758    
  -906.250000000000        183.0543    
  -875.000000000000        110.4848    
  -843.750000000000        137.7179    
  -812.500000000000        270.0206    
  -781.250000000000        334.5312    
  -750.000000000000        245.9332    
  -718.750000000000        315.7557    
  -687.500000000000        280.6484    
  -656.250000000000        489.8497    
  -625.000000000000        34.75224    
  -593.750000000000        361.2128    
  -562.500000000000        138.0207    
  -531.250000000000        212.2586    
  -500.000000000000        358.3527    
  -468.750000000000        88.84492    
  -437.500000000000        303.3025    
  -406.250000000000        360.9914    
  -375.000000000000        791.9501    
  -343.750000000000        1281.307    
  -312.500000000000        657.8862    
  -281.250000000000        913.4034    
  -250.000000000000        470.1538    
  -218.750000000000        73.38278    
  -187.500000000000        444.7051    
  -156.250000000000        1549.434    
  -125.000000000000        1558.594    
  -93.7500000000000        561.9913    
  -62.5000000000000        1533.284    
  -31.2500000000000        2786.488    
  0.000000000000000E+000   7057.041    
   31.2500000000000        2680.439    
   62.5000000000000        1610.165    
   93.7500000000000        611.8009    
   125.000000000000        1624.561    
   156.250000000000        1663.492    
   187.500000000000        430.2815    
   218.750000000000        14.63965    
   250.000000000000        442.0982    
   281.250000000000        864.7611    
   312.500000000000        633.4436    
   343.750000000000        1219.704    
   375.000000000000        729.3180    
   406.250000000000        330.5303    
   437.500000000000        236.2433    
   468.750000000000        90.67606    
   500.000000000000        356.3181    
   531.250000000000        245.6476    
   562.500000000000        164.9196    
   593.750000000000        369.8370    
   625.000000000000        51.09998    
   656.250000000000        495.4445    
   687.500000000000        263.2925    
   718.750000000000        349.3897    
   750.000000000000        255.9539    
   781.250000000000        322.0696    
   812.500000000000        259.4385    
   843.750000000000        140.4325    
   875.000000000000        109.4564    
   906.250000000000        210.1882    
   937.500000000000        57.84988    
   968.750000000000        100.2780    
   1000.00000000000        108.8401    
   1031.25000000000        89.69138    
   1062.50000000000        175.3894    
   1093.75000000000        110.1100    
   1125.00000000000        30.33876    
   1156.25000000000        171.4737    
   1187.50000000000        35.65248    
   1218.75000000000        36.28776    
   1250.00000000000        280.1583    
   1281.25000000000        63.56082    
   1312.50000000000        79.42696    
   1343.75000000000        119.3985    
   1375.00000000000        178.7151    
   1406.25000000000        97.49770    
   1437.50000000000        49.59695    
   1468.75000000000        79.29841    
   1500.00000000000        46.73927    
   1531.25000000000        137.0896    
   1562.50000000000        242.5699    
   1593.75000000000        62.27134    
   1625.00000000000        120.5578    
   1656.25000000000        182.4180    
   1687.50000000000        170.9813    
   1718.75000000000        121.7661    
   1750.00000000000        159.9272    
   1781.25000000000        330.8011    
   1812.50000000000        269.9331    
   1843.75000000000        103.6255    
   1875.00000000000        89.30437    
   1906.25000000000        51.13810    
   1937.50000000000        46.01919    
   1968.75000000000        94.56355    
   2000.00000000000        54.00655    
   2031.25000000000        20.75341    
   2062.50000000000        77.30616    
   2093.75000000000        108.0382    
   2125.00000000000        81.78448    
   2156.25000000000        140.3241    
   2187.50000000000        128.0860    
   2218.75000000000        80.86772    
   2250.00000000000        62.92183    
   2281.25000000000        65.02932    
   2312.50000000000        116.6058    
   2343.75000000000        170.4933    
   2375.00000000000        14.43221    
   2406.25000000000        68.70936    
   2437.50000000000        111.4339    
   2468.75000000000        18.36176    
   2500.00000000000        156.1379    
   2531.25000000000        22.16726    
   2562.50000000000        90.34528    
   2593.75000000000        103.5276    
   2625.00000000000        52.62154    
   2656.25000000000        49.78360    
   2687.50000000000        167.6562    
   2718.75000000000        83.07692    
   2750.00000000000        71.12040    
   2781.25000000000        64.41852    
   2812.50000000000        168.2147    
   2843.75000000000        74.40320    
   2875.00000000000        151.7935    
   2906.25000000000        30.75180    
   2937.50000000000        224.2808    
   2968.75000000000        119.4264    
   3000.00000000000        134.8616    
   3031.25000000000        224.9727    
   3062.50000000000        247.8845    
   3093.75000000000        219.1444    
   3125.00000000000        169.8441    
   3156.25000000000        296.9082    
   3187.50000000000        124.1196    
   3218.75000000000        284.1394    
   3250.00000000000        231.5567    
   3281.25000000000        253.2294    
   3312.50000000000        262.6162    
   3343.75000000000        150.4765    
   3375.00000000000        156.5858    
   3406.25000000000        512.5570    
   3437.50000000000        174.8860    
   3468.75000000000        315.5009    
   3500.00000000000        296.8082    
   3531.25000000000        98.53105    
   3562.50000000000        302.5766    
   3593.75000000000        228.6496    
   3625.00000000000        177.9890    
   3656.25000000000        391.8913    
   3687.50000000000        329.0648    
   3718.75000000000        351.9647    
   3750.00000000000        263.6262    
   3781.25000000000        486.8306    
   3812.50000000000        292.3138    
   3843.75000000000        446.8383    
   3875.00000000000        372.1637    
   3906.25000000000        248.4453    
   3937.50000000000        539.3177    
   3968.75000000000        458.6518    
