  -2000.00000000000        28.43746    
  -1984.37500000000        100.2559    
  -1968.75000000000        75.79208    
  -1953.12500000000        162.2596    
  -1937.50000000000        355.0739    
  -1921.87500000000        166.9883    
  -1906.25000000000        91.61201    
  -1890.62500000000        84.21770    
  -1875.00000000000        211.6357    
  -1859.37500000000        146.1538    
  -1843.75000000000        48.99774    
  -1828.12500000000        168.0381    
  -1812.50000000000        63.58747    
  -1796.87500000000        81.32462    
  -1781.25000000000        105.0501    
  -1765.62500000000        124.0082    
  -1750.00000000000        507.0925    
  -1734.37500000000        128.7173    
  -1718.75000000000        69.47257    
  -1703.12500000000        31.73806    
  -1687.50000000000        96.69814    
  -1671.87500000000        71.57420    
  -1656.25000000000        82.85001    
  -1640.62500000000        114.3319    
  -1625.00000000000        31.49112    
  -1609.37500000000        74.03365    
  -1593.75000000000        105.7779    
  -1578.12500000000        101.6452    
  -1562.50000000000        228.0533    
  -1546.87500000000        699.1075    
  -1531.25000000000        199.9453    
  -1515.62500000000        92.75208    
  -1500.00000000000        265.4946    
  -1484.37500000000        113.1685    
  -1468.75000000000        95.21478    
  -1453.12500000000        59.27706    
  -1437.50000000000        73.31303    
  -1421.87500000000        150.6279    
  -1406.25000000000        141.9360    
  -1390.62500000000        95.35363    
  -1375.00000000000        28.41349    
  -1359.37500000000        606.7838    
  -1343.75000000000        179.7873    
  -1328.12500000000        157.1853    
  -1312.50000000000        25.43610    
  -1296.87500000000        254.8831    
  -1281.25000000000        176.4185    
  -1265.62500000000        114.1490    
  -1250.00000000000        356.6031    
  -1234.37500000000        231.0958    
  -1218.75000000000        75.44832    
  -1203.12500000000        330.6376    
  -1187.50000000000        339.8634    
  -1171.87500000000        1120.566    
  -1156.25000000000        1157.375    
  -1140.62500000000        270.8014    
  -1125.00000000000        232.0049    
  -1109.37500000000        162.9845    
  -1093.75000000000        248.3893    
  -1078.12500000000        32.46763    
  -1062.50000000000        115.4716    
  -1046.87500000000        51.87272    
  -1031.25000000000        106.0058    
  -1015.62500000000        131.8888    
  -1000.00000000000        46.10316    
  -984.375000000000        187.9377    
  -968.750000000000        1913.708    
  -953.125000000000        392.1798    
  -937.500000000000        147.5614    
  -921.875000000000        421.4161    
  -906.250000000000        255.5593    
  -890.625000000000        112.3652    
  -875.000000000000        96.51762    
  -859.375000000000        241.3008    
  -843.750000000000        108.6903    
  -828.125000000000        274.0293    
  -812.500000000000        200.2639    
  -796.875000000000        246.3991    
  -781.250000000000        371.6225    
  -765.625000000000        320.7818    
  -750.000000000000        75.51758    
  -734.375000000000        149.2883    
  -718.750000000000        298.4009    
  -703.125000000000        154.9225    
  -687.500000000000        204.3767    
  -671.875000000000        272.3785    
  -656.250000000000        361.1782    
  -640.625000000000        187.2613    
  -625.000000000000        712.5515    
  -609.375000000000        987.0683    
  -593.750000000000        1807.587    
  -578.125000000000        6480.618    
  -562.500000000000        1171.633    
  -546.875000000000        470.2726    
  -531.250000000000        491.3354    
  -515.625000000000        346.6093    
  -500.000000000000        356.5765    
  -484.375000000000        179.8592    
  -468.750000000000        225.3868    
  -453.125000000000        214.1885    
  -437.500000000000        264.2231    
  -421.875000000000        579.3431    
  -406.250000000000        548.5604    
  -390.625000000000        4660.419    
  -375.000000000000        871.9195    
  -359.375000000000        580.7110    
  -343.750000000000        549.0229    
  -328.125000000000        518.6188    
  -312.500000000000        491.3478    
  -296.875000000000        845.9979    
  -281.250000000000        556.7807    
  -265.625000000000        1027.571    
  -250.000000000000        1432.327    
  -234.375000000000        1384.422    
  -218.750000000000        2392.148    
  -203.125000000000        7281.990    
  -187.500000000000        9905.274    
  -171.875000000000        3174.378    
  -156.250000000000        1916.295    
  -140.625000000000        1161.330    
  -125.000000000000        1061.944    
  -109.375000000000        1022.755    
  -93.7500000000000        895.3681    
  -78.1250000000000        624.2972    
  -62.5000000000000        578.7968    
  -46.8750000000000        527.2151    
  -31.2500000000000        589.6014    
  -15.6250000000000        411.0661    
  0.000000000000000E+000   120888.7    
   15.6250000000000        1022.615    
   31.2500000000000        705.1690    
   46.8750000000000        920.7454    
   62.5000000000000        313.9968    
   78.1250000000000        519.3000    
   93.7500000000000        784.0258    
   109.375000000000        651.7358    
   125.000000000000        1015.127    
   140.625000000000        765.1857    
   156.250000000000        1449.538    
   171.875000000000        2480.774    
   187.500000000000        6503.103    
   203.125000000000        4334.624    
   218.750000000000        1825.189    
   234.375000000000        1088.509    
   250.000000000000        1339.259    
   265.625000000000        549.0475    
   281.250000000000        504.7012    
   296.875000000000        484.9341    
   312.500000000000        430.3094    
   328.125000000000        443.3135    
   343.750000000000        548.5870    
   359.375000000000        824.5692    
   375.000000000000        1984.530    
   390.625000000000        6678.766    
   406.250000000000        1099.569    
   421.875000000000        770.2625    
   437.500000000000        759.1887    
   453.125000000000        281.4334    
   468.750000000000        171.8044    
   484.375000000000        261.8631    
   500.000000000000        488.9464    
   515.625000000000        437.7963    
   531.250000000000        503.2299    
   546.875000000000        799.6202    
   562.500000000000        1095.382    
   578.125000000000        7375.870    
   593.750000000000        2731.987    
   609.375000000000        1055.568    
   625.000000000000        827.3931    
   640.625000000000        515.4738    
   656.250000000000        528.9750    
   671.875000000000        471.5585    
   687.500000000000        545.3762    
   703.125000000000        418.9567    
   718.750000000000        250.2768    
   734.375000000000        564.7082    
   750.000000000000        593.8594    
   765.625000000000        1719.578    
   781.250000000000        2155.467    
   796.875000000000        570.1465    
   812.500000000000        271.4303    
   828.125000000000        232.6021    
   843.750000000000        106.3135    
   859.375000000000        70.87159    
   875.000000000000        146.8634    
   890.625000000000        153.5529    
   906.250000000000        365.1087    
   921.875000000000        435.8702    
   937.500000000000        124.8976    
   953.125000000000        43.76560    
   968.750000000000        486.1939    
   984.375000000000        152.6372    
   1000.00000000000        68.35534    
   1015.62500000000        118.4223    
   1031.25000000000        146.7267    
   1046.87500000000        66.43082    
   1062.50000000000        156.6088    
   1078.12500000000        99.95207    
   1093.75000000000        214.8239    
   1109.37500000000        268.6418    
   1125.00000000000        79.53740    
   1140.62500000000        75.68234    
   1156.25000000000        511.6567    
   1171.87500000000        394.4887    
   1187.50000000000        135.0552    
   1203.12500000000        102.7240    
   1218.75000000000        61.78669    
   1234.37500000000        79.48930    
   1250.00000000000        291.3090    
   1265.62500000000        7.378094    
   1281.25000000000        73.17541    
   1296.87500000000        153.0675    
   1312.50000000000        39.64140    
   1328.12500000000        32.66069    
   1343.75000000000        95.55115    
   1359.37500000000        580.3456    
   1375.00000000000        63.39452    
   1390.62500000000        207.4463    
   1406.25000000000        42.84312    
   1421.87500000000        126.7955    
   1437.50000000000        26.70687    
   1453.12500000000        82.55282    
   1468.75000000000        26.76372    
   1484.37500000000        201.6818    
   1500.00000000000        165.7349    
   1515.62500000000        134.4381    
   1531.25000000000        12.37046    
   1546.87500000000        129.9458    
   1562.50000000000        122.9085    
   1578.12500000000        247.7560    
   1593.75000000000        109.2564    
   1609.37500000000        92.23457    
   1625.00000000000        48.44342    
   1640.62500000000        80.63088    
   1656.25000000000        69.80923    
   1671.87500000000        250.0850    
   1687.50000000000        126.2694    
   1703.12500000000        46.54448    
   1718.75000000000        195.1022    
   1734.37500000000        101.9173    
   1750.00000000000        312.2485    
   1765.62500000000        77.37913    
   1781.25000000000        155.8667    
   1796.87500000000        111.3484    
   1812.50000000000        44.74770    
   1828.12500000000        72.19278    
   1843.75000000000        65.09222    
   1859.37500000000        66.63226    
   1875.00000000000        73.07222    
   1890.62500000000        106.6468    
   1906.25000000000        130.9603    
   1921.87500000000        203.1976    
   1937.50000000000        195.4296    
   1953.12500000000        144.4856    
   1968.75000000000        58.67308    
   1984.37500000000        32.37355    
