  -2000.00000000000        13.41270    
  -1984.37500000000        9.774247    
  -1968.75000000000        12.44930    
  -1953.12500000000        22.02137    
  -1937.50000000000        38.87414    
  -1921.87500000000        37.60444    
  -1906.25000000000        3.889602    
  -1890.62500000000        20.30601    
  -1875.00000000000        37.37339    
  -1859.37500000000        44.34129    
  -1843.75000000000        20.69907    
  -1828.12500000000        10.23873    
  -1812.50000000000        12.96913    
  -1796.87500000000        21.58407    
  -1781.25000000000        11.64543    
  -1765.62500000000        21.39458    
  -1750.00000000000        18.39585    
  -1734.37500000000        10.29596    
  -1718.75000000000        19.69030    
  -1703.12500000000        5.338094    
  -1687.50000000000        32.33934    
  -1671.87500000000        44.51020    
  -1656.25000000000        19.78201    
  -1640.62500000000        8.232789    
  -1625.00000000000        20.53775    
  -1609.37500000000        8.172144    
  -1593.75000000000        17.88421    
  -1578.12500000000        12.73117    
  -1562.50000000000        27.59699    
  -1546.87500000000        98.63657    
  -1531.25000000000        19.54868    
  -1515.62500000000        13.99700    
  -1500.00000000000        24.92068    
  -1484.37500000000        29.95652    
  -1468.75000000000        29.21807    
  -1453.12500000000        11.70649    
  -1437.50000000000        16.61404    
  -1421.87500000000        49.42887    
  -1406.25000000000        6.991977    
  -1390.62500000000        21.64744    
  -1375.00000000000        14.00650    
  -1359.37500000000        117.8687    
  -1343.75000000000        20.48246    
  -1328.12500000000        18.28821    
  -1312.50000000000        7.397818    
  -1296.87500000000        36.22223    
  -1281.25000000000        32.41660    
  -1265.62500000000        28.13723    
  -1250.00000000000        45.37361    
  -1234.37500000000        57.90738    
  -1218.75000000000        10.38134    
  -1203.12500000000        35.64123    
  -1187.50000000000        39.18590    
  -1171.87500000000        87.65616    
  -1156.25000000000        121.1484    
  -1140.62500000000        17.65901    
  -1125.00000000000        17.36390    
  -1109.37500000000        8.310357    
  -1093.75000000000        71.88052    
  -1078.12500000000        24.71493    
  -1062.50000000000        17.17698    
  -1046.87500000000        14.16131    
  -1031.25000000000        23.84623    
  -1015.62500000000        22.97042    
  -1000.00000000000        7.095189    
  -984.375000000000        31.67944    
  -968.750000000000        147.8657    
  -953.125000000000        40.65002    
  -937.500000000000        19.38398    
  -921.875000000000        36.20480    
  -906.250000000000        84.28736    
  -890.625000000000        45.78625    
  -875.000000000000        29.52997    
  -859.375000000000        21.59165    
  -843.750000000000        36.51064    
  -828.125000000000        38.66702    
  -812.500000000000        24.51057    
  -796.875000000000        30.25605    
  -781.250000000000        75.18224    
  -765.625000000000        70.47298    
  -750.000000000000        7.185835    
  -734.375000000000        20.96632    
  -718.750000000000        44.09237    
  -703.125000000000        20.27453    
  -687.500000000000        24.21053    
  -671.875000000000        44.60746    
  -656.250000000000        81.66925    
  -640.625000000000        40.56042    
  -625.000000000000        70.53609    
  -609.375000000000        110.9677    
  -593.750000000000        240.4910    
  -578.125000000000        768.6960    
  -562.500000000000        117.1288    
  -546.875000000000        44.34053    
  -531.250000000000        67.69393    
  -515.625000000000        53.81485    
  -500.000000000000        27.08386    
  -484.375000000000        27.11568    
  -468.750000000000        14.45417    
  -453.125000000000        28.12058    
  -437.500000000000        43.45250    
  -421.875000000000        43.07817    
  -406.250000000000        85.22681    
  -390.625000000000        326.5197    
  -375.000000000000        68.20154    
  -359.375000000000        46.65554    
  -343.750000000000        22.29579    
  -328.125000000000        57.09517    
  -312.500000000000        5.812545    
  -296.875000000000        45.29716    
  -281.250000000000        20.88026    
  -265.625000000000        44.29380    
  -250.000000000000        65.30101    
  -234.375000000000        78.08286    
  -218.750000000000        126.2132    
  -203.125000000000        458.4597    
  -187.500000000000        562.7193    
  -171.875000000000        166.6440    
  -156.250000000000        85.26320    
  -140.625000000000        57.71261    
  -125.000000000000        64.20155    
  -109.375000000000        44.67566    
  -93.7500000000000        23.04759    
  -78.1250000000000        60.91689    
  -62.5000000000000        57.38826    
  -46.8750000000000        23.88404    
  -31.2500000000000        24.63984    
  -15.6250000000000        79.95450    
  0.000000000000000E+000   16442.56    
   15.6250000000000        106.0852    
   31.2500000000000        42.33249    
   46.8750000000000        58.04631    
   62.5000000000000        16.33459    
   78.1250000000000        52.55125    
   93.7500000000000        26.96128    
   109.375000000000        29.77557    
   125.000000000000        54.02725    
   140.625000000000        34.16687    
   156.250000000000        54.50071    
   171.875000000000        72.22224    
   187.500000000000        178.1881    
   203.125000000000        83.15575    
   218.750000000000        70.44588    
   234.375000000000        30.71115    
   250.000000000000        64.78534    
   265.625000000000        26.96379    
   281.250000000000        14.48442    
   296.875000000000        16.80450    
   312.500000000000        15.03867    
   328.125000000000        21.31171    
   343.750000000000        9.105267    
   359.375000000000        52.93680    
   375.000000000000        123.3048    
   390.625000000000        345.6046    
   406.250000000000        78.51769    
   421.875000000000        30.47403    
   437.500000000000        44.15128    
   453.125000000000        31.12882    
   468.750000000000        5.572814    
   484.375000000000        20.34521    
   500.000000000000        42.66794    
   515.625000000000        34.49849    
   531.250000000000        49.44139    
   546.875000000000        70.12491    
   562.500000000000        128.2841    
   578.125000000000        706.2654    
   593.750000000000        289.6296    
   609.375000000000        114.7943    
   625.000000000000        84.25237    
   640.625000000000        41.74391    
   656.250000000000        71.33513    
   671.875000000000        48.17427    
   687.500000000000        36.82761    
   703.125000000000        45.96268    
   718.750000000000        53.53413    
   734.375000000000        37.66042    
   750.000000000000        48.39738    
   765.625000000000        88.74641    
   781.250000000000        105.8490    
   796.875000000000        31.50118    
   812.500000000000        12.69224    
   828.125000000000        22.84875    
   843.750000000000        10.82548    
   859.375000000000        5.615644    
   875.000000000000        15.34248    
   890.625000000000        30.12154    
   906.250000000000        23.01381    
   921.875000000000        35.93722    
   937.500000000000        11.22834    
   953.125000000000        30.72865    
   968.750000000000        96.62308    
   984.375000000000        24.41439    
   1000.00000000000        3.959841    
   1015.62500000000        22.66857    
   1031.25000000000        10.10209    
   1046.87500000000        12.14517    
   1062.50000000000        4.191729    
   1078.12500000000        2.392046    
   1093.75000000000        22.18690    
   1109.37500000000        15.88324    
   1125.00000000000        10.11864    
   1140.62500000000        23.87579    
   1156.25000000000        34.99189    
   1171.87500000000        81.62930    
   1187.50000000000        31.76842    
   1203.12500000000        10.66051    
   1218.75000000000        16.57153    
   1234.37500000000        29.47571    
   1250.00000000000        41.17203    
   1265.62500000000        15.04803    
   1281.25000000000        30.26987    
   1296.87500000000        33.15347    
   1312.50000000000        12.11679    
   1328.12500000000        27.17065    
   1343.75000000000        45.32119    
   1359.37500000000        100.1441    
   1375.00000000000        9.234564    
   1390.62500000000        11.93891    
   1406.25000000000        16.48682    
   1421.87500000000        16.19894    
   1437.50000000000        5.027959    
   1453.12500000000        11.58352    
   1468.75000000000        19.71973    
   1484.37500000000        1.689896    
   1500.00000000000        24.49049    
   1515.62500000000        26.06161    
   1531.25000000000        4.639030    
   1546.87500000000        21.57374    
   1562.50000000000        20.29771    
   1578.12500000000        32.74842    
   1593.75000000000        5.506482    
   1609.37500000000        26.69123    
   1625.00000000000        10.11429    
   1640.62500000000        17.16128    
   1656.25000000000        7.146159    
   1671.87500000000        20.26660    
   1687.50000000000        18.22726    
   1703.12500000000        10.18401    
   1718.75000000000        14.31140    
   1734.37500000000        7.985217    
   1750.00000000000        61.91009    
   1765.62500000000        7.987679    
   1781.25000000000        6.803211    
   1796.87500000000        7.035246    
   1812.50000000000        13.16322    
   1828.12500000000        9.306018    
   1843.75000000000        17.60295    
   1859.37500000000        25.74402    
   1875.00000000000        54.54416    
   1890.62500000000        14.65660    
   1906.25000000000        25.82668    
   1921.87500000000        27.00351    
   1937.50000000000        54.32980    
   1953.12500000000        31.65548    
   1968.75000000000        14.31702    
   1984.37500000000        9.646263    
