  -2000.00000000000        5.176101    
  -1984.37500000000        2.660984    
  -1968.75000000000        6.199577    
  -1953.12500000000        8.016809    
  -1937.50000000000        8.629309    
  -1921.87500000000        13.18831    
  -1906.25000000000        4.828782    
  -1890.62500000000        8.757968    
  -1875.00000000000        4.631031    
  -1859.37500000000        2.672154    
  -1843.75000000000        4.214192    
  -1828.12500000000        9.952165    
  -1812.50000000000        4.094532    
  -1796.87500000000        3.317824    
  -1781.25000000000        8.060179    
  -1765.62500000000        3.942745    
  -1750.00000000000        22.57210    
  -1734.37500000000        5.112247    
  -1718.75000000000        6.535111    
  -1703.12500000000        1.821571    
  -1687.50000000000        3.355580    
  -1671.87500000000        5.436374    
  -1656.25000000000        3.731318    
  -1640.62500000000        5.535022    
  -1625.00000000000       0.8494387    
  -1609.37500000000        4.597824    
  -1593.75000000000        5.827097    
  -1578.12500000000        10.94415    
  -1562.50000000000        8.393789    
  -1546.87500000000        26.48386    
  -1531.25000000000        6.308688    
  -1515.62500000000        6.670625    
  -1500.00000000000        15.71051    
  -1484.37500000000        7.648465    
  -1468.75000000000        2.199160    
  -1453.12500000000        3.842411    
  -1437.50000000000        3.638518    
  -1421.87500000000        8.116205    
  -1406.25000000000        6.372798    
  -1390.62500000000        5.354408    
  -1375.00000000000        1.234115    
  -1359.37500000000        17.50082    
  -1343.75000000000        6.980114    
  -1328.12500000000        5.581252    
  -1312.50000000000        4.406777    
  -1296.87500000000        12.35724    
  -1281.25000000000        4.163892    
  -1265.62500000000        5.630526    
  -1250.00000000000        22.84971    
  -1234.37500000000        9.076742    
  -1218.75000000000        6.061977    
  -1203.12500000000        15.43364    
  -1187.50000000000        18.24942    
  -1171.87500000000        51.20574    
  -1156.25000000000        48.78584    
  -1140.62500000000        12.11508    
  -1125.00000000000        4.657743    
  -1109.37500000000        9.606674    
  -1093.75000000000        1.395268    
  -1078.12500000000        3.561883    
  -1062.50000000000        2.601721    
  -1046.87500000000        2.228686    
  -1031.25000000000        3.809307    
  -1015.62500000000        3.698263    
  -1000.00000000000        1.146485    
  -984.375000000000        7.942851    
  -968.750000000000        48.33846    
  -953.125000000000        13.75827    
  -937.500000000000        9.472333    
  -921.875000000000        24.57312    
  -906.250000000000        17.96206    
  -890.625000000000        7.861713    
  -875.000000000000        5.944016    
  -859.375000000000        6.421076    
  -843.750000000000        6.393577    
  -828.125000000000        10.41147    
  -812.500000000000        12.31062    
  -796.875000000000        21.46401    
  -781.250000000000        76.20944    
  -765.625000000000        67.92080    
  -750.000000000000        23.26393    
  -734.375000000000        18.26962    
  -718.750000000000        20.66532    
  -703.125000000000        19.65196    
  -687.500000000000        20.19585    
  -671.875000000000        21.75967    
  -656.250000000000        27.52441    
  -640.625000000000        25.47000    
  -625.000000000000        41.50791    
  -609.375000000000        62.68971    
  -593.750000000000        138.2758    
  -578.125000000000        389.7984    
  -562.500000000000        65.96548    
  -546.875000000000        24.34054    
  -531.250000000000        32.28312    
  -515.625000000000        21.63456    
  -500.000000000000        17.81959    
  -484.375000000000        8.225935    
  -468.750000000000        9.195513    
  -453.125000000000        14.52857    
  -437.500000000000        24.68824    
  -421.875000000000        19.22765    
  -406.250000000000        43.30272    
  -390.625000000000        133.8904    
  -375.000000000000        57.10247    
  -359.375000000000        21.09614    
  -343.750000000000        2.669226    
  -328.125000000000        5.165548    
  -312.500000000000        16.33197    
  -296.875000000000        12.71974    
  -281.250000000000        9.654920    
  -265.625000000000        13.25086    
  -250.000000000000        25.64987    
  -234.375000000000        12.47069    
  -218.750000000000        34.14399    
  -203.125000000000        128.2858    
  -187.500000000000        143.1001    
  -171.875000000000        44.13816    
  -156.250000000000        23.03101    
  -140.625000000000        21.54177    
  -125.000000000000        19.54291    
  -109.375000000000        7.470696    
  -93.7500000000000        1.431220    
  -78.1250000000000        27.81801    
  -62.5000000000000        10.27233    
  -46.8750000000000        19.65485    
  -31.2500000000000        13.77953    
  -15.6250000000000        41.84975    
  0.000000000000000E+000   8700.112    
   15.6250000000000        40.80715    
   31.2500000000000        12.74006    
   46.8750000000000        18.57679    
   62.5000000000000        9.925525    
   78.1250000000000        27.49663    
   93.7500000000000        2.150270    
   109.375000000000        8.044531    
   125.000000000000        19.39361    
   140.625000000000        21.38821    
   156.250000000000        24.20212    
   171.875000000000        46.14684    
   187.500000000000        152.8586    
   203.125000000000        138.9277    
   218.750000000000        34.89716    
   234.375000000000        14.00202    
   250.000000000000        25.37227    
   265.625000000000        15.12444    
   281.250000000000        10.43368    
   296.875000000000        14.48173    
   312.500000000000        16.84012    
   328.125000000000        7.259019    
   343.750000000000        3.167967    
   359.375000000000        21.80511    
   375.000000000000        50.40801    
   390.625000000000        140.6405    
   406.250000000000        38.00575    
   421.875000000000        15.90028    
   437.500000000000        22.24371    
   453.125000000000        12.69689    
   468.750000000000        8.425035    
   484.375000000000        6.765531    
   500.000000000000        16.49481    
   515.625000000000        20.28964    
   531.250000000000        30.91646    
   546.875000000000        22.91725    
   562.500000000000        63.85516    
   578.125000000000        381.4709    
   593.750000000000        136.8946    
   609.375000000000        62.07187    
   625.000000000000        41.74866    
   640.625000000000        25.23142    
   656.250000000000        27.73518    
   671.875000000000        22.04531    
   687.500000000000        20.43598    
   703.125000000000        20.27448    
   718.750000000000        22.72649    
   734.375000000000        18.16395    
   750.000000000000        23.00955    
   765.625000000000        66.93764    
   781.250000000000        73.82388    
   796.875000000000        20.63319    
   812.500000000000        11.45703    
   828.125000000000        9.825720    
   843.750000000000        6.014802    
   859.375000000000        6.354053    
   875.000000000000        5.673835    
   890.625000000000        7.580284    
   906.250000000000        17.46132    
   921.875000000000        24.29397    
   937.500000000000        9.238840    
   953.125000000000        14.09942    
   968.750000000000        53.06364    
   984.375000000000        8.237780    
   1000.00000000000        1.024226    
   1015.62500000000        3.770118    
   1031.25000000000        3.650657    
   1046.87500000000        1.575568    
   1062.50000000000        2.770573    
   1078.12500000000        3.838228    
   1093.75000000000        1.324527    
   1109.37500000000        9.502115    
   1125.00000000000        4.514949    
   1140.62500000000        11.82234    
   1156.25000000000        48.09377    
   1171.87500000000        50.60375    
   1187.50000000000        18.04288    
   1203.12500000000        15.36788    
   1218.75000000000        5.795392    
   1234.37500000000        9.111066    
   1250.00000000000        22.50507    
   1265.62500000000        5.423527    
   1281.25000000000        4.503247    
   1296.87500000000        12.59929    
   1312.50000000000        4.619880    
   1328.12500000000        5.698610    
   1343.75000000000        7.151369    
   1359.37500000000        17.50041    
   1375.00000000000        1.313333    
   1390.62500000000        5.248948    
   1406.25000000000        6.341051    
   1421.87500000000        8.031237    
   1437.50000000000        3.269038    
   1453.12500000000        3.767957    
   1468.75000000000        2.308663    
   1484.37500000000        7.734002    
   1500.00000000000        15.52777    
   1515.62500000000        6.627629    
   1531.25000000000        6.243590    
   1546.87500000000        26.40367    
   1562.50000000000        8.512002    
   1578.12500000000        10.70439    
   1593.75000000000        5.850843    
   1609.37500000000        4.356361    
   1625.00000000000       0.6882259    
   1640.62500000000        5.937255    
   1656.25000000000        3.940847    
   1671.87500000000        5.650671    
   1687.50000000000        3.543705    
   1703.12500000000        1.703867    
   1718.75000000000        6.399714    
   1734.37500000000        5.209173    
   1750.00000000000        22.25927    
   1765.62500000000        3.670825    
   1781.25000000000        8.011215    
   1796.87500000000        3.206816    
   1812.50000000000        3.892056    
   1828.12500000000        9.723161    
   1843.75000000000        4.145913    
   1859.37500000000        2.583263    
   1875.00000000000        4.456951    
   1890.62500000000        8.854332    
   1906.25000000000        4.575392    
   1921.87500000000        13.29643    
   1937.50000000000        8.619768    
   1953.12500000000        8.374074    
   1968.75000000000        6.367507    
   1984.37500000000        2.469123    
