  -2000.00000000000        197.5406    
  -1984.37500000000        200.6529    
  -1968.75000000000        66.72353    
  -1953.12500000000        246.2823    
  -1937.50000000000        301.2759    
  -1921.87500000000        15.24796    
  -1906.25000000000        267.0340    
  -1890.62500000000        60.36487    
  -1875.00000000000        359.0321    
  -1859.37500000000        282.7714    
  -1843.75000000000        100.2014    
  -1828.12500000000        132.8720    
  -1812.50000000000        157.2106    
  -1796.87500000000        159.3824    
  -1781.25000000000        89.16753    
  -1765.62500000000        200.7776    
  -1750.00000000000        366.5879    
  -1734.37500000000        14.85812    
  -1718.75000000000        190.7612    
  -1703.12500000000        81.69814    
  -1687.50000000000        144.2208    
  -1671.87500000000        177.1830    
  -1656.25000000000        186.3987    
  -1640.62500000000        35.14526    
  -1625.00000000000        183.0202    
  -1609.37500000000        283.2478    
  -1593.75000000000        32.25350    
  -1578.12500000000        292.6067    
  -1562.50000000000        171.8871    
  -1546.87500000000        690.3245    
  -1531.25000000000        454.4797    
  -1515.62500000000        139.5754    
  -1500.00000000000        165.6489    
  -1484.37500000000        384.4667    
  -1468.75000000000        183.8498    
  -1453.12500000000        99.06191    
  -1437.50000000000        189.4739    
  -1421.87500000000        130.4951    
  -1406.25000000000        184.8437    
  -1390.62500000000        211.0730    
  -1375.00000000000        50.78169    
  -1359.37500000000        1156.248    
  -1343.75000000000        301.6033    
  -1328.12500000000        193.8295    
  -1312.50000000000        54.74512    
  -1296.87500000000        391.2801    
  -1281.25000000000        427.6821    
  -1265.62500000000        168.9079    
  -1250.00000000000        292.6897    
  -1234.37500000000        374.0791    
  -1218.75000000000        188.3343    
  -1203.12500000000        396.9079    
  -1187.50000000000        285.0039    
  -1171.87500000000        1211.565    
  -1156.25000000000        1577.549    
  -1140.62500000000        317.5928    
  -1125.00000000000        352.2888    
  -1109.37500000000        218.0480    
  -1093.75000000000        668.6198    
  -1078.12500000000        155.1385    
  -1062.50000000000        324.9804    
  -1046.87500000000        52.57821    
  -1031.25000000000        217.0157    
  -1015.62500000000        294.1052    
  -1000.00000000000        245.9688    
  -984.375000000000        293.9457    
  -968.750000000000        3739.771    
  -953.125000000000        617.8073    
  -937.500000000000        197.1755    
  -921.875000000000        652.7372    
  -906.250000000000        154.6507    
  -890.625000000000        155.4699    
  -875.000000000000        146.5709    
  -859.375000000000        517.6401    
  -843.750000000000        84.58552    
  -828.125000000000        575.6046    
  -812.500000000000        494.9836    
  -796.875000000000        566.0518    
  -781.250000000000        3280.961    
  -765.625000000000        2143.487    
  -750.000000000000        1099.880    
  -734.375000000000        937.3007    
  -718.750000000000        621.2167    
  -703.125000000000        509.5554    
  -687.500000000000        830.0245    
  -671.875000000000        977.1738    
  -656.250000000000        677.1156    
  -640.625000000000        531.6739    
  -625.000000000000        1366.801    
  -609.375000000000        1433.511    
  -593.750000000000        2493.706    
  -578.125000000000        7589.865    
  -562.500000000000        734.1395    
  -546.875000000000        515.2988    
  -531.250000000000        616.0024    
  -515.625000000000        354.9009    
  -500.000000000000        453.3616    
  -484.375000000000        251.4935    
  -468.750000000000        614.4674    
  -453.125000000000        487.2542    
  -437.500000000000        191.1114    
  -421.875000000000        522.3203    
  -406.250000000000        1201.744    
  -390.625000000000        5507.420    
  -375.000000000000        1750.908    
  -359.375000000000        1156.441    
  -343.750000000000        1392.540    
  -328.125000000000        1484.974    
  -312.500000000000        1330.378    
  -296.875000000000        2075.747    
  -281.250000000000        1806.813    
  -265.625000000000        2518.364    
  -250.000000000000        3997.327    
  -234.375000000000        4527.763    
  -218.750000000000        7179.770    
  -203.125000000000        20571.28    
  -187.500000000000        29484.20    
  -171.875000000000        9329.093    
  -156.250000000000        5736.269    
  -140.625000000000        3339.828    
  -125.000000000000        3559.392    
  -109.375000000000        3149.565    
  -93.7500000000000        2594.042    
  -78.1250000000000        1967.460    
  -62.5000000000000        1805.412    
  -46.8750000000000        1958.011    
  -31.2500000000000        1795.668    
  -15.6250000000000        1715.589    
  0.000000000000000E+000   128941.8    
   15.6250000000000        2139.117    
   31.2500000000000        1862.875    
   46.8750000000000        2025.431    
   62.5000000000000        1576.417    
   78.1250000000000        1883.013    
   93.7500000000000        2690.750    
   109.375000000000        2974.570    
   125.000000000000        3293.193    
   140.625000000000        2707.398    
   156.250000000000        4955.363    
   171.875000000000        7907.507    
   187.500000000000        26035.07    
   203.125000000000        16984.17    
   218.750000000000        6131.396    
   234.375000000000        3762.684    
   250.000000000000        3508.329    
   265.625000000000        2112.515    
   281.250000000000        1359.923    
   296.875000000000        1316.666    
   312.500000000000        882.4299    
   328.125000000000        907.8776    
   343.750000000000        766.3953    
   359.375000000000        988.8748    
   375.000000000000        2067.848    
   390.625000000000        3482.501    
   406.250000000000        799.2440    
   421.875000000000        352.1725    
   437.500000000000        494.1406    
   453.125000000000        294.4265    
   468.750000000000        764.1789    
   484.375000000000        396.8328    
   500.000000000000        372.8621    
   515.625000000000        338.8694    
   531.250000000000        292.3567    
   546.875000000000        892.7775    
   562.500000000000        991.5583    
   578.125000000000        7734.249    
   593.750000000000        3272.318    
   609.375000000000        1549.963    
   625.000000000000        1344.504    
   640.625000000000        568.1923    
   656.250000000000        833.3298    
   671.875000000000        991.0104    
   687.500000000000        1094.594    
   703.125000000000        832.5896    
   718.750000000000        784.1633    
   734.375000000000        1029.258    
   750.000000000000        1309.870    
   765.625000000000        3305.324    
   781.250000000000        4411.709    
   796.875000000000        986.2474    
   812.500000000000        577.5023    
   828.125000000000        534.4597    
   843.750000000000        249.4632    
   859.375000000000        382.8237    
   875.000000000000        192.5332    
   890.625000000000        99.44096    
   906.250000000000        534.0511    
   921.875000000000        532.0762    
   937.500000000000        207.0454    
   953.125000000000        215.2458    
   968.750000000000        1676.808    
   984.375000000000        326.0597    
   1000.00000000000        169.7758    
   1015.62500000000        200.4359    
   1031.25000000000        304.7840    
   1046.87500000000        71.29627    
   1062.50000000000        259.6294    
   1078.12500000000        116.4695    
   1093.75000000000        365.0069    
   1109.37500000000        486.9938    
   1125.00000000000        247.3213    
   1140.62500000000        193.6843    
   1156.25000000000        667.2203    
   1171.87500000000        219.1841    
   1187.50000000000        235.8932    
   1203.12500000000        277.0526    
   1218.75000000000        97.81207    
   1234.37500000000        70.58418    
   1250.00000000000        214.1573    
   1265.62500000000        123.4378    
   1281.25000000000        176.3873    
   1296.87500000000        338.2502    
   1312.50000000000        231.0857    
   1328.12500000000        74.06840    
   1343.75000000000        216.1234    
   1359.37500000000        1163.334    
   1375.00000000000        81.30208    
   1390.62500000000        304.9864    
   1406.25000000000        127.8114    
   1421.87500000000        256.0656    
   1437.50000000000        142.7966    
   1453.12500000000        208.3977    
   1468.75000000000        143.4663    
   1484.37500000000        373.8941    
   1500.00000000000        148.6853    
   1515.62500000000        264.5029    
   1531.25000000000        311.1587    
   1546.87500000000        467.5121    
   1562.50000000000        269.2329    
   1578.12500000000        180.8406    
   1593.75000000000        85.37783    
   1609.37500000000        194.1605    
   1625.00000000000        113.8607    
   1640.62500000000        29.15387    
   1656.25000000000        86.13615    
   1671.87500000000        210.2239    
   1687.50000000000        131.8377    
   1703.12500000000        130.0754    
   1718.75000000000        198.0714    
   1734.37500000000        208.4922    
   1750.00000000000        230.8998    
   1765.62500000000        257.8055    
   1781.25000000000        66.50946    
   1796.87500000000        58.58142    
   1812.50000000000        156.5055    
   1828.12500000000        72.18520    
   1843.75000000000        114.6252    
   1859.37500000000        380.3882    
   1875.00000000000        223.9048    
   1890.62500000000        32.91061    
   1906.25000000000        94.41839    
   1921.87500000000        183.1741    
   1937.50000000000        137.1244    
   1953.12500000000        194.1815    
   1968.75000000000        172.4880    
   1984.37500000000        115.2133    
