  -4000.00000000000        205.0322    
  -3968.75000000000        370.4810    
  -3937.50000000000        482.8643    
  -3906.25000000000        224.9789    
  -3875.00000000000        340.8777    
  -3843.75000000000        377.3282    
  -3812.50000000000        274.6398    
  -3781.25000000000        397.0597    
  -3750.00000000000        249.8526    
  -3718.75000000000        315.1273    
  -3687.50000000000        282.1687    
  -3656.25000000000        353.9838    
  -3625.00000000000        168.2118    
  -3593.75000000000        222.3843    
  -3562.50000000000        243.1741    
  -3531.25000000000        84.48013    
  -3500.00000000000        287.2694    
  -3468.75000000000        254.7730    
  -3437.50000000000        152.9589    
  -3406.25000000000        434.5131    
  -3375.00000000000        131.6967    
  -3343.75000000000        124.0952    
  -3312.50000000000        246.9348    
  -3281.25000000000        214.7144    
  -3250.00000000000        191.6976    
  -3218.75000000000        230.0625    
  -3187.50000000000        103.3009    
  -3156.25000000000        247.8332    
  -3125.00000000000        145.2103    
  -3093.75000000000        190.3566    
  -3062.50000000000        225.6706    
  -3031.25000000000        174.5861    
  -3000.00000000000        113.3867    
  -2968.75000000000        104.1814    
  -2937.50000000000        203.2871    
  -2906.25000000000        28.06293    
  -2875.00000000000        130.1295    
  -2843.75000000000        62.21428    
  -2812.50000000000        143.2721    
  -2781.25000000000        51.76150    
  -2750.00000000000        75.21249    
  -2718.75000000000        73.47623    
  -2687.50000000000        132.8374    
  -2656.25000000000        60.49982    
  -2625.00000000000        32.18615    
  -2593.75000000000        104.5618    
  -2562.50000000000        59.10206    
  -2531.25000000000        16.25101    
  -2500.00000000000        143.3372    
  -2468.75000000000        9.649218    
  -2437.50000000000        96.72652    
  -2406.25000000000        53.37563    
  -2375.00000000000        19.04917    
  -2343.75000000000        142.9627    
  -2312.50000000000        94.11440    
  -2281.25000000000        40.93608    
  -2250.00000000000        54.37468    
  -2218.75000000000        76.19118    
  -2187.50000000000        107.3926    
  -2156.25000000000        104.4113    
  -2125.00000000000        69.18914    
  -2093.75000000000        88.02260    
  -2062.50000000000        65.50546    
  -2031.25000000000        19.64661    
  -2000.00000000000        45.12676    
  -1968.75000000000        68.31571    
  -1937.50000000000        51.22366    
  -1906.25000000000        28.52027    
  -1875.00000000000        79.05091    
  -1843.75000000000        102.8698    
  -1812.50000000000        256.1989    
  -1781.25000000000        303.3524    
  -1750.00000000000        157.3267    
  -1718.75000000000        108.9279    
  -1687.50000000000        150.6546    
  -1656.25000000000        171.5847    
  -1625.00000000000        102.2642    
  -1593.75000000000        52.36454    
  -1562.50000000000        207.6592    
  -1531.25000000000        118.0433    
  -1500.00000000000        39.75661    
  -1468.75000000000        82.92241    
  -1437.50000000000        48.97462    
  -1406.25000000000        85.49122    
  -1375.00000000000        141.3918    
  -1343.75000000000        112.0569    
  -1312.50000000000        83.24416    
  -1281.25000000000        79.40978    
  -1250.00000000000        224.6695    
  -1218.75000000000        40.58223    
  -1187.50000000000        46.33180    
  -1156.25000000000        149.9260    
  -1125.00000000000        35.82249    
  -1093.75000000000        88.02487    
  -1062.50000000000        171.5652    
  -1031.25000000000        65.74377    
  -1000.00000000000        92.49654    
  -968.750000000000        90.68530    
  -937.500000000000        35.38678    
  -906.250000000000        170.1684    
  -875.000000000000        88.31300    
  -843.750000000000        121.5877    
  -812.500000000000        218.8579    
  -781.250000000000        287.9202    
  -750.000000000000        211.4486    
  -718.750000000000        266.3446    
  -687.500000000000        230.2535    
  -656.250000000000        409.2451    
  -625.000000000000        30.56261    
  -593.750000000000        302.0359    
  -562.500000000000        112.7415    
  -531.250000000000        192.9929    
  -500.000000000000        304.7766    
  -468.750000000000        81.34181    
  -437.500000000000        243.6096    
  -406.250000000000        301.8713    
  -375.000000000000        668.7640    
  -343.750000000000        1081.823    
  -312.500000000000        567.0220    
  -281.250000000000        783.6129    
  -250.000000000000        411.5680    
  -218.750000000000        38.53808    
  -187.500000000000        380.1211    
  -156.250000000000        1369.797    
  -125.000000000000        1357.347    
  -93.7500000000000        481.2224    
  -62.5000000000000        1332.035    
  -31.2500000000000        2387.539    
  0.000000000000000E+000   6252.958    
   31.2500000000000        2326.720    
   62.5000000000000        1365.737    
   93.7500000000000        502.6486    
   125.000000000000        1374.656    
   156.250000000000        1410.857    
   187.500000000000        376.1375    
   218.750000000000        27.85229    
   250.000000000000        386.8934    
   281.250000000000        758.6613    
   312.500000000000        541.2759    
   343.750000000000        1062.807    
   375.000000000000        640.5588    
   406.250000000000        278.4007    
   437.500000000000        219.0117    
   468.750000000000        73.80642    
   500.000000000000        320.9767    
   531.250000000000        215.4627    
   562.500000000000        136.7980    
   593.750000000000        314.8528    
   625.000000000000        46.80038    
   656.250000000000        427.2732    
   687.500000000000        246.4468    
   718.750000000000        295.2628    
   750.000000000000        214.8402    
   781.250000000000        284.4156    
   812.500000000000        228.7297    
   843.750000000000        128.8936    
   875.000000000000        99.75591    
   906.250000000000        164.0263    
   937.500000000000        39.22522    
   968.750000000000        96.22682    
   1000.00000000000        107.0257    
   1031.25000000000        72.86227    
   1062.50000000000        166.1545    
   1093.75000000000        89.33250    
   1125.00000000000        36.71663    
   1156.25000000000        156.8111    
   1187.50000000000        35.63371    
   1218.75000000000        46.58472    
   1250.00000000000        241.1021    
   1281.25000000000        73.58360    
   1312.50000000000        84.77384    
   1343.75000000000        108.0188    
   1375.00000000000        138.4897    
   1406.25000000000        85.04720    
   1437.50000000000        41.43898    
   1468.75000000000        77.15689    
   1500.00000000000        43.64552    
   1531.25000000000        117.3651    
   1562.50000000000        205.9009    
   1593.75000000000        55.14571    
   1625.00000000000        103.2222    
   1656.25000000000        168.7448    
   1687.50000000000        148.7191    
   1718.75000000000        106.6948    
   1750.00000000000        152.4756    
   1781.25000000000        291.8032    
   1812.50000000000        240.4290    
   1843.75000000000        98.67065    
   1875.00000000000        84.48351    
   1906.25000000000        30.78383    
   1937.50000000000        45.46770    
   1968.75000000000        68.10587    
   2000.00000000000        43.03197    
   2031.25000000000        18.39908    
   2062.50000000000        73.56973    
   2093.75000000000        85.22013    
   2125.00000000000        64.74462    
   2156.25000000000        114.7115    
   2187.50000000000        107.4227    
   2218.75000000000        77.65711    
   2250.00000000000        53.93710    
   2281.25000000000        40.13658    
   2312.50000000000        85.16898    
   2343.75000000000        136.6474    
   2375.00000000000        28.68433    
   2406.25000000000        55.00505    
   2437.50000000000        99.96085    
   2468.75000000000        10.26280    
   2500.00000000000        140.8053    
   2531.25000000000        16.21722    
   2562.50000000000        58.83012    
   2593.75000000000        102.8367    
   2625.00000000000        39.99905    
   2656.25000000000        56.01844    
   2687.50000000000        139.0711    
   2718.75000000000        75.60293    
   2750.00000000000        72.51250    
   2781.25000000000        45.63946    
   2812.50000000000        148.0530    
   2843.75000000000        63.13582    
   2875.00000000000        140.4841    
   2906.25000000000        26.46891    
   2937.50000000000        202.7307    
   2968.75000000000        103.7313    
   3000.00000000000        113.9814    
   3031.25000000000        184.3751    
   3062.50000000000        228.0514    
   3093.75000000000        195.7486    
   3125.00000000000        140.3539    
   3156.25000000000        248.1971    
   3187.50000000000        105.3518    
   3218.75000000000        244.2014    
   3250.00000000000        194.0197    
   3281.25000000000        228.9218    
   3312.50000000000        235.2912    
   3343.75000000000        124.7993    
   3375.00000000000        134.0259    
   3406.25000000000        435.4565    
   3437.50000000000        147.6776    
   3468.75000000000        261.8492    
   3500.00000000000        275.2842    
   3531.25000000000        87.86479    
   3562.50000000000        251.5066    
   3593.75000000000        212.6918    
   3625.00000000000        159.7425    
   3656.25000000000        341.0417    
   3687.50000000000        283.2384    
   3718.75000000000        312.4926    
   3750.00000000000        241.1925    
   3781.25000000000        413.7597    
   3812.50000000000        269.3705    
   3843.75000000000        388.1557    
   3875.00000000000        333.6535    
   3906.25000000000        222.5001    
   3937.50000000000        472.6826    
   3968.75000000000        378.6369    
