  -4000.00000000000        263.6286    
  -3968.75000000000        455.9034    
  -3937.50000000000        593.0851    
  -3906.25000000000        272.3034    
  -3875.00000000000        439.2762    
  -3843.75000000000        422.1047    
  -3812.50000000000        381.2560    
  -3781.25000000000        475.1562    
  -3750.00000000000        333.8658    
  -3718.75000000000        386.5395    
  -3687.50000000000        360.3641    
  -3656.25000000000        465.4383    
  -3625.00000000000        225.1051    
  -3593.75000000000        291.1018    
  -3562.50000000000        293.4662    
  -3531.25000000000        110.9761    
  -3500.00000000000        354.3198    
  -3468.75000000000        305.0076    
  -3437.50000000000        167.2551    
  -3406.25000000000        533.3762    
  -3375.00000000000        142.1542    
  -3343.75000000000        149.0252    
  -3312.50000000000        324.8738    
  -3281.25000000000        271.9284    
  -3250.00000000000        225.9464    
  -3218.75000000000        271.2827    
  -3187.50000000000        135.7534    
  -3156.25000000000        332.0518    
  -3125.00000000000        199.7589    
  -3093.75000000000        252.6986    
  -3062.50000000000        297.4576    
  -3031.25000000000        227.8645    
  -3000.00000000000        139.2820    
  -2968.75000000000        138.5641    
  -2937.50000000000        241.8491    
  -2906.25000000000        42.22726    
  -2875.00000000000        153.2840    
  -2843.75000000000        63.99877    
  -2812.50000000000        181.9528    
  -2781.25000000000        88.74043    
  -2750.00000000000        97.20831    
  -2718.75000000000        107.7048    
  -2687.50000000000        156.5861    
  -2656.25000000000        88.67868    
  -2625.00000000000        37.92800    
  -2593.75000000000        130.9545    
  -2562.50000000000        94.08061    
  -2531.25000000000        35.12667    
  -2500.00000000000        191.0187    
  -2468.75000000000        19.05551    
  -2437.50000000000        111.7874    
  -2406.25000000000        79.43237    
  -2375.00000000000        33.06971    
  -2343.75000000000        177.8908    
  -2312.50000000000        89.66326    
  -2281.25000000000        40.35434    
  -2250.00000000000        45.62574    
  -2218.75000000000        101.2394    
  -2187.50000000000        120.2509    
  -2156.25000000000        123.8524    
  -2125.00000000000        106.2600    
  -2093.75000000000        101.8712    
  -2062.50000000000        73.82697    
  -2031.25000000000        32.83078    
  -2000.00000000000        78.64823    
  -1968.75000000000        73.08229    
  -1937.50000000000        80.35386    
  -1906.25000000000        39.86404    
  -1875.00000000000        103.7170    
  -1843.75000000000        121.7715    
  -1812.50000000000        338.7215    
  -1781.25000000000        398.1815    
  -1750.00000000000        199.0225    
  -1718.75000000000        139.5251    
  -1687.50000000000        195.8296    
  -1656.25000000000        239.5789    
  -1625.00000000000        130.9265    
  -1593.75000000000        67.07584    
  -1562.50000000000        283.0203    
  -1531.25000000000        178.5522    
  -1500.00000000000        44.00703    
  -1468.75000000000        85.87428    
  -1437.50000000000        47.75932    
  -1406.25000000000        73.04560    
  -1375.00000000000        159.2018    
  -1343.75000000000        133.6483    
  -1312.50000000000        121.4032    
  -1281.25000000000        125.7530    
  -1250.00000000000        258.6949    
  -1218.75000000000        78.90315    
  -1187.50000000000        64.31176    
  -1156.25000000000        198.3488    
  -1125.00000000000        36.58920    
  -1093.75000000000        117.6330    
  -1062.50000000000        220.2048    
  -1031.25000000000        91.32991    
  -1000.00000000000        108.8322    
  -968.750000000000        107.0659    
  -937.500000000000        33.60452    
  -906.250000000000        219.8254    
  -875.000000000000        112.4602    
  -843.750000000000        139.9043    
  -812.500000000000        270.6467    
  -781.250000000000        328.3255    
  -750.000000000000        284.1362    
  -718.750000000000        334.7765    
  -687.500000000000        309.3156    
  -656.250000000000        525.9595    
  -625.000000000000        46.78851    
  -593.750000000000        397.5835    
  -562.500000000000        149.1029    
  -531.250000000000        237.5872    
  -500.000000000000        367.8469    
  -468.750000000000        125.3342    
  -437.500000000000        308.0926    
  -406.250000000000        380.1965    
  -375.000000000000        866.0419    
  -343.750000000000        1383.327    
  -312.500000000000        724.3262    
  -281.250000000000        971.8292    
  -250.000000000000        506.4669    
  -218.750000000000        52.11788    
  -187.500000000000        470.9343    
  -156.250000000000        1658.950    
  -125.000000000000        1625.286    
  -93.7500000000000        570.0797    
  -62.5000000000000        1601.703    
  -31.2500000000000        2974.484    
  0.000000000000000E+000   7763.358    
   31.2500000000000        2862.404    
   62.5000000000000        1723.858    
   93.7500000000000        650.8267    
   125.000000000000        1749.256    
   156.250000000000        1801.155    
   187.500000000000        444.2072    
   218.750000000000        26.20094    
   250.000000000000        458.6433    
   281.250000000000        922.7233    
   312.500000000000        685.8549    
   343.750000000000        1274.867    
   375.000000000000        768.8535    
   406.250000000000        334.5716    
   437.500000000000        267.5372    
   468.750000000000        104.1529    
   500.000000000000        371.4187    
   531.250000000000        280.4790    
   562.500000000000        165.8609    
   593.750000000000        402.5374    
   625.000000000000        75.86341    
   656.250000000000        544.0514    
   687.500000000000        295.5115    
   718.750000000000        375.1826    
   750.000000000000        284.6698    
   781.250000000000        353.2876    
   812.500000000000        261.6554    
   843.750000000000        137.3742    
   875.000000000000        109.2936    
   906.250000000000        226.3961    
   937.500000000000        63.84167    
   968.750000000000        95.53790    
   1000.00000000000        117.3504    
   1031.25000000000        101.5472    
   1062.50000000000        208.2797    
   1093.75000000000        110.2627    
   1125.00000000000        23.14820    
   1156.25000000000        181.8261    
   1187.50000000000        55.77430    
   1218.75000000000        64.10030    
   1250.00000000000        293.6940    
   1281.25000000000        85.33471    
   1312.50000000000        114.4544    
   1343.75000000000        136.7430    
   1375.00000000000        155.4887    
   1406.25000000000        96.45639    
   1437.50000000000        64.11608    
   1468.75000000000        84.72726    
   1500.00000000000        39.45409    
   1531.25000000000        115.2108    
   1562.50000000000        254.0774    
   1593.75000000000        82.06026    
   1625.00000000000        141.2834    
   1656.25000000000        194.2570    
   1687.50000000000        191.8399    
   1718.75000000000        170.8303    
   1750.00000000000        193.2299    
   1781.25000000000        367.1649    
   1812.50000000000        284.7160    
   1843.75000000000        124.8559    
   1875.00000000000        137.0121    
   1906.25000000000        32.41843    
   1937.50000000000        65.09681    
   1968.75000000000        87.58111    
   2000.00000000000        38.62721    
   2031.25000000000        23.10208    
   2062.50000000000        87.03143    
   2093.75000000000        117.8952    
   2125.00000000000        66.55882    
   2156.25000000000        148.2576    
   2187.50000000000        126.0065    
   2218.75000000000        80.67965    
   2250.00000000000        56.48754    
   2281.25000000000        60.37687    
   2312.50000000000        103.1337    
   2343.75000000000        182.2739    
   2375.00000000000        55.04631    
   2406.25000000000        67.68703    
   2437.50000000000        132.3166    
   2468.75000000000        32.04443    
   2500.00000000000        187.0672    
   2531.25000000000        36.05173    
   2562.50000000000        91.61378    
   2593.75000000000        107.0653    
   2625.00000000000        52.44168    
   2656.25000000000        77.04870    
   2687.50000000000        169.3553    
   2718.75000000000        79.18697    
   2750.00000000000        90.37179    
   2781.25000000000        73.68111    
   2812.50000000000        200.3155    
   2843.75000000000        85.44884    
   2875.00000000000        179.4157    
   2906.25000000000        28.35386    
   2937.50000000000        237.7059    
   2968.75000000000        141.0110    
   3000.00000000000        154.6108    
   3031.25000000000        249.3992    
   3062.50000000000        291.6601    
   3093.75000000000        254.4389    
   3125.00000000000        174.0586    
   3156.25000000000        315.8371    
   3187.50000000000        140.4575    
   3218.75000000000        325.8701    
   3250.00000000000        246.6982    
   3281.25000000000        286.3252    
   3312.50000000000        300.2657    
   3343.75000000000        161.6650    
   3375.00000000000        167.5698    
   3406.25000000000        535.6650    
   3437.50000000000        186.1218    
   3468.75000000000        351.4404    
   3500.00000000000        308.8305    
   3531.25000000000        114.7699    
   3562.50000000000        300.8997    
   3593.75000000000        273.1159    
   3625.00000000000        166.1287    
   3656.25000000000        413.5333    
   3687.50000000000        333.6991    
   3718.75000000000        396.5165    
   3750.00000000000        280.6841    
   3781.25000000000        501.2025    
   3812.50000000000        322.8806    
   3843.75000000000        510.5883    
   3875.00000000000        421.7064    
   3906.25000000000        283.9970    
   3937.50000000000        539.9699    
   3968.75000000000        482.9163    
