  -4000.00000000000        238.7368    
  -3968.75000000000        459.9907    
  -3937.50000000000        620.7558    
  -3906.25000000000        318.8498    
  -3875.00000000000        451.5306    
  -3843.75000000000        463.9318    
  -3812.50000000000        328.2413    
  -3781.25000000000        517.2823    
  -3750.00000000000        349.4233    
  -3718.75000000000        425.5805    
  -3687.50000000000        385.7052    
  -3656.25000000000        455.8624    
  -3625.00000000000        238.1712    
  -3593.75000000000        327.3064    
  -3562.50000000000        328.7910    
  -3531.25000000000        107.6558    
  -3500.00000000000        353.6908    
  -3468.75000000000        309.0049    
  -3437.50000000000        221.6941    
  -3406.25000000000        581.1101    
  -3375.00000000000        189.4013    
  -3343.75000000000        180.9780    
  -3312.50000000000        341.5674    
  -3281.25000000000        263.1835    
  -3250.00000000000        208.4320    
  -3218.75000000000        296.4288    
  -3187.50000000000        112.1100    
  -3156.25000000000        322.9278    
  -3125.00000000000        225.9895    
  -3093.75000000000        302.7644    
  -3062.50000000000        286.6895    
  -3031.25000000000        227.5484    
  -3000.00000000000        120.4244    
  -2968.75000000000        130.0847    
  -2937.50000000000        252.1576    
  -2906.25000000000        34.44246    
  -2875.00000000000        157.5812    
  -2843.75000000000        64.42742    
  -2812.50000000000        191.5555    
  -2781.25000000000        28.24990    
  -2750.00000000000        123.9708    
  -2718.75000000000        87.12354    
  -2687.50000000000        177.5335    
  -2656.25000000000        88.36467    
  -2625.00000000000        52.76713    
  -2593.75000000000        129.3013    
  -2562.50000000000        87.27567    
  -2531.25000000000        18.62925    
  -2500.00000000000        165.5785    
  -2468.75000000000        37.41523    
  -2437.50000000000        119.0704    
  -2406.25000000000        31.91271    
  -2375.00000000000        35.42000    
  -2343.75000000000        201.1090    
  -2312.50000000000        112.8181    
  -2281.25000000000        60.47046    
  -2250.00000000000        76.07368    
  -2218.75000000000        89.55425    
  -2187.50000000000        143.3806    
  -2156.25000000000        154.8397    
  -2125.00000000000        110.8490    
  -2093.75000000000        130.1821    
  -2062.50000000000        98.28559    
  -2031.25000000000        26.68629    
  -2000.00000000000        37.41471    
  -1968.75000000000        105.1043    
  -1937.50000000000        72.93567    
  -1906.25000000000        50.74183    
  -1875.00000000000        111.6424    
  -1843.75000000000        150.2328    
  -1812.50000000000        372.7566    
  -1781.25000000000        427.2617    
  -1750.00000000000        216.7088    
  -1718.75000000000        139.6258    
  -1687.50000000000        214.9241    
  -1656.25000000000        246.0202    
  -1625.00000000000        131.1682    
  -1593.75000000000        93.71052    
  -1562.50000000000        271.8271    
  -1531.25000000000        193.9963    
  -1500.00000000000        71.53748    
  -1468.75000000000        91.09016    
  -1437.50000000000        77.05589    
  -1406.25000000000        103.7861    
  -1375.00000000000        156.0911    
  -1343.75000000000        145.5866    
  -1312.50000000000        115.3457    
  -1281.25000000000        150.2389    
  -1250.00000000000        303.3036    
  -1218.75000000000        63.27415    
  -1187.50000000000        59.06612    
  -1156.25000000000        219.4131    
  -1125.00000000000        32.45904    
  -1093.75000000000        118.0031    
  -1062.50000000000        241.5872    
  -1031.25000000000        96.26410    
  -1000.00000000000        110.7210    
  -968.750000000000        155.6377    
  -937.500000000000        14.95513    
  -906.250000000000        188.6027    
  -875.000000000000        118.0960    
  -843.750000000000        156.4241    
  -812.500000000000        293.6750    
  -781.250000000000        397.2220    
  -750.000000000000        279.2086    
  -718.750000000000        327.9378    
  -687.500000000000        343.6766    
  -656.250000000000        567.9935    
  -625.000000000000        62.70236    
  -593.750000000000        369.0225    
  -562.500000000000        193.6978    
  -531.250000000000        266.7737    
  -500.000000000000        393.0553    
  -468.750000000000        77.99490    
  -437.500000000000        346.5074    
  -406.250000000000        387.8784    
  -375.000000000000        902.5773    
  -343.750000000000        1459.828    
  -312.500000000000        764.5116    
  -281.250000000000        1000.219    
  -250.000000000000        581.1176    
  -218.750000000000        97.90891    
  -187.500000000000        494.7502    
  -156.250000000000        1760.171    
  -125.000000000000        1663.614    
  -93.7500000000000        643.5746    
  -62.5000000000000        1724.777    
  -31.2500000000000        3221.433    
  0.000000000000000E+000   7616.065    
   31.2500000000000        3052.129    
   62.5000000000000        1919.375    
   93.7500000000000        682.7306    
   125.000000000000        1944.802    
   156.250000000000        1939.469    
   187.500000000000        546.4047    
   218.750000000000        31.54380    
   250.000000000000        491.5719    
   281.250000000000        984.6951    
   312.500000000000        746.3767    
   343.750000000000        1399.203    
   375.000000000000        811.5239    
   406.250000000000        363.1533    
   437.500000000000        305.1494    
   468.750000000000        69.64350    
   500.000000000000        425.4009    
   531.250000000000        351.8028    
   562.500000000000        131.2186    
   593.750000000000        398.7825    
   625.000000000000        85.05079    
   656.250000000000        542.9377    
   687.500000000000        347.7499    
   718.750000000000        333.5656    
   750.000000000000        302.1987    
   781.250000000000        380.1820    
   812.500000000000        286.0109    
   843.750000000000        156.7372    
   875.000000000000        139.1815    
   906.250000000000        227.0798    
   937.500000000000        44.74974    
   968.750000000000        167.1781    
   1000.00000000000        118.6720    
   1031.25000000000        59.12031    
   1062.50000000000        151.2501    
   1093.75000000000        130.2237    
   1125.00000000000        67.97675    
   1156.25000000000        206.1394    
   1187.50000000000        50.30901    
   1218.75000000000        75.56503    
   1250.00000000000        321.6313    
   1281.25000000000        88.02804    
   1312.50000000000        104.3707    
   1343.75000000000        201.4372    
   1375.00000000000        199.4400    
   1406.25000000000        148.4408    
   1437.50000000000        53.51545    
   1468.75000000000        104.9047    
   1500.00000000000        57.43176    
   1531.25000000000        128.4448    
   1562.50000000000        250.0811    
   1593.75000000000        61.66690    
   1625.00000000000        118.0424    
   1656.25000000000        215.5820    
   1687.50000000000        167.9047    
   1718.75000000000        119.4955    
   1750.00000000000        204.5914    
   1781.25000000000        379.5068    
   1812.50000000000        309.9957    
   1843.75000000000        108.2872    
   1875.00000000000        102.1417    
   1906.25000000000        46.25580    
   1937.50000000000        62.31907    
   1968.75000000000        88.52416    
   2000.00000000000        38.89651    
   2031.25000000000        27.93634    
   2062.50000000000        91.16486    
   2093.75000000000        95.51311    
   2125.00000000000        88.62323    
   2156.25000000000        147.4329    
   2187.50000000000        151.2331    
   2218.75000000000        93.40947    
   2250.00000000000        88.76173    
   2281.25000000000        73.99292    
   2312.50000000000        125.7531    
   2343.75000000000        181.4387    
   2375.00000000000        36.94219    
   2406.25000000000        41.83603    
   2437.50000000000        124.6313    
   2468.75000000000        9.303812    
   2500.00000000000        202.8491    
   2531.25000000000        4.064267    
   2562.50000000000        78.02731    
   2593.75000000000        143.3056    
   2625.00000000000        32.72405    
   2656.25000000000        68.46574    
   2687.50000000000        184.8332    
   2718.75000000000        118.9783    
   2750.00000000000        103.6163    
   2781.25000000000        31.14826    
   2812.50000000000        198.4695    
   2843.75000000000        61.63641    
   2875.00000000000        183.0348    
   2906.25000000000        68.73674    
   2937.50000000000        290.3524    
   2968.75000000000        147.0104    
   3000.00000000000        143.4411    
   3031.25000000000        237.1025    
   3062.50000000000        299.6668    
   3093.75000000000        239.0177    
   3125.00000000000        180.6952    
   3156.25000000000        338.2913    
   3187.50000000000        157.9020    
   3218.75000000000        335.2236    
   3250.00000000000        272.1239    
   3281.25000000000        343.4374    
   3312.50000000000        323.9507    
   3343.75000000000        158.5158    
   3375.00000000000        200.4957    
   3406.25000000000        572.9435    
   3437.50000000000        204.2075    
   3468.75000000000        374.1849    
   3500.00000000000        353.8189    
   3531.25000000000        110.8193    
   3562.50000000000        368.9883    
   3593.75000000000        274.0972    
   3625.00000000000        199.3565    
   3656.25000000000        437.0302    
   3687.50000000000        357.1342    
   3718.75000000000        398.9128    
   3750.00000000000        303.4796    
   3781.25000000000        567.9810    
   3812.50000000000        339.4085    
   3843.75000000000        537.3477    
   3875.00000000000        431.4631    
   3906.25000000000        294.5452    
   3937.50000000000        604.7908    
   3968.75000000000        492.8908    
