  -2000.00000000000        559.1323    
  -1984.37500000000        323.1960    
  -1968.75000000000        822.6232    
  -1953.12500000000        593.5435    
  -1937.50000000000        741.8431    
  -1921.87500000000        738.5610    
  -1906.25000000000        449.2722    
  -1890.62500000000        576.6241    
  -1875.00000000000        2045.030    
  -1859.37500000000        975.8309    
  -1843.75000000000        387.4086    
  -1828.12500000000        1735.449    
  -1812.50000000000        790.8682    
  -1796.87500000000        1071.262    
  -1781.25000000000        1102.893    
  -1765.62500000000        2728.337    
  -1750.00000000000        5885.554    
  -1734.37500000000        2748.152    
  -1718.75000000000        910.0508    
  -1703.12500000000        162.3588    
  -1687.50000000000        1198.103    
  -1671.87500000000        1638.029    
  -1656.25000000000        834.0799    
  -1640.62500000000        833.9232    
  -1625.00000000000        436.1246    
  -1609.37500000000        693.1805    
  -1593.75000000000        1180.032    
  -1578.12500000000        760.2769    
  -1562.50000000000        3872.923    
  -1546.87500000000        11161.62    
  -1531.25000000000        2341.614    
  -1515.62500000000        2020.793    
  -1500.00000000000        2924.856    
  -1484.37500000000        1005.445    
  -1468.75000000000        1181.787    
  -1453.12500000000        221.7060    
  -1437.50000000000        1800.301    
  -1421.87500000000        1403.753    
  -1406.25000000000        2341.963    
  -1390.62500000000        1992.649    
  -1375.00000000000        368.3019    
  -1359.37500000000        12415.55    
  -1343.75000000000        1838.614    
  -1328.12500000000        1852.932    
  -1312.50000000000        1326.834    
  -1296.87500000000        1170.127    
  -1281.25000000000        3497.059    
  -1265.62500000000        1145.288    
  -1250.00000000000        2930.302    
  -1234.37500000000        2513.968    
  -1218.75000000000        428.3221    
  -1203.12500000000        2688.621    
  -1187.50000000000        4493.771    
  -1171.87500000000        12738.05    
  -1156.25000000000        10930.63    
  -1140.62500000000        2850.815    
  -1125.00000000000        1481.900    
  -1109.37500000000        3210.974    
  -1093.75000000000        840.5710    
  -1078.12500000000        948.8881    
  -1062.50000000000        1976.795    
  -1046.87500000000        1431.995    
  -1031.25000000000        1987.624    
  -1015.62500000000        2260.126    
  -1000.00000000000        43.50718    
  -984.375000000000        341.3070    
  -968.750000000000        7595.589    
  -953.125000000000        2878.119    
  -937.500000000000        856.1826    
  -921.875000000000        2321.210    
  -906.250000000000        981.9641    
  -890.625000000000        783.6652    
  -875.000000000000        1846.778    
  -859.375000000000        3632.914    
  -843.750000000000        2060.828    
  -828.125000000000        5796.093    
  -812.500000000000        4566.819    
  -796.875000000000        9064.503    
  -781.250000000000        31202.89    
  -765.625000000000        14609.48    
  -750.000000000000        6230.358    
  -734.375000000000        2463.463    
  -718.750000000000        6699.559    
  -703.125000000000        2358.964    
  -687.500000000000        1540.769    
  -671.875000000000        1044.881    
  -656.250000000000        1454.548    
  -640.625000000000        1655.147    
  -625.000000000000        2436.562    
  -609.375000000000        1448.276    
  -593.750000000000        12268.04    
  -578.125000000000        28779.82    
  -562.500000000000        10888.36    
  -546.875000000000        3650.877    
  -531.250000000000        4111.979    
  -515.625000000000        4314.479    
  -500.000000000000        1466.598    
  -484.375000000000        4583.617    
  -468.750000000000        3037.095    
  -453.125000000000        5160.462    
  -437.500000000000        1136.022    
  -421.875000000000        7269.361    
  -406.250000000000        8680.085    
  -390.625000000000        82946.60    
  -375.000000000000        17350.80    
  -359.375000000000        8345.324    
  -343.750000000000        7208.089    
  -328.125000000000        7788.830    
  -312.500000000000        6349.814    
  -296.875000000000        8496.097    
  -281.250000000000        7577.762    
  -265.625000000000        12335.46    
  -250.000000000000        14350.13    
  -234.375000000000        18979.29    
  -218.750000000000        30048.48    
  -203.125000000000        87877.90    
  -187.500000000000        118505.6    
  -171.875000000000        36636.64    
  -156.250000000000        22583.87    
  -140.625000000000        11743.13    
  -125.000000000000        13436.22    
  -109.375000000000        10690.27    
  -93.7500000000000        9024.605    
  -78.1250000000000        9058.183    
  -62.5000000000000        7974.853    
  -46.8750000000000        9784.949    
  -31.2500000000000        7032.367    
  -15.6250000000000        8949.744    
  0.000000000000000E+000   969017.9    
   15.6250000000000        10373.23    
   31.2500000000000        8443.740    
   46.8750000000000        11715.44    
   62.5000000000000        6703.667    
   78.1250000000000        7099.415    
   93.7500000000000        9008.323    
   109.375000000000        8122.496    
   125.000000000000        11768.25    
   140.625000000000        11384.11    
   156.250000000000        21065.15    
   171.875000000000        35037.20    
   187.500000000000        104555.5    
   203.125000000000        69829.09    
   218.750000000000        28886.62    
   234.375000000000        17860.44    
   250.000000000000        13825.41    
   265.625000000000        11080.64    
   281.250000000000        7666.896    
   296.875000000000        7026.111    
   312.500000000000        7370.661    
   328.125000000000        8406.178    
   343.750000000000        8783.885    
   359.375000000000        11770.83    
   375.000000000000        22940.52    
   390.625000000000        82310.86    
   406.250000000000        12238.31    
   421.875000000000        7906.517    
   437.500000000000        5138.351    
   453.125000000000        4353.360    
   468.750000000000        2453.005    
   484.375000000000        952.1635    
   500.000000000000        3447.092    
   515.625000000000        2480.321    
   531.250000000000        5268.659    
   546.875000000000        1688.802    
   562.500000000000        3459.671    
   578.125000000000        51330.92    
   593.750000000000        10467.97    
   609.375000000000        3119.635    
   625.000000000000        3519.070    
   640.625000000000        3061.914    
   656.250000000000        2294.276    
   671.875000000000        2998.034    
   687.500000000000        1191.953    
   703.125000000000        2203.972    
   718.750000000000        3839.117    
   734.375000000000        1348.080    
   750.000000000000        3258.412    
   765.625000000000        6509.518    
   781.250000000000        3917.041    
   796.875000000000        3706.258    
   812.500000000000        1626.697    
   828.125000000000        34.46714    
   843.750000000000        720.2755    
   859.375000000000        2474.336    
   875.000000000000        858.7492    
   890.625000000000        298.2864    
   906.250000000000        3937.358    
   921.875000000000        3631.966    
   937.500000000000        503.4842    
   953.125000000000        1226.083    
   968.750000000000        10713.72    
   984.375000000000        2002.782    
   1000.00000000000        1425.660    
   1015.62500000000        573.9103    
   1031.25000000000        978.9636    
   1046.87500000000        179.2468    
   1062.50000000000        2226.384    
   1078.12500000000        736.2782    
   1093.75000000000        511.8827    
   1109.37500000000        1552.583    
   1125.00000000000        1900.088    
   1140.62500000000        1274.239    
   1156.25000000000        2334.714    
   1171.87500000000        646.4478    
   1187.50000000000        1741.211    
   1203.12500000000        598.7009    
   1218.75000000000        1020.684    
   1234.37500000000        889.9852    
   1250.00000000000        899.6158    
   1265.62500000000        739.0017    
   1281.25000000000        1512.265    
   1296.87500000000        526.2059    
   1312.50000000000        1320.650    
   1328.12500000000        466.8340    
   1343.75000000000        1128.994    
   1359.37500000000        1685.101    
   1375.00000000000        1194.637    
   1390.62500000000        1108.475    
   1406.25000000000        393.1322    
   1421.87500000000        1380.227    
   1437.50000000000        1049.060    
   1453.12500000000        1029.603    
   1468.75000000000        1225.962    
   1484.37500000000        875.9827    
   1500.00000000000        874.2814    
   1515.62500000000        615.1086    
   1531.25000000000        817.3023    
   1546.87500000000        333.3996    
   1562.50000000000        1371.427    
   1578.12500000000        1590.471    
   1593.75000000000        1195.160    
   1609.37500000000        1642.967    
   1625.00000000000        414.4228    
   1640.62500000000        1311.579    
   1656.25000000000        253.5397    
   1671.87500000000        1049.264    
   1687.50000000000        862.4638    
   1703.12500000000        1163.840    
   1718.75000000000        1569.704    
   1734.37500000000        1336.490    
   1750.00000000000        1450.672    
   1765.62500000000        544.4521    
   1781.25000000000        899.7101    
   1796.87500000000        788.3951    
   1812.50000000000        557.0413    
   1828.12500000000        556.6077    
   1843.75000000000        1106.345    
   1859.37500000000        964.5363    
   1875.00000000000        101.5804    
   1890.62500000000        1321.182    
   1906.25000000000        138.5625    
   1921.87500000000        1606.629    
   1937.50000000000        1427.574    
   1953.12500000000        1536.093    
   1968.75000000000        1397.058    
   1984.37500000000        272.3702    
