  -4000.00000000000        205.4424    
  -3968.75000000000        375.7469    
  -3937.50000000000        482.7096    
  -3906.25000000000        224.5215    
  -3875.00000000000        345.3546    
  -3843.75000000000        372.6930    
  -3812.50000000000        273.6299    
  -3781.25000000000        392.3656    
  -3750.00000000000        247.6413    
  -3718.75000000000        308.7378    
  -3687.50000000000        292.6844    
  -3656.25000000000        346.6152    
  -3625.00000000000        169.2022    
  -3593.75000000000        226.9109    
  -3562.50000000000        247.9332    
  -3531.25000000000        87.88847    
  -3500.00000000000        286.4921    
  -3468.75000000000        257.1565    
  -3437.50000000000        155.6230    
  -3406.25000000000        434.2429    
  -3375.00000000000        129.2288    
  -3343.75000000000        122.3046    
  -3312.50000000000        244.9545    
  -3281.25000000000        218.7016    
  -3250.00000000000        190.8510    
  -3218.75000000000        231.1874    
  -3187.50000000000        102.7522    
  -3156.25000000000        251.9804    
  -3125.00000000000        150.4992    
  -3093.75000000000        196.8094    
  -3062.50000000000        227.6307    
  -3031.25000000000        174.1663    
  -3000.00000000000        107.7787    
  -2968.75000000000        121.3451    
  -2937.50000000000        203.2453    
  -2906.25000000000        27.90890    
  -2875.00000000000        131.8906    
  -2843.75000000000        56.00715    
  -2812.50000000000        137.1195    
  -2781.25000000000        46.29012    
  -2750.00000000000        75.69062    
  -2718.75000000000        75.33412    
  -2687.50000000000        133.2631    
  -2656.25000000000        58.51281    
  -2625.00000000000        35.53567    
  -2593.75000000000        101.8933    
  -2562.50000000000        62.54963    
  -2531.25000000000        12.93818    
  -2500.00000000000        142.5452    
  -2468.75000000000        11.33512    
  -2437.50000000000        94.07436    
  -2406.25000000000        56.09329    
  -2375.00000000000        25.84065    
  -2343.75000000000        142.0365    
  -2312.50000000000        89.59615    
  -2281.25000000000        42.10622    
  -2250.00000000000        47.47830    
  -2218.75000000000        75.68679    
  -2187.50000000000        102.7346    
  -2156.25000000000        110.7292    
  -2125.00000000000        66.52381    
  -2093.75000000000        84.23897    
  -2062.50000000000        66.87142    
  -2031.25000000000        20.08696    
  -2000.00000000000        45.54797    
  -1968.75000000000        59.64963    
  -1937.50000000000        49.61597    
  -1906.25000000000        37.99065    
  -1875.00000000000        82.61132    
  -1843.75000000000        102.1134    
  -1812.50000000000        262.3204    
  -1781.25000000000        310.9474    
  -1750.00000000000        154.4488    
  -1718.75000000000        105.0683    
  -1687.50000000000        150.3387    
  -1656.25000000000        171.6579    
  -1625.00000000000        106.4729    
  -1593.75000000000        61.25710    
  -1562.50000000000        214.2918    
  -1531.25000000000        131.9659    
  -1500.00000000000        37.15558    
  -1468.75000000000        77.60417    
  -1437.50000000000        43.36890    
  -1406.25000000000        82.12103    
  -1375.00000000000        139.2034    
  -1343.75000000000        105.5940    
  -1312.50000000000        88.37672    
  -1281.25000000000        71.56694    
  -1250.00000000000        234.2238    
  -1218.75000000000        45.59431    
  -1187.50000000000        41.00124    
  -1156.25000000000        141.1614    
  -1125.00000000000        32.76128    
  -1093.75000000000        100.9285    
  -1062.50000000000        169.3387    
  -1031.25000000000        72.83108    
  -1000.00000000000        99.96690    
  -968.750000000000        85.92654    
  -937.500000000000        38.96280    
  -906.250000000000        168.1207    
  -875.000000000000        86.64053    
  -843.750000000000        141.3156    
  -812.500000000000        221.7812    
  -781.250000000000        276.2970    
  -750.000000000000        216.7931    
  -718.750000000000        277.6608    
  -687.500000000000        234.6511    
  -656.250000000000        429.0395    
  -625.000000000000        26.70920    
  -593.750000000000        307.4821    
  -562.500000000000        118.9255    
  -531.250000000000        199.9711    
  -500.000000000000        316.2230    
  -468.750000000000        89.04886    
  -437.500000000000        239.8496    
  -406.250000000000        289.8856    
  -375.000000000000        674.1411    
  -343.750000000000        1093.995    
  -312.500000000000        566.4635    
  -281.250000000000        792.4358    
  -250.000000000000        403.5619    
  -218.750000000000        51.01653    
  -187.500000000000        382.7833    
  -156.250000000000        1396.591    
  -125.000000000000        1366.244    
  -93.7500000000000        482.2951    
  -62.5000000000000        1328.361    
  -31.2500000000000        2387.976    
  0.000000000000000E+000   5896.060    
   31.2500000000000        2367.990    
   62.5000000000000        1376.332    
   93.7500000000000        513.0475    
   125.000000000000        1400.281    
   156.250000000000        1420.314    
   187.500000000000        374.0209    
   218.750000000000        24.71270    
   250.000000000000        378.9320    
   281.250000000000        769.0035    
   312.500000000000        547.5155    
   343.750000000000        1068.730    
   375.000000000000        647.1747    
   406.250000000000        282.9582    
   437.500000000000        217.0014    
   468.750000000000        78.33851    
   500.000000000000        307.1423    
   531.250000000000        202.1208    
   562.500000000000        126.8363    
   593.750000000000        318.6693    
   625.000000000000        41.36968    
   656.250000000000        422.9035    
   687.500000000000        237.7880    
   718.750000000000        288.0061    
   750.000000000000        220.4333    
   781.250000000000        285.4316    
   812.500000000000        218.0707    
   843.750000000000        122.2016    
   875.000000000000        86.42309    
   906.250000000000        166.5053    
   937.500000000000        35.29710    
   968.750000000000        90.75021    
   1000.00000000000        101.2077    
   1031.25000000000        69.81474    
   1062.50000000000        165.3764    
   1093.75000000000        101.9918    
   1125.00000000000        31.88739    
   1156.25000000000        149.1139    
   1187.50000000000        39.26595    
   1218.75000000000        49.06486    
   1250.00000000000        238.0379    
   1281.25000000000        74.46641    
   1312.50000000000        88.31272    
   1343.75000000000        106.7191    
   1375.00000000000        131.5692    
   1406.25000000000        94.51841    
   1437.50000000000        40.42952    
   1468.75000000000        76.34141    
   1500.00000000000        36.16824    
   1531.25000000000        119.5069    
   1562.50000000000        201.2492    
   1593.75000000000        52.89221    
   1625.00000000000        110.3917    
   1656.25000000000        157.5544    
   1687.50000000000        139.2937    
   1718.75000000000        99.75996    
   1750.00000000000        147.7896    
   1781.25000000000        297.1208    
   1812.50000000000        242.3248    
   1843.75000000000        95.45177    
   1875.00000000000        81.43906    
   1906.25000000000        35.12045    
   1937.50000000000        47.64333    
   1968.75000000000        64.93358    
   2000.00000000000        40.78545    
   2031.25000000000        21.54833    
   2062.50000000000        66.19483    
   2093.75000000000        81.33672    
   2125.00000000000        64.71897    
   2156.25000000000        110.1556    
   2187.50000000000        111.8148    
   2218.75000000000        67.11460    
   2250.00000000000        56.07822    
   2281.25000000000        37.36910    
   2312.50000000000        88.11565    
   2343.75000000000        150.7812    
   2375.00000000000        22.21220    
   2406.25000000000        48.04107    
   2437.50000000000        96.81232    
   2468.75000000000        13.58451    
   2500.00000000000        145.2435    
   2531.25000000000        19.37363    
   2562.50000000000        65.48123    
   2593.75000000000        98.28124    
   2625.00000000000        43.27903    
   2656.25000000000        55.32507    
   2687.50000000000        142.6254    
   2718.75000000000        76.20473    
   2750.00000000000        66.97884    
   2781.25000000000        49.79548    
   2812.50000000000        145.9436    
   2843.75000000000        61.55495    
   2875.00000000000        132.9200    
   2906.25000000000        24.18727    
   2937.50000000000        203.8045    
   2968.75000000000        113.6675    
   3000.00000000000        111.7477    
   3031.25000000000        191.7210    
   3062.50000000000        223.8311    
   3093.75000000000        203.0087    
   3125.00000000000        139.3327    
   3156.25000000000        245.4070    
   3187.50000000000        108.1615    
   3218.75000000000        241.8252    
   3250.00000000000        195.7838    
   3281.25000000000        229.1468    
   3312.50000000000        229.9448    
   3343.75000000000        127.2459    
   3375.00000000000        132.4488    
   3406.25000000000        429.4910    
   3437.50000000000        154.9034    
   3468.75000000000        273.4625    
   3500.00000000000        276.8145    
   3531.25000000000        90.02615    
   3562.50000000000        248.7061    
   3593.75000000000        212.9989    
   3625.00000000000        155.2671    
   3656.25000000000        343.8422    
   3687.50000000000        281.8980    
   3718.75000000000        312.3586    
   3750.00000000000        240.8985    
   3781.25000000000        405.7764    
   3812.50000000000        270.8052    
   3843.75000000000        389.2446    
   3875.00000000000        338.1439    
   3906.25000000000        221.8126    
   3937.50000000000        476.2101    
   3968.75000000000        378.3469    
