  -4000.00000000000        212.2635    
  -3968.75000000000        387.0571    
  -3937.50000000000        506.5332    
  -3906.25000000000        229.8658    
  -3875.00000000000        358.8770    
  -3843.75000000000        397.0978    
  -3812.50000000000        292.6244    
  -3781.25000000000        415.5660    
  -3750.00000000000        266.8918    
  -3718.75000000000        323.0940    
  -3687.50000000000        303.5019    
  -3656.25000000000        366.9827    
  -3625.00000000000        173.0230    
  -3593.75000000000        232.6336    
  -3562.50000000000        249.8101    
  -3531.25000000000        93.70548    
  -3500.00000000000        294.9822    
  -3468.75000000000        263.0072    
  -3437.50000000000        162.0169    
  -3406.25000000000        453.4290    
  -3375.00000000000        136.3320    
  -3343.75000000000        127.4382    
  -3312.50000000000        259.6542    
  -3281.25000000000        234.4529    
  -3250.00000000000        190.5657    
  -3218.75000000000        237.0223    
  -3187.50000000000        108.3438    
  -3156.25000000000        257.3603    
  -3125.00000000000        157.5587    
  -3093.75000000000        202.5795    
  -3062.50000000000        241.1330    
  -3031.25000000000        177.8488    
  -3000.00000000000        111.0281    
  -2968.75000000000        116.5348    
  -2937.50000000000        203.2474    
  -2906.25000000000        34.21135    
  -2875.00000000000        136.2777    
  -2843.75000000000        60.62557    
  -2812.50000000000        147.4644    
  -2781.25000000000        51.86176    
  -2750.00000000000        68.48293    
  -2718.75000000000        75.84377    
  -2687.50000000000        145.0351    
  -2656.25000000000        61.47348    
  -2625.00000000000        23.43704    
  -2593.75000000000        106.4012    
  -2562.50000000000        59.11509    
  -2531.25000000000        16.33045    
  -2500.00000000000        146.0388    
  -2468.75000000000        16.71485    
  -2437.50000000000        101.1608    
  -2406.25000000000        59.82203    
  -2375.00000000000        25.94086    
  -2343.75000000000        142.2952    
  -2312.50000000000        95.42574    
  -2281.25000000000        43.94704    
  -2250.00000000000        51.51764    
  -2218.75000000000        73.17755    
  -2187.50000000000        108.4495    
  -2156.25000000000        111.5592    
  -2125.00000000000        74.76392    
  -2093.75000000000        90.30568    
  -2062.50000000000        63.51888    
  -2031.25000000000        25.73219    
  -2000.00000000000        55.95517    
  -1968.75000000000        74.40322    
  -1937.50000000000        58.03711    
  -1906.25000000000        36.11374    
  -1875.00000000000        82.69296    
  -1843.75000000000        103.4223    
  -1812.50000000000        272.2258    
  -1781.25000000000        322.8497    
  -1750.00000000000        160.8614    
  -1718.75000000000        116.4653    
  -1687.50000000000        156.8309    
  -1656.25000000000        189.8924    
  -1625.00000000000        110.9947    
  -1593.75000000000        64.06075    
  -1562.50000000000        212.5264    
  -1531.25000000000        116.0179    
  -1500.00000000000        38.73096    
  -1468.75000000000        88.82086    
  -1437.50000000000        45.37225    
  -1406.25000000000        87.11959    
  -1375.00000000000        140.1800    
  -1343.75000000000        105.4621    
  -1312.50000000000        95.33715    
  -1281.25000000000        72.89733    
  -1250.00000000000        234.4087    
  -1218.75000000000        37.77393    
  -1187.50000000000        41.38953    
  -1156.25000000000        150.4944    
  -1125.00000000000        35.97102    
  -1093.75000000000        91.45918    
  -1062.50000000000        179.0049    
  -1031.25000000000        74.79001    
  -1000.00000000000        95.35054    
  -968.750000000000        97.86419    
  -937.500000000000        40.27511    
  -906.250000000000        174.0493    
  -875.000000000000        90.51980    
  -843.750000000000        140.7956    
  -812.500000000000        228.1705    
  -781.250000000000        298.9387    
  -750.000000000000        235.7217    
  -718.750000000000        289.1057    
  -687.500000000000        244.5993    
  -656.250000000000        432.0914    
  -625.000000000000        21.88915    
  -593.750000000000        313.5285    
  -562.500000000000        117.0869    
  -531.250000000000        210.1666    
  -500.000000000000        331.8102    
  -468.750000000000        92.08125    
  -437.500000000000        257.8602    
  -406.250000000000        325.1048    
  -375.000000000000        688.5665    
  -343.750000000000        1129.822    
  -312.500000000000        593.0908    
  -281.250000000000        814.0621    
  -250.000000000000        402.5479    
  -218.750000000000        80.59754    
  -187.500000000000        391.0505    
  -156.250000000000        1437.199    
  -125.000000000000        1395.575    
  -93.7500000000000        498.9141    
  -62.5000000000000        1374.425    
  -31.2500000000000        2489.041    
  0.000000000000000E+000   6513.296    
   31.2500000000000        2441.169    
   62.5000000000000        1428.926    
   93.7500000000000        530.4700    
   125.000000000000        1451.952    
   156.250000000000        1479.634    
   187.500000000000        383.1701    
   218.750000000000        23.81269    
   250.000000000000        405.3232    
   281.250000000000        779.3738    
   312.500000000000        578.5820    
   343.750000000000        1117.127    
   375.000000000000        658.0029    
   406.250000000000        297.8618    
   437.500000000000        220.2955    
   468.750000000000        87.91641    
   500.000000000000        323.2938    
   531.250000000000        214.8138    
   562.500000000000        141.2880    
   593.750000000000        333.3714    
   625.000000000000        33.25852    
   656.250000000000        445.8335    
   687.500000000000        254.8207    
   718.750000000000        292.2521    
   750.000000000000        228.1866    
   781.250000000000        295.6436    
   812.500000000000        239.5217    
   843.750000000000        129.1385    
   875.000000000000        88.29930    
   906.250000000000        168.8620    
   937.500000000000        36.45330    
   968.750000000000        92.68420    
   1000.00000000000        96.25217    
   1031.25000000000        72.97907    
   1062.50000000000        176.1027    
   1093.75000000000        103.4584    
   1125.00000000000        34.74732    
   1156.25000000000        155.4650    
   1187.50000000000        39.54784    
   1218.75000000000        56.34796    
   1250.00000000000        240.8328    
   1281.25000000000        74.38705    
   1312.50000000000        86.14497    
   1343.75000000000        116.0242    
   1375.00000000000        143.8308    
   1406.25000000000        86.75910    
   1437.50000000000        45.63882    
   1468.75000000000        77.50330    
   1500.00000000000        38.69896    
   1531.25000000000        127.4334    
   1562.50000000000        216.0268    
   1593.75000000000        49.40599    
   1625.00000000000        109.9499    
   1656.25000000000        170.1354    
   1687.50000000000        153.2264    
   1718.75000000000        99.71535    
   1750.00000000000        144.1012    
   1781.25000000000        306.2872    
   1812.50000000000        249.3189    
   1843.75000000000        98.08208    
   1875.00000000000        87.17081    
   1906.25000000000        31.79797    
   1937.50000000000        54.87115    
   1968.75000000000        64.57723    
   2000.00000000000        42.64151    
   2031.25000000000        19.14914    
   2062.50000000000        72.84146    
   2093.75000000000        87.83655    
   2125.00000000000        71.44199    
   2156.25000000000        109.3986    
   2187.50000000000        108.5860    
   2218.75000000000        71.21233    
   2250.00000000000        51.11736    
   2281.25000000000        36.15330    
   2312.50000000000        91.47374    
   2343.75000000000        152.5234    
   2375.00000000000        22.95096    
   2406.25000000000        51.61769    
   2437.50000000000        100.4194    
   2468.75000000000        15.36214    
   2500.00000000000        150.7852    
   2531.25000000000        27.34219    
   2562.50000000000        68.81966    
   2593.75000000000        108.4898    
   2625.00000000000        37.84041    
   2656.25000000000        51.99988    
   2687.50000000000        144.9090    
   2718.75000000000        76.29099    
   2750.00000000000        71.40096    
   2781.25000000000        53.32986    
   2812.50000000000        150.4387    
   2843.75000000000        68.40165    
   2875.00000000000        143.8711    
   2906.25000000000        24.70323    
   2937.50000000000        212.0506    
   2968.75000000000        111.5131    
   3000.00000000000        123.3596    
   3031.25000000000        194.1294    
   3062.50000000000        235.7312    
   3093.75000000000        204.5171    
   3125.00000000000        136.4189    
   3156.25000000000        259.4098    
   3187.50000000000        110.6810    
   3218.75000000000        244.7145    
   3250.00000000000        198.9259    
   3281.25000000000        246.1407    
   3312.50000000000        246.6893    
   3343.75000000000        136.5659    
   3375.00000000000        133.6570    
   3406.25000000000        455.6704    
   3437.50000000000        154.9848    
   3468.75000000000        289.1860    
   3500.00000000000        287.6781    
   3531.25000000000        88.98686    
   3562.50000000000        267.5192    
   3593.75000000000        216.9581    
   3625.00000000000        160.1380    
   3656.25000000000        365.5237    
   3687.50000000000        300.4151    
   3718.75000000000        321.6226    
   3750.00000000000        242.8701    
   3781.25000000000        431.0785    
   3812.50000000000        280.9675    
   3843.75000000000        394.0431    
   3875.00000000000        343.9654    
   3906.25000000000        230.5164    
   3937.50000000000        488.1062    
   3968.75000000000        393.5769    
