  -4000.00000000000        212.9461    
  -3968.75000000000        463.1754    
  -3937.50000000000        640.6417    
  -3906.25000000000        266.0729    
  -3875.00000000000        446.8967    
  -3843.75000000000        498.1421    
  -3812.50000000000        400.5783    
  -3781.25000000000        522.9075    
  -3750.00000000000        344.4700    
  -3718.75000000000        422.4915    
  -3687.50000000000        379.4667    
  -3656.25000000000        456.2710    
  -3625.00000000000        265.1081    
  -3593.75000000000        295.0525    
  -3562.50000000000        291.7317    
  -3531.25000000000        120.5071    
  -3500.00000000000        368.9857    
  -3468.75000000000        319.6256    
  -3437.50000000000        204.5559    
  -3406.25000000000        562.9933    
  -3375.00000000000        139.2913    
  -3343.75000000000        164.8397    
  -3312.50000000000        331.5663    
  -3281.25000000000        275.3491    
  -3250.00000000000        239.0231    
  -3218.75000000000        289.3709    
  -3187.50000000000        139.9965    
  -3156.25000000000        330.1090    
  -3125.00000000000        210.6068    
  -3093.75000000000        250.9455    
  -3062.50000000000        314.7416    
  -3031.25000000000        224.8379    
  -3000.00000000000        116.8984    
  -2968.75000000000        156.1121    
  -2937.50000000000        252.9955    
  -2906.25000000000        32.30547    
  -2875.00000000000        176.1478    
  -2843.75000000000        69.06868    
  -2812.50000000000        187.1471    
  -2781.25000000000        67.28510    
  -2750.00000000000        81.30645    
  -2718.75000000000        127.6599    
  -2687.50000000000        163.5553    
  -2656.25000000000        63.51128    
  -2625.00000000000        46.63164    
  -2593.75000000000        119.5138    
  -2562.50000000000        75.77451    
  -2531.25000000000        42.50932    
  -2500.00000000000        179.9828    
  -2468.75000000000        11.02066    
  -2437.50000000000        125.7756    
  -2406.25000000000        50.03398    
  -2375.00000000000        29.14134    
  -2343.75000000000        168.0117    
  -2312.50000000000        156.0172    
  -2281.25000000000        35.51495    
  -2250.00000000000        62.96272    
  -2218.75000000000        113.4924    
  -2187.50000000000        137.5624    
  -2156.25000000000        153.0098    
  -2125.00000000000        106.3670    
  -2093.75000000000        117.7743    
  -2062.50000000000        90.27340    
  -2031.25000000000        41.49354    
  -2000.00000000000        82.26488    
  -1968.75000000000        99.16895    
  -1937.50000000000        99.51347    
  -1906.25000000000        40.70531    
  -1875.00000000000        114.5897    
  -1843.75000000000        145.8486    
  -1812.50000000000        376.7460    
  -1781.25000000000        414.9372    
  -1750.00000000000        237.8045    
  -1718.75000000000        153.0999    
  -1687.50000000000        193.7268    
  -1656.25000000000        229.1474    
  -1625.00000000000        165.5018    
  -1593.75000000000        74.44242    
  -1562.50000000000        285.4068    
  -1531.25000000000        177.9854    
  -1500.00000000000        70.03886    
  -1468.75000000000        73.20712    
  -1437.50000000000        74.85300    
  -1406.25000000000        127.6985    
  -1375.00000000000        183.3070    
  -1343.75000000000        129.6794    
  -1312.50000000000        139.8423    
  -1281.25000000000        102.9541    
  -1250.00000000000        301.7388    
  -1218.75000000000        57.48031    
  -1187.50000000000        59.17799    
  -1156.25000000000        192.4733    
  -1125.00000000000        31.48950    
  -1093.75000000000        180.0165    
  -1062.50000000000        248.4703    
  -1031.25000000000        103.0023    
  -1000.00000000000        88.08134    
  -968.750000000000        72.52114    
  -937.500000000000        41.98675    
  -906.250000000000        233.4053    
  -875.000000000000        123.9709    
  -843.750000000000        143.3091    
  -812.500000000000        295.6778    
  -781.250000000000        385.1642    
  -750.000000000000        295.1146    
  -718.750000000000        345.6022    
  -687.500000000000        304.7518    
  -656.250000000000        536.0630    
  -625.000000000000        35.27657    
  -593.750000000000        421.0379    
  -562.500000000000        136.8954    
  -531.250000000000        270.2350    
  -500.000000000000        441.8010    
  -468.750000000000        65.02498    
  -437.500000000000        316.1519    
  -406.250000000000        416.0318    
  -375.000000000000        903.2689    
  -343.750000000000        1482.155    
  -312.500000000000        740.0231    
  -281.250000000000        1084.901    
  -250.000000000000        555.6208    
  -218.750000000000        55.46116    
  -187.500000000000        525.7231    
  -156.250000000000        1711.077    
  -125.000000000000        1781.283    
  -93.7500000000000        634.3335    
  -62.5000000000000        1760.165    
  -31.2500000000000        3238.429    
  0.000000000000000E+000   7046.984    
   31.2500000000000        3053.649    
   62.5000000000000        1887.247    
   93.7500000000000        686.3593    
   125.000000000000        1855.445    
   156.250000000000        1906.339    
   187.500000000000        492.9605    
   218.750000000000        24.27341    
   250.000000000000        516.1783    
   281.250000000000        919.6443    
   312.500000000000        657.8450    
   343.750000000000        1353.625    
   375.000000000000        825.4545    
   406.250000000000        376.4627    
   437.500000000000        250.4864    
   468.750000000000        98.12576    
   500.000000000000        417.8591    
   531.250000000000        275.0437    
   562.500000000000        203.8137    
   593.750000000000        408.5367    
   625.000000000000        74.46138    
   656.250000000000        562.4056    
   687.500000000000        319.3359    
   718.750000000000        323.3560    
   750.000000000000        310.7198    
   781.250000000000        372.5351    
   812.500000000000        259.2398    
   843.750000000000        142.7955    
   875.000000000000        81.01610    
   906.250000000000        245.4571    
   937.500000000000        25.00274    
   968.750000000000        127.1336    
   1000.00000000000        161.1426    
   1031.25000000000        62.15133    
   1062.50000000000        214.0123    
   1093.75000000000        137.9581    
   1125.00000000000        57.61753    
   1156.25000000000        214.8765    
   1187.50000000000        86.91815    
   1218.75000000000        56.64660    
   1250.00000000000        309.4533    
   1281.25000000000        107.3778    
   1312.50000000000        99.58253    
   1343.75000000000        153.9576    
   1375.00000000000        182.1840    
   1406.25000000000        125.8176    
   1437.50000000000        23.98328    
   1468.75000000000        96.65437    
   1500.00000000000        50.43234    
   1531.25000000000        179.2462    
   1562.50000000000        249.9056    
   1593.75000000000        55.20042    
   1625.00000000000        155.0555    
   1656.25000000000        210.7164    
   1687.50000000000        202.5953    
   1718.75000000000        138.2908    
   1750.00000000000        206.1480    
   1781.25000000000        361.9876    
   1812.50000000000        314.5491    
   1843.75000000000        137.5373    
   1875.00000000000        94.11429    
   1906.25000000000        35.71843    
   1937.50000000000        59.48238    
   1968.75000000000        111.3040    
   2000.00000000000        50.97703    
   2031.25000000000        34.27440    
   2062.50000000000        83.80249    
   2093.75000000000        88.98643    
   2125.00000000000        97.46916    
   2156.25000000000        156.6309    
   2187.50000000000        171.3493    
   2218.75000000000        92.86358    
   2250.00000000000        85.06863    
   2281.25000000000        51.18889    
   2312.50000000000        104.0118    
   2343.75000000000        210.4642    
   2375.00000000000        24.27780    
   2406.25000000000        52.44947    
   2437.50000000000        128.2793    
   2468.75000000000        21.36954    
   2500.00000000000        212.5850    
   2531.25000000000        26.85353    
   2562.50000000000        106.1069    
   2593.75000000000        144.9640    
   2625.00000000000        60.85768    
   2656.25000000000        93.58514    
   2687.50000000000        193.0054    
   2718.75000000000        88.92233    
   2750.00000000000        105.0730    
   2781.25000000000        75.78027    
   2812.50000000000        204.0047    
   2843.75000000000        76.21687    
   2875.00000000000        192.1925    
   2906.25000000000        43.04657    
   2937.50000000000        271.4233    
   2968.75000000000        134.0081    
   3000.00000000000        137.2474    
   3031.25000000000        252.9969    
   3062.50000000000        285.6618    
   3093.75000000000        226.2550    
   3125.00000000000        164.3152    
   3156.25000000000        322.1995    
   3187.50000000000        133.7616    
   3218.75000000000        320.0808    
   3250.00000000000        262.8768    
   3281.25000000000        321.8097    
   3312.50000000000        298.7845    
   3343.75000000000        182.1729    
   3375.00000000000        175.4826    
   3406.25000000000        548.0759    
   3437.50000000000        236.1196    
   3468.75000000000        361.5308    
   3500.00000000000        337.1891    
   3531.25000000000        106.8541    
   3562.50000000000        347.1308    
   3593.75000000000        239.6837    
   3625.00000000000        204.0790    
   3656.25000000000        463.0500    
   3687.50000000000        364.4680    
   3718.75000000000        418.3756    
   3750.00000000000        307.3183    
   3781.25000000000        563.3014    
   3812.50000000000        336.8598    
   3843.75000000000        476.2076    
   3875.00000000000        412.7393    
   3906.25000000000        283.4572    
   3937.50000000000        606.4177    
   3968.75000000000        524.3702    
