  -2000.00000000000        5.076192    
  -1984.37500000000        2.349534    
  -1968.75000000000        6.052234    
  -1953.12500000000        8.134668    
  -1937.50000000000        8.343470    
  -1921.87500000000        13.04614    
  -1906.25000000000        4.800562    
  -1890.62500000000        8.572486    
  -1875.00000000000        4.888625    
  -1859.37500000000        2.632480    
  -1843.75000000000        4.252559    
  -1828.12500000000        9.725752    
  -1812.50000000000        3.843953    
  -1796.87500000000        3.350909    
  -1781.25000000000        8.113813    
  -1765.62500000000        3.668093    
  -1750.00000000000        22.77921    
  -1734.37500000000        5.180012    
  -1718.75000000000        6.948116    
  -1703.12500000000        1.962280    
  -1687.50000000000        3.524184    
  -1671.87500000000        6.133491    
  -1656.25000000000        3.913408    
  -1640.62500000000        5.547589    
  -1625.00000000000       0.6122732    
  -1609.37500000000        4.451979    
  -1593.75000000000        5.922058    
  -1578.12500000000        10.98191    
  -1562.50000000000        8.424686    
  -1546.87500000000        26.08756    
  -1531.25000000000        6.008961    
  -1515.62500000000        6.734540    
  -1500.00000000000        15.35223    
  -1484.37500000000        7.727338    
  -1468.75000000000        2.366954    
  -1453.12500000000        3.804123    
  -1437.50000000000        3.293537    
  -1421.87500000000        8.068230    
  -1406.25000000000        6.247887    
  -1390.62500000000        5.575156    
  -1375.00000000000        1.144602    
  -1359.37500000000        18.01727    
  -1343.75000000000        7.433953    
  -1328.12500000000        5.798700    
  -1312.50000000000        4.603291    
  -1296.87500000000        12.63981    
  -1281.25000000000        4.047367    
  -1265.62500000000        5.522787    
  -1250.00000000000        22.75674    
  -1234.37500000000        9.058857    
  -1218.75000000000        5.763915    
  -1203.12500000000        15.36717    
  -1187.50000000000        17.96909    
  -1171.87500000000        50.21504    
  -1156.25000000000        47.93617    
  -1140.62500000000        11.60793    
  -1125.00000000000        4.568929    
  -1109.37500000000        10.06178    
  -1093.75000000000        1.664578    
  -1078.12500000000        3.618408    
  -1062.50000000000        2.883750    
  -1046.87500000000        2.328540    
  -1031.25000000000        3.998767    
  -1015.62500000000        3.287047    
  -1000.00000000000        1.531369    
  -984.375000000000        7.691464    
  -968.750000000000        49.77866    
  -953.125000000000        14.25656    
  -937.500000000000        9.741302    
  -921.875000000000        24.82065    
  -906.250000000000        17.74036    
  -890.625000000000        7.869266    
  -875.000000000000        5.884355    
  -859.375000000000        6.677231    
  -843.750000000000        6.592189    
  -828.125000000000        9.453907    
  -812.500000000000        12.15586    
  -796.875000000000        22.10357    
  -781.250000000000        78.98512    
  -765.625000000000        69.96404    
  -750.000000000000        24.04020    
  -734.375000000000        18.78146    
  -718.750000000000        23.17583    
  -703.125000000000        20.75143    
  -687.500000000000        20.73894    
  -671.875000000000        22.54993    
  -656.250000000000        28.22167    
  -640.625000000000        25.64529    
  -625.000000000000        42.56429    
  -609.375000000000        63.91779    
  -593.750000000000        138.8206    
  -578.125000000000        390.4518    
  -562.500000000000        65.45424    
  -546.875000000000        23.31758    
  -531.250000000000        31.50771    
  -515.625000000000        20.54909    
  -500.000000000000        16.52689    
  -484.375000000000        7.022609    
  -468.750000000000        8.362735    
  -453.125000000000        12.69598    
  -437.500000000000        23.38077    
  -421.875000000000        16.39109    
  -406.250000000000        40.89707    
  -390.625000000000        160.0232    
  -375.000000000000        55.91799    
  -359.375000000000        24.26649    
  -343.750000000000        4.653457    
  -328.125000000000        6.945155    
  -312.500000000000        18.20236    
  -296.875000000000        13.37660    
  -281.250000000000        10.63390    
  -265.625000000000        14.51297    
  -250.000000000000        24.67874    
  -234.375000000000        14.28220    
  -218.750000000000        36.89652    
  -203.125000000000        135.0394    
  -187.500000000000        153.6422    
  -171.875000000000        46.95560    
  -156.250000000000        24.52548    
  -140.625000000000        21.82588    
  -125.000000000000        20.08853    
  -109.375000000000        7.858656    
  -93.7500000000000        1.393356    
  -78.1250000000000        28.12769    
  -62.5000000000000        10.55136    
  -46.8750000000000        19.91728    
  -31.2500000000000        13.49932    
  -15.6250000000000        41.90580    
  0.000000000000000E+000   8688.678    
   15.6250000000000        41.83772    
   31.2500000000000        14.35647    
   46.8750000000000        20.46676    
   62.5000000000000        10.27528    
   78.1250000000000        28.42533    
   93.7500000000000        1.222461    
   109.375000000000        7.605043    
   125.000000000000        20.62793    
   140.625000000000        22.02588    
   156.250000000000        24.52705    
   171.875000000000        46.98526    
   187.500000000000        153.2630    
   203.125000000000        133.0809    
   218.750000000000        37.30187    
   234.375000000000        14.65132    
   250.000000000000        23.84216    
   265.625000000000        14.42981    
   281.250000000000        11.03302    
   296.875000000000        13.37983    
   312.500000000000        18.04350    
   328.125000000000        7.013942    
   343.750000000000        4.611330    
   359.375000000000        23.96599    
   375.000000000000        56.82310    
   390.625000000000        158.7665    
   406.250000000000        41.44848    
   421.875000000000        17.23693    
   437.500000000000        23.63698    
   453.125000000000        13.24101    
   468.750000000000        8.403268    
   484.375000000000        7.251276    
   500.000000000000        16.74516    
   515.625000000000        20.73245    
   531.250000000000        31.88979    
   546.875000000000        23.52284    
   562.500000000000        65.03118    
   578.125000000000        389.3662    
   593.750000000000        138.7996    
   609.375000000000        63.53964    
   625.000000000000        42.07989    
   640.625000000000        25.80408    
   656.250000000000        28.11687    
   671.875000000000        22.56939    
   687.500000000000        20.97248    
   703.125000000000        20.32440    
   718.750000000000        22.54944    
   734.375000000000        18.67989    
   750.000000000000        23.42020    
   765.625000000000        68.83859    
   781.250000000000        76.75624    
   796.875000000000        21.41122    
   812.500000000000        11.75272    
   828.125000000000        9.551391    
   843.750000000000        6.336267    
   859.375000000000        6.248468    
   875.000000000000        5.777779    
   890.625000000000        8.092793    
   906.250000000000        17.99340    
   921.875000000000        24.64829    
   937.500000000000        9.569423    
   953.125000000000        14.10613    
   968.750000000000        53.10786    
   984.375000000000        7.924232    
   1000.00000000000        1.412467    
   1015.62500000000        3.043569    
   1031.25000000000        3.385233    
   1046.87500000000        2.258312    
   1062.50000000000        3.031261    
   1078.12500000000        4.053593    
   1093.75000000000        1.434509    
   1109.37500000000        10.15873    
   1125.00000000000        4.840305    
   1140.62500000000        11.89914    
   1156.25000000000        48.53719    
   1171.87500000000        50.60468    
   1187.50000000000        17.92767    
   1203.12500000000        15.54847    
   1218.75000000000        6.053412    
   1234.37500000000        8.972975    
   1250.00000000000        22.75340    
   1265.62500000000        5.294679    
   1281.25000000000        3.951721    
   1296.87500000000        12.21126    
   1312.50000000000        4.866158    
   1328.12500000000        5.634972    
   1343.75000000000        6.623043    
   1359.37500000000        11.79693    
   1375.00000000000        1.698258    
   1390.62500000000        5.513848    
   1406.25000000000        6.436974    
   1421.87500000000        8.509822    
   1437.50000000000        3.458844    
   1453.12500000000        4.090823    
   1468.75000000000        2.814331    
   1484.37500000000        7.706819    
   1500.00000000000        15.70202    
   1515.62500000000        6.976168    
   1531.25000000000        6.890530    
   1546.87500000000        27.50245    
   1562.50000000000        8.115298    
   1578.12500000000        10.71212    
   1593.75000000000        5.858070    
   1609.37500000000        4.393902    
   1625.00000000000       0.9381775    
   1640.62500000000        5.906837    
   1656.25000000000        3.854825    
   1671.87500000000        5.212838    
   1687.50000000000        2.655292    
   1703.12500000000        1.632606    
   1718.75000000000        6.642461    
   1734.37500000000        4.706101    
   1750.00000000000        21.60336    
   1765.62500000000        3.636100    
   1781.25000000000        8.202695    
   1796.87500000000        3.813772    
   1812.50000000000        4.101345    
   1828.12500000000        9.886767    
   1843.75000000000        4.578603    
   1859.37500000000        3.473803    
   1875.00000000000        3.933235    
   1890.62500000000        8.681745    
   1906.25000000000        4.568538    
   1921.87500000000        13.58216    
   1937.50000000000        10.11771    
   1953.12500000000        8.255765    
   1968.75000000000        6.615685    
   1984.37500000000        2.656719    
