  -4000.00000000000        213.2989    
  -3968.75000000000        376.6362    
  -3937.50000000000        495.6227    
  -3906.25000000000        232.2960    
  -3875.00000000000        346.8750    
  -3843.75000000000        382.7560    
  -3812.50000000000        283.3661    
  -3781.25000000000        407.2374    
  -3750.00000000000        250.0968    
  -3718.75000000000        322.6395    
  -3687.50000000000        292.3581    
  -3656.25000000000        359.2948    
  -3625.00000000000        165.7536    
  -3593.75000000000        229.6579    
  -3562.50000000000        250.8293    
  -3531.25000000000        92.76860    
  -3500.00000000000        294.7850    
  -3468.75000000000        254.0425    
  -3437.50000000000        153.2305    
  -3406.25000000000        440.8324    
  -3375.00000000000        136.9345    
  -3343.75000000000        132.2534    
  -3312.50000000000        254.7325    
  -3281.25000000000        225.1565    
  -3250.00000000000        187.1127    
  -3218.75000000000        231.7878    
  -3187.50000000000        102.4226    
  -3156.25000000000        252.4886    
  -3125.00000000000        156.7416    
  -3093.75000000000        208.3914    
  -3062.50000000000        236.7886    
  -3031.25000000000        180.5741    
  -3000.00000000000        109.8016    
  -2968.75000000000        111.7421    
  -2937.50000000000        205.4943    
  -2906.25000000000        30.09937    
  -2875.00000000000        131.5826    
  -2843.75000000000        64.53080    
  -2812.50000000000        146.7564    
  -2781.25000000000        54.08261    
  -2750.00000000000        66.23208    
  -2718.75000000000        81.80824    
  -2687.50000000000        132.2266    
  -2656.25000000000        52.23505    
  -2625.00000000000        43.01748    
  -2593.75000000000        96.59023    
  -2562.50000000000        63.07739    
  -2531.25000000000        26.11595    
  -2500.00000000000        146.3746    
  -2468.75000000000        21.43844    
  -2437.50000000000        87.36708    
  -2406.25000000000        58.02292    
  -2375.00000000000        25.94579    
  -2343.75000000000        141.7487    
  -2312.50000000000        85.29479    
  -2281.25000000000        36.42429    
  -2250.00000000000        55.66803    
  -2218.75000000000        76.78867    
  -2187.50000000000        110.7923    
  -2156.25000000000        114.3276    
  -2125.00000000000        71.34566    
  -2093.75000000000        84.82987    
  -2062.50000000000        65.66602    
  -2031.25000000000        19.24711    
  -2000.00000000000        53.51510    
  -1968.75000000000        67.37803    
  -1937.50000000000        42.42878    
  -1906.25000000000        29.49307    
  -1875.00000000000        85.98858    
  -1843.75000000000        97.78944    
  -1812.50000000000        267.0720    
  -1781.25000000000        317.7258    
  -1750.00000000000        158.1707    
  -1718.75000000000        111.2263    
  -1687.50000000000        151.7582    
  -1656.25000000000        174.8295    
  -1625.00000000000        112.5990    
  -1593.75000000000        57.82830    
  -1562.50000000000        213.1622    
  -1531.25000000000        123.9021    
  -1500.00000000000        33.19677    
  -1468.75000000000        76.40930    
  -1437.50000000000        50.52639    
  -1406.25000000000        85.53304    
  -1375.00000000000        134.9467    
  -1343.75000000000        114.2236    
  -1312.50000000000        91.26633    
  -1281.25000000000        71.60703    
  -1250.00000000000        240.6329    
  -1218.75000000000        48.31197    
  -1187.50000000000        48.44898    
  -1156.25000000000        151.6904    
  -1125.00000000000        37.03780    
  -1093.75000000000        88.93751    
  -1062.50000000000        174.0478    
  -1031.25000000000        67.43958    
  -1000.00000000000        93.87065    
  -968.750000000000        94.43935    
  -937.500000000000        42.59642    
  -906.250000000000        173.9594    
  -875.000000000000        86.96465    
  -843.750000000000        137.1848    
  -812.500000000000        233.4697    
  -781.250000000000        284.6875    
  -750.000000000000        205.9426    
  -718.750000000000        278.4449    
  -687.500000000000        253.7271    
  -656.250000000000        427.5049    
  -625.000000000000        34.73281    
  -593.750000000000        315.5054    
  -562.500000000000        118.5817    
  -531.250000000000        195.8729    
  -500.000000000000        317.6735    
  -468.750000000000        83.50450    
  -437.500000000000        241.6463    
  -406.250000000000        301.0006    
  -375.000000000000        692.0740    
  -343.750000000000        1116.552    
  -312.500000000000        575.4727    
  -281.250000000000        804.6800    
  -250.000000000000        408.3953    
  -218.750000000000        57.26620    
  -187.500000000000        375.4865    
  -156.250000000000        1385.472    
  -125.000000000000        1384.000    
  -93.7500000000000        486.6929    
  -62.5000000000000        1356.288    
  -31.2500000000000        2437.612    
  0.000000000000000E+000   6155.747    
   31.2500000000000        2429.470    
   62.5000000000000        1415.505    
   93.7500000000000        503.1810    
   125.000000000000        1426.141    
   156.250000000000        1446.526    
   187.500000000000        386.9443    
   218.750000000000        30.89641    
   250.000000000000        402.9811    
   281.250000000000        776.6271    
   312.500000000000        576.4346    
   343.750000000000        1085.693    
   375.000000000000        667.8068    
   406.250000000000        292.2988    
   437.500000000000        234.2550    
   468.750000000000        73.19485    
   500.000000000000        320.7979    
   531.250000000000        207.7519    
   562.500000000000        131.6532    
   593.750000000000        328.6354    
   625.000000000000        40.70169    
   656.250000000000        435.3856    
   687.500000000000        229.1245    
   718.750000000000        286.9637    
   750.000000000000        225.6270    
   781.250000000000        287.8579    
   812.500000000000        223.7526    
   843.750000000000        122.7170    
   875.000000000000        82.65975    
   906.250000000000        169.8901    
   937.500000000000        33.37791    
   968.750000000000        98.48751    
   1000.00000000000        94.87582    
   1031.25000000000        71.07579    
   1062.50000000000        172.9571    
   1093.75000000000        94.05536    
   1125.00000000000        42.78149    
   1156.25000000000        145.4877    
   1187.50000000000        29.54520    
   1218.75000000000        48.88149    
   1250.00000000000        247.9479    
   1281.25000000000        75.61416    
   1312.50000000000        79.76083    
   1343.75000000000        111.6777    
   1375.00000000000        135.0130    
   1406.25000000000        91.60087    
   1437.50000000000        46.73752    
   1468.75000000000        79.69995    
   1500.00000000000        37.53806    
   1531.25000000000        120.0814    
   1562.50000000000        206.3895    
   1593.75000000000        55.17729    
   1625.00000000000        96.80589    
   1656.25000000000        170.5910    
   1687.50000000000        147.1145    
   1718.75000000000        109.2402    
   1750.00000000000        153.4746    
   1781.25000000000        307.3955    
   1812.50000000000        247.6397    
   1843.75000000000        99.70535    
   1875.00000000000        91.54095    
   1906.25000000000        38.55499    
   1937.50000000000        43.88147    
   1968.75000000000        75.50853    
   2000.00000000000        36.14918    
   2031.25000000000        20.29854    
   2062.50000000000        66.52814    
   2093.75000000000        88.70550    
   2125.00000000000        67.84632    
   2156.25000000000        114.6470    
   2187.50000000000        107.4117    
   2218.75000000000        73.95879    
   2250.00000000000        54.04763    
   2281.25000000000        44.83168    
   2312.50000000000        90.97424    
   2343.75000000000        148.4866    
   2375.00000000000        25.16990    
   2406.25000000000        51.78907    
   2437.50000000000        104.6119    
   2468.75000000000        12.76112    
   2500.00000000000        146.5024    
   2531.25000000000        15.92960    
   2562.50000000000        69.23784    
   2593.75000000000        99.71932    
   2625.00000000000        33.74140    
   2656.25000000000        56.76681    
   2687.50000000000        132.9537    
   2718.75000000000        74.02606    
   2750.00000000000        78.72974    
   2781.25000000000        47.97343    
   2812.50000000000        145.5314    
   2843.75000000000        66.31156    
   2875.00000000000        136.2105    
   2906.25000000000        27.60731    
   2937.50000000000        210.7990    
   2968.75000000000        106.5490    
   3000.00000000000        121.1735    
   3031.25000000000        185.5595    
   3062.50000000000        236.6340    
   3093.75000000000        206.8819    
   3125.00000000000        138.5279    
   3156.25000000000        251.6627    
   3187.50000000000        110.7161    
   3218.75000000000        244.4343    
   3250.00000000000        204.5102    
   3281.25000000000        233.3857    
   3312.50000000000        240.2375    
   3343.75000000000        129.5757    
   3375.00000000000        138.0912    
   3406.25000000000        440.4529    
   3437.50000000000        156.0492    
   3468.75000000000        277.6613    
   3500.00000000000        275.1002    
   3531.25000000000        89.03977    
   3562.50000000000        259.1195    
   3593.75000000000        218.0757    
   3625.00000000000        166.2040    
   3656.25000000000        348.9987    
   3687.50000000000        286.7570    
   3718.75000000000        325.1646    
   3750.00000000000        237.6469    
   3781.25000000000        417.5846    
   3812.50000000000        275.5708    
   3843.75000000000        395.2180    
   3875.00000000000        340.6702    
   3906.25000000000        226.0580    
   3937.50000000000        474.1949    
   3968.75000000000        380.3188    
