  -2000.00000000000        39.12649    
  -1984.37500000000        18.23402    
  -1968.75000000000        20.96001    
  -1953.12500000000        49.82233    
  -1937.50000000000        84.51136    
  -1921.87500000000        15.96203    
  -1906.25000000000        29.20755    
  -1890.62500000000        73.01175    
  -1875.00000000000        46.80986    
  -1859.37500000000        20.19986    
  -1843.75000000000        24.93698    
  -1828.12500000000        55.27959    
  -1812.50000000000        41.50861    
  -1796.87500000000        27.15326    
  -1781.25000000000        38.66534    
  -1765.62500000000        16.92313    
  -1750.00000000000        100.2696    
  -1734.37500000000        4.814461    
  -1718.75000000000        27.21546    
  -1703.12500000000        14.34732    
  -1687.50000000000        30.12436    
  -1671.87500000000        69.27821    
  -1656.25000000000        23.27408    
  -1640.62500000000        43.38859    
  -1625.00000000000        11.48569    
  -1609.37500000000        50.22850    
  -1593.75000000000        43.01356    
  -1578.12500000000        62.91071    
  -1562.50000000000        76.39615    
  -1546.87500000000        191.0727    
  -1531.25000000000        50.19160    
  -1515.62500000000        23.11641    
  -1500.00000000000        62.41422    
  -1484.37500000000        57.32937    
  -1468.75000000000        42.01432    
  -1453.12500000000        16.36096    
  -1437.50000000000        42.72090    
  -1421.87500000000        37.51199    
  -1406.25000000000        39.93475    
  -1390.62500000000        39.65612    
  -1375.00000000000        35.11393    
  -1359.37500000000        118.1844    
  -1343.75000000000        83.15971    
  -1328.12500000000        39.36963    
  -1312.50000000000        43.64834    
  -1296.87500000000        85.26704    
  -1281.25000000000        38.39136    
  -1265.62500000000        37.61194    
  -1250.00000000000        117.2980    
  -1234.37500000000        71.50256    
  -1218.75000000000        34.77285    
  -1203.12500000000        89.62695    
  -1187.50000000000        106.1802    
  -1171.87500000000        318.9476    
  -1156.25000000000        302.4312    
  -1140.62500000000        106.6267    
  -1125.00000000000        35.61082    
  -1109.37500000000        39.09311    
  -1093.75000000000        98.47723    
  -1078.12500000000        35.83063    
  -1062.50000000000        19.05536    
  -1046.87500000000        16.15802    
  -1031.25000000000        26.27264    
  -1015.62500000000        15.35667    
  -1000.00000000000        23.67763    
  -984.375000000000        80.85494    
  -968.750000000000        296.4807    
  -953.125000000000        32.62141    
  -937.500000000000        22.63081    
  -921.875000000000        78.07896    
  -906.250000000000        90.60824    
  -890.625000000000        12.48787    
  -875.000000000000        19.25978    
  -859.375000000000        19.95499    
  -843.750000000000        28.57770    
  -828.125000000000        79.83640    
  -812.500000000000        64.27579    
  -796.875000000000        73.79271    
  -781.250000000000        124.8901    
  -765.625000000000        84.50739    
  -750.000000000000        2.860995    
  -734.375000000000        40.53704    
  -718.750000000000        77.11308    
  -703.125000000000        64.09459    
  -687.500000000000        32.86399    
  -671.875000000000        54.46952    
  -656.250000000000        74.37428    
  -640.625000000000        66.40663    
  -625.000000000000        149.4707    
  -609.375000000000        223.7977    
  -593.750000000000        395.3582    
  -578.125000000000        1348.630    
  -562.500000000000        208.3469    
  -546.875000000000        40.82239    
  -531.250000000000        101.9841    
  -515.625000000000        86.83591    
  -500.000000000000        75.33712    
  -484.375000000000        22.27679    
  -468.750000000000        42.29583    
  -453.125000000000        44.36681    
  -437.500000000000        18.52550    
  -421.875000000000        69.50279    
  -406.250000000000        100.7545    
  -390.625000000000        701.7230    
  -375.000000000000        45.57084    
  -359.375000000000        96.85867    
  -343.750000000000        84.43695    
  -328.125000000000        117.7469    
  -312.500000000000        92.04202    
  -296.875000000000        99.52149    
  -281.250000000000        64.69772    
  -265.625000000000        173.1199    
  -250.000000000000        199.7241    
  -234.375000000000        194.7253    
  -218.750000000000        358.4209    
  -203.125000000000        1231.577    
  -187.500000000000        1589.536    
  -171.875000000000        493.4698    
  -156.250000000000        267.0658    
  -140.625000000000        187.4647    
  -125.000000000000        166.1363    
  -109.375000000000        159.7668    
  -93.7500000000000        118.2894    
  -78.1250000000000        128.5070    
  -62.5000000000000        76.80592    
  -46.8750000000000        67.07803    
  -31.2500000000000        34.64975    
  -15.6250000000000        155.2746    
  0.000000000000000E+000   34370.49    
   15.6250000000000        237.1643    
   31.2500000000000        142.0990    
   46.8750000000000        182.6479    
   62.5000000000000        38.52216    
   78.1250000000000        113.1785    
   93.7500000000000        102.3586    
   109.375000000000        93.66698    
   125.000000000000        123.1293    
   140.625000000000        115.0839    
   156.250000000000        160.8132    
   171.875000000000        256.6649    
   187.500000000000        776.4401    
   203.125000000000        383.5124    
   218.750000000000        256.3941    
   234.375000000000        170.6681    
   250.000000000000        186.7798    
   265.625000000000        68.83024    
   281.250000000000        75.76601    
   296.875000000000        53.48106    
   312.500000000000        91.10416    
   328.125000000000        42.38546    
   343.750000000000        74.91673    
   359.375000000000        146.4059    
   375.000000000000        424.2968    
   390.625000000000        1151.267    
   406.250000000000        241.4773    
   421.875000000000        121.9886    
   437.500000000000        143.7562    
   453.125000000000        49.19735    
   468.750000000000        62.18204    
   484.375000000000        17.33184    
   500.000000000000        43.47983    
   515.625000000000        126.1421    
   531.250000000000        125.0714    
   546.875000000000        140.1488    
   562.500000000000        233.4411    
   578.125000000000        1450.009    
   593.750000000000        572.9315    
   609.375000000000        235.4162    
   625.000000000000        153.9461    
   640.625000000000        142.1344    
   656.250000000000        126.1938    
   671.875000000000        96.84364    
   687.500000000000        83.34023    
   703.125000000000        123.9967    
   718.750000000000        66.71802    
   734.375000000000        123.7988    
   750.000000000000        167.5600    
   765.625000000000        484.5386    
   781.250000000000        561.3354    
   796.875000000000        160.4480    
   812.500000000000        107.1419    
   828.125000000000        88.93624    
   843.750000000000        39.91494    
   859.375000000000        24.81530    
   875.000000000000        22.76450    
   890.625000000000        38.53700    
   906.250000000000        44.91956    
   921.875000000000        144.3951    
   937.500000000000        54.46274    
   953.125000000000        54.88216    
   968.750000000000        128.4416    
   984.375000000000        27.57908    
   1000.00000000000        9.310083    
   1015.62500000000        8.551338    
   1031.25000000000        24.53784    
   1046.87500000000        28.10257    
   1062.50000000000        21.46202    
   1078.12500000000        36.99190    
   1093.75000000000        90.79546    
   1109.37500000000        48.43201    
   1125.00000000000        45.69366    
   1140.62500000000        75.04639    
   1156.25000000000        276.7600    
   1171.87500000000        248.8051    
   1187.50000000000        107.3530    
   1203.12500000000        46.65325    
   1218.75000000000        41.57512    
   1234.37500000000        26.29777    
   1250.00000000000        93.67430    
   1265.62500000000        48.44569    
   1281.25000000000        21.92729    
   1296.87500000000        33.27061    
   1312.50000000000        9.361035    
   1328.12500000000        6.992028    
   1343.75000000000        4.111294    
   1359.37500000000        92.16425    
   1375.00000000000        14.83441    
   1390.62500000000        13.32337    
   1406.25000000000        22.77642    
   1421.87500000000        42.76495    
   1437.50000000000        28.22267    
   1453.12500000000        52.89987    
   1468.75000000000        5.983400    
   1484.37500000000        70.35909    
   1500.00000000000        100.3484    
   1515.62500000000        11.11635    
   1531.25000000000        1.074594    
   1546.87500000000        109.1947    
   1562.50000000000        29.02836    
   1578.12500000000        66.25574    
   1593.75000000000        19.60545    
   1609.37500000000        20.31926    
   1625.00000000000        8.835623    
   1640.62500000000        20.63551    
   1656.25000000000        40.34728    
   1671.87500000000        24.47272    
   1687.50000000000        34.47447    
   1703.12500000000        30.87114    
   1718.75000000000        59.33307    
   1734.37500000000        12.55781    
   1750.00000000000        73.52271    
   1765.62500000000        13.01224    
   1781.25000000000        64.61898    
   1796.87500000000        30.70393    
   1812.50000000000        9.231622    
   1828.12500000000        39.53108    
   1843.75000000000        31.86588    
   1859.37500000000        55.05442    
   1875.00000000000        81.51529    
   1890.62500000000        10.31908    
   1906.25000000000        38.31864    
   1921.87500000000        33.70348    
   1937.50000000000        58.70640    
   1953.12500000000        64.71975    
   1968.75000000000        47.20631    
   1984.37500000000        12.01840    
