  -4000.00000000000        197.0892    
  -3968.75000000000        361.1232    
  -3937.50000000000        460.5036    
  -3906.25000000000        214.9490    
  -3875.00000000000        327.3889    
  -3843.75000000000        366.2309    
  -3812.50000000000        264.9220    
  -3781.25000000000        388.4555    
  -3750.00000000000        237.4790    
  -3718.75000000000        301.8843    
  -3687.50000000000        273.5438    
  -3656.25000000000        338.3157    
  -3625.00000000000        156.9059    
  -3593.75000000000        211.9658    
  -3562.50000000000        238.0951    
  -3531.25000000000        84.60438    
  -3500.00000000000        272.2038    
  -3468.75000000000        252.3325    
  -3437.50000000000        147.3894    
  -3406.25000000000        418.9848    
  -3375.00000000000        126.4782    
  -3343.75000000000        121.9107    
  -3312.50000000000        234.7562    
  -3281.25000000000        213.4397    
  -3250.00000000000        184.3425    
  -3218.75000000000        225.3276    
  -3187.50000000000        101.5971    
  -3156.25000000000        239.4742    
  -3125.00000000000        143.2864    
  -3093.75000000000        191.3576    
  -3062.50000000000        222.5115    
  -3031.25000000000        173.5552    
  -3000.00000000000        108.8618    
  -2968.75000000000        108.5496    
  -2937.50000000000        195.0496    
  -2906.25000000000        24.71022    
  -2875.00000000000        127.5125    
  -2843.75000000000        58.00744    
  -2812.50000000000        140.4063    
  -2781.25000000000        50.53115    
  -2750.00000000000        70.75065    
  -2718.75000000000        70.71302    
  -2687.50000000000        136.6637    
  -2656.25000000000        52.71927    
  -2625.00000000000        31.34778    
  -2593.75000000000        93.57966    
  -2562.50000000000        59.91504    
  -2531.25000000000        18.31183    
  -2500.00000000000        138.2737    
  -2468.75000000000        10.12726    
  -2437.50000000000        91.65633    
  -2406.25000000000        53.29923    
  -2375.00000000000        21.74762    
  -2343.75000000000        138.2124    
  -2312.50000000000        86.08877    
  -2281.25000000000        38.26709    
  -2250.00000000000        53.17607    
  -2218.75000000000        72.90123    
  -2187.50000000000        103.3655    
  -2156.25000000000        108.7588    
  -2125.00000000000        69.16860    
  -2093.75000000000        82.54972    
  -2062.50000000000        67.04257    
  -2031.25000000000        15.29590    
  -2000.00000000000        42.62690    
  -1968.75000000000        67.18245    
  -1937.50000000000        48.50697    
  -1906.25000000000        32.58752    
  -1875.00000000000        78.20011    
  -1843.75000000000        92.87646    
  -1812.50000000000        250.5900    
  -1781.25000000000        299.6305    
  -1750.00000000000        149.1835    
  -1718.75000000000        105.9819    
  -1687.50000000000        133.6800    
  -1656.25000000000        167.3335    
  -1625.00000000000        100.8012    
  -1593.75000000000        52.60860    
  -1562.50000000000        200.3223    
  -1531.25000000000        116.0408    
  -1500.00000000000        34.76627    
  -1468.75000000000        66.27607    
  -1437.50000000000        42.54466    
  -1406.25000000000        83.06032    
  -1375.00000000000        131.2776    
  -1343.75000000000        101.9537    
  -1312.50000000000        85.03457    
  -1281.25000000000        71.82436    
  -1250.00000000000        214.8003    
  -1218.75000000000        42.93951    
  -1187.50000000000        42.96580    
  -1156.25000000000        140.5613    
  -1125.00000000000        33.45671    
  -1093.75000000000        89.16232    
  -1062.50000000000        166.7806    
  -1031.25000000000        61.47651    
  -1000.00000000000        89.01729    
  -968.750000000000        86.21190    
  -937.500000000000        36.73480    
  -906.250000000000        160.7796    
  -875.000000000000        85.56370    
  -843.750000000000        119.5032    
  -812.500000000000        207.6432    
  -781.250000000000        273.9782    
  -750.000000000000        208.0134    
  -718.750000000000        269.2509    
  -687.500000000000        235.8855    
  -656.250000000000        396.1632    
  -625.000000000000        38.97742    
  -593.750000000000        294.8069    
  -562.500000000000        114.4676    
  -531.250000000000        194.7999    
  -500.000000000000        297.9083    
  -468.750000000000        84.10883    
  -437.500000000000        230.7746    
  -406.250000000000        279.1354    
  -375.000000000000        640.5763    
  -343.750000000000        1044.552    
  -312.500000000000        546.5883    
  -281.250000000000        741.8060    
  -250.000000000000        380.3005    
  -218.750000000000        47.78551    
  -187.500000000000        348.0498    
  -156.250000000000        1328.310    
  -125.000000000000        1323.960    
  -93.7500000000000        471.0559    
  -62.5000000000000        1298.194    
  -31.2500000000000        2303.563    
  0.000000000000000E+000   6030.426    
   31.2500000000000        2302.678    
   62.5000000000000        1318.637    
   93.7500000000000        481.2689    
   125.000000000000        1341.498    
   156.250000000000        1365.685    
   187.500000000000        355.0092    
   218.750000000000        34.28759    
   250.000000000000        380.2541    
   281.250000000000        742.7756    
   312.500000000000        544.6801    
   343.750000000000        1034.069    
   375.000000000000        626.7346    
   406.250000000000        283.9447    
   437.500000000000        219.4281    
   468.750000000000        68.65507    
   500.000000000000        299.5445    
   531.250000000000        200.1111    
   562.500000000000        122.9553    
   593.750000000000        293.9115    
   625.000000000000        32.69248    
   656.250000000000        419.3117    
   687.500000000000        222.7036    
   718.750000000000        268.2025    
   750.000000000000        211.3134    
   781.250000000000        274.2625    
   812.500000000000        211.3542    
   843.750000000000        121.1106    
   875.000000000000        86.74577    
   906.250000000000        161.4361    
   937.500000000000        40.46947    
   968.750000000000        88.66610    
   1000.00000000000        95.31097    
   1031.25000000000        66.29961    
   1062.50000000000        160.6487    
   1093.75000000000        91.89989    
   1125.00000000000        29.91672    
   1156.25000000000        141.2482    
   1187.50000000000        47.40717    
   1218.75000000000        39.50343    
   1250.00000000000        220.6183    
   1281.25000000000        65.66473    
   1312.50000000000        87.04888    
   1343.75000000000        107.0744    
   1375.00000000000        132.0634    
   1406.25000000000        79.23902    
   1437.50000000000        47.55162    
   1468.75000000000        75.29739    
   1500.00000000000        38.16163    
   1531.25000000000        116.0822    
   1562.50000000000        195.1132    
   1593.75000000000        55.81388    
   1625.00000000000        103.9813    
   1656.25000000000        165.1419    
   1687.50000000000        143.4386    
   1718.75000000000        99.32437    
   1750.00000000000        145.9018    
   1781.25000000000        292.2462    
   1812.50000000000        237.6982    
   1843.75000000000        92.93002    
   1875.00000000000        82.91679    
   1906.25000000000        29.78008    
   1937.50000000000        50.80446    
   1968.75000000000        67.22565    
   2000.00000000000        39.91073    
   2031.25000000000        21.97820    
   2062.50000000000        63.66668    
   2093.75000000000        83.73622    
   2125.00000000000        65.58891    
   2156.25000000000        107.4169    
   2187.50000000000        105.0090    
   2218.75000000000        72.09712    
   2250.00000000000        51.46058    
   2281.25000000000        39.74489    
   2312.50000000000        86.57578    
   2343.75000000000        140.7625    
   2375.00000000000        22.56122    
   2406.25000000000        48.66786    
   2437.50000000000        95.67365    
   2468.75000000000        14.14748    
   2500.00000000000        139.1856    
   2531.25000000000        15.08847    
   2562.50000000000        66.26737    
   2593.75000000000        91.85934    
   2625.00000000000        30.08438    
   2656.25000000000        52.53541    
   2687.50000000000        134.6228    
   2718.75000000000        70.61223    
   2750.00000000000        67.25242    
   2781.25000000000        48.39696    
   2812.50000000000        140.8263    
   2843.75000000000        60.59858    
   2875.00000000000        131.0046    
   2906.25000000000        26.23017    
   2937.50000000000        194.9155    
   2968.75000000000        105.5196    
   3000.00000000000        108.8200    
   3031.25000000000        178.7390    
   3062.50000000000        220.3449    
   3093.75000000000        190.2634    
   3125.00000000000        139.6711    
   3156.25000000000        239.4820    
   3187.50000000000        102.6286    
   3218.75000000000        230.2991    
   3250.00000000000        187.4765    
   3281.25000000000        218.5714    
   3312.50000000000        231.8491    
   3343.75000000000        122.3049    
   3375.00000000000        127.7159    
   3406.25000000000        419.4856    
   3437.50000000000        147.7542    
   3468.75000000000        257.3503    
   3500.00000000000        269.2212    
   3531.25000000000        82.44286    
   3562.50000000000        241.5682    
   3593.75000000000        208.6057    
   3625.00000000000        154.0788    
   3656.25000000000        338.3296    
   3687.50000000000        276.1206    
   3718.75000000000        301.1689    
   3750.00000000000        233.5023    
   3781.25000000000        393.0725    
   3812.50000000000        262.6809    
   3843.75000000000        369.5682    
   3875.00000000000        325.0829    
   3906.25000000000        215.8981    
   3937.50000000000        456.8196    
   3968.75000000000        365.3935    
