  -4000.00000000000        195.6736    
  -3968.75000000000        360.5480    
  -3937.50000000000        458.5050    
  -3906.25000000000        214.1609    
  -3875.00000000000        326.9892    
  -3843.75000000000        364.9873    
  -3812.50000000000        262.8114    
  -3781.25000000000        388.2921    
  -3750.00000000000        236.4934    
  -3718.75000000000        299.6553    
  -3687.50000000000        275.4342    
  -3656.25000000000        335.4179    
  -3625.00000000000        155.7202    
  -3593.75000000000        212.0246    
  -3562.50000000000        237.3285    
  -3531.25000000000        83.56959    
  -3500.00000000000        270.3125    
  -3468.75000000000        251.5795    
  -3437.50000000000        146.2497    
  -3406.25000000000        417.1650    
  -3375.00000000000        126.6048    
  -3343.75000000000        120.7920    
  -3312.50000000000        232.2050    
  -3281.25000000000        213.8265    
  -3250.00000000000        184.2731    
  -3218.75000000000        225.0863    
  -3187.50000000000        99.85046    
  -3156.25000000000        238.6799    
  -3125.00000000000        140.1803    
  -3093.75000000000        189.3453    
  -3062.50000000000        219.1144    
  -3031.25000000000        173.5358    
  -3000.00000000000        107.0110    
  -2968.75000000000        108.0639    
  -2937.50000000000        194.6205    
  -2906.25000000000        26.42208    
  -2875.00000000000        129.9087    
  -2843.75000000000        59.31468    
  -2812.50000000000        138.4548    
  -2781.25000000000        47.11184    
  -2750.00000000000        67.62095    
  -2718.75000000000        71.01421    
  -2687.50000000000        132.7283    
  -2656.25000000000        53.19717    
  -2625.00000000000        32.97184    
  -2593.75000000000        95.94029    
  -2562.50000000000        60.71299    
  -2531.25000000000        18.20412    
  -2500.00000000000        136.8417    
  -2468.75000000000        11.82526    
  -2437.50000000000        92.37786    
  -2406.25000000000        52.57428    
  -2375.00000000000        21.96620    
  -2343.75000000000        138.3975    
  -2312.50000000000        85.73663    
  -2281.25000000000        40.13654    
  -2250.00000000000        51.47704    
  -2218.75000000000        70.55708    
  -2187.50000000000        101.4529    
  -2156.25000000000        106.6678    
  -2125.00000000000        63.80555    
  -2093.75000000000        81.74399    
  -2062.50000000000        64.17794    
  -2031.25000000000        17.45634    
  -2000.00000000000        41.12638    
  -1968.75000000000        68.40743    
  -1937.50000000000        49.28641    
  -1906.25000000000        32.40858    
  -1875.00000000000        78.39452    
  -1843.75000000000        89.47676    
  -1812.50000000000        244.1603    
  -1781.25000000000        293.1563    
  -1750.00000000000        146.9152    
  -1718.75000000000        102.2396    
  -1687.50000000000        140.9334    
  -1656.25000000000        164.3881    
  -1625.00000000000        99.04055    
  -1593.75000000000        52.59823    
  -1562.50000000000        200.4887    
  -1531.25000000000        120.6708    
  -1500.00000000000        31.93166    
  -1468.75000000000        67.62116    
  -1437.50000000000        44.38874    
  -1406.25000000000        80.38052    
  -1375.00000000000        131.2693    
  -1343.75000000000        107.6136    
  -1312.50000000000        82.71366    
  -1281.25000000000        70.66602    
  -1250.00000000000        220.5405    
  -1218.75000000000        44.60512    
  -1187.50000000000        43.50142    
  -1156.25000000000        139.8048    
  -1125.00000000000        31.77630    
  -1093.75000000000        86.59010    
  -1062.50000000000        167.9098    
  -1031.25000000000        64.30655    
  -1000.00000000000        92.66483    
  -968.750000000000        89.98469    
  -937.500000000000        38.95024    
  -906.250000000000        161.1514    
  -875.000000000000        88.54579    
  -843.750000000000        118.6699    
  -812.500000000000        212.2940    
  -781.250000000000        282.5696    
  -750.000000000000        208.3818    
  -718.750000000000        264.8873    
  -687.500000000000        228.9368    
  -656.250000000000        407.9186    
  -625.000000000000        32.40149    
  -593.750000000000        301.7217    
  -562.500000000000        122.4655    
  -531.250000000000        198.5927    
  -500.000000000000        294.2958    
  -468.750000000000        77.39203    
  -437.500000000000        229.4217    
  -406.250000000000        278.5286    
  -375.000000000000        639.7263    
  -343.750000000000        1039.148    
  -312.500000000000        533.0167    
  -281.250000000000        761.0085    
  -250.000000000000        380.0255    
  -218.750000000000        43.91313    
  -187.500000000000        352.2495    
  -156.250000000000        1334.860    
  -125.000000000000        1312.384    
  -93.7500000000000        474.2984    
  -62.5000000000000        1292.782    
  -31.2500000000000        2279.974    
  0.000000000000000E+000   5929.211    
   31.2500000000000        2264.576    
   62.5000000000000        1304.477    
   93.7500000000000        491.5718    
   125.000000000000        1319.506    
   156.250000000000        1345.888    
   187.500000000000        361.5579    
   218.750000000000        38.40813    
   250.000000000000        385.9802    
   281.250000000000        727.9193    
   312.500000000000        538.2479    
   343.750000000000        1038.682    
   375.000000000000        632.8794    
   406.250000000000        276.1508    
   437.500000000000        216.9516    
   468.750000000000        73.14760    
   500.000000000000        300.9157    
   531.250000000000        192.8955    
   562.500000000000        123.8817    
   593.750000000000        303.3185    
   625.000000000000        32.15446    
   656.250000000000        412.4481    
   687.500000000000        225.9864    
   718.750000000000        267.6130    
   750.000000000000        207.1675    
   781.250000000000        278.4882    
   812.500000000000        217.0501    
   843.750000000000        120.2770    
   875.000000000000        89.67515    
   906.250000000000        164.8079    
   937.500000000000        35.86779    
   968.750000000000        89.79903    
   1000.00000000000        99.43254    
   1031.25000000000        68.44541    
   1062.50000000000        164.5579    
   1093.75000000000        92.50638    
   1125.00000000000        32.10114    
   1156.25000000000        146.1105    
   1187.50000000000        41.35949    
   1218.75000000000        44.34735    
   1250.00000000000        222.1879    
   1281.25000000000        65.78874    
   1312.50000000000        87.45220    
   1343.75000000000        108.3323    
   1375.00000000000        129.9032    
   1406.25000000000        85.90192    
   1437.50000000000        43.54901    
   1468.75000000000        75.51500    
   1500.00000000000        37.44993    
   1531.25000000000        114.8376    
   1562.50000000000        198.5752    
   1593.75000000000        50.85190    
   1625.00000000000        100.4931    
   1656.25000000000        162.4344    
   1687.50000000000        138.5866    
   1718.75000000000        103.0319    
   1750.00000000000        146.2561    
   1781.25000000000        286.6902    
   1812.50000000000        241.5267    
   1843.75000000000        91.61452    
   1875.00000000000        80.63246    
   1906.25000000000        32.75115    
   1937.50000000000        48.56377    
   1968.75000000000        66.72071    
   2000.00000000000        41.64014    
   2031.25000000000        18.31443    
   2062.50000000000        65.91917    
   2093.75000000000        81.63236    
   2125.00000000000        63.74606    
   2156.25000000000        107.1186    
   2187.50000000000        101.2962    
   2218.75000000000        71.48058    
   2250.00000000000        49.12329    
   2281.25000000000        39.12870    
   2312.50000000000        82.39236    
   2343.75000000000        140.1390    
   2375.00000000000        22.71335    
   2406.25000000000        51.22147    
   2437.50000000000        92.10080    
   2468.75000000000        11.23138    
   2500.00000000000        137.9820    
   2531.25000000000        17.16402    
   2562.50000000000        62.23534    
   2593.75000000000        95.10294    
   2625.00000000000        34.31751    
   2656.25000000000        52.48095    
   2687.50000000000        133.3091    
   2718.75000000000        69.71868    
   2750.00000000000        68.12950    
   2781.25000000000        46.65089    
   2812.50000000000        140.0197    
   2843.75000000000        58.44265    
   2875.00000000000        129.8112    
   2906.25000000000        25.45090    
   2937.50000000000        194.3633    
   2968.75000000000        106.6303    
   3000.00000000000        110.2386    
   3031.25000000000        174.5488    
   3062.50000000000        218.5223    
   3093.75000000000        189.5440    
   3125.00000000000        137.6464    
   3156.25000000000        238.4615    
   3187.50000000000        101.3941    
   3218.75000000000        226.6330    
   3250.00000000000        185.8886    
   3281.25000000000        215.6532    
   3312.50000000000        230.0376    
   3343.75000000000        122.6099    
   3375.00000000000        126.3986    
   3406.25000000000        416.2162    
   3437.50000000000        145.8855    
   3468.75000000000        255.5321    
   3500.00000000000        267.3006    
   3531.25000000000        82.91908    
   3562.50000000000        239.9119    
   3593.75000000000        208.0920    
   3625.00000000000        153.4401    
   3656.25000000000        335.5099    
   3687.50000000000        273.7425    
   3718.75000000000        300.4106    
   3750.00000000000        234.7602    
   3781.25000000000        391.7891    
   3812.50000000000        260.8081    
   3843.75000000000        367.8882    
   3875.00000000000        323.2176    
   3906.25000000000        214.0297    
   3937.50000000000        455.4522    
   3968.75000000000        362.5272    
