  -4000.00000000000        195.4440    
  -3968.75000000000        360.2971    
  -3937.50000000000        455.7479    
  -3906.25000000000        214.1967    
  -3875.00000000000        324.4147    
  -3843.75000000000        365.8519    
  -3812.50000000000        261.1297    
  -3781.25000000000        388.4408    
  -3750.00000000000        234.2481    
  -3718.75000000000        299.0695    
  -3687.50000000000        274.1316    
  -3656.25000000000        334.9416    
  -3625.00000000000        154.3043    
  -3593.75000000000        209.9187    
  -3562.50000000000        237.7350    
  -3531.25000000000        83.28193    
  -3500.00000000000        268.1471    
  -3468.75000000000        252.5995    
  -3437.50000000000        145.9152    
  -3406.25000000000        416.5231    
  -3375.00000000000        125.9723    
  -3343.75000000000        121.3489    
  -3312.50000000000        230.9255    
  -3281.25000000000        214.1326    
  -3250.00000000000        184.1176    
  -3218.75000000000        225.4942    
  -3187.50000000000        100.4809    
  -3156.25000000000        238.2190    
  -3125.00000000000        139.8636    
  -3093.75000000000        188.9079    
  -3062.50000000000        218.6788    
  -3031.25000000000        173.7991    
  -3000.00000000000        108.1229    
  -2968.75000000000        106.5459    
  -2937.50000000000        194.7806    
  -2906.25000000000        26.22366    
  -2875.00000000000        128.6244    
  -2843.75000000000        59.46772    
  -2812.50000000000        138.2166    
  -2781.25000000000        47.15858    
  -2750.00000000000        68.29285    
  -2718.75000000000        69.92988    
  -2687.50000000000        132.2872    
  -2656.25000000000        52.98895    
  -2625.00000000000        33.62862    
  -2593.75000000000        94.65472    
  -2562.50000000000        61.65778    
  -2531.25000000000        18.12078    
  -2500.00000000000        137.4498    
  -2468.75000000000        12.20092    
  -2437.50000000000        92.39233    
  -2406.25000000000        51.35389    
  -2375.00000000000        22.12325    
  -2343.75000000000        138.7439    
  -2312.50000000000        84.51263    
  -2281.25000000000        39.71335    
  -2250.00000000000        50.41066    
  -2218.75000000000        71.16770    
  -2187.50000000000        102.5263    
  -2156.25000000000        105.2614    
  -2125.00000000000        63.78042    
  -2093.75000000000        82.36148    
  -2062.50000000000        64.33286    
  -2031.25000000000        18.58195    
  -2000.00000000000        42.46939    
  -1968.75000000000        66.35442    
  -1937.50000000000        49.02604    
  -1906.25000000000        31.86119    
  -1875.00000000000        78.58041    
  -1843.75000000000        91.80234    
  -1812.50000000000        242.9164    
  -1781.25000000000        288.6709    
  -1750.00000000000        145.1423    
  -1718.75000000000        101.6234    
  -1687.50000000000        140.6235    
  -1656.25000000000        162.9475    
  -1625.00000000000        100.3324    
  -1593.75000000000        53.16632    
  -1562.50000000000        198.7457    
  -1531.25000000000        115.3067    
  -1500.00000000000        35.33851    
  -1468.75000000000        71.98492    
  -1437.50000000000        43.26624    
  -1406.25000000000        82.01739    
  -1375.00000000000        129.4740    
  -1343.75000000000        105.1001    
  -1312.50000000000        83.38583    
  -1281.25000000000        70.63113    
  -1250.00000000000        221.5566    
  -1218.75000000000        42.31827    
  -1187.50000000000        38.53398    
  -1156.25000000000        141.8817    
  -1125.00000000000        32.54004    
  -1093.75000000000        87.82880    
  -1062.50000000000        161.8670    
  -1031.25000000000        67.52952    
  -1000.00000000000        91.15276    
  -968.750000000000        89.19106    
  -937.500000000000        34.77512    
  -906.250000000000        161.4152    
  -875.000000000000        85.68418    
  -843.750000000000        121.7714    
  -812.500000000000        214.5503    
  -781.250000000000        271.8672    
  -750.000000000000        208.0709    
  -718.750000000000        266.7522    
  -687.500000000000        227.7687    
  -656.250000000000        405.8212    
  -625.000000000000        35.17358    
  -593.750000000000        298.2580    
  -562.500000000000        117.4863    
  -531.250000000000        194.2964    
  -500.000000000000        299.3835    
  -468.750000000000        72.47260    
  -437.500000000000        223.9407    
  -406.250000000000        280.1446    
  -375.000000000000        632.4213    
  -343.750000000000        1034.799    
  -312.500000000000        538.5242    
  -281.250000000000        740.8161    
  -250.000000000000        377.8617    
  -218.750000000000        35.04492    
  -187.500000000000        355.4453    
  -156.250000000000        1339.920    
  -125.000000000000        1318.961    
  -93.7500000000000        472.0627    
  -62.5000000000000        1297.420    
  -31.2500000000000        2272.675    
  0.000000000000000E+000   5980.784    
   31.2500000000000        2274.641    
   62.5000000000000        1298.213    
   93.7500000000000        478.7474    
   125.000000000000        1317.268    
   156.250000000000        1342.884    
   187.500000000000        356.5977    
   218.750000000000        33.74895    
   250.000000000000        377.2960    
   281.250000000000        739.6323    
   312.500000000000        538.6151    
   343.750000000000        1034.112    
   375.000000000000        631.7768    
   406.250000000000        279.9340    
   437.500000000000        223.3192    
   468.750000000000        72.36675    
   500.000000000000        299.2059    
   531.250000000000        194.4494    
   562.500000000000        117.9676    
   593.750000000000        298.2490    
   625.000000000000        35.27837    
   656.250000000000        405.7990    
   687.500000000000        227.8022    
   718.750000000000        267.0122    
   750.000000000000        208.2563    
   781.250000000000        271.7149    
   812.500000000000        214.5826    
   843.750000000000        121.6766    
   875.000000000000        85.71455    
   906.250000000000        161.4063    
   937.500000000000        34.80965    
   968.750000000000        89.18371    
   1000.00000000000        91.37033    
   1031.25000000000        67.58042    
   1062.50000000000        161.7004    
   1093.75000000000        87.97115    
   1125.00000000000        32.69936    
   1156.25000000000        141.8727    
   1187.50000000000        38.41126    
   1218.75000000000        42.36715    
   1250.00000000000        221.7894    
   1281.25000000000        70.36189    
   1312.50000000000        83.30616    
   1343.75000000000        105.1511    
   1375.00000000000        129.5446    
   1406.25000000000        82.10833    
   1437.50000000000        43.07763    
   1468.75000000000        71.88068    
   1500.00000000000        35.19814    
   1531.25000000000        115.1479    
   1562.50000000000        198.5528    
   1593.75000000000        53.20170    
   1625.00000000000        100.2445    
   1656.25000000000        162.5750    
   1687.50000000000        140.4803    
   1718.75000000000        101.3550    
   1750.00000000000        145.0103    
   1781.25000000000        288.2342    
   1812.50000000000        242.3991    
   1843.75000000000        91.68573    
   1875.00000000000        78.68197    
   1906.25000000000        31.84121    
   1937.50000000000        48.99342    
   1968.75000000000        66.34016    
   2000.00000000000        42.28496    
   2031.25000000000        18.58194    
   2062.50000000000        64.38064    
   2093.75000000000        82.31605    
   2125.00000000000        63.67704    
   2156.25000000000        105.2802    
   2187.50000000000        102.5133    
   2218.75000000000        71.19955    
   2250.00000000000        50.47282    
   2281.25000000000        39.78711    
   2312.50000000000        84.41296    
   2343.75000000000        138.9253    
   2375.00000000000        22.17555    
   2406.25000000000        51.24435    
   2437.50000000000        92.39559    
   2468.75000000000        12.09637    
   2500.00000000000        137.5992    
   2531.25000000000        18.06705    
   2562.50000000000        61.75607    
   2593.75000000000        94.60110    
   2625.00000000000        33.78272    
   2656.25000000000        52.92823    
   2687.50000000000        132.4170    
   2718.75000000000        69.87763    
   2750.00000000000        68.30180    
   2781.25000000000        47.03555    
   2812.50000000000        138.3121    
   2843.75000000000        59.44844    
   2875.00000000000        128.8190    
   2906.25000000000        26.20900    
   2937.50000000000        194.7903    
   2968.75000000000        106.3768    
   3000.00000000000        108.3558    
   3031.25000000000        174.0736    
   3062.50000000000        218.5825    
   3093.75000000000        188.8704    
   3125.00000000000        139.5824    
   3156.25000000000        238.1815    
   3187.50000000000        100.5940    
   3218.75000000000        225.9610    
   3250.00000000000        184.3965    
   3281.25000000000        214.4313    
   3312.50000000000        230.6642    
   3343.75000000000        121.3851    
   3375.00000000000        126.0109    
   3406.25000000000        416.5215    
   3437.50000000000        145.8084    
   3468.75000000000        253.0800    
   3500.00000000000        267.8756    
   3531.25000000000        83.07683    
   3562.50000000000        237.9709    
   3593.75000000000        209.3781    
   3625.00000000000        154.0194    
   3656.25000000000        334.9521    
   3687.50000000000        274.0824    
   3718.75000000000        299.1254    
   3750.00000000000        233.9397    
   3781.25000000000        388.8156    
   3812.50000000000        260.8797    
   3843.75000000000        366.2682    
   3875.00000000000        324.2197    
   3906.25000000000        214.1754    
   3937.50000000000        455.3476    
   3968.75000000000        360.5656    
