  -4000.00000000000        202.8099    
  -3968.75000000000        365.0420    
  -3937.50000000000        470.5415    
  -3906.25000000000        218.6687    
  -3875.00000000000        338.0484    
  -3843.75000000000        368.7795    
  -3812.50000000000        273.0622    
  -3781.25000000000        391.9419    
  -3750.00000000000        243.4464    
  -3718.75000000000        303.0140    
  -3687.50000000000        278.3825    
  -3656.25000000000        341.7748    
  -3625.00000000000        160.9970    
  -3593.75000000000        218.0447    
  -3562.50000000000        241.0523    
  -3531.25000000000        88.25923    
  -3500.00000000000        274.1304    
  -3468.75000000000        253.8752    
  -3437.50000000000        148.4190    
  -3406.25000000000        427.1345    
  -3375.00000000000        129.6785    
  -3343.75000000000        121.9660    
  -3312.50000000000        237.8693    
  -3281.25000000000        214.8540    
  -3250.00000000000        185.5371    
  -3218.75000000000        226.3592    
  -3187.50000000000        103.4977    
  -3156.25000000000        239.1682    
  -3125.00000000000        141.1883    
  -3093.75000000000        192.4332    
  -3062.50000000000        223.4048    
  -3031.25000000000        175.3971    
  -3000.00000000000        109.1565    
  -2968.75000000000        111.3831    
  -2937.50000000000        197.9970    
  -2906.25000000000        26.53617    
  -2875.00000000000        128.7705    
  -2843.75000000000        60.43551    
  -2812.50000000000        138.8413    
  -2781.25000000000        50.46960    
  -2750.00000000000        68.46718    
  -2718.75000000000        67.58138    
  -2687.50000000000        133.9391    
  -2656.25000000000        54.66487    
  -2625.00000000000        29.16430    
  -2593.75000000000        93.42293    
  -2562.50000000000        61.75373    
  -2531.25000000000        16.48641    
  -2500.00000000000        140.9987    
  -2468.75000000000        9.588649    
  -2437.50000000000        93.98017    
  -2406.25000000000        51.39485    
  -2375.00000000000        22.09040    
  -2343.75000000000        141.9902    
  -2312.50000000000        86.81801    
  -2281.25000000000        37.32099    
  -2250.00000000000        47.54435    
  -2218.75000000000        72.28938    
  -2187.50000000000        103.7560    
  -2156.25000000000        105.0676    
  -2125.00000000000        64.41261    
  -2093.75000000000        88.00858    
  -2062.50000000000        62.37257    
  -2031.25000000000        18.83888    
  -2000.00000000000        42.35913    
  -1968.75000000000        67.35514    
  -1937.50000000000        58.21891    
  -1906.25000000000        33.98489    
  -1875.00000000000        74.81024    
  -1843.75000000000        94.09326    
  -1812.50000000000        250.2501    
  -1781.25000000000        299.2025    
  -1750.00000000000        148.4909    
  -1718.75000000000        107.4936    
  -1687.50000000000        146.7344    
  -1656.25000000000        174.1236    
  -1625.00000000000        103.1838    
  -1593.75000000000        53.92703    
  -1562.50000000000        200.1043    
  -1531.25000000000        123.3004    
  -1500.00000000000        37.09550    
  -1468.75000000000        65.67856    
  -1437.50000000000        42.85533    
  -1406.25000000000        88.54374    
  -1375.00000000000        126.0356    
  -1343.75000000000        106.9201    
  -1312.50000000000        91.12899    
  -1281.25000000000        75.60564    
  -1250.00000000000        224.4793    
  -1218.75000000000        38.88234    
  -1187.50000000000        42.45367    
  -1156.25000000000        142.7001    
  -1125.00000000000        35.00376    
  -1093.75000000000        88.20915    
  -1062.50000000000        160.6474    
  -1031.25000000000        70.58416    
  -1000.00000000000        91.27865    
  -968.750000000000        85.38070    
  -937.500000000000        38.34131    
  -906.250000000000        162.5631    
  -875.000000000000        82.48841    
  -843.750000000000        134.4863    
  -812.500000000000        218.6974    
  -781.250000000000        270.0965    
  -750.000000000000        213.1705    
  -718.750000000000        272.5677    
  -687.500000000000        235.0231    
  -656.250000000000        418.0474    
  -625.000000000000        34.14100    
  -593.750000000000        305.2278    
  -562.500000000000        121.5770    
  -531.250000000000        206.4608    
  -500.000000000000        307.0927    
  -468.750000000000        72.47444    
  -437.500000000000        234.5914    
  -406.250000000000        279.3881    
  -375.000000000000        648.5525    
  -343.750000000000        1059.897    
  -312.500000000000        547.4738    
  -281.250000000000        764.6193    
  -250.000000000000        387.8546    
  -218.750000000000        42.83897    
  -187.500000000000        351.1971    
  -156.250000000000        1337.706    
  -125.000000000000        1339.647    
  -93.7500000000000        475.2937    
  -62.5000000000000        1314.866    
  -31.2500000000000        2347.278    
  0.000000000000000E+000   6071.779    
   31.2500000000000        2318.550    
   62.5000000000000        1321.841    
   93.7500000000000        490.1963    
   125.000000000000        1354.603    
   156.250000000000        1385.026    
   187.500000000000        363.2285    
   218.750000000000        24.77186    
   250.000000000000        377.2037    
   281.250000000000        748.5214    
   312.500000000000        551.5383    
   343.750000000000        1053.020    
   375.000000000000        648.2893    
   406.250000000000        284.6825    
   437.500000000000        219.5848    
   468.750000000000        68.71890    
   500.000000000000        309.9706    
   531.250000000000        197.1205    
   562.500000000000        124.9355    
   593.750000000000        313.3716    
   625.000000000000        42.68275    
   656.250000000000        414.2475    
   687.500000000000        235.1750    
   718.750000000000        270.5675    
   750.000000000000        219.0891    
   781.250000000000        275.3197    
   812.500000000000        221.7000    
   843.750000000000        133.0592    
   875.000000000000        82.46623    
   906.250000000000        158.7657    
   937.500000000000        35.56222    
   968.750000000000        91.78918    
   1000.00000000000        93.05817    
   1031.25000000000        64.25166    
   1062.50000000000        168.4386    
   1093.75000000000        89.64095    
   1125.00000000000        33.56649    
   1156.25000000000        140.7424    
   1187.50000000000        36.10757    
   1218.75000000000        38.18780    
   1250.00000000000        230.3235    
   1281.25000000000        69.23439    
   1312.50000000000        86.68991    
   1343.75000000000        106.7279    
   1375.00000000000        131.8700    
   1406.25000000000        82.72167    
   1437.50000000000        42.17400    
   1468.75000000000        62.52917    
   1500.00000000000        36.22267    
   1531.25000000000        116.0655    
   1562.50000000000        203.0651    
   1593.75000000000        52.45389    
   1625.00000000000        104.6255    
   1656.25000000000        158.5444    
   1687.50000000000        142.1611    
   1718.75000000000        99.26842    
   1750.00000000000        142.2805    
   1781.25000000000        287.6291    
   1812.50000000000        243.8557    
   1843.75000000000        95.81346    
   1875.00000000000        84.45678    
   1906.25000000000        28.90245    
   1937.50000000000        52.48656    
   1968.75000000000        70.88409    
   2000.00000000000        43.13757    
   2031.25000000000        14.72136    
   2062.50000000000        66.73177    
   2093.75000000000        87.41998    
   2125.00000000000        64.04491    
   2156.25000000000        110.3936    
   2187.50000000000        102.4431    
   2218.75000000000        73.47432    
   2250.00000000000        55.90356    
   2281.25000000000        44.02074    
   2312.50000000000        86.39307    
   2343.75000000000        148.4174    
   2375.00000000000        22.84726    
   2406.25000000000        52.52908    
   2437.50000000000        92.20497    
   2468.75000000000        14.54056    
   2500.00000000000        141.1359    
   2531.25000000000        17.22320    
   2562.50000000000        63.51188    
   2593.75000000000        95.68522    
   2625.00000000000        37.00097    
   2656.25000000000        54.51095    
   2687.50000000000        139.8390    
   2718.75000000000        69.99770    
   2750.00000000000        70.03520    
   2781.25000000000        48.99089    
   2812.50000000000        142.5683    
   2843.75000000000        58.84711    
   2875.00000000000        131.8895    
   2906.25000000000        26.86627    
   2937.50000000000        197.9620    
   2968.75000000000        108.0400    
   3000.00000000000        113.1296    
   3031.25000000000        177.9765    
   3062.50000000000        221.0376    
   3093.75000000000        195.5288    
   3125.00000000000        135.6702    
   3156.25000000000        241.3367    
   3187.50000000000        107.9915    
   3218.75000000000        236.7972    
   3250.00000000000        192.2515    
   3281.25000000000        222.5258    
   3312.50000000000        233.5099    
   3343.75000000000        124.1429    
   3375.00000000000        127.1951    
   3406.25000000000        420.4743    
   3437.50000000000        149.1187    
   3468.75000000000        262.6236    
   3500.00000000000        269.1930    
   3531.25000000000        86.49129    
   3562.50000000000        245.0243    
   3593.75000000000        206.8312    
   3625.00000000000        155.7206    
   3656.25000000000        341.1610    
   3687.50000000000        279.1646    
   3718.75000000000        304.8392    
   3750.00000000000        238.5163    
   3781.25000000000        406.9203    
   3812.50000000000        263.0556    
   3843.75000000000        372.4507    
   3875.00000000000        323.0806    
   3906.25000000000        214.9641    
   3937.50000000000        461.2806    
   3968.75000000000        367.2025    
