  -4000.00000000000        196.7498    
  -3968.75000000000        361.4303    
  -3937.50000000000        460.5072    
  -3906.25000000000        214.8730    
  -3875.00000000000        326.4926    
  -3843.75000000000        367.3687    
  -3812.50000000000        263.7463    
  -3781.25000000000        387.6111    
  -3750.00000000000        235.8360    
  -3718.75000000000        300.2380    
  -3687.50000000000        275.5038    
  -3656.25000000000        335.9594    
  -3625.00000000000        156.9654    
  -3593.75000000000        212.3069    
  -3562.50000000000        238.1076    
  -3531.25000000000        83.86713    
  -3500.00000000000        271.2179    
  -3468.75000000000        251.2724    
  -3437.50000000000        146.4654    
  -3406.25000000000        419.2318    
  -3375.00000000000        126.1911    
  -3343.75000000000        120.7089    
  -3312.50000000000        233.3880    
  -3281.25000000000        213.1775    
  -3250.00000000000        182.8843    
  -3218.75000000000        226.2213    
  -3187.50000000000        100.6407    
  -3156.25000000000        240.5389    
  -3125.00000000000        141.4865    
  -3093.75000000000        190.1313    
  -3062.50000000000        220.4196    
  -3031.25000000000        173.5509    
  -3000.00000000000        107.3329    
  -2968.75000000000        109.0377    
  -2937.50000000000        194.4097    
  -2906.25000000000        27.37063    
  -2875.00000000000        128.2331    
  -2843.75000000000        59.01885    
  -2812.50000000000        138.7294    
  -2781.25000000000        48.04086    
  -2750.00000000000        69.80060    
  -2718.75000000000        70.56797    
  -2687.50000000000        132.1288    
  -2656.25000000000        52.02049    
  -2625.00000000000        32.29917    
  -2593.75000000000        94.42117    
  -2562.50000000000        60.28685    
  -2531.25000000000        18.67364    
  -2500.00000000000        136.6049    
  -2468.75000000000        11.06906    
  -2437.50000000000        93.09670    
  -2406.25000000000        52.88372    
  -2375.00000000000        20.48224    
  -2343.75000000000        137.8117    
  -2312.50000000000        85.33071    
  -2281.25000000000        41.69529    
  -2250.00000000000        50.63199    
  -2218.75000000000        71.87424    
  -2187.50000000000        103.5527    
  -2156.25000000000        106.4774    
  -2125.00000000000        64.98843    
  -2093.75000000000        81.42535    
  -2062.50000000000        67.99511    
  -2031.25000000000        16.71275    
  -2000.00000000000        45.06939    
  -1968.75000000000        64.87937    
  -1937.50000000000        46.22855    
  -1906.25000000000        30.57910    
  -1875.00000000000        80.62584    
  -1843.75000000000        95.77589    
  -1812.50000000000        248.9707    
  -1781.25000000000        292.2859    
  -1750.00000000000        144.8259    
  -1718.75000000000        101.6059    
  -1687.50000000000        141.5644    
  -1656.25000000000        162.1513    
  -1625.00000000000        99.35533    
  -1593.75000000000        55.39473    
  -1562.50000000000        200.7251    
  -1531.25000000000        116.9748    
  -1500.00000000000        38.98988    
  -1468.75000000000        73.32777    
  -1437.50000000000        36.85839    
  -1406.25000000000        78.42426    
  -1375.00000000000        129.4073    
  -1343.75000000000        104.6957    
  -1312.50000000000        84.49497    
  -1281.25000000000        70.81188    
  -1250.00000000000        222.6516    
  -1218.75000000000        42.08733    
  -1187.50000000000        40.40812    
  -1156.25000000000        144.2188    
  -1125.00000000000        38.23078    
  -1093.75000000000        86.38168    
  -1062.50000000000        162.9333    
  -1031.25000000000        63.32201    
  -1000.00000000000        89.96605    
  -968.750000000000        89.14430    
  -937.500000000000        33.96284    
  -906.250000000000        162.6328    
  -875.000000000000        86.23751    
  -843.750000000000        120.8939    
  -812.500000000000        211.8798    
  -781.250000000000        271.7215    
  -750.000000000000        207.9827    
  -718.750000000000        267.3545    
  -687.500000000000        230.9795    
  -656.250000000000        410.4151    
  -625.000000000000        32.29606    
  -593.750000000000        300.5715    
  -562.500000000000        114.9671    
  -531.250000000000        194.1167    
  -500.000000000000        301.7868    
  -468.750000000000        74.71801    
  -437.500000000000        230.3393    
  -406.250000000000        281.5479    
  -375.000000000000        643.6287    
  -343.750000000000        1045.217    
  -312.500000000000        542.0191    
  -281.250000000000        744.8487    
  -250.000000000000        381.1697    
  -218.750000000000        39.00258    
  -187.500000000000        356.0728    
  -156.250000000000        1337.850    
  -125.000000000000        1315.163    
  -93.7500000000000        466.2297    
  -62.5000000000000        1305.518    
  -31.2500000000000        2287.087    
  0.000000000000000E+000   6080.379    
   31.2500000000000        2283.633    
   62.5000000000000        1310.019    
   93.7500000000000        473.9785    
   125.000000000000        1323.745    
   156.250000000000        1357.156    
   187.500000000000        351.5232    
   218.750000000000        25.59008    
   250.000000000000        380.1396    
   281.250000000000        733.8052    
   312.500000000000        537.2145    
   343.750000000000        1034.545    
   375.000000000000        634.7715    
   406.250000000000        276.2711    
   437.500000000000        217.6342    
   468.750000000000        73.65613    
   500.000000000000        301.6880    
   531.250000000000        202.2204    
   562.500000000000        118.3679    
   593.750000000000        302.8906    
   625.000000000000        40.61927    
   656.250000000000        410.7124    
   687.500000000000        229.8529    
   718.750000000000        270.6969    
   750.000000000000        209.2271    
   781.250000000000        269.5130    
   812.500000000000        214.4945    
   843.750000000000        126.2276    
   875.000000000000        85.64790    
   906.250000000000        164.8879    
   937.500000000000        37.77861    
   968.750000000000        89.12917    
   1000.00000000000        95.65226    
   1031.25000000000        61.13757    
   1062.50000000000        160.1971    
   1093.75000000000        96.89503    
   1125.00000000000        40.39680    
   1156.25000000000        146.5897    
   1187.50000000000        34.13984    
   1218.75000000000        41.16792    
   1250.00000000000        222.1096    
   1281.25000000000        67.45289    
   1312.50000000000        80.70354    
   1343.75000000000        108.1268    
   1375.00000000000        128.0981    
   1406.25000000000        83.62547    
   1437.50000000000        48.48830    
   1468.75000000000        74.08775    
   1500.00000000000        32.11137    
   1531.25000000000        112.6203    
   1562.50000000000        196.9824    
   1593.75000000000        53.73228    
   1625.00000000000        99.91061    
   1656.25000000000        160.3316    
   1687.50000000000        136.6178    
   1718.75000000000        98.74962    
   1750.00000000000        144.8765    
   1781.25000000000        287.3321    
   1812.50000000000        243.2623    
   1843.75000000000        90.31369    
   1875.00000000000        78.19670    
   1906.25000000000        33.46539    
   1937.50000000000        46.47315    
   1968.75000000000        65.35941    
   2000.00000000000        41.02821    
   2031.25000000000        16.06330    
   2062.50000000000        70.82032    
   2093.75000000000        81.98892    
   2125.00000000000        65.57909    
   2156.25000000000        103.0745    
   2187.50000000000        100.6435    
   2218.75000000000        73.40759    
   2250.00000000000        46.80443    
   2281.25000000000        43.86234    
   2312.50000000000        84.33582    
   2343.75000000000        141.5065    
   2375.00000000000        21.57324    
   2406.25000000000        52.48276    
   2437.50000000000        91.65513    
   2468.75000000000        12.50218    
   2500.00000000000        137.1943    
   2531.25000000000        17.66622    
   2562.50000000000        61.77255    
   2593.75000000000        93.50986    
   2625.00000000000        34.48864    
   2656.25000000000        53.54319    
   2687.50000000000        134.8798    
   2718.75000000000        69.41975    
   2750.00000000000        67.96214    
   2781.25000000000        46.15336    
   2812.50000000000        138.1104    
   2843.75000000000        59.54538    
   2875.00000000000        130.8539    
   2906.25000000000        25.43686    
   2937.50000000000        195.1865    
   2968.75000000000        105.9234    
   3000.00000000000        110.3354    
   3031.25000000000        175.6935    
   3062.50000000000        220.9701    
   3093.75000000000        188.8022    
   3125.00000000000        139.7773    
   3156.25000000000        239.5928    
   3187.50000000000        101.3178    
   3218.75000000000        229.6294    
   3250.00000000000        186.4533    
   3281.25000000000        216.6319    
   3312.50000000000        230.5245    
   3343.75000000000        121.4650    
   3375.00000000000        126.2762    
   3406.25000000000        417.4741    
   3437.50000000000        146.9358    
   3468.75000000000        256.4948    
   3500.00000000000        266.6042    
   3531.25000000000        81.99735    
   3562.50000000000        240.8339    
   3593.75000000000        209.3751    
   3625.00000000000        152.5937    
   3656.25000000000        335.8881    
   3687.50000000000        274.9079    
   3718.75000000000        298.7838    
   3750.00000000000        233.5404    
   3781.25000000000        392.7792    
   3812.50000000000        260.9951    
   3843.75000000000        369.0138    
   3875.00000000000        323.3306    
   3906.25000000000        215.7417    
   3937.50000000000        456.2998    
   3968.75000000000        363.1070    
