  -4000.00000000000        198.7805    
  -3968.75000000000        360.6086    
  -3937.50000000000        461.9278    
  -3906.25000000000        216.1669    
  -3875.00000000000        328.8003    
  -3843.75000000000        366.7615    
  -3812.50000000000        263.7653    
  -3781.25000000000        388.5726    
  -3750.00000000000        238.4547    
  -3718.75000000000        302.2705    
  -3687.50000000000        277.0201    
  -3656.25000000000        338.5284    
  -3625.00000000000        156.7902    
  -3593.75000000000        213.4641    
  -3562.50000000000        237.3514    
  -3531.25000000000        82.90789    
  -3500.00000000000        271.8804    
  -3468.75000000000        252.4585    
  -3437.50000000000        147.0435    
  -3406.25000000000        419.7683    
  -3375.00000000000        125.9226    
  -3343.75000000000        121.1061    
  -3312.50000000000        235.3586    
  -3281.25000000000        214.1380    
  -3250.00000000000        184.0612    
  -3218.75000000000        225.5120    
  -3187.50000000000        101.8215    
  -3156.25000000000        238.7023    
  -3125.00000000000        142.5853    
  -3093.75000000000        191.4725    
  -3062.50000000000        221.6192    
  -3031.25000000000        173.8458    
  -3000.00000000000        107.3544    
  -2968.75000000000        107.1859    
  -2937.50000000000        196.1382    
  -2906.25000000000        26.59763    
  -2875.00000000000        127.2609    
  -2843.75000000000        59.84077    
  -2812.50000000000        137.3092    
  -2781.25000000000        48.94070    
  -2750.00000000000        67.31383    
  -2718.75000000000        68.87504    
  -2687.50000000000        132.8782    
  -2656.25000000000        54.37747    
  -2625.00000000000        35.83197    
  -2593.75000000000        95.98048    
  -2562.50000000000        63.58824    
  -2531.25000000000        23.11894    
  -2500.00000000000        137.5903    
  -2468.75000000000        14.56919    
  -2437.50000000000        92.34708    
  -2406.25000000000        52.40312    
  -2375.00000000000        21.60546    
  -2343.75000000000        136.5780    
  -2312.50000000000        86.26952    
  -2281.25000000000        42.05822    
  -2250.00000000000        50.84233    
  -2218.75000000000        71.26193    
  -2187.50000000000        103.4617    
  -2156.25000000000        107.0967    
  -2125.00000000000        63.27725    
  -2093.75000000000        82.50330    
  -2062.50000000000        64.09490    
  -2031.25000000000        20.23032    
  -2000.00000000000        42.51391    
  -1968.75000000000        67.61613    
  -1937.50000000000        47.13943    
  -1906.25000000000        32.95554    
  -1875.00000000000        78.86033    
  -1843.75000000000        91.98079    
  -1812.50000000000        244.1836    
  -1781.25000000000        293.2283    
  -1750.00000000000        147.8119    
  -1718.75000000000        103.7115    
  -1687.50000000000        142.2455    
  -1656.25000000000        166.9436    
  -1625.00000000000        101.5187    
  -1593.75000000000        52.67503    
  -1562.50000000000        201.7541    
  -1531.25000000000        115.2827    
  -1500.00000000000        35.86842    
  -1468.75000000000        73.76392    
  -1437.50000000000        46.09060    
  -1406.25000000000        81.31331    
  -1375.00000000000        131.2244    
  -1343.75000000000        105.8799    
  -1312.50000000000        84.45338    
  -1281.25000000000        75.55166    
  -1250.00000000000        222.6136    
  -1218.75000000000        42.36999    
  -1187.50000000000        40.96357    
  -1156.25000000000        140.6137    
  -1125.00000000000        31.73377    
  -1093.75000000000        87.83241    
  -1062.50000000000        163.9035    
  -1031.25000000000        67.98346    
  -1000.00000000000        90.97777    
  -968.750000000000        90.96333    
  -937.500000000000        37.62294    
  -906.250000000000        160.3676    
  -875.000000000000        84.86523    
  -843.750000000000        121.8022    
  -812.500000000000        220.6527    
  -781.250000000000        278.7228    
  -750.000000000000        206.7636    
  -718.750000000000        263.2012    
  -687.500000000000        233.7076    
  -656.250000000000        407.7981    
  -625.000000000000        40.96594    
  -593.750000000000        295.1063    
  -562.500000000000        120.0030    
  -531.250000000000        195.8055    
  -500.000000000000        303.9295    
  -468.750000000000        74.64256    
  -437.500000000000        230.9942    
  -406.250000000000        287.7775    
  -375.000000000000        644.7245    
  -343.750000000000        1045.532    
  -312.500000000000        540.0975    
  -281.250000000000        749.7812    
  -250.000000000000        377.5564    
  -218.750000000000        43.32524    
  -187.500000000000        354.8894    
  -156.250000000000        1345.245    
  -125.000000000000        1313.099    
  -93.7500000000000        479.5966    
  -62.5000000000000        1303.334    
  -31.2500000000000        2295.732    
  0.000000000000000E+000   6237.861    
   31.2500000000000        2293.350    
   62.5000000000000        1314.053    
   93.7500000000000        471.9659    
   125.000000000000        1335.473    
   156.250000000000        1355.328    
   187.500000000000        356.7819    
   218.750000000000        37.82231    
   250.000000000000        378.2456    
   281.250000000000        736.3630    
   312.500000000000        543.2440    
   343.750000000000        1042.712    
   375.000000000000        638.9266    
   406.250000000000        280.4392    
   437.500000000000        221.4697    
   468.750000000000        69.77388    
   500.000000000000        307.2462    
   531.250000000000        196.8395    
   562.500000000000        118.6733    
   593.750000000000        302.4466    
   625.000000000000        38.44719    
   656.250000000000        415.7315    
   687.500000000000        225.5685    
   718.750000000000        269.4132    
   750.000000000000        205.6678    
   781.250000000000        279.3940    
   812.500000000000        221.2216    
   843.750000000000        117.8563    
   875.000000000000        89.14432    
   906.250000000000        163.1552    
   937.500000000000        33.44926    
   968.750000000000        91.80208    
   1000.00000000000        93.46557    
   1031.25000000000        72.91141    
   1062.50000000000        162.3610    
   1093.75000000000        91.57912    
   1125.00000000000        31.86272    
   1156.25000000000        144.5643    
   1187.50000000000        38.46131    
   1218.75000000000        45.34061    
   1250.00000000000        226.3953    
   1281.25000000000        68.60574    
   1312.50000000000        83.04343    
   1343.75000000000        105.4050    
   1375.00000000000        127.5087    
   1406.25000000000        86.39329    
   1437.50000000000        47.79570    
   1468.75000000000        73.67719    
   1500.00000000000        32.41301    
   1531.25000000000        114.5587    
   1562.50000000000        199.1086    
   1593.75000000000        55.56536    
   1625.00000000000        96.20266    
   1656.25000000000        166.2545    
   1687.50000000000        142.6156    
   1718.75000000000        99.62923    
   1750.00000000000        143.3804    
   1781.25000000000        291.3587    
   1812.50000000000        242.2400    
   1843.75000000000        92.68020    
   1875.00000000000        79.94332    
   1906.25000000000        33.40170    
   1937.50000000000        44.21067    
   1968.75000000000        65.85040    
   2000.00000000000        40.85945    
   2031.25000000000        21.44373    
   2062.50000000000        64.39285    
   2093.75000000000        80.96617    
   2125.00000000000        62.81684    
   2156.25000000000        102.7073    
   2187.50000000000        101.3459    
   2218.75000000000        70.59217    
   2250.00000000000        49.39983    
   2281.25000000000        43.94342    
   2312.50000000000        86.16895    
   2343.75000000000        141.5475    
   2375.00000000000        24.47517    
   2406.25000000000        51.63264    
   2437.50000000000        93.75782    
   2468.75000000000        13.99897    
   2500.00000000000        141.8094    
   2531.25000000000        13.65273    
   2562.50000000000        61.65131    
   2593.75000000000        99.98860    
   2625.00000000000        35.33754    
   2656.25000000000        52.78397    
   2687.50000000000        134.0525    
   2718.75000000000        67.70958    
   2750.00000000000        70.45399    
   2781.25000000000        45.94135    
   2812.50000000000        139.8542    
   2843.75000000000        60.26570    
   2875.00000000000        130.7611    
   2906.25000000000        26.58454    
   2937.50000000000        195.6275    
   2968.75000000000        105.2244    
   3000.00000000000        110.7381    
   3031.25000000000        177.1687    
   3062.50000000000        218.6773    
   3093.75000000000        189.0849    
   3125.00000000000        141.2148    
   3156.25000000000        239.2177    
   3187.50000000000        102.5732    
   3218.75000000000        229.1456    
   3250.00000000000        187.8219    
   3281.25000000000        217.5513    
   3312.50000000000        230.3030    
   3343.75000000000        123.8532    
   3375.00000000000        127.2748    
   3406.25000000000        420.3929    
   3437.50000000000        147.5293    
   3468.75000000000        255.8026    
   3500.00000000000        268.7315    
   3531.25000000000        82.19142    
   3562.50000000000        240.1591    
   3593.75000000000        207.9774    
   3625.00000000000        154.7443    
   3656.25000000000        336.5575    
   3687.50000000000        275.3667    
   3718.75000000000        300.3729    
   3750.00000000000        234.4272    
   3781.25000000000        393.0319    
   3812.50000000000        261.5615    
   3843.75000000000        369.9136    
   3875.00000000000        325.3603    
   3906.25000000000        215.2761    
   3937.50000000000        457.6629    
   3968.75000000000        363.8260    
