  -2000.00000000000        4.497451    
  -1984.37500000000        2.671029    
  -1968.75000000000        6.357793    
  -1953.12500000000        8.098577    
  -1937.50000000000        10.93448    
  -1921.87500000000        13.47346    
  -1906.25000000000        4.481302    
  -1890.62500000000        8.874104    
  -1875.00000000000        4.363549    
  -1859.37500000000        2.921295    
  -1843.75000000000        4.144153    
  -1828.12500000000        9.281799    
  -1812.50000000000        3.369059    
  -1796.87500000000        3.532621    
  -1781.25000000000        7.381776    
  -1765.62500000000        3.071944    
  -1750.00000000000        18.87855    
  -1734.37500000000        4.538523    
  -1718.75000000000        7.049279    
  -1703.12500000000        2.639223    
  -1687.50000000000        2.954768    
  -1671.87500000000        7.579985    
  -1656.25000000000        4.032314    
  -1640.62500000000        5.385375    
  -1625.00000000000        1.362728    
  -1609.37500000000        4.868001    
  -1593.75000000000        5.731494    
  -1578.12500000000        11.01000    
  -1562.50000000000        7.859244    
  -1546.87500000000        26.00605    
  -1531.25000000000        6.645994    
  -1515.62500000000        7.075763    
  -1500.00000000000        15.41282    
  -1484.37500000000        6.273796    
  -1468.75000000000        2.497963    
  -1453.12500000000        3.664660    
  -1437.50000000000        2.906875    
  -1421.87500000000        8.802431    
  -1406.25000000000        5.150681    
  -1390.62500000000        6.003733    
  -1375.00000000000        1.163093    
  -1359.37500000000        20.64278    
  -1343.75000000000        7.332150    
  -1328.12500000000        6.206475    
  -1312.50000000000        4.892383    
  -1296.87500000000        12.90405    
  -1281.25000000000        5.307600    
  -1265.62500000000        5.195466    
  -1250.00000000000        22.51777    
  -1234.37500000000        8.933248    
  -1218.75000000000        6.221851    
  -1203.12500000000        15.33759    
  -1187.50000000000        16.94387    
  -1171.87500000000        48.16010    
  -1156.25000000000        44.58328    
  -1140.62500000000        10.33889    
  -1125.00000000000        4.074731    
  -1109.37500000000        8.464047    
  -1093.75000000000        1.715632    
  -1078.12500000000        3.908655    
  -1062.50000000000        2.531138    
  -1046.87500000000        2.383226    
  -1031.25000000000        4.510513    
  -1015.62500000000        3.743700    
  -1000.00000000000        1.682379    
  -984.375000000000        7.818256    
  -968.750000000000        50.62782    
  -953.125000000000        14.64918    
  -937.500000000000        9.353424    
  -921.875000000000        24.65876    
  -906.250000000000        17.33731    
  -890.625000000000        7.580931    
  -875.000000000000        5.699191    
  -859.375000000000        6.205738    
  -843.750000000000        6.062077    
  -828.125000000000        8.792311    
  -812.500000000000        10.66136    
  -796.875000000000        19.17632    
  -781.250000000000        67.25864    
  -765.625000000000        62.63773    
  -750.000000000000        20.20849    
  -734.375000000000        17.18673    
  -718.750000000000        21.76731    
  -703.125000000000        19.65063    
  -687.500000000000        19.49011    
  -671.875000000000        21.83757    
  -656.250000000000        27.52076    
  -640.625000000000        24.72674    
  -625.000000000000        41.40532    
  -609.375000000000        62.38211    
  -593.750000000000        136.5370    
  -578.125000000000        384.1680    
  -562.500000000000        64.61757    
  -546.875000000000        23.29926    
  -531.250000000000        32.37778    
  -515.625000000000        20.84175    
  -500.000000000000        17.53251    
  -484.375000000000        7.860295    
  -468.750000000000        8.366045    
  -453.125000000000        14.27353    
  -437.500000000000        22.86276    
  -421.875000000000        17.76657    
  -406.250000000000        41.66950    
  -390.625000000000        152.9906    
  -375.000000000000        54.75830    
  -359.375000000000        23.56936    
  -343.750000000000        4.078231    
  -328.125000000000        7.674469    
  -312.500000000000        18.36980    
  -296.875000000000        14.85080    
  -281.250000000000        11.47454    
  -265.625000000000        16.12264    
  -250.000000000000        23.17987    
  -234.375000000000        16.75378    
  -218.750000000000        40.96031    
  -203.125000000000        146.7690    
  -187.500000000000        171.0566    
  -171.875000000000        52.25578    
  -156.250000000000        27.67994    
  -140.625000000000        23.99572    
  -125.000000000000        22.08918    
  -109.375000000000        10.08764    
  -93.7500000000000       0.5038029    
  -78.1250000000000        29.68266    
  -62.5000000000000        11.60514    
  -46.8750000000000        20.01181    
  -31.2500000000000        13.19227    
  -15.6250000000000        42.91592    
  0.000000000000000E+000   8665.277    
   15.6250000000000        42.50755    
   31.2500000000000        14.59682    
   46.8750000000000        21.17241    
   62.5000000000000        10.06589    
   78.1250000000000        28.82335    
   93.7500000000000        1.558818    
   109.375000000000        7.749526    
   125.000000000000        20.91803    
   140.625000000000        21.84991    
   156.250000000000        24.31046    
   171.875000000000        45.94014    
   187.500000000000        148.6631    
   203.125000000000        127.6323    
   218.750000000000        36.68328    
   234.375000000000        13.61087    
   250.000000000000        24.22277    
   265.625000000000        13.45393    
   281.250000000000        11.45238    
   296.875000000000        13.07067    
   312.500000000000        17.91394    
   328.125000000000        6.412100    
   343.750000000000        4.316976    
   359.375000000000        23.74612    
   375.000000000000        57.91947    
   390.625000000000        150.8925    
   406.250000000000        41.41279    
   421.875000000000        17.48005    
   437.500000000000        23.33215    
   453.125000000000        13.39613    
   468.750000000000        9.236794    
   484.375000000000        6.819634    
   500.000000000000        16.92105    
   515.625000000000        20.72399    
   531.250000000000        31.71922    
   546.875000000000        23.22090    
   562.500000000000        64.96599    
   578.125000000000        387.0410    
   593.750000000000        137.4134    
   609.375000000000        62.57273    
   625.000000000000        41.39982    
   640.625000000000        26.13621    
   656.250000000000        27.75708    
   671.875000000000        22.16654    
   687.500000000000        20.54051    
   703.125000000000        19.82323    
   718.750000000000        22.00319    
   734.375000000000        17.90513    
   750.000000000000        22.65536    
   765.625000000000        66.41096    
   781.250000000000        73.62021    
   796.875000000000        20.72072    
   812.500000000000        11.83959    
   828.125000000000        9.946213    
   843.750000000000        6.195107    
   859.375000000000        6.106181    
   875.000000000000        5.810601    
   890.625000000000        7.339433    
   906.250000000000        17.79822    
   921.875000000000        24.26691    
   937.500000000000        9.550097    
   953.125000000000        14.45735    
   968.750000000000        54.02950    
   984.375000000000        8.557410    
   1000.00000000000        1.353046    
   1015.62500000000        3.061218    
   1031.25000000000        3.621922    
   1046.87500000000        2.196929    
   1062.50000000000        2.935064    
   1078.12500000000        3.808855    
   1093.75000000000        1.377306    
   1109.37500000000        9.316367    
   1125.00000000000        4.412202    
   1140.62500000000        11.66392    
   1156.25000000000        47.44921    
   1171.87500000000        48.76994    
   1187.50000000000        17.60074    
   1203.12500000000        14.73461    
   1218.75000000000        5.319390    
   1234.37500000000        8.827763    
   1250.00000000000        22.00660    
   1265.62500000000        5.451933    
   1281.25000000000        4.345779    
   1296.87500000000        12.08134    
   1312.50000000000        5.175533    
   1328.12500000000        5.693608    
   1343.75000000000        6.568805    
   1359.37500000000        11.89866    
   1375.00000000000        2.028610    
   1390.62500000000        5.534056    
   1406.25000000000        6.314703    
   1421.87500000000        8.309925    
   1437.50000000000        3.655636    
   1453.12500000000        4.055907    
   1468.75000000000        2.660735    
   1484.37500000000        8.244108    
   1500.00000000000        14.79796    
   1515.62500000000        6.488393    
   1531.25000000000        5.988058    
   1546.87500000000        26.94927    
   1562.50000000000        8.695341    
   1578.12500000000        10.47793    
   1593.75000000000        5.549025    
   1609.37500000000        5.155886    
   1625.00000000000        1.089526    
   1640.62500000000        6.140110    
   1656.25000000000        4.051873    
   1671.87500000000        6.596496    
   1687.50000000000        2.651024    
   1703.12500000000        1.780016    
   1718.75000000000        6.684961    
   1734.37500000000        5.158799    
   1750.00000000000        22.12299    
   1765.62500000000        3.553517    
   1781.25000000000        7.458165    
   1796.87500000000        2.514189    
   1812.50000000000        4.340123    
   1828.12500000000        9.246379    
   1843.75000000000        4.032290    
   1859.37500000000        1.795895    
   1875.00000000000        5.965817    
   1890.62500000000        8.401408    
   1906.25000000000        4.947282    
   1921.87500000000        12.36687    
   1937.50000000000        10.20786    
   1953.12500000000        8.285322    
   1968.75000000000        6.974826    
   1984.37500000000        3.209749    
