  -2000.00000000000        83.98059    
  -1984.37500000000        128.6116    
  -1968.75000000000        156.9823    
  -1953.12500000000        289.2312    
  -1937.50000000000        524.7606    
  -1921.87500000000        100.2738    
  -1906.25000000000        231.0755    
  -1890.62500000000        215.8802    
  -1875.00000000000        153.1393    
  -1859.37500000000        60.60205    
  -1843.75000000000        82.03909    
  -1828.12500000000        225.7927    
  -1812.50000000000        109.1253    
  -1796.87500000000        51.90284    
  -1781.25000000000        27.56739    
  -1765.62500000000        187.0416    
  -1750.00000000000        416.7209    
  -1734.37500000000        136.7076    
  -1718.75000000000        129.9815    
  -1703.12500000000        78.21834    
  -1687.50000000000        73.96381    
  -1671.87500000000        182.7224    
  -1656.25000000000        109.9742    
  -1640.62500000000        185.4363    
  -1625.00000000000        79.73096    
  -1609.37500000000        256.7894    
  -1593.75000000000        79.18231    
  -1578.12500000000        309.6337    
  -1562.50000000000        430.7242    
  -1546.87500000000        893.0917    
  -1531.25000000000        287.3487    
  -1515.62500000000        142.5347    
  -1500.00000000000        377.8313    
  -1484.37500000000        147.4175    
  -1468.75000000000        106.5878    
  -1453.12500000000        162.4579    
  -1437.50000000000        55.94963    
  -1421.87500000000        288.8767    
  -1406.25000000000        154.5459    
  -1390.62500000000        209.5627    
  -1375.00000000000        68.34939    
  -1359.37500000000        1205.339    
  -1343.75000000000        214.8015    
  -1328.12500000000        118.9158    
  -1312.50000000000        38.64162    
  -1296.87500000000        454.6845    
  -1281.25000000000        194.8334    
  -1265.62500000000        104.2983    
  -1250.00000000000        323.4014    
  -1234.37500000000        216.0775    
  -1218.75000000000        228.3275    
  -1203.12500000000        450.1876    
  -1187.50000000000        467.5520    
  -1171.87500000000        1657.578    
  -1156.25000000000        1779.722    
  -1140.62500000000        469.7394    
  -1125.00000000000        374.4662    
  -1109.37500000000        219.5689    
  -1093.75000000000        433.8361    
  -1078.12500000000        60.19337    
  -1062.50000000000        237.8709    
  -1046.87500000000        152.8431    
  -1031.25000000000        229.5878    
  -1015.62500000000        244.7805    
  -1000.00000000000        97.83971    
  -984.375000000000        219.0936    
  -968.750000000000        4327.935    
  -953.125000000000        535.9072    
  -937.500000000000        83.20597    
  -921.875000000000        620.7118    
  -906.250000000000        487.6747    
  -890.625000000000        112.7725    
  -875.000000000000        200.4775    
  -859.375000000000        219.7235    
  -843.750000000000        128.7803    
  -828.125000000000        617.1030    
  -812.500000000000        529.5544    
  -796.875000000000        659.2020    
  -781.250000000000        3615.880    
  -765.625000000000        2359.308    
  -750.000000000000        965.4271    
  -734.375000000000        918.3066    
  -718.750000000000        187.6030    
  -703.125000000000        574.2460    
  -687.500000000000        743.5200    
  -671.875000000000        821.5673    
  -656.250000000000        629.6536    
  -640.625000000000        579.2985    
  -625.000000000000        1520.389    
  -609.375000000000        1559.556    
  -593.750000000000        3065.695    
  -578.125000000000        10437.59    
  -562.500000000000        1485.041    
  -546.875000000000        1230.734    
  -531.250000000000        389.0598    
  -515.625000000000        763.3208    
  -500.000000000000        655.1849    
  -484.375000000000        343.6103    
  -468.750000000000        278.6096    
  -453.125000000000        322.8598    
  -437.500000000000        1096.935    
  -421.875000000000        1505.563    
  -406.250000000000        1520.552    
  -390.625000000000        11818.40    
  -375.000000000000        2966.693    
  -359.375000000000        1548.307    
  -343.750000000000        1274.548    
  -328.125000000000        1364.276    
  -312.500000000000        906.0948    
  -296.875000000000        1767.920    
  -281.250000000000        1060.404    
  -265.625000000000        2083.516    
  -250.000000000000        3319.557    
  -234.375000000000        2966.661    
  -218.750000000000        4756.021    
  -203.125000000000        14024.37    
  -187.500000000000        19432.29    
  -171.875000000000        6139.984    
  -156.250000000000        3661.459    
  -140.625000000000        2173.018    
  -125.000000000000        2220.383    
  -109.375000000000        2156.342    
  -93.7500000000000        1817.813    
  -78.1250000000000        1007.705    
  -62.5000000000000        902.3267    
  -46.8750000000000        1464.073    
  -31.2500000000000        948.8288    
  -15.6250000000000        1573.223    
  0.000000000000000E+000   177703.2    
   15.6250000000000        1822.155    
   31.2500000000000        1162.182    
   46.8750000000000        1918.449    
   62.5000000000000        538.9577    
   78.1250000000000        841.5933    
   93.7500000000000        1689.962    
   109.375000000000        1877.868    
   125.000000000000        2076.067    
   140.625000000000        1784.806    
   156.250000000000        3127.579    
   171.875000000000        5217.693    
   187.500000000000        15095.26    
   203.125000000000        10357.04    
   218.750000000000        4008.708    
   234.375000000000        2693.230    
   250.000000000000        3247.303    
   265.625000000000        1699.972    
   281.250000000000        1143.027    
   296.875000000000        1303.835    
   312.500000000000        932.3493    
   328.125000000000        1112.080    
   343.750000000000        1352.625    
   359.375000000000        2019.722    
   375.000000000000        4451.779    
   390.625000000000        16114.36    
   406.250000000000        2364.245    
   421.875000000000        1818.815    
   437.500000000000        1621.244    
   453.125000000000        735.7337    
   468.750000000000        378.9597    
   484.375000000000        771.7667    
   500.000000000000        1013.010    
   515.625000000000        862.8353    
   531.250000000000        762.4563    
   546.875000000000        1800.468    
   562.500000000000        1869.122    
   578.125000000000        12907.47    
   593.750000000000        4733.923    
   609.375000000000        1808.411    
   625.000000000000        1534.162    
   640.625000000000        819.7552    
   656.250000000000        857.4108    
   671.875000000000        963.7076    
   687.500000000000        1070.735    
   703.125000000000        712.5546    
   718.750000000000        550.6942    
   734.375000000000        1240.656    
   750.000000000000        1554.658    
   765.625000000000        3944.093    
   781.250000000000        5931.485    
   796.875000000000        1445.624    
   812.500000000000        853.8741    
   828.125000000000        819.1915    
   843.750000000000        364.9274    
   859.375000000000        202.1882    
   875.000000000000        360.8566    
   890.625000000000        218.2908    
   906.250000000000        670.3411    
   921.875000000000        671.4189    
   937.500000000000        136.9637    
   953.125000000000        344.6531    
   968.750000000000        1215.466    
   984.375000000000        208.6574    
   1000.00000000000        139.7452    
   1015.62500000000        190.4775    
   1031.25000000000        416.9930    
   1046.87500000000        263.3600    
   1062.50000000000        319.2833    
   1078.12500000000        114.8067    
   1093.75000000000        456.6529    
   1109.37500000000        688.1380    
   1125.00000000000        269.6205    
   1140.62500000000        214.4051    
   1156.25000000000        1222.445    
   1171.87500000000        865.8611    
   1187.50000000000        60.20720    
   1203.12500000000        216.5664    
   1218.75000000000        54.18621    
   1234.37500000000        213.3143    
   1250.00000000000        401.6720    
   1265.62500000000        142.9139    
   1281.25000000000        225.6745    
   1296.87500000000        169.4515    
   1312.50000000000        44.38547    
   1328.12500000000        82.82316    
   1343.75000000000        261.2322    
   1359.37500000000        1094.255    
   1375.00000000000        67.22839    
   1390.62500000000        404.3574    
   1406.25000000000        107.1388    
   1421.87500000000        291.2997    
   1437.50000000000        234.1713    
   1453.12500000000        162.6148    
   1468.75000000000        84.88761    
   1484.37500000000        254.1790    
   1500.00000000000        181.6194    
   1515.62500000000        172.5877    
   1531.25000000000        166.6334    
   1546.87500000000        440.9780    
   1562.50000000000        258.5067    
   1578.12500000000        434.7422    
   1593.75000000000        4.171209    
   1609.37500000000        178.3600    
   1625.00000000000        93.88424    
   1640.62500000000        57.48159    
   1656.25000000000        57.24062    
   1671.87500000000        213.8913    
   1687.50000000000        118.9630    
   1703.12500000000        60.04338    
   1718.75000000000        335.8870    
   1734.37500000000        48.77449    
   1750.00000000000        101.5972    
   1765.62500000000        137.5852    
   1781.25000000000        306.7960    
   1796.87500000000        118.0355    
   1812.50000000000        150.0042    
   1828.12500000000        102.2846    
   1843.75000000000        185.3813    
   1859.37500000000        43.32511    
   1875.00000000000        189.6085    
   1890.62500000000        17.69633    
   1906.25000000000        254.5150    
   1921.87500000000        141.9927    
   1937.50000000000        148.0149    
   1953.12500000000        172.0806    
   1968.75000000000        53.30344    
   1984.37500000000        18.99422    
