  -2000.00000000000        68.26075    
  -1984.37500000000        53.07893    
  -1968.75000000000        93.19102    
  -1953.12500000000        112.1833    
  -1937.50000000000        227.6362    
  -1921.87500000000        169.4328    
  -1906.25000000000        69.63505    
  -1890.62500000000        113.9885    
  -1875.00000000000        144.5144    
  -1859.37500000000        127.4129    
  -1843.75000000000        120.4867    
  -1828.12500000000        177.7943    
  -1812.50000000000        32.76895    
  -1796.87500000000        68.93631    
  -1781.25000000000        73.99817    
  -1765.62500000000        102.0378    
  -1750.00000000000        336.5873    
  -1734.37500000000        181.4681    
  -1718.75000000000        49.24345    
  -1703.12500000000        63.16301    
  -1687.50000000000        60.20793    
  -1671.87500000000        256.1964    
  -1656.25000000000        106.0542    
  -1640.62500000000        105.7113    
  -1625.00000000000        85.27228    
  -1609.37500000000        55.91055    
  -1593.75000000000        145.7681    
  -1578.12500000000        62.14342    
  -1562.50000000000        167.0648    
  -1546.87500000000        239.6219    
  -1531.25000000000        69.05158    
  -1515.62500000000        29.52680    
  -1500.00000000000        290.8712    
  -1484.37500000000        40.86420    
  -1468.75000000000        98.37251    
  -1453.12500000000        74.55869    
  -1437.50000000000        71.34940    
  -1421.87500000000        108.9345    
  -1406.25000000000        11.12992    
  -1390.62500000000        50.46178    
  -1375.00000000000        104.0076    
  -1359.37500000000        879.1586    
  -1343.75000000000        292.8485    
  -1328.12500000000        120.7432    
  -1312.50000000000        75.65732    
  -1296.87500000000        223.7541    
  -1281.25000000000        304.8636    
  -1265.62500000000        97.15324    
  -1250.00000000000        328.4616    
  -1234.37500000000        152.8982    
  -1218.75000000000        185.5611    
  -1203.12500000000        332.4705    
  -1187.50000000000        261.4469    
  -1171.87500000000        1332.946    
  -1156.25000000000        1155.411    
  -1140.62500000000        442.7924    
  -1125.00000000000        238.9513    
  -1109.37500000000        189.7835    
  -1093.75000000000        207.7202    
  -1078.12500000000        106.7261    
  -1062.50000000000        136.0381    
  -1046.87500000000        51.20808    
  -1031.25000000000        127.7195    
  -1015.62500000000        204.4330    
  -1000.00000000000        74.88646    
  -984.375000000000        247.5814    
  -968.750000000000        1442.767    
  -953.125000000000        361.7993    
  -937.500000000000        220.5567    
  -921.875000000000        307.9199    
  -906.250000000000        35.43581    
  -890.625000000000        79.46305    
  -875.000000000000        76.96081    
  -859.375000000000        190.1195    
  -843.750000000000        57.63647    
  -828.125000000000        244.6383    
  -812.500000000000        178.0052    
  -796.875000000000        204.1337    
  -781.250000000000        567.4133    
  -765.625000000000        203.2399    
  -750.000000000000        120.2517    
  -734.375000000000        35.90221    
  -718.750000000000        226.3540    
  -703.125000000000        225.0014    
  -687.500000000000        95.64122    
  -671.875000000000        218.7715    
  -656.250000000000        266.7455    
  -640.625000000000        164.4560    
  -625.000000000000        480.2444    
  -609.375000000000        610.8615    
  -593.750000000000        1153.537    
  -578.125000000000        3943.215    
  -562.500000000000        719.2734    
  -546.875000000000        266.7964    
  -531.250000000000        263.9190    
  -515.625000000000        247.1495    
  -500.000000000000        207.0515    
  -484.375000000000        74.07466    
  -468.750000000000        102.7768    
  -453.125000000000        63.07956    
  -437.500000000000        100.1549    
  -421.875000000000        175.9633    
  -406.250000000000        222.3197    
  -390.625000000000        3005.692    
  -375.000000000000        49.26980    
  -359.375000000000        381.7822    
  -343.750000000000        248.4854    
  -328.125000000000        272.0863    
  -312.500000000000        312.8416    
  -296.875000000000        518.4556    
  -281.250000000000        285.6855    
  -265.625000000000        670.6767    
  -250.000000000000        729.7845    
  -234.375000000000        837.1949    
  -218.750000000000        1269.565    
  -203.125000000000        4372.659    
  -187.500000000000        5954.376    
  -171.875000000000        1771.378    
  -156.250000000000        1068.772    
  -140.625000000000        602.2880    
  -125.000000000000        698.4031    
  -109.375000000000        565.8054    
  -93.7500000000000        431.5789    
  -78.1250000000000        451.7715    
  -62.5000000000000        363.0223    
  -46.8750000000000        250.3651    
  -31.2500000000000        216.0961    
  -15.6250000000000        365.7404    
  0.000000000000000E+000   84731.62    
   15.6250000000000        734.8137    
   31.2500000000000        454.8835    
   46.8750000000000        535.1635    
   62.5000000000000        303.9198    
   78.1250000000000        370.6771    
   93.7500000000000        463.7481    
   109.375000000000        489.8429    
   125.000000000000        571.1850    
   140.625000000000        426.0328    
   156.250000000000        743.1698    
   171.875000000000        1160.473    
   187.500000000000        3677.753    
   203.125000000000        2002.145    
   218.750000000000        1031.454    
   234.375000000000        593.7432    
   250.000000000000        736.9031    
   265.625000000000        404.3106    
   281.250000000000        229.3370    
   296.875000000000        212.1833    
   312.500000000000        198.9287    
   328.125000000000        212.7944    
   343.750000000000        255.1839    
   359.375000000000        423.5636    
   375.000000000000        1070.407    
   390.625000000000        2869.038    
   406.250000000000        553.1697    
   421.875000000000        323.1113    
   437.500000000000        330.6977    
   453.125000000000        182.2035    
   468.750000000000        102.2953    
   484.375000000000        101.2359    
   500.000000000000        288.2855    
   515.625000000000        220.7474    
   531.250000000000        260.2697    
   546.875000000000        406.4173    
   562.500000000000        570.8328    
   578.125000000000        4660.447    
   593.750000000000        1856.623    
   609.375000000000        751.9209    
   625.000000000000        520.1732    
   640.625000000000        432.4380    
   656.250000000000        414.9337    
   671.875000000000        333.8739    
   687.500000000000        319.3020    
   703.125000000000        302.7532    
   718.750000000000        357.8287    
   734.375000000000        381.6650    
   750.000000000000        461.9554    
   765.625000000000        1148.904    
   781.250000000000        1522.610    
   796.875000000000        286.5837    
   812.500000000000        142.6104    
   828.125000000000        250.6175    
   843.750000000000        25.64252    
   859.375000000000        125.3832    
   875.000000000000        53.72350    
   890.625000000000        36.46434    
   906.250000000000        286.3178    
   921.875000000000        336.1336    
   937.500000000000        83.35453    
   953.125000000000        224.3822    
   968.750000000000        621.6046    
   984.375000000000        227.6045    
   1000.00000000000        119.1321    
   1015.62500000000        263.1557    
   1031.25000000000        76.51637    
   1046.87500000000        84.51283    
   1062.50000000000        170.0824    
   1078.12500000000        133.3421    
   1093.75000000000        367.0942    
   1109.37500000000        320.7521    
   1125.00000000000        328.7074    
   1140.62500000000        456.2007    
   1156.25000000000        1296.237    
   1171.87500000000        1001.005    
   1187.50000000000        389.1062    
   1203.12500000000        230.7439    
   1218.75000000000        306.4857    
   1234.37500000000        135.2419    
   1250.00000000000        230.7255    
   1265.62500000000        127.9570    
   1281.25000000000        98.86932    
   1296.87500000000        168.3229    
   1312.50000000000        35.36155    
   1328.12500000000        129.0043    
   1343.75000000000        313.3819    
   1359.37500000000        1008.024    
   1375.00000000000        215.0988    
   1390.62500000000        96.16277    
   1406.25000000000        97.26607    
   1421.87500000000        68.43502    
   1437.50000000000        69.61948    
   1453.12500000000        92.79776    
   1468.75000000000        134.0990    
   1484.37500000000        260.4672    
   1500.00000000000        244.4457    
   1515.62500000000        91.05621    
   1531.25000000000        79.74274    
   1546.87500000000        627.2907    
   1562.50000000000        321.8852    
   1578.12500000000        223.3534    
   1593.75000000000        43.65555    
   1609.37500000000        75.43085    
   1625.00000000000        97.30528    
   1640.62500000000        30.45424    
   1656.25000000000        41.47761    
   1671.87500000000        197.1099    
   1687.50000000000        203.2634    
   1703.12500000000        84.45682    
   1718.75000000000        71.61574    
   1734.37500000000        175.8463    
   1750.00000000000        345.7296    
   1765.62500000000        67.87607    
   1781.25000000000        142.4655    
   1796.87500000000        87.51145    
   1812.50000000000        135.4686    
   1828.12500000000        125.4623    
   1843.75000000000        124.7686    
   1859.37500000000        94.39678    
   1875.00000000000        51.79207    
   1890.62500000000        117.7844    
   1906.25000000000        89.54992    
   1921.87500000000        114.8777    
   1937.50000000000        64.62431    
   1953.12500000000        98.53454    
   1968.75000000000        69.25060    
   1984.37500000000        44.86718    
