  -4000.00000000000        255.3035    
  -3968.75000000000        478.8517    
  -3937.50000000000        647.4536    
  -3906.25000000000        346.2239    
  -3875.00000000000        453.1452    
  -3843.75000000000        470.2679    
  -3812.50000000000        367.2690    
  -3781.25000000000        492.7308    
  -3750.00000000000        327.5063    
  -3718.75000000000        400.1815    
  -3687.50000000000        372.3070    
  -3656.25000000000        475.8189    
  -3625.00000000000        235.5737    
  -3593.75000000000        316.9834    
  -3562.50000000000        320.1463    
  -3531.25000000000        110.2815    
  -3500.00000000000        396.4910    
  -3468.75000000000        301.6542    
  -3437.50000000000        182.4644    
  -3406.25000000000        567.9115    
  -3375.00000000000        173.0923    
  -3343.75000000000        114.6008    
  -3312.50000000000        353.8327    
  -3281.25000000000        260.4179    
  -3250.00000000000        241.4363    
  -3218.75000000000        301.1160    
  -3187.50000000000        163.2852    
  -3156.25000000000        318.1749    
  -3125.00000000000        203.5309    
  -3093.75000000000        290.2235    
  -3062.50000000000        293.1087    
  -3031.25000000000        194.0689    
  -3000.00000000000        128.2911    
  -2968.75000000000        162.2136    
  -2937.50000000000        268.6375    
  -2906.25000000000        40.46538    
  -2875.00000000000        184.7193    
  -2843.75000000000        93.26850    
  -2812.50000000000        153.1375    
  -2781.25000000000        71.50716    
  -2750.00000000000        86.40984    
  -2718.75000000000        94.24014    
  -2687.50000000000        167.2452    
  -2656.25000000000        80.52633    
  -2625.00000000000        26.30866    
  -2593.75000000000        127.8862    
  -2562.50000000000        83.64902    
  -2531.25000000000        7.681178    
  -2500.00000000000        178.7894    
  -2468.75000000000        56.89823    
  -2437.50000000000        141.4821    
  -2406.25000000000        114.1565    
  -2375.00000000000        33.00924    
  -2343.75000000000        131.8064    
  -2312.50000000000        100.6902    
  -2281.25000000000        53.04536    
  -2250.00000000000        66.01810    
  -2218.75000000000        94.14065    
  -2187.50000000000        136.7286    
  -2156.25000000000        114.0624    
  -2125.00000000000        83.69688    
  -2093.75000000000        152.3912    
  -2062.50000000000        97.99370    
  -2031.25000000000        13.96128    
  -2000.00000000000        94.99284    
  -1968.75000000000        113.5696    
  -1937.50000000000        58.34734    
  -1906.25000000000        34.75508    
  -1875.00000000000        127.8905    
  -1843.75000000000        142.8544    
  -1812.50000000000        393.1962    
  -1781.25000000000        428.4001    
  -1750.00000000000        184.3522    
  -1718.75000000000        155.9428    
  -1687.50000000000        187.9672    
  -1656.25000000000        248.2896    
  -1625.00000000000        178.3573    
  -1593.75000000000        105.1629    
  -1562.50000000000        274.7799    
  -1531.25000000000        164.8161    
  -1500.00000000000        53.37172    
  -1468.75000000000        125.4507    
  -1437.50000000000        60.92288    
  -1406.25000000000        111.6626    
  -1375.00000000000        163.7900    
  -1343.75000000000        136.2505    
  -1312.50000000000        102.8509    
  -1281.25000000000        70.33777    
  -1250.00000000000        292.4157    
  -1218.75000000000        55.85730    
  -1187.50000000000        71.82542    
  -1156.25000000000        196.5491    
  -1125.00000000000        53.92997    
  -1093.75000000000        112.4371    
  -1062.50000000000        217.8163    
  -1031.25000000000        86.15786    
  -1000.00000000000        84.72929    
  -968.750000000000        96.40862    
  -937.500000000000        37.88403    
  -906.250000000000        220.9103    
  -875.000000000000        104.0378    
  -843.750000000000        205.1198    
  -812.500000000000        253.4215    
  -781.250000000000        361.0049    
  -750.000000000000        263.6500    
  -718.750000000000        356.8130    
  -687.500000000000        286.9553    
  -656.250000000000        569.8298    
  -625.000000000000        50.84800    
  -593.750000000000        446.6601    
  -562.500000000000        144.5070    
  -531.250000000000        251.8990    
  -500.000000000000        415.9472    
  -468.750000000000        104.2251    
  -437.500000000000        319.1556    
  -406.250000000000        414.6972    
  -375.000000000000        900.8087    
  -343.750000000000        1433.640    
  -312.500000000000        724.3449    
  -281.250000000000        1087.355    
  -250.000000000000        536.9595    
  -218.750000000000        133.1929    
  -187.500000000000        481.2534    
  -156.250000000000        1789.244    
  -125.000000000000        1788.127    
  -93.7500000000000        616.6913    
  -62.5000000000000        1701.423    
  -31.2500000000000        3208.985    
  0.000000000000000E+000   8015.524    
   31.2500000000000        3025.728    
   62.5000000000000        1940.017    
   93.7500000000000        697.3436    
   125.000000000000        1877.653    
   156.250000000000        1926.502    
   187.500000000000        487.1816    
   218.750000000000        41.04297    
   250.000000000000        525.2648    
   281.250000000000        977.1906    
   312.500000000000        707.5012    
   343.750000000000        1409.229    
   375.000000000000        872.3880    
   406.250000000000        369.1599    
   437.500000000000        219.6324    
   468.750000000000        124.6112    
   500.000000000000        372.2393    
   531.250000000000        254.0730    
   562.500000000000        183.2173    
   593.750000000000        446.2932    
   625.000000000000        35.45037    
   656.250000000000        494.8380    
   687.500000000000        344.2747    
   718.750000000000        394.1435    
   750.000000000000        260.9724    
   781.250000000000        383.4106    
   812.500000000000        287.1065    
   843.750000000000        185.6656    
   875.000000000000        130.8032    
   906.250000000000        204.5433    
   937.500000000000        8.440214    
   968.750000000000        83.77486    
   1000.00000000000        147.3019    
   1031.25000000000        91.12021    
   1062.50000000000        224.5942    
   1093.75000000000        108.7997    
   1125.00000000000        75.62793    
   1156.25000000000        195.4378    
   1187.50000000000        49.70118    
   1218.75000000000        74.95838    
   1250.00000000000        327.9766    
   1281.25000000000        109.4172    
   1312.50000000000        99.11301    
   1343.75000000000        123.2258    
   1375.00000000000        182.8997    
   1406.25000000000        120.5498    
   1437.50000000000        58.39013    
   1468.75000000000        79.14970    
   1500.00000000000        58.08123    
   1531.25000000000        158.2691    
   1562.50000000000        250.3855    
   1593.75000000000        61.64474    
   1625.00000000000        122.8598    
   1656.25000000000        208.2246    
   1687.50000000000        213.8538    
   1718.75000000000        139.9459    
   1750.00000000000        196.6803    
   1781.25000000000        374.4260    
   1812.50000000000        298.1839    
   1843.75000000000        139.2457    
   1875.00000000000        90.89274    
   1906.25000000000        41.37786    
   1937.50000000000        50.30031    
   1968.75000000000        107.6541    
   2000.00000000000        53.16886    
   2031.25000000000        30.17518    
   2062.50000000000        101.1473    
   2093.75000000000        92.44595    
   2125.00000000000        104.4759    
   2156.25000000000        167.3246    
   2187.50000000000        151.4471    
   2218.75000000000        126.4190    
   2250.00000000000        56.06344    
   2281.25000000000        50.23658    
   2312.50000000000        122.4999    
   2343.75000000000        196.0692    
   2375.00000000000        14.09005    
   2406.25000000000        59.68422    
   2437.50000000000        137.0477    
   2468.75000000000        50.22179    
   2500.00000000000        206.5865    
   2531.25000000000        14.07506    
   2562.50000000000        71.72450    
   2593.75000000000        122.4991    
   2625.00000000000        36.15480    
   2656.25000000000        86.33853    
   2687.50000000000        203.3985    
   2718.75000000000        80.80642    
   2750.00000000000        95.85042    
   2781.25000000000        47.85604    
   2812.50000000000        201.2229    
   2843.75000000000        68.57922    
   2875.00000000000        191.6113    
   2906.25000000000        26.46967    
   2937.50000000000        268.0219    
   2968.75000000000        117.6663    
   3000.00000000000        173.3317    
   3031.25000000000        247.1482    
   3062.50000000000        311.9762    
   3093.75000000000        266.9393    
   3125.00000000000        188.1044    
   3156.25000000000        330.7087    
   3187.50000000000        149.8812    
   3218.75000000000        329.6661    
   3250.00000000000        279.5438    
   3281.25000000000        312.1600    
   3312.50000000000        318.2660    
   3343.75000000000        132.3275    
   3375.00000000000        183.0025    
   3406.25000000000        568.4738    
   3437.50000000000        200.7458    
   3468.75000000000        400.2532    
   3500.00000000000        329.2432    
   3531.25000000000        116.8534    
   3562.50000000000        338.6582    
   3593.75000000000        251.5694    
   3625.00000000000        181.1565    
   3656.25000000000        422.1946    
   3687.50000000000        338.3687    
   3718.75000000000        382.2023    
   3750.00000000000        282.9022    
   3781.25000000000        569.8818    
   3812.50000000000        361.9620    
   3843.75000000000        542.4990    
   3875.00000000000        429.6108    
   3906.25000000000        317.1530    
   3937.50000000000        617.5607    
   3968.75000000000        547.7739    
