  -4000.00000000000        297.0678    
  -3968.75000000000        482.2751    
  -3937.50000000000        661.8583    
  -3906.25000000000        303.8479    
  -3875.00000000000        467.6389    
  -3843.75000000000        476.4959    
  -3812.50000000000        359.6250    
  -3781.25000000000        508.6448    
  -3750.00000000000        341.8588    
  -3718.75000000000        431.4496    
  -3687.50000000000        371.4712    
  -3656.25000000000        439.1505    
  -3625.00000000000        217.5506    
  -3593.75000000000        340.1358    
  -3562.50000000000        318.3594    
  -3531.25000000000        118.9374    
  -3500.00000000000        388.3568    
  -3468.75000000000        334.9654    
  -3437.50000000000        202.6355    
  -3406.25000000000        546.1091    
  -3375.00000000000        174.5511    
  -3343.75000000000        221.4718    
  -3312.50000000000        326.2779    
  -3281.25000000000        275.1503    
  -3250.00000000000        223.4194    
  -3218.75000000000        289.9048    
  -3187.50000000000        145.3709    
  -3156.25000000000        357.8319    
  -3125.00000000000        224.3122    
  -3093.75000000000        259.9796    
  -3062.50000000000        270.6376    
  -3031.25000000000        231.1265    
  -3000.00000000000        153.6354    
  -2968.75000000000        148.4989    
  -2937.50000000000        235.2053    
  -2906.25000000000        46.88451    
  -2875.00000000000        144.9126    
  -2843.75000000000        82.97806    
  -2812.50000000000        181.2693    
  -2781.25000000000        69.77488    
  -2750.00000000000        109.9938    
  -2718.75000000000        103.2826    
  -2687.50000000000        172.4373    
  -2656.25000000000        96.42451    
  -2625.00000000000        46.66771    
  -2593.75000000000        124.7287    
  -2562.50000000000        57.75632    
  -2531.25000000000        18.92870    
  -2500.00000000000        180.4293    
  -2468.75000000000        33.63359    
  -2437.50000000000        115.8613    
  -2406.25000000000        50.13271    
  -2375.00000000000        54.01224    
  -2343.75000000000        175.8943    
  -2312.50000000000        112.3552    
  -2281.25000000000        26.71029    
  -2250.00000000000        66.93353    
  -2218.75000000000        71.57358    
  -2187.50000000000        151.1961    
  -2156.25000000000        133.6175    
  -2125.00000000000        82.33846    
  -2093.75000000000        117.3144    
  -2062.50000000000        84.08703    
  -2031.25000000000        41.79256    
  -2000.00000000000        50.82911    
  -1968.75000000000        82.65504    
  -1937.50000000000        62.70454    
  -1906.25000000000        32.00470    
  -1875.00000000000        126.6831    
  -1843.75000000000        142.7838    
  -1812.50000000000        367.6080    
  -1781.25000000000        439.4788    
  -1750.00000000000        237.4947    
  -1718.75000000000        160.7773    
  -1687.50000000000        191.0627    
  -1656.25000000000        261.1694    
  -1625.00000000000        158.8719    
  -1593.75000000000        94.17944    
  -1562.50000000000        244.6239    
  -1531.25000000000        147.7280    
  -1500.00000000000        68.96928    
  -1468.75000000000        104.4578    
  -1437.50000000000        51.67867    
  -1406.25000000000        126.2488    
  -1375.00000000000        173.1337    
  -1343.75000000000        144.7466    
  -1312.50000000000        112.6904    
  -1281.25000000000        123.9996    
  -1250.00000000000        266.2304    
  -1218.75000000000        80.84913    
  -1187.50000000000        95.00529    
  -1156.25000000000        236.5700    
  -1125.00000000000        75.76534    
  -1093.75000000000        75.22478    
  -1062.50000000000        244.1546    
  -1031.25000000000        75.01496    
  -1000.00000000000        137.7141    
  -968.750000000000        107.6643    
  -937.500000000000        78.63760    
  -906.250000000000        224.5332    
  -875.000000000000        92.12015    
  -843.750000000000        171.6455    
  -812.500000000000        315.7624    
  -781.250000000000        370.6915    
  -750.000000000000        321.6369    
  -718.750000000000        377.0594    
  -687.500000000000        298.9539    
  -656.250000000000        534.4097    
  -625.000000000000        36.30498    
  -593.750000000000        422.0627    
  -562.500000000000        162.2011    
  -531.250000000000        239.3893    
  -500.000000000000        418.5499    
  -468.750000000000        157.3441    
  -437.500000000000        341.9230    
  -406.250000000000        389.6826    
  -375.000000000000        894.0740    
  -343.750000000000        1420.029    
  -312.500000000000        748.3979    
  -281.250000000000        1047.260    
  -250.000000000000        538.6254    
  -218.750000000000        70.39566    
  -187.500000000000        475.3577    
  -156.250000000000        1805.471    
  -125.000000000000        1749.210    
  -93.7500000000000        632.0462    
  -62.5000000000000        1671.771    
  -31.2500000000000        3193.028    
  0.000000000000000E+000   8341.398    
   31.2500000000000        2953.528    
   62.5000000000000        1817.613    
   93.7500000000000        761.6312    
   125.000000000000        1840.731    
   156.250000000000        1881.644    
   187.500000000000        455.8939    
   218.750000000000        29.73628    
   250.000000000000        463.2797    
   281.250000000000        971.0837    
   312.500000000000        740.5151    
   343.750000000000        1349.680    
   375.000000000000        797.1392    
   406.250000000000        340.3398    
   437.500000000000        266.3175    
   468.750000000000        81.10738    
   500.000000000000        411.1302    
   531.250000000000        228.1077    
   562.500000000000        193.0460    
   593.750000000000        423.3543    
   625.000000000000        63.93351    
   656.250000000000        532.3938    
   687.500000000000        295.1973    
   718.750000000000        415.3891    
   750.000000000000        250.7771    
   781.250000000000        354.1430    
   812.500000000000        296.2963    
   843.750000000000        165.8679    
   875.000000000000        101.7047    
   906.250000000000        185.9400    
   937.500000000000        58.44167    
   968.750000000000        105.2767    
   1000.00000000000        151.0274    
   1031.25000000000        97.48988    
   1062.50000000000        210.5705    
   1093.75000000000        132.4312    
   1125.00000000000        62.13076    
   1156.25000000000        193.3855    
   1187.50000000000        51.30210    
   1218.75000000000        65.17841    
   1250.00000000000        319.3835    
   1281.25000000000        56.39497    
   1312.50000000000        90.57462    
   1343.75000000000        143.2937    
   1375.00000000000        200.9497    
   1406.25000000000        133.5803    
   1437.50000000000        52.48650    
   1468.75000000000        96.39185    
   1500.00000000000        55.34527    
   1531.25000000000        130.9430    
   1562.50000000000        262.6566    
   1593.75000000000        82.81081    
   1625.00000000000        147.7570    
   1656.25000000000        210.4894    
   1687.50000000000        178.0477    
   1718.75000000000        154.5915    
   1750.00000000000        214.7818    
   1781.25000000000        361.0013    
   1812.50000000000        318.1602    
   1843.75000000000        127.0853    
   1875.00000000000        91.34242    
   1906.25000000000        54.08998    
   1937.50000000000        69.90487    
   1968.75000000000        113.7656    
   2000.00000000000        56.15594    
   2031.25000000000        24.06670    
   2062.50000000000        111.0499    
   2093.75000000000        114.0413    
   2125.00000000000        84.38677    
   2156.25000000000        142.9308    
   2187.50000000000        150.3758    
   2218.75000000000        115.4504    
   2250.00000000000        85.98342    
   2281.25000000000        55.75439    
   2312.50000000000        122.9390    
   2343.75000000000        196.7135    
   2375.00000000000        41.82809    
   2406.25000000000        56.35262    
   2437.50000000000        145.4063    
   2468.75000000000        29.64004    
   2500.00000000000        186.5378    
   2531.25000000000        27.61244    
   2562.50000000000        80.60252    
   2593.75000000000        93.46673    
   2625.00000000000        48.55083    
   2656.25000000000        75.37388    
   2687.50000000000        200.1771    
   2718.75000000000        88.90327    
   2750.00000000000        106.5963    
   2781.25000000000        68.12257    
   2812.50000000000        196.7817    
   2843.75000000000        86.52839    
   2875.00000000000        186.7911    
   2906.25000000000        43.99376    
   2937.50000000000        267.3427    
   2968.75000000000        138.8122    
   3000.00000000000        149.2934    
   3031.25000000000        265.1917    
   3062.50000000000        296.8638    
   3093.75000000000        260.1568    
   3125.00000000000        189.3011    
   3156.25000000000        331.1827    
   3187.50000000000        140.7362    
   3218.75000000000        341.6496    
   3250.00000000000        260.5557    
   3281.25000000000        296.4987    
   3312.50000000000        308.4461    
   3343.75000000000        190.1540    
   3375.00000000000        177.7648    
   3406.25000000000        577.4286    
   3437.50000000000        175.4408    
   3468.75000000000        394.1209    
   3500.00000000000        349.6781    
   3531.25000000000        139.5584    
   3562.50000000000        304.5465    
   3593.75000000000        298.7106    
   3625.00000000000        205.4061    
   3656.25000000000        441.1829    
   3687.50000000000        391.7956    
   3718.75000000000        407.3461    
   3750.00000000000        305.2566    
   3781.25000000000        531.5108    
   3812.50000000000        331.8562    
   3843.75000000000        476.5785    
   3875.00000000000        417.0933    
   3906.25000000000        279.2035    
   3937.50000000000        608.6021    
   3968.75000000000        512.7687    
