  -2000.00000000000        1.972688    
  -1984.37500000000        151.3340    
  -1968.75000000000        113.0276    
  -1953.12500000000        206.5172    
  -1937.50000000000        442.7142    
  -1921.87500000000        167.3367    
  -1906.25000000000        51.15377    
  -1890.62500000000        132.1326    
  -1875.00000000000        130.9159    
  -1859.37500000000        55.10823    
  -1843.75000000000        36.88713    
  -1828.12500000000        156.0299    
  -1812.50000000000        111.4322    
  -1796.87500000000        74.98539    
  -1781.25000000000        85.38486    
  -1765.62500000000        107.9778    
  -1750.00000000000        494.1451    
  -1734.37500000000        131.2849    
  -1718.75000000000        98.25792    
  -1703.12500000000        61.70327    
  -1687.50000000000        82.86069    
  -1671.87500000000        46.11803    
  -1656.25000000000        99.95676    
  -1640.62500000000        125.8232    
  -1625.00000000000        26.58240    
  -1609.37500000000        58.09192    
  -1593.75000000000        88.00756    
  -1578.12500000000        95.47713    
  -1562.50000000000        254.9729    
  -1546.87500000000        675.2780    
  -1531.25000000000        156.1871    
  -1515.62500000000        102.6131    
  -1500.00000000000        253.5995    
  -1484.37500000000        162.5697    
  -1468.75000000000        88.51434    
  -1453.12500000000        59.40411    
  -1437.50000000000        85.44320    
  -1421.87500000000        176.8156    
  -1406.25000000000        176.7574    
  -1390.62500000000        107.7794    
  -1375.00000000000        35.85555    
  -1359.37500000000        531.7620    
  -1343.75000000000        163.8581    
  -1328.12500000000        159.1539    
  -1312.50000000000        18.96433    
  -1296.87500000000        244.5467    
  -1281.25000000000        142.5194    
  -1265.62500000000        137.8497    
  -1250.00000000000        351.2032    
  -1234.37500000000        206.0702    
  -1218.75000000000        68.78130    
  -1203.12500000000        319.1346    
  -1187.50000000000        359.5057    
  -1171.87500000000        1065.973    
  -1156.25000000000        1093.227    
  -1140.62500000000        296.0572    
  -1125.00000000000        176.5819    
  -1109.37500000000        178.6592    
  -1093.75000000000        263.6773    
  -1078.12500000000        74.65123    
  -1062.50000000000        135.8090    
  -1046.87500000000        53.95059    
  -1031.25000000000        124.8956    
  -1015.62500000000        86.09544    
  -1000.00000000000        18.80083    
  -984.375000000000        251.4026    
  -968.750000000000        2024.176    
  -953.125000000000        352.5732    
  -937.500000000000        211.0354    
  -921.875000000000        425.8983    
  -906.250000000000        180.5771    
  -890.625000000000        102.5919    
  -875.000000000000        115.1885    
  -859.375000000000        247.5935    
  -843.750000000000        142.5737    
  -828.125000000000        292.8654    
  -812.500000000000        242.8467    
  -796.875000000000        266.0899    
  -781.250000000000        591.4754    
  -765.625000000000        331.6522    
  -750.000000000000        155.8190    
  -734.375000000000        126.3899    
  -718.750000000000        414.4250    
  -703.125000000000        192.8091    
  -687.500000000000        184.2593    
  -671.875000000000        254.5641    
  -656.250000000000        315.5847    
  -640.625000000000        163.3866    
  -625.000000000000        694.1855    
  -609.375000000000        1004.458    
  -593.750000000000        1825.075    
  -578.125000000000        6492.839    
  -562.500000000000        1179.230    
  -546.875000000000        445.9949    
  -531.250000000000        421.2063    
  -515.625000000000        349.0331    
  -500.000000000000        367.6267    
  -484.375000000000        192.5229    
  -468.750000000000        234.2861    
  -453.125000000000        248.6810    
  -437.500000000000        289.0693    
  -421.875000000000        631.1610    
  -406.250000000000        432.2839    
  -390.625000000000        6343.761    
  -375.000000000000        912.2836    
  -359.375000000000        727.7996    
  -343.750000000000        613.0864    
  -328.125000000000        565.9919    
  -312.500000000000        505.1998    
  -296.875000000000        810.7111    
  -281.250000000000        514.6170    
  -265.625000000000        953.8511    
  -250.000000000000        1410.658    
  -234.375000000000        1211.691    
  -218.750000000000        2143.206    
  -203.125000000000        6535.575    
  -187.500000000000        8320.648    
  -171.875000000000        2695.753    
  -156.250000000000        1592.937    
  -140.625000000000        980.6877    
  -125.000000000000        920.0956    
  -109.375000000000        730.8510    
  -93.7500000000000        741.8842    
  -78.1250000000000        369.1646    
  -62.5000000000000        521.8660    
  -46.8750000000000        455.9756    
  -31.2500000000000        462.5783    
  -15.6250000000000        450.8065    
  0.000000000000000E+000   135542.2    
   15.6250000000000        593.6050    
   31.2500000000000        469.4291    
   46.8750000000000        768.7663    
   62.5000000000000        143.2351    
   78.1250000000000        228.5750    
   93.7500000000000        630.3521    
   109.375000000000        590.9539    
   125.000000000000        931.4341    
   140.625000000000        645.4872    
   156.250000000000        1106.547    
   171.875000000000        2010.759    
   187.500000000000        5393.176    
   203.125000000000        3359.020    
   218.750000000000        1582.619    
   234.375000000000        962.4078    
   250.000000000000        1324.361    
   265.625000000000        675.3994    
   281.250000000000        424.6785    
   296.875000000000        472.0566    
   312.500000000000        381.6266    
   328.125000000000        495.2480    
   343.750000000000        588.6045    
   359.375000000000        904.8925    
   375.000000000000        2214.211    
   390.625000000000        7859.566    
   406.250000000000        1300.787    
   421.875000000000        834.7554    
   437.500000000000        766.7615    
   453.125000000000        328.4813    
   468.750000000000        125.6508    
   484.375000000000        318.4503    
   500.000000000000        475.4059    
   515.625000000000        457.9286    
   531.250000000000        486.2395    
   546.875000000000        823.1276    
   562.500000000000        1162.181    
   578.125000000000        7542.938    
   593.750000000000        2762.751    
   609.375000000000        1065.263    
   625.000000000000        821.0638    
   640.625000000000        503.4173    
   656.250000000000        500.8787    
   671.875000000000        457.2074    
   687.500000000000        533.2200    
   703.125000000000        439.9827    
   718.750000000000        316.5580    
   734.375000000000        511.1968    
   750.000000000000        513.7918    
   765.625000000000        1463.138    
   781.250000000000        1822.777    
   796.875000000000        446.7833    
   812.500000000000        221.3701    
   828.125000000000        170.9937    
   843.750000000000        86.83762    
   859.375000000000        58.31670    
   875.000000000000        137.4678    
   890.625000000000        136.2351    
   906.250000000000        387.3727    
   921.875000000000        418.6446    
   937.500000000000        173.5953    
   953.125000000000        48.26258    
   968.750000000000        807.3145    
   984.375000000000        136.4899    
   1000.00000000000        39.75333    
   1015.62500000000        110.1389    
   1031.25000000000        197.6744    
   1046.87500000000        55.65774    
   1062.50000000000        183.4645    
   1078.12500000000        90.45882    
   1093.75000000000        207.8600    
   1109.37500000000        228.9736    
   1125.00000000000        67.77009    
   1140.62500000000        136.5214    
   1156.25000000000        497.7192    
   1171.87500000000        394.5162    
   1187.50000000000        178.9082    
   1203.12500000000        100.7267    
   1218.75000000000        76.83387    
   1234.37500000000        60.20848    
   1250.00000000000        294.3139    
   1265.62500000000        34.61594    
   1281.25000000000        131.9216    
   1296.87500000000        208.4552    
   1312.50000000000        33.28747    
   1328.12500000000        44.85547    
   1343.75000000000        88.28691    
   1359.37500000000        712.0213    
   1375.00000000000        101.5429    
   1390.62500000000        251.6763    
   1406.25000000000        53.88403    
   1421.87500000000        165.9795    
   1437.50000000000        19.19501    
   1453.12500000000        111.9435    
   1468.75000000000        43.84084    
   1484.37500000000        156.6441    
   1500.00000000000        167.6496    
   1515.62500000000        115.9718    
   1531.25000000000        31.51778    
   1546.87500000000        230.5782    
   1562.50000000000        145.0785    
   1578.12500000000        266.4949    
   1593.75000000000        72.28767    
   1609.37500000000        157.6043    
   1625.00000000000        53.46639    
   1640.62500000000        62.45316    
   1656.25000000000        82.89094    
   1671.87500000000        350.6587    
   1687.50000000000        127.3496    
   1703.12500000000        51.57220    
   1718.75000000000        227.1147    
   1734.37500000000        86.70513    
   1750.00000000000        356.1067    
   1765.62500000000        101.9577    
   1781.25000000000        148.7008    
   1796.87500000000        78.43286    
   1812.50000000000        70.10844    
   1828.12500000000        99.73999    
   1843.75000000000        3.000957    
   1859.37500000000        201.1827    
   1875.00000000000        253.0376    
   1890.62500000000        167.6220    
   1906.25000000000        161.3191    
   1921.87500000000        187.6815    
   1937.50000000000        264.5269    
   1953.12500000000        133.0785    
   1968.75000000000        44.40142    
   1984.37500000000        19.87354    
