  -2000.00000000000        5.461608    
  -1984.37500000000        2.905410    
  -1968.75000000000        6.240353    
  -1953.12500000000        8.439135    
  -1937.50000000000        7.782642    
  -1921.87500000000        13.67699    
  -1906.25000000000        4.794783    
  -1890.62500000000        8.896517    
  -1875.00000000000        4.957398    
  -1859.37500000000        2.510327    
  -1843.75000000000        4.153860    
  -1828.12500000000        9.405122    
  -1812.50000000000        3.799207    
  -1796.87500000000        3.473428    
  -1781.25000000000        7.843931    
  -1765.62500000000        4.223335    
  -1750.00000000000        24.17224    
  -1734.37500000000        5.616762    
  -1718.75000000000        6.997972    
  -1703.12500000000        1.658314    
  -1687.50000000000        3.482900    
  -1671.87500000000        5.250754    
  -1656.25000000000        3.865038    
  -1640.62500000000        5.565079    
  -1625.00000000000       0.9119422    
  -1609.37500000000        4.200018    
  -1593.75000000000        5.837980    
  -1578.12500000000        11.00826    
  -1562.50000000000        7.924768    
  -1546.87500000000        26.69707    
  -1531.25000000000        6.346438    
  -1515.62500000000        6.612442    
  -1500.00000000000        15.28651    
  -1484.37500000000        7.800502    
  -1468.75000000000        2.393642    
  -1453.12500000000        3.663620    
  -1437.50000000000        3.277143    
  -1421.87500000000        8.544389    
  -1406.25000000000        6.304481    
  -1390.62500000000        5.276441    
  -1375.00000000000       0.7086003    
  -1359.37500000000        19.26504    
  -1343.75000000000        7.763114    
  -1328.12500000000        5.994373    
  -1312.50000000000        4.473761    
  -1296.87500000000        12.25545    
  -1281.25000000000        5.075891    
  -1265.62500000000        6.222245    
  -1250.00000000000        23.66626    
  -1234.37500000000        9.272658    
  -1218.75000000000        6.963940    
  -1203.12500000000        15.50659    
  -1187.50000000000        18.20128    
  -1171.87500000000        50.33686    
  -1156.25000000000        46.31133    
  -1140.62500000000        11.23006    
  -1125.00000000000        3.884714    
  -1109.37500000000        7.323982    
  -1093.75000000000       0.6234412    
  -1078.12500000000        3.668402    
  -1062.50000000000        3.212819    
  -1046.87500000000        1.652523    
  -1031.25000000000        4.362150    
  -1015.62500000000        3.511236    
  -1000.00000000000        1.472333    
  -984.375000000000        8.173733    
  -968.750000000000        50.42546    
  -953.125000000000        14.32154    
  -937.500000000000        10.26633    
  -921.875000000000        25.96368    
  -906.250000000000        17.38137    
  -890.625000000000        6.891705    
  -875.000000000000        5.530023    
  -859.375000000000        6.002631    
  -843.750000000000        5.701214    
  -828.125000000000        11.36580    
  -812.500000000000        11.52288    
  -796.875000000000        18.85802    
  -781.250000000000        66.69547    
  -765.625000000000        62.52317    
  -750.000000000000        21.05036    
  -734.375000000000        17.38284    
  -718.750000000000        22.51391    
  -703.125000000000        20.52075    
  -687.500000000000        19.78616    
  -671.875000000000        22.21729    
  -656.250000000000        28.25756    
  -640.625000000000        26.65000    
  -625.000000000000        42.97419    
  -609.375000000000        64.79134    
  -593.750000000000        140.6264    
  -578.125000000000        399.6144    
  -562.500000000000        66.96273    
  -546.875000000000        24.01728    
  -531.250000000000        32.36116    
  -515.625000000000        21.30788    
  -500.000000000000        17.54881    
  -484.375000000000        7.098714    
  -468.750000000000        8.781855    
  -453.125000000000        13.61126    
  -437.500000000000        21.89681    
  -421.875000000000        16.40899    
  -406.250000000000        40.46576    
  -390.625000000000        158.8685    
  -375.000000000000        55.68049    
  -359.375000000000        24.56621    
  -343.750000000000        4.564192    
  -328.125000000000        7.044507    
  -312.500000000000        17.75507    
  -296.875000000000        13.91513    
  -281.250000000000        10.68358    
  -265.625000000000        14.82181    
  -250.000000000000        25.46631    
  -234.375000000000        14.30737    
  -218.750000000000        36.78098    
  -203.125000000000        136.4242    
  -187.500000000000        152.9682    
  -171.875000000000        46.25283    
  -156.250000000000        24.56673    
  -140.625000000000        21.75778    
  -125.000000000000        19.97392    
  -109.375000000000        8.511696    
  -93.7500000000000        2.141734    
  -78.1250000000000        28.08078    
  -62.5000000000000        10.57512    
  -46.8750000000000        19.69833    
  -31.2500000000000        13.40395    
  -15.6250000000000        41.71901    
  0.000000000000000E+000   8752.576    
   15.6250000000000        42.37410    
   31.2500000000000        13.92047    
   46.8750000000000        20.32080    
   62.5000000000000        10.18368    
   78.1250000000000        28.42615    
   93.7500000000000        1.783480    
   109.375000000000        7.385006    
   125.000000000000        20.15080    
   140.625000000000        21.77837    
   156.250000000000        24.21572    
   171.875000000000        45.21982    
   187.500000000000        149.0820    
   203.125000000000        131.5384    
   218.750000000000        35.94629    
   234.375000000000        13.96292    
   250.000000000000        25.21234    
   265.625000000000        14.03023    
   281.250000000000        10.87319    
   296.875000000000        12.92858    
   312.500000000000        17.14791    
   328.125000000000        6.511344    
   343.750000000000        4.365484    
   359.375000000000        24.78210    
   375.000000000000        57.61598    
   390.625000000000        158.0423    
   406.250000000000        41.59771    
   421.875000000000        17.51253    
   437.500000000000        23.47568    
   453.125000000000        13.36182    
   468.750000000000        8.753340    
   484.375000000000        7.135386    
   500.000000000000        17.62971    
   515.625000000000        21.40662    
   531.250000000000        32.24078    
   546.875000000000        23.84370    
   562.500000000000        67.36149    
   578.125000000000        400.5665    
   593.750000000000        141.4226    
   609.375000000000        64.75533    
   625.000000000000        42.57729    
   640.625000000000        28.08837    
   656.250000000000        29.28740    
   671.875000000000        23.11249    
   687.500000000000        21.04235    
   703.125000000000        20.88373    
   718.750000000000        22.93580    
   734.375000000000        18.99370    
   750.000000000000        23.38539    
   765.625000000000        67.39799    
   781.250000000000        74.92366    
   796.875000000000        20.68993    
   812.500000000000        11.85286    
   828.125000000000        10.15410    
   843.750000000000        5.814767    
   859.375000000000        5.909414    
   875.000000000000        5.635145    
   890.625000000000        7.372642    
   906.250000000000        17.89721    
   921.875000000000        25.67261    
   937.500000000000        9.657031    
   953.125000000000        13.17397    
   968.750000000000        32.20430    
   984.375000000000        7.312401    
   1000.00000000000        1.691013    
   1015.62500000000        3.623667    
   1031.25000000000        5.245072    
   1046.87500000000        2.779707    
   1062.50000000000        2.498579    
   1078.12500000000        3.414235    
   1093.75000000000        1.906498    
   1109.37500000000        9.102460    
   1125.00000000000        3.749016    
   1140.62500000000        10.89035    
   1156.25000000000        45.84299    
   1171.87500000000        49.54559    
   1187.50000000000        17.62696    
   1203.12500000000        15.28635    
   1218.75000000000        6.004197    
   1234.37500000000        9.018530    
   1250.00000000000        23.45462    
   1265.62500000000        5.474274    
   1281.25000000000        3.794469    
   1296.87500000000        11.97089    
   1312.50000000000        4.572735    
   1328.12500000000        5.837692    
   1343.75000000000        7.263453    
   1359.37500000000        20.84227    
   1375.00000000000        1.976562    
   1390.62500000000        6.090968    
   1406.25000000000        6.845611    
   1421.87500000000        8.427569    
   1437.50000000000        3.229880    
   1453.12500000000        4.095256    
   1468.75000000000        2.515331    
   1484.37500000000        7.976682    
   1500.00000000000        15.60935    
   1515.62500000000        6.820140    
   1531.25000000000        6.747497    
   1546.87500000000        27.64577    
   1562.50000000000        7.800603    
   1578.12500000000        11.12229    
   1593.75000000000        6.168106    
   1609.37500000000        4.425578    
   1625.00000000000       0.3773623    
   1640.62500000000        5.099087    
   1656.25000000000        3.806652    
   1671.87500000000        5.535470    
   1687.50000000000        4.102317    
   1703.12500000000        1.788118    
   1718.75000000000        6.644942    
   1734.37500000000        5.197291    
   1750.00000000000        23.14851    
   1765.62500000000        3.907657    
   1781.25000000000        8.069896    
   1796.87500000000        3.292155    
   1812.50000000000        4.310004    
   1828.12500000000        9.898276    
   1843.75000000000        3.972867    
   1859.37500000000        2.917569    
   1875.00000000000        4.768513    
   1890.62500000000        8.193630    
   1906.25000000000        5.024700    
   1921.87500000000        13.81793    
   1937.50000000000        9.494109    
   1953.12500000000        8.410440    
   1968.75000000000        6.264163    
   1984.37500000000        2.611557    
