  -4000.00000000000        204.0088    
  -3968.75000000000        367.3299    
  -3937.50000000000        469.0860    
  -3906.25000000000        219.8526    
  -3875.00000000000        340.0788    
  -3843.75000000000        375.3475    
  -3812.50000000000        270.8342    
  -3781.25000000000        398.4696    
  -3750.00000000000        244.9835    
  -3718.75000000000        308.6186    
  -3687.50000000000        280.9970    
  -3656.25000000000        346.5729    
  -3625.00000000000        161.3594    
  -3593.75000000000        222.1111    
  -3562.50000000000        239.9264    
  -3531.25000000000        88.73471    
  -3500.00000000000        276.0499    
  -3468.75000000000        254.0607    
  -3437.50000000000        150.6727    
  -3406.25000000000        426.3792    
  -3375.00000000000        130.0079    
  -3343.75000000000        124.0830    
  -3312.50000000000        238.7851    
  -3281.25000000000        213.1515    
  -3250.00000000000        189.9097    
  -3218.75000000000        228.6728    
  -3187.50000000000        98.58120    
  -3156.25000000000        239.9827    
  -3125.00000000000        136.8949    
  -3093.75000000000        191.5391    
  -3062.50000000000        226.0780    
  -3031.25000000000        180.1158    
  -3000.00000000000        106.7788    
  -2968.75000000000        112.9328    
  -2937.50000000000        192.9674    
  -2906.25000000000        27.42151    
  -2875.00000000000        130.1787    
  -2843.75000000000        59.32489    
  -2812.50000000000        141.6467    
  -2781.25000000000        48.27258    
  -2750.00000000000        70.72865    
  -2718.75000000000        67.66924    
  -2687.50000000000        133.9370    
  -2656.25000000000        58.21577    
  -2625.00000000000        33.23211    
  -2593.75000000000        95.82384    
  -2562.50000000000        65.53735    
  -2531.25000000000        19.28963    
  -2500.00000000000        138.9000    
  -2468.75000000000        10.22136    
  -2437.50000000000        95.00226    
  -2406.25000000000        58.27251    
  -2375.00000000000        22.37351    
  -2343.75000000000        142.4681    
  -2312.50000000000        87.96816    
  -2281.25000000000        41.04041    
  -2250.00000000000        54.55523    
  -2218.75000000000        76.81217    
  -2187.50000000000        110.1532    
  -2156.25000000000        109.3709    
  -2125.00000000000        70.69018    
  -2093.75000000000        84.45161    
  -2062.50000000000        66.96539    
  -2031.25000000000        21.41828    
  -2000.00000000000        48.32500    
  -1968.75000000000        67.67747    
  -1937.50000000000        50.74348    
  -1906.25000000000        35.89272    
  -1875.00000000000        83.68795    
  -1843.75000000000        93.91581    
  -1812.50000000000        254.3544    
  -1781.25000000000        298.2740    
  -1750.00000000000        154.7608    
  -1718.75000000000        107.3550    
  -1687.50000000000        143.6582    
  -1656.25000000000        171.5523    
  -1625.00000000000        107.4867    
  -1593.75000000000        54.43018    
  -1562.50000000000        207.0620    
  -1531.25000000000        121.9532    
  -1500.00000000000        35.53001    
  -1468.75000000000        77.38766    
  -1437.50000000000        45.71030    
  -1406.25000000000        78.98753    
  -1375.00000000000        135.8082    
  -1343.75000000000        103.1421    
  -1312.50000000000        87.39501    
  -1281.25000000000        74.93632    
  -1250.00000000000        226.6158    
  -1218.75000000000        45.26083    
  -1187.50000000000        39.89736    
  -1156.25000000000        147.6835    
  -1125.00000000000        35.68975    
  -1093.75000000000        89.40862    
  -1062.50000000000        167.2543    
  -1031.25000000000        68.50670    
  -1000.00000000000        88.97637    
  -968.750000000000        96.23203    
  -937.500000000000        41.68789    
  -906.250000000000        168.5184    
  -875.000000000000        85.80399    
  -843.750000000000        121.8104    
  -812.500000000000        217.3152    
  -781.250000000000        283.1506    
  -750.000000000000        215.2850    
  -718.750000000000        264.7520    
  -687.500000000000        234.3255    
  -656.250000000000        412.9062    
  -625.000000000000        43.04911    
  -593.750000000000        310.3784    
  -562.500000000000        114.7752    
  -531.250000000000        202.0574    
  -500.000000000000        303.2677    
  -468.750000000000        83.45684    
  -437.500000000000        233.8345    
  -406.250000000000        292.5364    
  -375.000000000000        670.5304    
  -343.750000000000        1061.284    
  -312.500000000000        550.0267    
  -281.250000000000        768.3243    
  -250.000000000000        386.7674    
  -218.750000000000        48.12929    
  -187.500000000000        355.2011    
  -156.250000000000        1349.949    
  -125.000000000000        1340.206    
  -93.7500000000000        478.5975    
  -62.5000000000000        1318.920    
  -31.2500000000000        2349.240    
  0.000000000000000E+000   6075.014    
   31.2500000000000        2312.491    
   62.5000000000000        1342.901    
   93.7500000000000        499.3935    
   125.000000000000        1361.343    
   156.250000000000        1389.506    
   187.500000000000        360.8679    
   218.750000000000        27.69409    
   250.000000000000        399.2313    
   281.250000000000        755.9210    
   312.500000000000        552.7391    
   343.750000000000        1063.781    
   375.000000000000        648.7798    
   406.250000000000        280.9210    
   437.500000000000        223.0339    
   468.750000000000        53.84021    
   500.000000000000        311.3004    
   531.250000000000        194.3281    
   562.500000000000        125.4122    
   593.750000000000        307.8154    
   625.000000000000        36.13798    
   656.250000000000        407.8207    
   687.500000000000        231.8082    
   718.750000000000        279.3863    
   750.000000000000        210.0555    
   781.250000000000        279.0276    
   812.500000000000        221.7850    
   843.750000000000        117.9530    
   875.000000000000        92.21948    
   906.250000000000        166.0503    
   937.500000000000        30.69794    
   968.750000000000        86.06044    
   1000.00000000000        94.63708    
   1031.25000000000        72.84124    
   1062.50000000000        161.9154    
   1093.75000000000        93.05766    
   1125.00000000000        36.93810    
   1156.25000000000        145.1098    
   1187.50000000000        41.63684    
   1218.75000000000        45.76658    
   1250.00000000000        229.4967    
   1281.25000000000        66.12447    
   1312.50000000000        84.10140    
   1343.75000000000        106.1489    
   1375.00000000000        132.5921    
   1406.25000000000        86.08158    
   1437.50000000000        42.30921    
   1468.75000000000        74.89416    
   1500.00000000000        31.44531    
   1531.25000000000        110.3867    
   1562.50000000000        204.7285    
   1593.75000000000        51.30117    
   1625.00000000000        101.6839    
   1656.25000000000        165.5432    
   1687.50000000000        145.9300    
   1718.75000000000        98.60876    
   1750.00000000000        148.2137    
   1781.25000000000        294.3980    
   1812.50000000000        243.8095    
   1843.75000000000        92.58050    
   1875.00000000000        83.86665    
   1906.25000000000        32.99358    
   1937.50000000000        52.93114    
   1968.75000000000        65.92482    
   2000.00000000000        43.88620    
   2031.25000000000        19.77895    
   2062.50000000000        69.25358    
   2093.75000000000        86.54552    
   2125.00000000000        67.06219    
   2156.25000000000        106.4145    
   2187.50000000000        106.4522    
   2218.75000000000        75.21498    
   2250.00000000000        54.91406    
   2281.25000000000        43.34843    
   2312.50000000000        84.75124    
   2343.75000000000        145.4812    
   2375.00000000000        23.56456    
   2406.25000000000        53.75557    
   2437.50000000000        95.87099    
   2468.75000000000        12.16665    
   2500.00000000000        138.3133    
   2531.25000000000        13.68923    
   2562.50000000000        65.69015    
   2593.75000000000        99.23033    
   2625.00000000000        36.46680    
   2656.25000000000        53.00632    
   2687.50000000000        138.7598    
   2718.75000000000        74.02975    
   2750.00000000000        71.75956    
   2781.25000000000        47.97291    
   2812.50000000000        146.7433    
   2843.75000000000        63.53755    
   2875.00000000000        129.1981    
   2906.25000000000        27.92565    
   2937.50000000000        199.7198    
   2968.75000000000        105.4451    
   3000.00000000000        113.8508    
   3031.25000000000        180.1982    
   3062.50000000000        221.7214    
   3093.75000000000        196.1077    
   3125.00000000000        137.8797    
   3156.25000000000        243.6247    
   3187.50000000000        107.4201    
   3218.75000000000        232.3172    
   3250.00000000000        189.0642    
   3281.25000000000        226.9550    
   3312.50000000000        238.1614    
   3343.75000000000        125.4663    
   3375.00000000000        129.7181    
   3406.25000000000        428.8036    
   3437.50000000000        153.3890    
   3468.75000000000        266.6901    
   3500.00000000000        270.2758    
   3531.25000000000        85.47919    
   3562.50000000000        246.8027    
   3593.75000000000        207.4876    
   3625.00000000000        155.8875    
   3656.25000000000        342.9880    
   3687.50000000000        277.8881    
   3718.75000000000        305.5701    
   3750.00000000000        234.8411    
   3781.25000000000        403.9040    
   3812.50000000000        264.2434    
   3843.75000000000        376.2732    
   3875.00000000000        327.0754    
   3906.25000000000        217.2304    
   3937.50000000000        457.9258    
   3968.75000000000        376.6002    
