  -2000.00000000000        4.974583    
  -1984.37500000000        3.720228    
  -1968.75000000000        7.015694    
  -1953.12500000000        9.176453    
  -1937.50000000000        5.772618    
  -1921.87500000000        13.35193    
  -1906.25000000000        5.227833    
  -1890.62500000000        10.08348    
  -1875.00000000000        6.833184    
  -1859.37500000000        2.364840    
  -1843.75000000000        3.932165    
  -1828.12500000000        10.16690    
  -1812.50000000000        2.377653    
  -1796.87500000000        5.351692    
  -1781.25000000000        8.802453    
  -1765.62500000000        4.531584    
  -1750.00000000000        24.42975    
  -1734.37500000000        5.539300    
  -1718.75000000000        6.955256    
  -1703.12500000000        1.940344    
  -1687.50000000000        4.046926    
  -1671.87500000000        2.878577    
  -1656.25000000000        4.801343    
  -1640.62500000000        6.148463    
  -1625.00000000000        1.868098    
  -1609.37500000000        3.963158    
  -1593.75000000000        5.687098    
  -1578.12500000000        11.43134    
  -1562.50000000000        8.244342    
  -1546.87500000000        24.97341    
  -1531.25000000000        6.346593    
  -1515.62500000000        7.171283    
  -1500.00000000000        17.17241    
  -1484.37500000000        8.459468    
  -1468.75000000000        1.476211    
  -1453.12500000000        3.022101    
  -1437.50000000000        3.435651    
  -1421.87500000000        6.379118    
  -1406.25000000000        6.549617    
  -1390.62500000000        4.512065    
  -1375.00000000000        1.027548    
  -1359.37500000000        21.90394    
  -1343.75000000000        7.558674    
  -1328.12500000000        6.764687    
  -1312.50000000000        5.055861    
  -1296.87500000000        14.26348    
  -1281.25000000000        4.667132    
  -1265.62500000000        6.108058    
  -1250.00000000000        22.96922    
  -1234.37500000000        9.849702    
  -1218.75000000000        6.706706    
  -1203.12500000000        16.61437    
  -1187.50000000000        19.40245    
  -1171.87500000000        54.45307    
  -1156.25000000000        52.76521    
  -1140.62500000000        13.03753    
  -1125.00000000000        5.660454    
  -1109.37500000000        9.126540    
  -1093.75000000000        2.428345    
  -1078.12500000000        4.236684    
  -1062.50000000000        2.220490    
  -1046.87500000000        1.962733    
  -1031.25000000000        4.115004    
  -1015.62500000000        4.155612    
  -1000.00000000000       0.8498683    
  -984.375000000000        7.586848    
  -968.750000000000        56.85995    
  -953.125000000000        15.19736    
  -937.500000000000        10.33617    
  -921.875000000000        25.13872    
  -906.250000000000        18.15656    
  -890.625000000000        6.975189    
  -875.000000000000        6.114158    
  -859.375000000000        6.514791    
  -843.750000000000        5.562660    
  -828.125000000000        10.28180    
  -812.500000000000        12.41108    
  -796.875000000000        21.77239    
  -781.250000000000        75.88109    
  -765.625000000000        67.22371    
  -750.000000000000        22.11686    
  -734.375000000000        17.44356    
  -718.750000000000        21.68408    
  -703.125000000000        20.16858    
  -687.500000000000        19.97788    
  -671.875000000000        22.07634    
  -656.250000000000        27.73745    
  -640.625000000000        25.31922    
  -625.000000000000        42.66389    
  -609.375000000000        64.82430    
  -593.750000000000        139.0414    
  -578.125000000000        394.4462    
  -562.500000000000        66.49290    
  -546.875000000000        23.57627    
  -531.250000000000        32.96812    
  -515.625000000000        22.02243    
  -500.000000000000        16.95055    
  -484.375000000000        7.172779    
  -468.750000000000        9.461653    
  -453.125000000000        13.09546    
  -437.500000000000        22.90816    
  -421.875000000000        18.01044    
  -406.250000000000        41.39820    
  -390.625000000000        140.7834    
  -375.000000000000        54.60733    
  -359.375000000000        22.88102    
  -343.750000000000        3.438372    
  -328.125000000000        6.982657    
  -312.500000000000        17.65235    
  -296.875000000000        15.34552    
  -281.250000000000        10.42454    
  -265.625000000000        16.58135    
  -250.000000000000        25.93440    
  -234.375000000000        15.96886    
  -218.750000000000        40.43381    
  -203.125000000000        150.5631    
  -187.500000000000        173.3400    
  -171.875000000000        53.24189    
  -156.250000000000        27.99310    
  -140.625000000000        24.18367    
  -125.000000000000        21.32153    
  -109.375000000000        10.38835    
  -93.7500000000000        1.581051    
  -78.1250000000000        29.65507    
  -62.5000000000000        11.99131    
  -46.8750000000000        18.95519    
  -31.2500000000000        12.83494    
  -15.6250000000000        43.16655    
  0.000000000000000E+000   9027.566    
   15.6250000000000        44.09320    
   31.2500000000000        15.32340    
   46.8750000000000        22.57025    
   62.5000000000000        9.873297    
   78.1250000000000        28.35944    
   93.7500000000000        3.188556    
   109.375000000000        6.700488    
   125.000000000000        20.25210    
   140.625000000000        21.53929    
   156.250000000000        23.16513    
   171.875000000000        43.99751    
   187.500000000000        142.5868    
   203.125000000000        125.1984    
   218.750000000000        35.22587    
   234.375000000000        13.25452    
   250.000000000000        24.81659    
   265.625000000000        12.79258    
   281.250000000000        11.64932    
   296.875000000000        12.44129    
   312.500000000000        17.81821    
   328.125000000000        6.215408    
   343.750000000000        4.241484    
   359.375000000000        24.70722    
   375.000000000000        59.24100    
   390.625000000000        159.4202    
   406.250000000000        42.71961    
   421.875000000000        17.67980    
   437.500000000000        23.78999    
   453.125000000000        13.44570    
   468.750000000000        8.530787    
   484.375000000000        7.405162    
   500.000000000000        16.92191    
   515.625000000000        21.52916    
   531.250000000000        32.34229    
   546.875000000000        23.59179    
   562.500000000000        65.40947    
   578.125000000000        392.0604    
   593.750000000000        141.3254    
   609.375000000000        63.67673    
   625.000000000000        42.39526    
   640.625000000000        26.79481    
   656.250000000000        28.75845    
   671.875000000000        22.28323    
   687.500000000000        20.63232    
   703.125000000000        20.94795    
   718.750000000000        22.60746    
   734.375000000000        18.56222    
   750.000000000000        22.94432    
   765.625000000000        67.33020    
   781.250000000000        73.56440    
   796.875000000000        20.02317    
   812.500000000000        11.31462    
   828.125000000000        9.957450    
   843.750000000000        6.064514    
   859.375000000000        5.662424    
   875.000000000000        4.980480    
   890.625000000000        7.745828    
   906.250000000000        17.85592    
   921.875000000000        25.10310    
   937.500000000000        9.377104    
   953.125000000000        13.39756    
   968.750000000000        52.17905    
   984.375000000000        9.638433    
   1000.00000000000        1.169924    
   1015.62500000000        4.231310    
   1031.25000000000        4.175265    
   1046.87500000000        1.733713    
   1062.50000000000        2.901865    
   1078.12500000000        4.173226    
   1093.75000000000        1.612439    
   1109.37500000000        9.541027    
   1125.00000000000        5.142974    
   1140.62500000000        12.31827    
   1156.25000000000        53.18271    
   1171.87500000000        55.87419    
   1187.50000000000        19.04867    
   1203.12500000000        16.73147    
   1218.75000000000        6.780029    
   1234.37500000000        9.344646    
   1250.00000000000        22.92182    
   1265.62500000000        5.099135    
   1281.25000000000        3.069764    
   1296.87500000000        12.65820    
   1312.50000000000        5.591758    
   1328.12500000000        5.696638    
   1343.75000000000        9.494858    
   1359.37500000000        22.23247    
   1375.00000000000       0.7496061    
   1390.62500000000        6.066389    
   1406.25000000000        6.817127    
   1421.87500000000        8.052518    
   1437.50000000000        3.521598    
   1453.12500000000        4.061398    
   1468.75000000000        2.350303    
   1484.37500000000        8.327407    
   1500.00000000000        16.05369    
   1515.62500000000        6.840731    
   1531.25000000000        5.722375    
   1546.87500000000        24.24537    
   1562.50000000000        8.399084    
   1578.12500000000        11.43082    
   1593.75000000000        6.158960    
   1609.37500000000        3.984994    
   1625.00000000000        1.023808    
   1640.62500000000        6.154625    
   1656.25000000000        3.271654    
   1671.87500000000        9.350674    
   1687.50000000000        3.651683    
   1703.12500000000        1.832355    
   1718.75000000000        6.111234    
   1734.37500000000        5.014192    
   1750.00000000000        20.69583    
   1765.62500000000        3.210117    
   1781.25000000000        7.789985    
   1796.87500000000        2.412264    
   1812.50000000000        5.906728    
   1828.12500000000        10.77286    
   1843.75000000000        5.743071    
   1859.37500000000        4.258781    
   1875.00000000000        3.727855    
   1890.62500000000        8.502895    
   1906.25000000000        5.431774    
   1921.87500000000        12.61663    
   1937.50000000000        8.039288    
   1953.12500000000        8.843716    
   1968.75000000000        6.124044    
   1984.37500000000        1.397130    
