  -2000.00000000000        11.93376    
  -1984.37500000000        12.32512    
  -1968.75000000000        8.524219    
  -1953.12500000000        50.53889    
  -1937.50000000000        39.37742    
  -1921.87500000000        23.83227    
  -1906.25000000000        33.59745    
  -1890.62500000000        9.664484    
  -1875.00000000000        15.45925    
  -1859.37500000000        7.717585    
  -1843.75000000000        19.84544    
  -1828.12500000000        8.329971    
  -1812.50000000000        28.54747    
  -1796.87500000000        29.62014    
  -1781.25000000000        21.05603    
  -1765.62500000000        40.21460    
  -1750.00000000000        58.15026    
  -1734.37500000000        26.32425    
  -1718.75000000000        41.47362    
  -1703.12500000000        9.470028    
  -1687.50000000000        10.02163    
  -1671.87500000000        55.59839    
  -1656.25000000000        15.23974    
  -1640.62500000000        23.31201    
  -1625.00000000000        22.98312    
  -1609.37500000000        14.06247    
  -1593.75000000000        29.99578    
  -1578.12500000000        34.87306    
  -1562.50000000000        37.38514    
  -1546.87500000000        54.67427    
  -1531.25000000000        37.90527    
  -1515.62500000000        28.28373    
  -1500.00000000000        40.01653    
  -1484.37500000000        25.15809    
  -1468.75000000000        2.813174    
  -1453.12500000000        12.11121    
  -1437.50000000000        7.308885    
  -1421.87500000000        30.66377    
  -1406.25000000000        23.55190    
  -1390.62500000000        15.64520    
  -1375.00000000000        16.99450    
  -1359.37500000000        93.18919    
  -1343.75000000000        17.61828    
  -1328.12500000000        11.14087    
  -1312.50000000000        19.80876    
  -1296.87500000000        32.62336    
  -1281.25000000000        22.86464    
  -1265.62500000000        25.35346    
  -1250.00000000000        81.90571    
  -1234.37500000000        50.23037    
  -1218.75000000000        32.26449    
  -1203.12500000000        47.86462    
  -1187.50000000000        57.33895    
  -1171.87500000000        174.8136    
  -1156.25000000000        145.8600    
  -1140.62500000000        43.05471    
  -1125.00000000000        20.61666    
  -1109.37500000000        26.95827    
  -1093.75000000000        42.74980    
  -1078.12500000000        16.28410    
  -1062.50000000000        10.39512    
  -1046.87500000000        26.57427    
  -1031.25000000000        23.43497    
  -1015.62500000000        10.71237    
  -1000.00000000000        10.75404    
  -984.375000000000        20.67308    
  -968.750000000000        255.3197    
  -953.125000000000        46.35859    
  -937.500000000000        34.34120    
  -921.875000000000        73.36677    
  -906.250000000000        74.85036    
  -890.625000000000        11.69286    
  -875.000000000000        20.62955    
  -859.375000000000        22.52058    
  -843.750000000000        27.63158    
  -828.125000000000        36.93650    
  -812.500000000000        31.32769    
  -796.875000000000        56.21113    
  -781.250000000000        186.8604    
  -765.625000000000        156.1988    
  -750.000000000000        36.89149    
  -734.375000000000        37.21365    
  -718.750000000000        49.27928    
  -703.125000000000        73.24989    
  -687.500000000000        37.52449    
  -671.875000000000        56.58071    
  -656.250000000000        51.81620    
  -640.625000000000        44.25916    
  -625.000000000000        118.9245    
  -609.375000000000        175.2753    
  -593.750000000000        345.5937    
  -578.125000000000        1123.997    
  -562.500000000000        211.9305    
  -546.875000000000        83.66658    
  -531.250000000000        98.97845    
  -515.625000000000        67.46758    
  -500.000000000000        26.07598    
  -484.375000000000        18.66340    
  -468.750000000000        38.64478    
  -453.125000000000        9.947104    
  -437.500000000000        24.29758    
  -421.875000000000        41.00847    
  -406.250000000000        92.97381    
  -390.625000000000        454.8159    
  -375.000000000000        78.56344    
  -359.375000000000        65.46308    
  -343.750000000000        39.20145    
  -328.125000000000        54.37523    
  -312.500000000000        54.38157    
  -296.875000000000        84.61583    
  -281.250000000000        58.55769    
  -265.625000000000        106.3645    
  -250.000000000000        118.4024    
  -234.375000000000        103.5472    
  -218.750000000000        220.1371    
  -203.125000000000        790.8145    
  -187.500000000000        1013.104    
  -171.875000000000        311.4969    
  -156.250000000000        180.3281    
  -140.625000000000        119.8970    
  -125.000000000000        94.35946    
  -109.375000000000        99.22771    
  -93.7500000000000        60.71952    
  -78.1250000000000        92.31210    
  -62.5000000000000        72.53924    
  -46.8750000000000        51.30852    
  -31.2500000000000        23.50477    
  -15.6250000000000        124.5145    
  0.000000000000000E+000   24942.23    
   15.6250000000000        140.0926    
   31.2500000000000        72.37063    
   46.8750000000000        99.64965    
   62.5000000000000        15.50615    
   78.1250000000000        76.21523    
   93.7500000000000        68.92017    
   109.375000000000        47.65679    
   125.000000000000        117.9440    
   140.625000000000        66.91918    
   156.250000000000        109.5084    
   171.875000000000        148.5430    
   187.500000000000        397.9511    
   203.125000000000        163.4968    
   218.750000000000        130.0717    
   234.375000000000        99.03182    
   250.000000000000        122.8534    
   265.625000000000        26.14901    
   281.250000000000        53.85067    
   296.875000000000        25.09097    
   312.500000000000        66.45019    
   328.125000000000        37.46419    
   343.750000000000        40.08900    
   359.375000000000        92.00455    
   375.000000000000        226.8143    
   390.625000000000        575.4953    
   406.250000000000        140.2173    
   421.875000000000        81.95007    
   437.500000000000        82.27142    
   453.125000000000        64.49719    
   468.750000000000        12.56299    
   484.375000000000        39.74252    
   500.000000000000        79.12701    
   515.625000000000        31.82302    
   531.250000000000        83.74853    
   546.875000000000        89.30099    
   562.500000000000        199.8515    
   578.125000000000        1236.512    
   593.750000000000        459.5472    
   609.375000000000        197.5792    
   625.000000000000        124.9957    
   640.625000000000        83.08171    
   656.250000000000        70.11119    
   671.875000000000        72.01707    
   687.500000000000        62.53642    
   703.125000000000        40.68695    
   718.750000000000        58.67440    
   734.375000000000        77.31840    
   750.000000000000        72.56068    
   765.625000000000        201.2386    
   781.250000000000        207.2921    
   796.875000000000        59.90141    
   812.500000000000        32.21116    
   828.125000000000        31.20661    
   843.750000000000        42.40696    
   859.375000000000        13.07311    
   875.000000000000        10.23811    
   890.625000000000        23.62252    
   906.250000000000        64.06310    
   921.875000000000        85.63747    
   937.500000000000        35.94497    
   953.125000000000        33.66409    
   968.750000000000        84.02466    
   984.375000000000        52.52433    
   1000.00000000000        22.63250    
   1015.62500000000        28.42267    
   1031.25000000000        15.22660    
   1046.87500000000        36.37989    
   1062.50000000000        18.43011    
   1078.12500000000        5.516221    
   1093.75000000000        39.82450    
   1109.37500000000        42.65697    
   1125.00000000000        10.63270    
   1140.62500000000        41.16380    
   1156.25000000000        99.23406    
   1171.87500000000        113.4545    
   1187.50000000000        44.16176    
   1203.12500000000        43.62811    
   1218.75000000000        23.17252    
   1234.37500000000        30.52950    
   1250.00000000000        74.92500    
   1265.62500000000        7.410420    
   1281.25000000000        6.156876    
   1296.87500000000        53.16267    
   1312.50000000000        18.92607    
   1328.12500000000        25.42025    
   1343.75000000000        23.70214    
   1359.37500000000        78.03476    
   1375.00000000000        13.66262    
   1390.62500000000        29.84221    
   1406.25000000000        39.52903    
   1421.87500000000        43.22131    
   1437.50000000000        13.50627    
   1453.12500000000        11.10657    
   1468.75000000000        27.58799    
   1484.37500000000        34.49381    
   1500.00000000000        35.55925    
   1515.62500000000        8.885212    
   1531.25000000000        22.18306    
   1546.87500000000        66.07059    
   1562.50000000000        48.42620    
   1578.12500000000        56.80608    
   1593.75000000000        16.94971    
   1609.37500000000        12.65301    
   1625.00000000000        4.911094    
   1640.62500000000        10.78819    
   1656.25000000000        21.04408    
   1671.87500000000        53.44598    
   1687.50000000000        44.37341    
   1703.12500000000        6.260354    
   1718.75000000000        36.65066    
   1734.37500000000        11.89477    
   1750.00000000000        48.69701    
   1765.62500000000        12.32284    
   1781.25000000000        31.10649    
   1796.87500000000        13.55337    
   1812.50000000000        9.125752    
   1828.12500000000        30.65969    
   1843.75000000000        16.27576    
   1859.37500000000        30.01218    
   1875.00000000000        53.24789    
   1890.62500000000        30.74086    
   1906.25000000000        22.42819    
   1921.87500000000        33.67485    
   1937.50000000000        53.92982    
   1953.12500000000        15.38816    
   1968.75000000000        27.45830    
   1984.37500000000        22.84101    
