  -4000.00000000000        197.3414    
  -3968.75000000000        360.4458    
  -3937.50000000000        461.2636    
  -3906.25000000000        215.6974    
  -3875.00000000000        327.7752    
  -3843.75000000000        367.0558    
  -3812.50000000000        263.7852    
  -3781.25000000000        389.6496    
  -3750.00000000000        237.4958    
  -3718.75000000000        300.1341    
  -3687.50000000000        276.6178    
  -3656.25000000000        336.4711    
  -3625.00000000000        156.5708    
  -3593.75000000000        212.6874    
  -3562.50000000000        237.0542    
  -3531.25000000000        84.26306    
  -3500.00000000000        271.5925    
  -3468.75000000000        251.1712    
  -3437.50000000000        147.1367    
  -3406.25000000000        420.0302    
  -3375.00000000000        127.8691    
  -3343.75000000000        121.2065    
  -3312.50000000000        234.2299    
  -3281.25000000000        214.7107    
  -3250.00000000000        184.2085    
  -3218.75000000000        225.7121    
  -3187.50000000000        100.5448    
  -3156.25000000000        240.1896    
  -3125.00000000000        142.0179    
  -3093.75000000000        190.6207    
  -3062.50000000000        219.8482    
  -3031.25000000000        173.6318    
  -3000.00000000000        106.7226    
  -2968.75000000000        108.4114    
  -2937.50000000000        197.0197    
  -2906.25000000000        26.73274    
  -2875.00000000000        129.4484    
  -2843.75000000000        59.03319    
  -2812.50000000000        138.3257    
  -2781.25000000000        47.54514    
  -2750.00000000000        68.46208    
  -2718.75000000000        71.24566    
  -2687.50000000000        132.4935    
  -2656.25000000000        54.25640    
  -2625.00000000000        32.58560    
  -2593.75000000000        95.69162    
  -2562.50000000000        61.37983    
  -2531.25000000000        18.74657    
  -2500.00000000000        139.8378    
  -2468.75000000000        12.93314    
  -2437.50000000000        96.03437    
  -2406.25000000000        52.39803    
  -2375.00000000000        22.78129    
  -2343.75000000000        139.0294    
  -2312.50000000000        85.68370    
  -2281.25000000000        36.77451    
  -2250.00000000000        56.93758    
  -2218.75000000000        72.97406    
  -2187.50000000000        103.8974    
  -2156.25000000000        107.4483    
  -2125.00000000000        64.33845    
  -2093.75000000000        83.78792    
  -2062.50000000000        66.32668    
  -2031.25000000000        21.15572    
  -2000.00000000000        45.74685    
  -1968.75000000000        63.50623    
  -1937.50000000000        44.65908    
  -1906.25000000000        31.33749    
  -1875.00000000000        79.45444    
  -1843.75000000000        93.96720    
  -1812.50000000000        244.1012    
  -1781.25000000000        293.0371    
  -1750.00000000000        146.7401    
  -1718.75000000000        103.6180    
  -1687.50000000000        141.5533    
  -1656.25000000000        167.8243    
  -1625.00000000000        100.2260    
  -1593.75000000000        53.43262    
  -1562.50000000000        200.8199    
  -1531.25000000000        115.0465    
  -1500.00000000000        39.00080    
  -1468.75000000000        76.58494    
  -1437.50000000000        42.20110    
  -1406.25000000000        79.26578    
  -1375.00000000000        133.5599    
  -1343.75000000000        101.7685    
  -1312.50000000000        84.37353    
  -1281.25000000000        71.23276    
  -1250.00000000000        223.4876    
  -1218.75000000000        41.34229    
  -1187.50000000000        41.32157    
  -1156.25000000000        142.1951    
  -1125.00000000000        34.60340    
  -1093.75000000000        83.29715    
  -1062.50000000000        160.8858    
  -1031.25000000000        63.02228    
  -1000.00000000000        89.24537    
  -968.750000000000        81.83068    
  -937.500000000000        33.72515    
  -906.250000000000        159.8584    
  -875.000000000000        77.81936    
  -843.750000000000        125.3917    
  -812.500000000000        220.1801    
  -781.250000000000        264.4962    
  -750.000000000000        212.7508    
  -718.750000000000        268.3722    
  -687.500000000000        236.7077    
  -656.250000000000        401.9691    
  -625.000000000000        36.45616    
  -593.750000000000        295.6887    
  -562.500000000000        121.4435    
  -531.250000000000        189.3278    
  -500.000000000000        306.9191    
  -468.750000000000        71.53139    
  -437.500000000000        225.7004    
  -406.250000000000        280.7628    
  -375.000000000000        644.7333    
  -343.750000000000        1052.586    
  -312.500000000000        544.9300    
  -281.250000000000        753.2242    
  -250.000000000000        382.1102    
  -218.750000000000        37.84379    
  -187.500000000000        357.3698    
  -156.250000000000        1350.623    
  -125.000000000000        1314.571    
  -93.7500000000000        476.6230    
  -62.5000000000000        1293.934    
  -31.2500000000000        2291.324    
  0.000000000000000E+000   6036.335    
   31.2500000000000        2288.831    
   62.5000000000000        1312.904    
   93.7500000000000        475.6988    
   125.000000000000        1333.150    
   156.250000000000        1338.765    
   187.500000000000        352.2928    
   218.750000000000        28.78249    
   250.000000000000        373.2438    
   281.250000000000        734.5819    
   312.500000000000        542.3849    
   343.750000000000        1034.560    
   375.000000000000        633.8962    
   406.250000000000        276.8413    
   437.500000000000        218.7901    
   468.750000000000        73.94257    
   500.000000000000        299.9474    
   531.250000000000        200.1682    
   562.500000000000        119.3096    
   593.750000000000        303.3689    
   625.000000000000        36.92743    
   656.250000000000        411.8612    
   687.500000000000        224.3547    
   718.750000000000        266.8659    
   750.000000000000        209.0988    
   781.250000000000        272.1773    
   812.500000000000        215.6738    
   843.750000000000        131.6285    
   875.000000000000        94.70082    
   906.250000000000        159.2200    
   937.500000000000        36.52219    
   968.750000000000        86.24511    
   1000.00000000000        97.50741    
   1031.25000000000        71.06701    
   1062.50000000000        161.0931    
   1093.75000000000        91.24105    
   1125.00000000000        32.89274    
   1156.25000000000        147.5497    
   1187.50000000000        36.23106    
   1218.75000000000        40.93986    
   1250.00000000000        224.2286    
   1281.25000000000        71.59818    
   1312.50000000000        83.56269    
   1343.75000000000        107.3522    
   1375.00000000000        133.4628    
   1406.25000000000        88.84293    
   1437.50000000000        41.76179    
   1468.75000000000        72.05887    
   1500.00000000000        33.08336    
   1531.25000000000        117.3514    
   1562.50000000000        198.4856    
   1593.75000000000        50.88571    
   1625.00000000000        97.30957    
   1656.25000000000        165.2968    
   1687.50000000000        141.5763    
   1718.75000000000        102.6310    
   1750.00000000000        148.5172    
   1781.25000000000        289.3537    
   1812.50000000000        242.1734    
   1843.75000000000        87.26194    
   1875.00000000000        80.12960    
   1906.25000000000        33.32095    
   1937.50000000000        45.33372    
   1968.75000000000        70.52982    
   2000.00000000000        41.37306    
   2031.25000000000        19.12924    
   2062.50000000000        62.80486    
   2093.75000000000        78.90935    
   2125.00000000000        66.35511    
   2156.25000000000        105.9947    
   2187.50000000000        101.5561    
   2218.75000000000        70.12412    
   2250.00000000000        46.07988    
   2281.25000000000        43.17345    
   2312.50000000000        83.56623    
   2343.75000000000        140.2414    
   2375.00000000000        20.90535    
   2406.25000000000        52.35463    
   2437.50000000000        92.20297    
   2468.75000000000        12.34963    
   2500.00000000000        139.5302    
   2531.25000000000        16.83957    
   2562.50000000000        63.03310    
   2593.75000000000        93.34612    
   2625.00000000000        33.04663    
   2656.25000000000        51.58305    
   2687.50000000000        134.8369    
   2718.75000000000        70.01975    
   2750.00000000000        69.57043    
   2781.25000000000        46.38824    
   2812.50000000000        140.1401    
   2843.75000000000        60.42541    
   2875.00000000000        131.0607    
   2906.25000000000        26.21212    
   2937.50000000000        195.8979    
   2968.75000000000        105.4334    
   3000.00000000000        110.7009    
   3031.25000000000        175.1252    
   3062.50000000000        220.5630    
   3093.75000000000        189.7824    
   3125.00000000000        139.5761    
   3156.25000000000        239.4652    
   3187.50000000000        101.0532    
   3218.75000000000        228.8222    
   3250.00000000000        186.8598    
   3281.25000000000        216.3539    
   3312.50000000000        230.0958    
   3343.75000000000        123.8915    
   3375.00000000000        125.6470    
   3406.25000000000        418.5626    
   3437.50000000000        145.1197    
   3468.75000000000        256.3380    
   3500.00000000000        266.3457    
   3531.25000000000        83.17333    
   3562.50000000000        241.1197    
   3593.75000000000        209.0796    
   3625.00000000000        155.6647    
   3656.25000000000        335.5993    
   3687.50000000000        274.9966    
   3718.75000000000        301.9094    
   3750.00000000000        232.5299    
   3781.25000000000        393.7838    
   3812.50000000000        262.2407    
   3843.75000000000        370.4800    
   3875.00000000000        324.2046    
   3906.25000000000        215.9713    
   3937.50000000000        456.3508    
   3968.75000000000        364.2386    
