  -4000.00000000000        232.6104    
  -3968.75000000000        413.0205    
  -3937.50000000000        544.0992    
  -3906.25000000000        256.0106    
  -3875.00000000000        388.3205    
  -3843.75000000000        419.8145    
  -3812.50000000000        318.6777    
  -3781.25000000000        444.4613    
  -3750.00000000000        288.2873    
  -3718.75000000000        353.1548    
  -3687.50000000000        320.0879    
  -3656.25000000000        392.4809    
  -3625.00000000000        191.7419    
  -3593.75000000000        267.8221    
  -3562.50000000000        273.2444    
  -3531.25000000000        106.1303    
  -3500.00000000000        325.4561    
  -3468.75000000000        269.9477    
  -3437.50000000000        170.7962    
  -3406.25000000000        490.2727    
  -3375.00000000000        154.7172    
  -3343.75000000000        136.9921    
  -3312.50000000000        280.6516    
  -3281.25000000000        238.1744    
  -3250.00000000000        201.0567    
  -3218.75000000000        257.6999    
  -3187.50000000000        106.5430    
  -3156.25000000000        292.6373    
  -3125.00000000000        188.4019    
  -3093.75000000000        227.9914    
  -3062.50000000000        264.8407    
  -3031.25000000000        200.4017    
  -3000.00000000000        120.4687    
  -2968.75000000000        136.6639    
  -2937.50000000000        228.5706    
  -2906.25000000000        42.75280    
  -2875.00000000000        131.6621    
  -2843.75000000000        64.08369    
  -2812.50000000000        164.0270    
  -2781.25000000000        58.33937    
  -2750.00000000000        68.56780    
  -2718.75000000000        78.92824    
  -2687.50000000000        151.5196    
  -2656.25000000000        62.12761    
  -2625.00000000000        23.52719    
  -2593.75000000000        119.8605    
  -2562.50000000000        74.30944    
  -2531.25000000000        22.42836    
  -2500.00000000000        154.6491    
  -2468.75000000000        8.138403    
  -2437.50000000000        115.9020    
  -2406.25000000000        61.58241    
  -2375.00000000000        23.87695    
  -2343.75000000000        163.2811    
  -2312.50000000000        102.4498    
  -2281.25000000000        54.21831    
  -2250.00000000000        54.70681    
  -2218.75000000000        84.35085    
  -2187.50000000000        113.8480    
  -2156.25000000000        124.4472    
  -2125.00000000000        75.19051    
  -2093.75000000000        102.0132    
  -2062.50000000000        81.84937    
  -2031.25000000000        15.32208    
  -2000.00000000000        56.06001    
  -1968.75000000000        76.69495    
  -1937.50000000000        54.08980    
  -1906.25000000000        36.13095    
  -1875.00000000000        98.67191    
  -1843.75000000000        106.5618    
  -1812.50000000000        304.9351    
  -1781.25000000000        360.7108    
  -1750.00000000000        188.7235    
  -1718.75000000000        123.4460    
  -1687.50000000000        167.1283    
  -1656.25000000000        194.4832    
  -1625.00000000000        113.5490    
  -1593.75000000000        63.61667    
  -1562.50000000000        229.5793    
  -1531.25000000000        142.8187    
  -1500.00000000000        39.09022    
  -1468.75000000000        86.65605    
  -1437.50000000000        66.05225    
  -1406.25000000000        88.77145    
  -1375.00000000000        136.3431    
  -1343.75000000000        126.7036    
  -1312.50000000000        106.9716    
  -1281.25000000000        85.76981    
  -1250.00000000000        246.1203    
  -1218.75000000000        40.24629    
  -1187.50000000000        57.73605    
  -1156.25000000000        179.5336    
  -1125.00000000000        22.02685    
  -1093.75000000000        102.7905    
  -1062.50000000000        203.4439    
  -1031.25000000000        80.75996    
  -1000.00000000000        93.23478    
  -968.750000000000        108.5881    
  -937.500000000000        37.52216    
  -906.250000000000        186.8795    
  -875.000000000000        94.05418    
  -843.750000000000        136.1106    
  -812.500000000000        253.3041    
  -781.250000000000        302.6532    
  -750.000000000000        248.2040    
  -718.750000000000        316.9301    
  -687.500000000000        268.1313    
  -656.250000000000        476.5741    
  -625.000000000000        36.55841    
  -593.750000000000        346.0768    
  -562.500000000000        129.5372    
  -531.250000000000        229.5247    
  -500.000000000000        363.5620    
  -468.750000000000        97.63094    
  -437.500000000000        289.2904    
  -406.250000000000        347.3350    
  -375.000000000000        765.6390    
  -343.750000000000        1222.772    
  -312.500000000000        635.8359    
  -281.250000000000        908.9479    
  -250.000000000000        454.0916    
  -218.750000000000        82.28134    
  -187.500000000000        412.9200    
  -156.250000000000        1541.802    
  -125.000000000000        1494.045    
  -93.7500000000000        525.5396    
  -62.5000000000000        1468.158    
  -31.2500000000000        2701.658    
  0.000000000000000E+000   7039.773    
   31.2500000000000        2624.423    
   62.5000000000000        1563.678    
   93.7500000000000        586.7662    
   125.000000000000        1574.936    
   156.250000000000        1606.868    
   187.500000000000        411.6861    
   218.750000000000        20.34674    
   250.000000000000        427.4802    
   281.250000000000        837.6427    
   312.500000000000        624.6852    
   343.750000000000        1192.173    
   375.000000000000        714.9828    
   406.250000000000        322.7001    
   437.500000000000        235.5917    
   468.750000000000        78.65737    
   500.000000000000        350.3513    
   531.250000000000        228.3331    
   562.500000000000        149.9164    
   593.750000000000        363.0172    
   625.000000000000        36.60934    
   656.250000000000        480.7904    
   687.500000000000        268.6485    
   718.750000000000        320.1880    
   750.000000000000        234.1825    
   781.250000000000        322.4815    
   812.500000000000        257.1808    
   843.750000000000        141.3859    
   875.000000000000        109.9156    
   906.250000000000        191.0492    
   937.500000000000        40.30288    
   968.750000000000        103.1894    
   1000.00000000000        109.2142    
   1031.25000000000        79.09734    
   1062.50000000000        188.7241    
   1093.75000000000        113.8506    
   1125.00000000000        38.64021    
   1156.25000000000        175.9474    
   1187.50000000000        47.70023    
   1218.75000000000        47.50994    
   1250.00000000000        266.1195    
   1281.25000000000        74.85854    
   1312.50000000000        99.71137    
   1343.75000000000        116.3613    
   1375.00000000000        151.0571    
   1406.25000000000        100.7766    
   1437.50000000000        52.23293    
   1468.75000000000        79.58102    
   1500.00000000000        58.77266    
   1531.25000000000        116.4889    
   1562.50000000000        233.6758    
   1593.75000000000        62.29815    
   1625.00000000000        116.5199    
   1656.25000000000        181.3281    
   1687.50000000000        160.9890    
   1718.75000000000        115.8142    
   1750.00000000000        163.5136    
   1781.25000000000        318.2763    
   1812.50000000000        262.6808    
   1843.75000000000        96.70486    
   1875.00000000000        96.32890    
   1906.25000000000        36.19971    
   1937.50000000000        52.51369    
   1968.75000000000        87.65765    
   2000.00000000000        41.35279    
   2031.25000000000        24.87642    
   2062.50000000000        78.20064    
   2093.75000000000        101.7325    
   2125.00000000000        75.72792    
   2156.25000000000        117.3844    
   2187.50000000000        123.3558    
   2218.75000000000        81.00175    
   2250.00000000000        56.53986    
   2281.25000000000        51.48475    
   2312.50000000000        97.67046    
   2343.75000000000        170.4985    
   2375.00000000000        34.03546    
   2406.25000000000        58.71300    
   2437.50000000000        108.4991    
   2468.75000000000        19.58116    
   2500.00000000000        152.6235    
   2531.25000000000        30.92827    
   2562.50000000000        80.77139    
   2593.75000000000        106.2766    
   2625.00000000000        38.68270    
   2656.25000000000        67.05406    
   2687.50000000000        167.2521    
   2718.75000000000        71.81708    
   2750.00000000000        77.79678    
   2781.25000000000        44.70513    
   2812.50000000000        162.9838    
   2843.75000000000        67.80297    
   2875.00000000000        158.1841    
   2906.25000000000        34.39129    
   2937.50000000000        215.2306    
   2968.75000000000        117.9877    
   3000.00000000000        139.5587    
   3031.25000000000        206.8440    
   3062.50000000000        254.7365    
   3093.75000000000        209.2901    
   3125.00000000000        156.2077    
   3156.25000000000        285.6048    
   3187.50000000000        121.8466    
   3218.75000000000        268.2664    
   3250.00000000000        213.7841    
   3281.25000000000        268.2269    
   3312.50000000000        253.9333    
   3343.75000000000        150.7579    
   3375.00000000000        159.9563    
   3406.25000000000        487.3983    
   3437.50000000000        169.4754    
   3468.75000000000        309.8040    
   3500.00000000000        300.4347    
   3531.25000000000        99.14191    
   3562.50000000000        299.5315    
   3593.75000000000        243.2192    
   3625.00000000000        174.5381    
   3656.25000000000        389.4255    
   3687.50000000000        320.6527    
   3718.75000000000        348.9700    
   3750.00000000000        259.8068    
   3781.25000000000        464.6223    
   3812.50000000000        299.0626    
   3843.75000000000        439.1220    
   3875.00000000000        379.8060    
   3906.25000000000        248.6315    
   3937.50000000000        524.3001    
   3968.75000000000        425.4355    
