  -2000.00000000000        139.6867    
  -1984.37500000000        77.55106    
  -1968.75000000000        104.3248    
  -1953.12500000000        171.8909    
  -1937.50000000000        369.8619    
  -1921.87500000000        187.4740    
  -1906.25000000000        59.64426    
  -1890.62500000000        147.9045    
  -1875.00000000000        83.81382    
  -1859.37500000000        188.9686    
  -1843.75000000000        64.70381    
  -1828.12500000000        205.1602    
  -1812.50000000000        54.98854    
  -1796.87500000000        8.477008    
  -1781.25000000000        110.2015    
  -1765.62500000000        92.69474    
  -1750.00000000000        371.0583    
  -1734.37500000000        101.6680    
  -1718.75000000000        72.08423    
  -1703.12500000000        13.17420    
  -1687.50000000000        4.601280    
  -1671.87500000000        55.12326    
  -1656.25000000000        40.41477    
  -1640.62500000000        124.7526    
  -1625.00000000000        60.06360    
  -1609.37500000000        76.55527    
  -1593.75000000000        103.9276    
  -1578.12500000000        95.47128    
  -1562.50000000000        163.7974    
  -1546.87500000000        605.1801    
  -1531.25000000000        198.2556    
  -1515.62500000000        117.5178    
  -1500.00000000000        275.5634    
  -1484.37500000000        69.73711    
  -1468.75000000000        61.52699    
  -1453.12500000000        55.64977    
  -1437.50000000000        76.75783    
  -1421.87500000000        187.7952    
  -1406.25000000000        122.5316    
  -1390.62500000000        70.28313    
  -1375.00000000000        33.11116    
  -1359.37500000000        570.5925    
  -1343.75000000000        190.7569    
  -1328.12500000000        122.1614    
  -1312.50000000000        91.70952    
  -1296.87500000000        256.7541    
  -1281.25000000000        181.8507    
  -1265.62500000000        111.1198    
  -1250.00000000000        358.9346    
  -1234.37500000000        224.8065    
  -1218.75000000000        107.1315    
  -1203.12500000000        327.8831    
  -1187.50000000000        356.6215    
  -1171.87500000000        996.2413    
  -1156.25000000000        993.3939    
  -1140.62500000000        267.6075    
  -1125.00000000000        142.0931    
  -1109.37500000000        106.2731    
  -1093.75000000000        156.0573    
  -1078.12500000000        33.49266    
  -1062.50000000000        133.6638    
  -1046.87500000000        98.88764    
  -1031.25000000000        200.9343    
  -1015.62500000000        79.07478    
  -1000.00000000000        96.16074    
  -984.375000000000        107.9244    
  -968.750000000000        1928.823    
  -953.125000000000        384.2521    
  -937.500000000000        207.6533    
  -921.875000000000        467.3345    
  -906.250000000000        115.6185    
  -890.625000000000        64.55310    
  -875.000000000000        93.77726    
  -859.375000000000        241.5833    
  -843.750000000000        136.7581    
  -828.125000000000        304.1389    
  -812.500000000000        255.7810    
  -796.875000000000        293.5580    
  -781.250000000000        895.6643    
  -765.625000000000        162.9304    
  -750.000000000000        98.64130    
  -734.375000000000        122.8789    
  -718.750000000000        408.5135    
  -703.125000000000        220.9338    
  -687.500000000000        186.0311    
  -671.875000000000        310.6037    
  -656.250000000000        362.5096    
  -640.625000000000        183.0521    
  -625.000000000000        777.6904    
  -609.375000000000        1028.245    
  -593.750000000000        1770.176    
  -578.125000000000        6025.855    
  -562.500000000000        1146.125    
  -546.875000000000        489.3326    
  -531.250000000000        339.6000    
  -515.625000000000        376.7441    
  -500.000000000000        239.4254    
  -484.375000000000        137.7419    
  -468.750000000000        175.2809    
  -453.125000000000        106.7439    
  -437.500000000000        245.8172    
  -421.875000000000        427.4502    
  -406.250000000000        129.2458    
  -390.625000000000        7418.274    
  -375.000000000000        677.5643    
  -359.375000000000        927.4636    
  -343.750000000000        715.1558    
  -328.125000000000        708.1089    
  -312.500000000000        571.8273    
  -296.875000000000        796.2162    
  -281.250000000000        500.5481    
  -265.625000000000        914.6430    
  -250.000000000000        1453.270    
  -234.375000000000        1412.336    
  -218.750000000000        2365.575    
  -203.125000000000        7411.988    
  -187.500000000000        9367.889    
  -171.875000000000        3090.905    
  -156.250000000000        1586.513    
  -140.625000000000        1059.096    
  -125.000000000000        1145.099    
  -109.375000000000        827.8543    
  -93.7500000000000        718.9495    
  -78.1250000000000        519.0577    
  -62.5000000000000        520.7856    
  -46.8750000000000        728.2286    
  -31.2500000000000        160.7280    
  -15.6250000000000        1353.763    
  0.000000000000000E+000   113808.3    
   15.6250000000000        1005.500    
   31.2500000000000        563.7302    
   46.8750000000000        1021.831    
   62.5000000000000        254.8073    
   78.1250000000000        756.7391    
   93.7500000000000        774.9475    
   109.375000000000        916.8679    
   125.000000000000        1083.854    
   140.625000000000        890.4775    
   156.250000000000        1300.946    
   171.875000000000        2011.546    
   187.500000000000        7077.542    
   203.125000000000        3724.374    
   218.750000000000        1856.401    
   234.375000000000        1325.559    
   250.000000000000        1407.534    
   265.625000000000        910.1223    
   281.250000000000        590.2172    
   296.875000000000        555.9919    
   312.500000000000        488.5436    
   328.125000000000        534.5640    
   343.750000000000        578.7023    
   359.375000000000        957.8903    
   375.000000000000        2297.946    
   390.625000000000        7443.515    
   406.250000000000        1266.476    
   421.875000000000        718.2834    
   437.500000000000        672.1757    
   453.125000000000        276.5399    
   468.750000000000        242.7354    
   484.375000000000        334.5378    
   500.000000000000        480.4905    
   515.625000000000        453.4586    
   531.250000000000        398.6249    
   546.875000000000        741.2291    
   562.500000000000        998.5695    
   578.125000000000        7039.632    
   593.750000000000        2753.769    
   609.375000000000        1094.903    
   625.000000000000        739.3383    
   640.625000000000        560.8337    
   656.250000000000        515.7048    
   671.875000000000        568.4704    
   687.500000000000        547.5028    
   703.125000000000        404.0982    
   718.750000000000        530.2300    
   734.375000000000        515.6567    
   750.000000000000        671.1238    
   765.625000000000        1547.051    
   781.250000000000        2008.997    
   796.875000000000        409.6203    
   812.500000000000        246.6189    
   828.125000000000        250.8211    
   843.750000000000        61.79592    
   859.375000000000        66.45100    
   875.000000000000        87.00686    
   890.625000000000        106.8689    
   906.250000000000        362.5571    
   921.875000000000        413.9088    
   937.500000000000        136.5062    
   953.125000000000        41.13829    
   968.750000000000        605.6763    
   984.375000000000        107.0627    
   1000.00000000000        76.85801    
   1015.62500000000        93.08043    
   1031.25000000000        102.0662    
   1046.87500000000        120.5766    
   1062.50000000000        128.4362    
   1078.12500000000        55.95972    
   1093.75000000000        105.9150    
   1109.37500000000        218.8916    
   1125.00000000000        118.9275    
   1140.62500000000        151.4337    
   1156.25000000000        563.2061    
   1171.87500000000        530.6635    
   1187.50000000000        118.4007    
   1203.12500000000        151.8616    
   1218.75000000000        74.43465    
   1234.37500000000        52.52353    
   1250.00000000000        322.8630    
   1265.62500000000        95.80672    
   1281.25000000000        113.4985    
   1296.87500000000        217.2325    
   1312.50000000000        103.0989    
   1328.12500000000        64.08646    
   1343.75000000000        27.32757    
   1359.37500000000        344.4347    
   1375.00000000000        28.10966    
   1390.62500000000        216.4799    
   1406.25000000000        117.5239    
   1421.87500000000        213.0487    
   1437.50000000000        29.02275    
   1453.12500000000        96.01521    
   1468.75000000000        102.9598    
   1484.37500000000        11.16229    
   1500.00000000000        197.0786    
   1515.62500000000        91.64031    
   1531.25000000000        70.72989    
   1546.87500000000        172.4662    
   1562.50000000000        214.7337    
   1578.12500000000        281.8359    
   1593.75000000000        66.65570    
   1609.37500000000        160.0107    
   1625.00000000000        50.08105    
   1640.62500000000        52.47339    
   1656.25000000000        41.02671    
   1671.87500000000        178.7196    
   1687.50000000000        36.59708    
   1703.12500000000        60.85009    
   1718.75000000000        201.2446    
   1734.37500000000        57.29021    
   1750.00000000000        285.6913    
   1765.62500000000        66.42934    
   1781.25000000000        162.3993    
   1796.87500000000        35.35898    
   1812.50000000000        152.6045    
   1828.12500000000        94.36848    
   1843.75000000000        73.52748    
   1859.37500000000        111.2988    
   1875.00000000000        184.7088    
   1890.62500000000        176.0471    
   1906.25000000000        176.9204    
   1921.87500000000        193.5935    
   1937.50000000000        228.4816    
   1953.12500000000        67.12701    
   1968.75000000000        93.97485    
   1984.37500000000        41.99888    
