  -4000.00000000000        268.2255    
  -3968.75000000000        469.9626    
  -3937.50000000000        626.4070    
  -3906.25000000000        287.6829    
  -3875.00000000000        449.0807    
  -3843.75000000000        466.9346    
  -3812.50000000000        332.6356    
  -3781.25000000000        483.2130    
  -3750.00000000000        329.3980    
  -3718.75000000000        410.7254    
  -3687.50000000000        343.5137    
  -3656.25000000000        445.8143    
  -3625.00000000000        225.3721    
  -3593.75000000000        306.7747    
  -3562.50000000000        274.1267    
  -3531.25000000000        114.6492    
  -3500.00000000000        375.0262    
  -3468.75000000000        285.2072    
  -3437.50000000000        230.6454    
  -3406.25000000000        572.4423    
  -3375.00000000000        177.1647    
  -3343.75000000000        151.5898    
  -3312.50000000000        309.4543    
  -3281.25000000000        269.4912    
  -3250.00000000000        231.7038    
  -3218.75000000000        264.3249    
  -3187.50000000000        142.8764    
  -3156.25000000000        320.5832    
  -3125.00000000000        205.7431    
  -3093.75000000000        269.5606    
  -3062.50000000000        310.2043    
  -3031.25000000000        205.0314    
  -3000.00000000000        136.3500    
  -2968.75000000000        155.5571    
  -2937.50000000000        256.2458    
  -2906.25000000000        49.39996    
  -2875.00000000000        165.3771    
  -2843.75000000000        79.12733    
  -2812.50000000000        183.0839    
  -2781.25000000000        70.56238    
  -2750.00000000000        95.96795    
  -2718.75000000000        84.80927    
  -2687.50000000000        160.0840    
  -2656.25000000000        63.45916    
  -2625.00000000000        35.19704    
  -2593.75000000000        119.1064    
  -2562.50000000000        63.11548    
  -2531.25000000000        31.81205    
  -2500.00000000000        153.8195    
  -2468.75000000000        23.77956    
  -2437.50000000000        119.2177    
  -2406.25000000000        60.19342    
  -2375.00000000000        6.291915    
  -2343.75000000000        162.8237    
  -2312.50000000000        108.7301    
  -2281.25000000000        62.52908    
  -2250.00000000000        60.07904    
  -2218.75000000000        78.75188    
  -2187.50000000000        108.5644    
  -2156.25000000000        127.8788    
  -2125.00000000000        93.84621    
  -2093.75000000000        119.7110    
  -2062.50000000000        81.57269    
  -2031.25000000000        24.03827    
  -2000.00000000000        57.20292    
  -1968.75000000000        87.88045    
  -1937.50000000000        72.40564    
  -1906.25000000000        22.85695    
  -1875.00000000000        74.98140    
  -1843.75000000000        146.7319    
  -1812.50000000000        359.8168    
  -1781.25000000000        410.2933    
  -1750.00000000000        197.7374    
  -1718.75000000000        164.4724    
  -1687.50000000000        209.9000    
  -1656.25000000000        246.1371    
  -1625.00000000000        160.4482    
  -1593.75000000000        95.79530    
  -1562.50000000000        269.7499    
  -1531.25000000000        161.3019    
  -1500.00000000000        62.82173    
  -1468.75000000000        95.02229    
  -1437.50000000000        74.63644    
  -1406.25000000000        104.0120    
  -1375.00000000000        170.5388    
  -1343.75000000000        140.3768    
  -1312.50000000000        129.5415    
  -1281.25000000000        101.1133    
  -1250.00000000000        294.6538    
  -1218.75000000000        68.59282    
  -1187.50000000000        74.16496    
  -1156.25000000000        182.8135    
  -1125.00000000000        71.83077    
  -1093.75000000000        117.2936    
  -1062.50000000000        212.0496    
  -1031.25000000000        78.43922    
  -1000.00000000000        102.5171    
  -968.750000000000        108.5984    
  -937.500000000000        39.29923    
  -906.250000000000        215.3059    
  -875.000000000000        107.3121    
  -843.750000000000        134.2965    
  -812.500000000000        307.9327    
  -781.250000000000        361.0401    
  -750.000000000000        258.6778    
  -718.750000000000        343.0388    
  -687.500000000000        279.4651    
  -656.250000000000        545.4953    
  -625.000000000000        73.32022    
  -593.750000000000        397.8799    
  -562.500000000000        144.6953    
  -531.250000000000        223.4496    
  -500.000000000000        391.6281    
  -468.750000000000        125.3150    
  -437.500000000000        337.6923    
  -406.250000000000        402.8539    
  -375.000000000000        890.5690    
  -343.750000000000        1399.423    
  -312.500000000000        701.7638    
  -281.250000000000        1017.053    
  -250.000000000000        524.4807    
  -218.750000000000        59.49199    
  -187.500000000000        464.2035    
  -156.250000000000        1707.020    
  -125.000000000000        1700.230    
  -93.7500000000000        621.6224    
  -62.5000000000000        1656.148    
  -31.2500000000000        3084.019    
  0.000000000000000E+000   8779.258    
   31.2500000000000        2866.115    
   62.5000000000000        1778.622    
   93.7500000000000        699.4820    
   125.000000000000        1799.742    
   156.250000000000        1835.715    
   187.500000000000        450.6813    
   218.750000000000        34.63573    
   250.000000000000        457.0635    
   281.250000000000        926.6840    
   312.500000000000        708.6679    
   343.750000000000        1327.885    
   375.000000000000        812.8816    
   406.250000000000        328.2045    
   437.500000000000        254.9742    
   468.750000000000        103.2973    
   500.000000000000        351.3557    
   531.250000000000        291.9233    
   562.500000000000        191.9836    
   593.750000000000        405.0468    
   625.000000000000        59.48043    
   656.250000000000        533.4329    
   687.500000000000        318.9656    
   718.750000000000        380.9339    
   750.000000000000        259.6020    
   781.250000000000        350.9835    
   812.500000000000        277.0612    
   843.750000000000        155.1353    
   875.000000000000        129.4305    
   906.250000000000        209.8377    
   937.500000000000        58.56651    
   968.750000000000        118.3979    
   1000.00000000000        144.9407    
   1031.25000000000        84.16054    
   1062.50000000000        195.3147    
   1093.75000000000        121.8616    
   1125.00000000000        75.21766    
   1156.25000000000        187.3341    
   1187.50000000000        55.63179    
   1218.75000000000        78.20381    
   1250.00000000000        308.8302    
   1281.25000000000        67.60215    
   1312.50000000000        67.38079    
   1343.75000000000        156.5727    
   1375.00000000000        181.9397    
   1406.25000000000        121.1546    
   1437.50000000000        60.63777    
   1468.75000000000        91.26826    
   1500.00000000000        27.13497    
   1531.25000000000        123.3483    
   1562.50000000000        241.1659    
   1593.75000000000        93.89997    
   1625.00000000000        116.1383    
   1656.25000000000        222.6404    
   1687.50000000000        181.6916    
   1718.75000000000        100.4786    
   1750.00000000000        195.2323    
   1781.25000000000        353.8484    
   1812.50000000000        307.8202    
   1843.75000000000        129.0606    
   1875.00000000000        93.95007    
   1906.25000000000        41.74751    
   1937.50000000000        81.18610    
   1968.75000000000        86.90720    
   2000.00000000000        56.48052    
   2031.25000000000        21.38355    
   2062.50000000000        85.54790    
   2093.75000000000        100.5723    
   2125.00000000000        86.58070    
   2156.25000000000        149.3532    
   2187.50000000000        130.7590    
   2218.75000000000        113.0547    
   2250.00000000000        66.94617    
   2281.25000000000        48.23327    
   2312.50000000000        104.1589    
   2343.75000000000        201.7062    
   2375.00000000000        41.09106    
   2406.25000000000        76.68462    
   2437.50000000000        112.8677    
   2468.75000000000        12.63527    
   2500.00000000000        186.9005    
   2531.25000000000        55.11063    
   2562.50000000000        79.88242    
   2593.75000000000        134.0887    
   2625.00000000000        68.54413    
   2656.25000000000        78.20564    
   2687.50000000000        188.1909    
   2718.75000000000        103.7533    
   2750.00000000000        77.09140    
   2781.25000000000        61.41761    
   2812.50000000000        197.7230    
   2843.75000000000        64.76361    
   2875.00000000000        172.3314    
   2906.25000000000        38.74681    
   2937.50000000000        252.1044    
   2968.75000000000        90.91133    
   3000.00000000000        171.5739    
   3031.25000000000        276.1619    
   3062.50000000000        288.5400    
   3093.75000000000        260.6700    
   3125.00000000000        176.4903    
   3156.25000000000        315.1498    
   3187.50000000000        147.1281    
   3218.75000000000        296.9520    
   3250.00000000000        263.9186    
   3281.25000000000        295.3875    
   3312.50000000000        299.9028    
   3343.75000000000        160.4384    
   3375.00000000000        172.9179    
   3406.25000000000        548.5350    
   3437.50000000000        175.9924    
   3468.75000000000        374.7675    
   3500.00000000000        342.0161    
   3531.25000000000        100.9204    
   3562.50000000000        336.5884    
   3593.75000000000        256.4672    
   3625.00000000000        196.9809    
   3656.25000000000        436.2892    
   3687.50000000000        352.8556    
   3718.75000000000        394.6445    
   3750.00000000000        285.5394    
   3781.25000000000        540.2515    
   3812.50000000000        325.8701    
   3843.75000000000        488.5667    
   3875.00000000000        379.7135    
   3906.25000000000        278.1518    
   3937.50000000000        572.0540    
   3968.75000000000        493.9467    
