  -2000.00000000000        5.104327    
  -1984.37500000000        2.020336    
  -1968.75000000000        7.386394    
  -1953.12500000000        17.12984    
  -1937.50000000000        15.22549    
  -1921.87500000000        15.24695    
  -1906.25000000000        5.692458    
  -1890.62500000000        8.344505    
  -1875.00000000000        16.80276    
  -1859.37500000000        3.320761    
  -1843.75000000000        4.068255    
  -1828.12500000000        9.724558    
  -1812.50000000000        7.092653    
  -1796.87500000000        15.05966    
  -1781.25000000000        15.74229    
  -1765.62500000000        4.181154    
  -1750.00000000000        29.77562    
  -1734.37500000000        15.21824    
  -1718.75000000000        7.709317    
  -1703.12500000000        5.240031    
  -1687.50000000000        3.570447    
  -1671.87500000000        4.200070    
  -1656.25000000000        8.161420    
  -1640.62500000000        3.415077    
  -1625.00000000000        8.568110    
  -1609.37500000000        7.038788    
  -1593.75000000000        4.273350    
  -1578.12500000000        19.08656    
  -1562.50000000000        7.441890    
  -1546.87500000000        50.05272    
  -1531.25000000000        8.896744    
  -1515.62500000000        11.33204    
  -1500.00000000000        23.64264    
  -1484.37500000000       0.9546544    
  -1468.75000000000        11.25812    
  -1453.12500000000        8.079143    
  -1437.50000000000        6.750616    
  -1421.87500000000        22.71905    
  -1406.25000000000        12.73604    
  -1390.62500000000        10.74479    
  -1375.00000000000        5.893109    
  -1359.37500000000        6.319294    
  -1343.75000000000        13.95159    
  -1328.12500000000        10.24853    
  -1312.50000000000        13.62879    
  -1296.87500000000        34.07115    
  -1281.25000000000        10.92993    
  -1265.62500000000        3.801608    
  -1250.00000000000        35.30280    
  -1234.37500000000        25.25232    
  -1218.75000000000        11.67766    
  -1203.12500000000        24.55432    
  -1187.50000000000        30.18076    
  -1171.87500000000        86.22198    
  -1156.25000000000        86.56856    
  -1140.62500000000        14.82712    
  -1125.00000000000        5.212919    
  -1109.37500000000        19.57942    
  -1093.75000000000        24.30619    
  -1078.12500000000        8.614039    
  -1062.50000000000        2.940451    
  -1046.87500000000        12.62761    
  -1031.25000000000        11.75746    
  -1015.62500000000        9.573539    
  -1000.00000000000        9.847504    
  -984.375000000000        12.86516    
  -968.750000000000        37.70078    
  -953.125000000000        17.48199    
  -937.500000000000        8.291103    
  -921.875000000000        32.49346    
  -906.250000000000        26.89153    
  -890.625000000000        12.51824    
  -875.000000000000        10.58678    
  -859.375000000000        12.99747    
  -843.750000000000        16.87582    
  -828.125000000000        21.25288    
  -812.500000000000        29.87429    
  -796.875000000000        42.83990    
  -781.250000000000        129.2634    
  -765.625000000000        93.54989    
  -750.000000000000        38.91861    
  -734.375000000000        19.71257    
  -718.750000000000        17.53755    
  -703.125000000000        44.28568    
  -687.500000000000        26.38376    
  -671.875000000000        23.28580    
  -656.250000000000        38.86135    
  -640.625000000000        35.03023    
  -625.000000000000        49.48525    
  -609.375000000000        84.81915    
  -593.750000000000        176.9679    
  -578.125000000000        500.0274    
  -562.500000000000        85.04760    
  -546.875000000000        25.88639    
  -531.250000000000        44.29121    
  -515.625000000000        31.99766    
  -500.000000000000        18.55116    
  -484.375000000000        10.84219    
  -468.750000000000        13.58693    
  -453.125000000000        25.09472    
  -437.500000000000        29.53488    
  -421.875000000000        16.15737    
  -406.250000000000        52.34213    
  -390.625000000000        187.2309    
  -375.000000000000        80.76740    
  -359.375000000000        35.08582    
  -343.750000000000        4.391176    
  -328.125000000000        10.75953    
  -312.500000000000        23.93252    
  -296.875000000000        23.40746    
  -281.250000000000        9.890597    
  -265.625000000000        21.30747    
  -250.000000000000        28.52183    
  -234.375000000000        23.93579    
  -218.750000000000        57.25341    
  -203.125000000000        232.6753    
  -187.500000000000        270.6044    
  -171.875000000000        90.84294    
  -156.250000000000        35.31396    
  -140.625000000000        36.97295    
  -125.000000000000        42.00095    
  -109.375000000000        20.95502    
  -93.7500000000000        16.77008    
  -78.1250000000000        42.84098    
  -62.5000000000000        13.72206    
  -46.8750000000000        21.49741    
  -31.2500000000000        7.597440    
  -15.6250000000000        53.52393    
  0.000000000000000E+000   12336.42    
   15.6250000000000        63.53473    
   31.2500000000000        26.66102    
   46.8750000000000        30.04498    
   62.5000000000000        10.28329    
   78.1250000000000        48.63134    
   93.7500000000000        16.03087    
   109.375000000000        14.09308    
   125.000000000000        14.16087    
   140.625000000000        24.26836    
   156.250000000000        30.25216    
   171.875000000000        50.25127    
   187.500000000000        170.4781    
   203.125000000000        141.5290    
   218.750000000000        39.29892    
   234.375000000000        14.42671    
   250.000000000000        34.73620    
   265.625000000000        22.07737    
   281.250000000000        10.99300    
   296.875000000000        23.87216    
   312.500000000000        17.14386    
   328.125000000000        7.337118    
   343.750000000000        4.357851    
   359.375000000000        20.79046    
   375.000000000000        55.20521    
   390.625000000000        162.9375    
   406.250000000000        46.55221    
   421.875000000000        25.06138    
   437.500000000000        31.45980    
   453.125000000000        7.999665    
   468.750000000000        15.86868    
   484.375000000000        13.57499    
   500.000000000000        30.66670    
   515.625000000000        34.87676    
   531.250000000000        42.22692    
   546.875000000000        39.92759    
   562.500000000000        81.80598    
   578.125000000000        517.2612    
   593.750000000000        198.5341    
   609.375000000000        79.29522    
   625.000000000000        47.16341    
   640.625000000000        34.80905    
   656.250000000000        44.19920    
   671.875000000000        34.99609    
   687.500000000000        27.99835    
   703.125000000000        43.96965    
   718.750000000000        31.94493    
   734.375000000000        30.30281    
   750.000000000000        28.96691    
   765.625000000000        84.13383    
   781.250000000000        87.20930    
   796.875000000000        21.00384    
   812.500000000000        13.58718    
   828.125000000000        14.47228    
   843.750000000000        8.083292    
   859.375000000000        17.90295    
   875.000000000000        8.448756    
   890.625000000000        9.929436    
   906.250000000000        26.40718    
   921.875000000000        39.64009    
   937.500000000000        10.93904    
   953.125000000000        11.64193    
   968.750000000000        124.0685    
   984.375000000000        7.025150    
   1000.00000000000        3.166996    
   1015.62500000000        6.154024    
   1031.25000000000        12.56901    
   1046.87500000000        3.649143    
   1062.50000000000        1.812575    
   1078.12500000000        10.07333    
   1093.75000000000        6.320470    
   1109.37500000000        9.896008    
   1125.00000000000        10.32406    
   1140.62500000000        18.74752    
   1156.25000000000        63.36643    
   1171.87500000000        63.67385    
   1187.50000000000        21.22296    
   1203.12500000000        22.15724    
   1218.75000000000        7.524214    
   1234.37500000000        10.63659    
   1250.00000000000        29.21171    
   1265.62500000000        7.885057    
   1281.25000000000        7.078548    
   1296.87500000000        19.36751    
   1312.50000000000        19.48841    
   1328.12500000000        13.17092    
   1343.75000000000        24.64122    
   1359.37500000000        9.612178    
   1375.00000000000        14.18702    
   1390.62500000000        3.791451    
   1406.25000000000        9.353699    
   1421.87500000000        14.26171    
   1437.50000000000        5.488867    
   1453.12500000000        3.195183    
   1468.75000000000        4.406012    
   1484.37500000000        5.996284    
   1500.00000000000        18.94560    
   1515.62500000000        2.277166    
   1531.25000000000        8.652588    
   1546.87500000000        5.523534    
   1562.50000000000        19.09837    
   1578.12500000000        27.38990    
   1593.75000000000        4.975243    
   1609.37500000000        15.36790    
   1625.00000000000        7.347511    
   1640.62500000000        18.97599    
   1656.25000000000        14.85682    
   1671.87500000000        5.770367    
   1687.50000000000        9.045343    
   1703.12500000000        7.968064    
   1718.75000000000        14.48650    
   1734.37500000000        19.91695    
   1750.00000000000        29.50426    
   1765.62500000000        11.35564    
   1781.25000000000        5.296287    
   1796.87500000000        5.701478    
   1812.50000000000        10.10971    
   1828.12500000000        14.74964    
   1843.75000000000        8.569771    
   1859.37500000000        33.66144    
   1875.00000000000        11.75506    
   1890.62500000000        11.44449    
   1906.25000000000        9.421978    
   1921.87500000000        17.45830    
   1937.50000000000        32.86114    
   1953.12500000000        9.588527    
   1968.75000000000        10.20221    
   1984.37500000000        1.357215    
