  -2000.00000000000        48.87532    
  -1984.37500000000        15.11630    
  -1968.75000000000        22.74661    
  -1953.12500000000        60.30535    
  -1937.50000000000        14.07712    
  -1921.87500000000        10.25088    
  -1906.25000000000        35.77880    
  -1890.62500000000        25.56215    
  -1875.00000000000        18.91409    
  -1859.37500000000        42.27251    
  -1843.75000000000        20.88525    
  -1828.12500000000        41.35379    
  -1812.50000000000        45.12952    
  -1796.87500000000        14.97133    
  -1781.25000000000        36.25169    
  -1765.62500000000        44.66048    
  -1750.00000000000        76.13744    
  -1734.37500000000        13.75307    
  -1718.75000000000        18.06568    
  -1703.12500000000        25.38055    
  -1687.50000000000        29.68666    
  -1671.87500000000        103.5373    
  -1656.25000000000        22.17653    
  -1640.62500000000        14.05309    
  -1625.00000000000        37.44998    
  -1609.37500000000        29.38081    
  -1593.75000000000        19.83512    
  -1578.12500000000        43.67603    
  -1562.50000000000        47.92521    
  -1546.87500000000        55.09375    
  -1531.25000000000        47.80599    
  -1515.62500000000        19.16273    
  -1500.00000000000        38.46404    
  -1484.37500000000        56.80860    
  -1468.75000000000        14.24911    
  -1453.12500000000        14.22358    
  -1437.50000000000        52.73003    
  -1421.87500000000        40.88943    
  -1406.25000000000        8.910253    
  -1390.62500000000        33.35503    
  -1375.00000000000        11.86184    
  -1359.37500000000        90.91685    
  -1343.75000000000        9.995239    
  -1328.12500000000        34.40265    
  -1312.50000000000        16.69215    
  -1296.87500000000        35.28407    
  -1281.25000000000        15.96659    
  -1265.62500000000        47.19827    
  -1250.00000000000        64.39965    
  -1234.37500000000        35.76578    
  -1218.75000000000        25.74337    
  -1203.12500000000        41.19067    
  -1187.50000000000        63.42646    
  -1171.87500000000        169.0478    
  -1156.25000000000        163.3200    
  -1140.62500000000        32.66481    
  -1125.00000000000        9.569294    
  -1109.37500000000        26.04046    
  -1093.75000000000        32.05107    
  -1078.12500000000        21.28106    
  -1062.50000000000        8.486849    
  -1046.87500000000        23.18433    
  -1031.25000000000        22.49436    
  -1015.62500000000        6.051166    
  -1000.00000000000        14.91818    
  -984.375000000000        24.85600    
  -968.750000000000        218.1202    
  -953.125000000000        42.92264    
  -937.500000000000        57.23761    
  -921.875000000000        100.7991    
  -906.250000000000        38.10322    
  -890.625000000000        36.94803    
  -875.000000000000        13.85193    
  -859.375000000000        40.45352    
  -843.750000000000        18.65745    
  -828.125000000000        57.92415    
  -812.500000000000        41.38712    
  -796.875000000000        56.56300    
  -781.250000000000        148.4207    
  -765.625000000000        59.53648    
  -750.000000000000        19.89231    
  -734.375000000000        8.906885    
  -718.750000000000        34.11669    
  -703.125000000000        57.78463    
  -687.500000000000        48.81062    
  -671.875000000000        57.55018    
  -656.250000000000        78.17133    
  -640.625000000000        64.08240    
  -625.000000000000        139.3774    
  -609.375000000000        193.7985    
  -593.750000000000        355.3900    
  -578.125000000000        1049.865    
  -562.500000000000        179.2285    
  -546.875000000000        40.80486    
  -531.250000000000        78.06905    
  -515.625000000000        70.34069    
  -500.000000000000        37.00352    
  -484.375000000000        20.11689    
  -468.750000000000        15.76885    
  -453.125000000000        63.96351    
  -437.500000000000        58.58255    
  -421.875000000000        37.68697    
  -406.250000000000        78.44579    
  -390.625000000000        480.6034    
  -375.000000000000        97.41882    
  -359.375000000000        79.34377    
  -343.750000000000        42.61581    
  -328.125000000000        51.67021    
  -312.500000000000        68.04396    
  -296.875000000000        81.15437    
  -281.250000000000        47.93115    
  -265.625000000000        83.77086    
  -250.000000000000        122.4998    
  -234.375000000000        142.2694    
  -218.750000000000        218.2723    
  -203.125000000000        778.6204    
  -187.500000000000        966.5280    
  -171.875000000000        292.3091    
  -156.250000000000        164.5129    
  -140.625000000000        109.3140    
  -125.000000000000        127.9942    
  -109.375000000000        76.07523    
  -93.7500000000000        53.33503    
  -78.1250000000000        105.0074    
  -62.5000000000000        65.32226    
  -46.8750000000000        47.16663    
  -31.2500000000000        14.82352    
  -15.6250000000000        102.6414    
  0.000000000000000E+000   24586.97    
   15.6250000000000        154.3882    
   31.2500000000000        74.85894    
   46.8750000000000        94.49263    
   62.5000000000000        13.04628    
   78.1250000000000        93.47030    
   93.7500000000000        59.71616    
   109.375000000000        50.01895    
   125.000000000000        86.27919    
   140.625000000000        59.24242    
   156.250000000000        92.03997    
   171.875000000000        124.7911    
   187.500000000000        393.2423    
   203.125000000000        128.1645    
   218.750000000000        138.2494    
   234.375000000000        83.88870    
   250.000000000000        128.8704    
   265.625000000000        19.52553    
   281.250000000000        55.00725    
   296.875000000000        31.91645    
   312.500000000000        71.51023    
   328.125000000000        21.52336    
   343.750000000000        23.77490    
   359.375000000000        93.09570    
   375.000000000000        257.9214    
   390.625000000000        640.8691    
   406.250000000000        160.8606    
   421.875000000000        79.39740    
   437.500000000000        86.12544    
   453.125000000000        43.84679    
   468.750000000000        33.87637    
   484.375000000000        43.00674    
   500.000000000000        74.68771    
   515.625000000000        43.39062    
   531.250000000000        87.91373    
   546.875000000000        93.45281    
   562.500000000000        179.2908    
   578.125000000000        1153.821    
   593.750000000000        458.7921    
   609.375000000000        193.1736    
   625.000000000000        123.3328    
   640.625000000000        79.12335    
   656.250000000000        82.11681    
   671.875000000000        76.77904    
   687.500000000000        74.81097    
   703.125000000000        45.39773    
   718.750000000000        67.33498    
   734.375000000000        59.59163    
   750.000000000000        67.86848    
   765.625000000000        239.1630    
   781.250000000000        233.8858    
   796.875000000000        83.75159    
   812.500000000000        50.63978    
   828.125000000000        23.02210    
   843.750000000000        8.164507    
   859.375000000000        35.02671    
   875.000000000000        29.49038    
   890.625000000000        56.77210    
   906.250000000000        86.60602    
   921.875000000000        62.75378    
   937.500000000000        17.29348    
   953.125000000000        43.81749    
   968.750000000000        96.70150    
   984.375000000000        37.43677    
   1000.00000000000        8.536816    
   1015.62500000000        13.80423    
   1031.25000000000        32.09862    
   1046.87500000000        29.40751    
   1062.50000000000        3.620052    
   1078.12500000000        45.01450    
   1093.75000000000        47.46101    
   1109.37500000000        30.09444    
   1125.00000000000        20.34775    
   1140.62500000000        16.98028    
   1156.25000000000        53.79058    
   1171.87500000000        97.65106    
   1187.50000000000        28.55599    
   1203.12500000000        18.46071    
   1218.75000000000        14.59767    
   1234.37500000000        57.83929    
   1250.00000000000        60.85284    
   1265.62500000000        5.157011    
   1281.25000000000        28.33947    
   1296.87500000000        56.43584    
   1312.50000000000        27.37282    
   1328.12500000000        25.37469    
   1343.75000000000        36.89301    
   1359.37500000000        96.58401    
   1375.00000000000        23.38087    
   1390.62500000000        33.33121    
   1406.25000000000        35.11139    
   1421.87500000000        17.43921    
   1437.50000000000        15.85554    
   1453.12500000000        4.834073    
   1468.75000000000        23.04416    
   1484.37500000000        8.933960    
   1500.00000000000        32.76414    
   1515.62500000000        17.14766    
   1531.25000000000        13.46443    
   1546.87500000000        82.56282    
   1562.50000000000        49.46603    
   1578.12500000000        44.25786    
   1593.75000000000        23.90734    
   1609.37500000000        28.22277    
   1625.00000000000        28.40088    
   1640.62500000000        28.31619    
   1656.25000000000        18.18909    
   1671.87500000000        84.58297    
   1687.50000000000        56.28014    
   1703.12500000000        10.75673    
   1718.75000000000        38.57341    
   1734.37500000000        26.58770    
   1750.00000000000        54.78167    
   1765.62500000000        16.33665    
   1781.25000000000        44.76262    
   1796.87500000000        11.29225    
   1812.50000000000        12.03621    
   1828.12500000000        27.50304    
   1843.75000000000        5.304483    
   1859.37500000000        28.58713    
   1875.00000000000        57.90798    
   1890.62500000000        41.79881    
   1906.25000000000        22.67347    
   1921.87500000000        37.97026    
   1937.50000000000        37.03138    
   1953.12500000000        19.61725    
   1968.75000000000        8.186464    
   1984.37500000000        37.23188    
