  -2000.00000000000        1.888155    
  -1984.37500000000        3.636923    
  -1968.75000000000        8.652078    
  -1953.12500000000        7.116254    
  -1937.50000000000        7.388116    
  -1921.87500000000        19.47645    
  -1906.25000000000        6.621046    
  -1890.62500000000        9.965640    
  -1875.00000000000        14.97230    
  -1859.37500000000        12.69358    
  -1843.75000000000        5.650288    
  -1828.12500000000        13.50348    
  -1812.50000000000        7.993726    
  -1796.87500000000        1.861625    
  -1781.25000000000        7.140971    
  -1765.62500000000        12.24971    
  -1750.00000000000        28.71979    
  -1734.37500000000        22.83980    
  -1718.75000000000        7.998907    
  -1703.12500000000        2.940920    
  -1687.50000000000        9.095383    
  -1671.87500000000        21.00669    
  -1656.25000000000        6.457353    
  -1640.62500000000        10.87485    
  -1625.00000000000        4.376584    
  -1609.37500000000        4.533329    
  -1593.75000000000        8.257031    
  -1578.12500000000        11.28507    
  -1562.50000000000        7.975226    
  -1546.87500000000        27.56118    
  -1531.25000000000        17.17825    
  -1515.62500000000        7.357378    
  -1500.00000000000        19.91647    
  -1484.37500000000        8.815192    
  -1468.75000000000        3.155670    
  -1453.12500000000        7.688407    
  -1437.50000000000        3.158057    
  -1421.87500000000        4.148877    
  -1406.25000000000        7.288930    
  -1390.62500000000        9.211280    
  -1375.00000000000        3.207146    
  -1359.37500000000        28.17135    
  -1343.75000000000        9.549180    
  -1328.12500000000        8.819522    
  -1312.50000000000        8.997581    
  -1296.87500000000        12.36396    
  -1281.25000000000        3.842265    
  -1265.62500000000        4.215528    
  -1250.00000000000        28.99138    
  -1234.37500000000        17.30665    
  -1218.75000000000        8.194180    
  -1203.12500000000        21.62588    
  -1187.50000000000        22.09672    
  -1171.87500000000        71.32444    
  -1156.25000000000        65.19106    
  -1140.62500000000        19.48565    
  -1125.00000000000        6.413887    
  -1109.37500000000        11.51860    
  -1093.75000000000        2.761897    
  -1078.12500000000        7.715525    
  -1062.50000000000        7.348521    
  -1046.87500000000        2.387608    
  -1031.25000000000        2.897931    
  -1015.62500000000        4.047615    
  -1000.00000000000        1.929572    
  -984.375000000000        13.84788    
  -968.750000000000        72.97100    
  -953.125000000000        18.85134    
  -937.500000000000        12.51086    
  -921.875000000000        27.44951    
  -906.250000000000        27.40629    
  -890.625000000000        10.92576    
  -875.000000000000        9.699625    
  -859.375000000000        10.71028    
  -843.750000000000        7.249135    
  -828.125000000000        15.96375    
  -812.500000000000        13.95590    
  -796.875000000000        24.61569    
  -781.250000000000        90.06291    
  -765.625000000000        80.03187    
  -750.000000000000        24.27409    
  -734.375000000000        24.85694    
  -718.750000000000        32.91185    
  -703.125000000000        25.55251    
  -687.500000000000        19.32482    
  -671.875000000000        20.93813    
  -656.250000000000        22.31427    
  -640.625000000000        29.54805    
  -625.000000000000        48.48053    
  -609.375000000000        76.40039    
  -593.750000000000        159.6004    
  -578.125000000000        441.3754    
  -562.500000000000        74.66757    
  -546.875000000000        26.52179    
  -531.250000000000        39.68670    
  -515.625000000000        29.30496    
  -500.000000000000        11.60775    
  -484.375000000000        3.867549    
  -468.750000000000        13.95790    
  -453.125000000000        19.84569    
  -437.500000000000        22.74334    
  -421.875000000000        14.26119    
  -406.250000000000        39.46252    
  -390.625000000000        170.2770    
  -375.000000000000        53.04710    
  -359.375000000000        23.89780    
  -343.750000000000        2.498416    
  -328.125000000000        8.085734    
  -312.500000000000        32.41462    
  -296.875000000000        25.53108    
  -281.250000000000        13.60585    
  -265.625000000000        22.77710    
  -250.000000000000        22.07792    
  -234.375000000000        27.15513    
  -218.750000000000        58.89581    
  -203.125000000000        203.5911    
  -187.500000000000        238.7799    
  -171.875000000000        76.18725    
  -156.250000000000        39.44668    
  -140.625000000000        31.83691    
  -125.000000000000        34.61617    
  -109.375000000000        13.78916    
  -93.7500000000000        6.001615    
  -78.1250000000000        35.93686    
  -62.5000000000000        8.562016    
  -46.8750000000000        19.99868    
  -31.2500000000000        17.21819    
  -15.6250000000000        52.98714    
  0.000000000000000E+000   10299.42    
   15.6250000000000        46.30913    
   31.2500000000000        17.16705    
   46.8750000000000        30.16442    
   62.5000000000000        11.86907    
   78.1250000000000        41.73567    
   93.7500000000000        7.035068    
   109.375000000000        10.17937    
   125.000000000000        28.10701    
   140.625000000000        22.97120    
   156.250000000000        24.04090    
   171.875000000000        43.04842    
   187.500000000000        147.5583    
   203.125000000000        122.4201    
   218.750000000000        42.53055    
   234.375000000000        15.12954    
   250.000000000000        30.61750    
   265.625000000000        14.03958    
   281.250000000000        18.23686    
   296.875000000000        12.43952    
   312.500000000000        21.97588    
   328.125000000000        12.44342    
   343.750000000000        14.34571    
   359.375000000000        33.14862    
   375.000000000000        81.49073    
   390.625000000000        211.5413    
   406.250000000000        55.88005    
   421.875000000000        24.13624    
   437.500000000000        33.26692    
   453.125000000000        17.45726    
   468.750000000000        7.662949    
   484.375000000000        12.71539    
   500.000000000000        21.16621    
   515.625000000000        16.41340    
   531.250000000000        36.06147    
   546.875000000000        23.88322    
   562.500000000000        71.39930    
   578.125000000000        446.0315    
   593.750000000000        169.3011    
   609.375000000000        73.99199    
   625.000000000000        51.17661    
   640.625000000000        34.75274    
   656.250000000000        34.62029    
   671.875000000000        27.04050    
   687.500000000000        25.83265    
   703.125000000000        25.84343    
   718.750000000000        29.72916    
   734.375000000000        25.49534    
   750.000000000000        29.51855    
   765.625000000000        91.23325    
   781.250000000000        91.50065    
   796.875000000000        24.11760    
   812.500000000000        13.69657    
   828.125000000000        11.96610    
   843.750000000000        15.47865    
   859.375000000000        4.094911    
   875.000000000000        7.528793    
   890.625000000000        8.397940    
   906.250000000000        36.25103    
   921.875000000000        28.36984    
   937.500000000000        6.427280    
   953.125000000000        17.04599    
   968.750000000000        58.05118    
   984.375000000000        12.30933    
   1000.00000000000       0.8859718    
   1015.62500000000        4.915662    
   1031.25000000000        3.964046    
   1046.87500000000        5.172404    
   1062.50000000000        4.540637    
   1078.12500000000        10.16731    
   1093.75000000000        9.830806    
   1109.37500000000        11.14035    
   1125.00000000000        4.447042    
   1140.62500000000        12.72495    
   1156.25000000000        64.30579    
   1171.87500000000        57.97258    
   1187.50000000000        24.66963    
   1203.12500000000        20.71549    
   1218.75000000000        10.35790    
   1234.37500000000        21.76000    
   1250.00000000000        26.93681    
   1265.62500000000        6.144995    
   1281.25000000000        12.96680    
   1296.87500000000        12.28418    
   1312.50000000000        7.702780    
   1328.12500000000        3.254518    
   1343.75000000000        17.10684    
   1359.37500000000        30.63033    
   1375.00000000000        6.570420    
   1390.62500000000        6.958041    
   1406.25000000000        9.245085    
   1421.87500000000        5.433264    
   1437.50000000000        5.886544    
   1453.12500000000        6.394447    
   1468.75000000000        6.070800    
   1484.37500000000        13.58489    
   1500.00000000000        21.89434    
   1515.62500000000        11.07850    
   1531.25000000000        11.85576    
   1546.87500000000        39.34466    
   1562.50000000000        8.419558    
   1578.12500000000        6.815944    
   1593.75000000000        5.898072    
   1609.37500000000        7.404205    
   1625.00000000000        4.094694    
   1640.62500000000        4.957000    
   1656.25000000000        3.878997    
   1671.87500000000        7.733414    
   1687.50000000000        6.741070    
   1703.12500000000        1.643658    
   1718.75000000000        6.542585    
   1734.37500000000        19.11811    
   1750.00000000000        25.52210    
   1765.62500000000        9.800864    
   1781.25000000000        13.63586    
   1796.87500000000        4.952374    
   1812.50000000000        8.023215    
   1828.12500000000        13.04045    
   1843.75000000000        9.799058    
   1859.37500000000        14.25897    
   1875.00000000000        6.610811    
   1890.62500000000        11.56153    
   1906.25000000000        2.303979    
   1921.87500000000        25.49146    
   1937.50000000000        8.771575    
   1953.12500000000        12.53396    
   1968.75000000000        8.636430    
   1984.37500000000        8.512115    
