  -2000.00000000000        12.92361    
  -1984.37500000000        13.93416    
  -1968.75000000000        11.06889    
  -1953.12500000000        34.86129    
  -1937.50000000000        63.79479    
  -1921.87500000000        50.57151    
  -1906.25000000000        11.64906    
  -1890.62500000000        57.15915    
  -1875.00000000000        28.12311    
  -1859.37500000000        75.89725    
  -1843.75000000000        32.03326    
  -1828.12500000000        24.88356    
  -1812.50000000000        64.51116    
  -1796.87500000000        55.82396    
  -1781.25000000000        33.67505    
  -1765.62500000000        35.89969    
  -1750.00000000000        86.78758    
  -1734.37500000000        57.75139    
  -1718.75000000000        11.61862    
  -1703.12500000000        25.12364    
  -1687.50000000000        30.94035    
  -1671.87500000000        144.6976    
  -1656.25000000000        38.84724    
  -1640.62500000000        40.45295    
  -1625.00000000000        34.16556    
  -1609.37500000000        27.15773    
  -1593.75000000000        23.35468    
  -1578.12500000000        11.72477    
  -1562.50000000000        81.21400    
  -1546.87500000000        187.7290    
  -1531.25000000000        54.82711    
  -1515.62500000000        29.82311    
  -1500.00000000000        47.01546    
  -1484.37500000000        88.89096    
  -1468.75000000000        83.04574    
  -1453.12500000000        70.24226    
  -1437.50000000000        39.76224    
  -1421.87500000000        6.481263    
  -1406.25000000000        27.44777    
  -1390.62500000000        15.65461    
  -1375.00000000000        47.41985    
  -1359.37500000000        36.37419    
  -1343.75000000000        39.32613    
  -1328.12500000000        26.93436    
  -1312.50000000000        38.09558    
  -1296.87500000000        94.43676    
  -1281.25000000000        80.12901    
  -1265.62500000000        26.99910    
  -1250.00000000000        48.35226    
  -1234.37500000000        20.31688    
  -1218.75000000000        32.56771    
  -1203.12500000000        46.18129    
  -1187.50000000000        37.11768    
  -1171.87500000000        54.03836    
  -1156.25000000000        127.2554    
  -1140.62500000000        20.96810    
  -1125.00000000000        14.63538    
  -1109.37500000000        17.63541    
  -1093.75000000000        82.60725    
  -1078.12500000000        37.34101    
  -1062.50000000000        33.86568    
  -1046.87500000000        60.19790    
  -1031.25000000000        68.29408    
  -1015.62500000000        49.20613    
  -1000.00000000000        29.12377    
  -984.375000000000        68.00620    
  -968.750000000000        320.5178    
  -953.125000000000        23.53405    
  -937.500000000000        30.87619    
  -921.875000000000        53.89590    
  -906.250000000000        36.45868    
  -890.625000000000        57.29705    
  -875.000000000000        10.17254    
  -859.375000000000        33.73094    
  -843.750000000000        31.14979    
  -828.125000000000        17.73698    
  -812.500000000000        18.01332    
  -796.875000000000        41.14101    
  -781.250000000000        209.6519    
  -765.625000000000        155.6819    
  -750.000000000000        39.32389    
  -734.375000000000        50.66259    
  -718.750000000000        29.63434    
  -703.125000000000        212.3086    
  -687.500000000000        64.21687    
  -671.875000000000        44.29257    
  -656.250000000000        68.98589    
  -640.625000000000        114.5904    
  -625.000000000000        85.71067    
  -609.375000000000        154.1826    
  -593.750000000000        303.9109    
  -578.125000000000        941.1444    
  -562.500000000000        147.7091    
  -546.875000000000        45.43051    
  -531.250000000000        49.23854    
  -515.625000000000        19.31092    
  -500.000000000000        42.89223    
  -484.375000000000        7.777035    
  -468.750000000000        18.86755    
  -453.125000000000        49.77298    
  -437.500000000000        46.71861    
  -421.875000000000        28.72763    
  -406.250000000000        109.7331    
  -390.625000000000        515.2315    
  -375.000000000000        122.4161    
  -359.375000000000        79.63900    
  -343.750000000000        57.15297    
  -328.125000000000        52.95292    
  -312.500000000000        102.8778    
  -296.875000000000        62.65201    
  -281.250000000000        56.12789    
  -265.625000000000        54.04178    
  -250.000000000000        39.25897    
  -234.375000000000        93.54355    
  -218.750000000000        150.7083    
  -203.125000000000        468.0658    
  -187.500000000000        577.8255    
  -171.875000000000        177.9025    
  -156.250000000000        95.83495    
  -140.625000000000        61.80939    
  -125.000000000000        89.71416    
  -109.375000000000        9.612552    
  -93.7500000000000        30.19129    
  -78.1250000000000        72.46983    
  -62.5000000000000        40.60267    
  -46.8750000000000        73.65087    
  -31.2500000000000        32.20614    
  -15.6250000000000        91.66979    
  0.000000000000000E+000   15530.22    
   15.6250000000000        46.81039    
   31.2500000000000        34.13464    
   46.8750000000000        53.05375    
   62.5000000000000        44.40664    
   78.1250000000000        68.72356    
   93.7500000000000        27.40086    
   109.375000000000        21.49306    
   125.000000000000        38.20087    
   140.625000000000        48.66831    
   156.250000000000        53.30500    
   171.875000000000        144.3076    
   187.500000000000        391.9727    
   203.125000000000        281.8541    
   218.750000000000        123.7056    
   234.375000000000        50.39430    
   250.000000000000        37.74270    
   265.625000000000        12.38615    
   281.250000000000        26.16949    
   296.875000000000        64.32776    
   312.500000000000        97.66097    
   328.125000000000        21.08462    
   343.750000000000        23.65113    
   359.375000000000        80.00814    
   375.000000000000        86.86395    
   390.625000000000        470.3922    
   406.250000000000        47.46876    
   421.875000000000        6.276574    
   437.500000000000        44.14866    
   453.125000000000        23.68727    
   468.750000000000        46.82775    
   484.375000000000        7.681202    
   500.000000000000        10.43399    
   515.625000000000        68.79032    
   531.250000000000        59.94549    
   546.875000000000        54.00348    
   562.500000000000        152.7961    
   578.125000000000        961.2150    
   593.750000000000        301.0392    
   609.375000000000        139.8694    
   625.000000000000        64.75001    
   640.625000000000        52.97916    
   656.250000000000        82.41356    
   671.875000000000        40.89536    
   687.500000000000        59.83887    
   703.125000000000        97.49061    
   718.750000000000        50.40789    
   734.375000000000        31.10801    
   750.000000000000        46.24057    
   765.625000000000        145.0739    
   781.250000000000        145.8019    
   796.875000000000        21.03442    
   812.500000000000        31.96475    
   828.125000000000        5.574098    
   843.750000000000        19.10804    
   859.375000000000        20.16224    
   875.000000000000        25.37861    
   890.625000000000        55.60391    
   906.250000000000        84.57901    
   921.875000000000        6.044313    
   937.500000000000        5.012556    
   953.125000000000        86.07477    
   968.750000000000        196.2512    
   984.375000000000        28.08811    
   1000.00000000000       0.9438187    
   1015.62500000000        14.11758    
   1031.25000000000        38.89702    
   1046.87500000000        10.79130    
   1062.50000000000        6.825231    
   1078.12500000000        22.93909    
   1093.75000000000        38.58966    
   1109.37500000000        26.30626    
   1125.00000000000        7.573896    
   1140.62500000000        28.79395    
   1156.25000000000        65.21753    
   1171.87500000000        57.67193    
   1187.50000000000        44.86824    
   1203.12500000000        17.68362    
   1218.75000000000        43.70319    
   1234.37500000000        33.19253    
   1250.00000000000        47.52140    
   1265.62500000000        55.86509    
   1281.25000000000        99.73566    
   1296.87500000000        125.2191    
   1312.50000000000        29.20090    
   1328.12500000000        21.15746    
   1343.75000000000        27.81628    
   1359.37500000000        176.9024    
   1375.00000000000        37.35283    
   1390.62500000000        9.920963    
   1406.25000000000        13.86287    
   1421.87500000000        12.30503    
   1437.50000000000        24.11668    
   1453.12500000000        45.10958    
   1468.75000000000        13.56526    
   1484.37500000000        64.66218    
   1500.00000000000        53.94165    
   1515.62500000000        52.15320    
   1531.25000000000        47.03278    
   1546.87500000000        237.6180    
   1562.50000000000        48.40034    
   1578.12500000000        14.90073    
   1593.75000000000        37.01005    
   1609.37500000000        54.50949    
   1625.00000000000        58.68316    
   1640.62500000000        32.20920    
   1656.25000000000        40.79399    
   1671.87500000000        61.06817    
   1687.50000000000        38.28357    
   1703.12500000000        13.93434    
   1718.75000000000        17.68291    
   1734.37500000000        20.55417    
   1750.00000000000        58.16451    
   1765.62500000000        14.21089    
   1781.25000000000        15.49432    
   1796.87500000000        20.11041    
   1812.50000000000        28.28874    
   1828.12500000000        19.99675    
   1843.75000000000        17.51266    
   1859.37500000000        75.48306    
   1875.00000000000        95.24396    
   1890.62500000000        31.64265    
   1906.25000000000        20.74475    
   1921.87500000000        47.48293    
   1937.50000000000        73.59839    
   1953.12500000000        20.41801    
   1968.75000000000        49.44953    
   1984.37500000000        54.97355    
