  -2000.00000000000        5.309694    
  -1984.37500000000        3.248538    
  -1968.75000000000        6.968607    
  -1953.12500000000        10.26377    
  -1937.50000000000        7.068967    
  -1921.87500000000        13.50222    
  -1906.25000000000        6.034579    
  -1890.62500000000        10.06008    
  -1875.00000000000        3.905664    
  -1859.37500000000        7.024689    
  -1843.75000000000        6.272551    
  -1828.12500000000        11.72700    
  -1812.50000000000        6.178128    
  -1796.87500000000        5.218439    
  -1781.25000000000        8.214370    
  -1765.62500000000        5.861257    
  -1750.00000000000        26.40944    
  -1734.37500000000        8.616089    
  -1718.75000000000        6.747899    
  -1703.12500000000       0.2221002    
  -1687.50000000000        6.489695    
  -1671.87500000000        8.844130    
  -1656.25000000000        3.481548    
  -1640.62500000000        6.963949    
  -1625.00000000000        2.135580    
  -1609.37500000000        1.589262    
  -1593.75000000000        7.795520    
  -1578.12500000000        12.49309    
  -1562.50000000000        11.46143    
  -1546.87500000000        24.43723    
  -1531.25000000000        7.011690    
  -1515.62500000000        7.741020    
  -1500.00000000000        17.61880    
  -1484.37500000000        12.93494    
  -1468.75000000000        4.487630    
  -1453.12500000000        4.144633    
  -1437.50000000000        4.685135    
  -1421.87500000000        10.69604    
  -1406.25000000000        7.853652    
  -1390.62500000000        3.515739    
  -1375.00000000000        2.103895    
  -1359.37500000000        22.27113    
  -1343.75000000000        8.484675    
  -1328.12500000000        6.559654    
  -1312.50000000000        6.102959    
  -1296.87500000000        14.45436    
  -1281.25000000000        4.825077    
  -1265.62500000000        6.693638    
  -1250.00000000000        28.14599    
  -1234.37500000000        11.96921    
  -1218.75000000000        8.315707    
  -1203.12500000000        19.77192    
  -1187.50000000000        22.23098    
  -1171.87500000000        63.46646    
  -1156.25000000000        63.29179    
  -1140.62500000000        13.94044    
  -1125.00000000000        9.179986    
  -1109.37500000000        11.28254    
  -1093.75000000000        8.483672    
  -1078.12500000000        1.385955    
  -1062.50000000000        1.071081    
  -1046.87500000000        7.787197    
  -1031.25000000000        2.832669    
  -1015.62500000000        6.511772    
  -1000.00000000000        3.009957    
  -984.375000000000        10.63201    
  -968.750000000000        75.01163    
  -953.125000000000        14.94088    
  -937.500000000000        9.083919    
  -921.875000000000        29.19100    
  -906.250000000000        17.81569    
  -890.625000000000        4.036477    
  -875.000000000000        5.557700    
  -859.375000000000        5.835491    
  -843.750000000000        5.090392    
  -828.125000000000        13.62525    
  -812.500000000000        12.90273    
  -796.875000000000        21.82833    
  -781.250000000000        72.42453    
  -765.625000000000        67.41523    
  -750.000000000000        25.04132    
  -734.375000000000        20.22336    
  -718.750000000000        24.06345    
  -703.125000000000        26.83221    
  -687.500000000000        24.04380    
  -671.875000000000        22.24997    
  -656.250000000000        27.75583    
  -640.625000000000        28.68249    
  -625.000000000000        46.90068    
  -609.375000000000        70.45589    
  -593.750000000000        151.4574    
  -578.125000000000        428.6154    
  -562.500000000000        73.14971    
  -546.875000000000        23.45807    
  -531.250000000000        33.33995    
  -515.625000000000        22.19604    
  -500.000000000000        18.36185    
  -484.375000000000        8.384079    
  -468.750000000000        13.88013    
  -453.125000000000        12.28124    
  -437.500000000000        22.65148    
  -421.875000000000        13.43928    
  -406.250000000000        41.68833    
  -390.625000000000        166.8531    
  -375.000000000000        54.36482    
  -359.375000000000        24.94390    
  -343.750000000000        7.030082    
  -328.125000000000        8.958892    
  -312.500000000000        26.24213    
  -296.875000000000        19.59545    
  -281.250000000000        11.62190    
  -265.625000000000        22.48872    
  -250.000000000000        25.16269    
  -234.375000000000        19.78461    
  -218.750000000000        48.26469    
  -203.125000000000        181.5181    
  -187.500000000000        208.6710    
  -171.875000000000        63.24881    
  -156.250000000000        32.58912    
  -140.625000000000        26.85356    
  -125.000000000000        19.05465    
  -109.375000000000        12.62322    
  -93.7500000000000        6.357947    
  -78.1250000000000        31.03908    
  -62.5000000000000        15.67767    
  -46.8750000000000        18.91233    
  -31.2500000000000        10.49322    
  -15.6250000000000        43.12962    
  0.000000000000000E+000   9735.625    
   15.6250000000000        47.98009    
   31.2500000000000        17.80858    
   46.8750000000000        24.98394    
   62.5000000000000        5.044811    
   78.1250000000000        35.96917    
   93.7500000000000        5.602119    
   109.375000000000        8.202205    
   125.000000000000        15.36144    
   140.625000000000        21.74802    
   156.250000000000        21.39641    
   171.875000000000        40.11074    
   187.500000000000        140.3259    
   203.125000000000        118.4376    
   218.750000000000        35.96468    
   234.375000000000        13.67067    
   250.000000000000        27.57027    
   265.625000000000        7.717472    
   281.250000000000        13.63181    
   296.875000000000        12.31585    
   312.500000000000        23.93601    
   328.125000000000        5.251163    
   343.750000000000        6.840367    
   359.375000000000        27.96212    
   375.000000000000        71.33692    
   390.625000000000        194.1141    
   406.250000000000        48.52269    
   421.875000000000        20.20532    
   437.500000000000        26.40618    
   453.125000000000        14.17491    
   468.750000000000        12.78675    
   484.375000000000        10.46915    
   500.000000000000        22.18761    
   515.625000000000        14.22353    
   531.250000000000        33.82160    
   546.875000000000        25.89880    
   562.500000000000        71.71118    
   578.125000000000        435.4862    
   593.750000000000        159.4773    
   609.375000000000        72.52721    
   625.000000000000        47.28634    
   640.625000000000        29.76753    
   656.250000000000        30.79794    
   671.875000000000        26.04792    
   687.500000000000        25.65192    
   703.125000000000        26.99354    
   718.750000000000        22.55368    
   734.375000000000        21.48252    
   750.000000000000        26.46703    
   765.625000000000        76.91795    
   781.250000000000        86.45667    
   796.875000000000        24.35120    
   812.500000000000        14.64832    
   828.125000000000        9.816591    
   843.750000000000        8.089650    
   859.375000000000        5.299752    
   875.000000000000        7.077255    
   890.625000000000        12.52156    
   906.250000000000        19.03843    
   921.875000000000        30.17480    
   937.500000000000        11.32087    
   953.125000000000        14.17339    
   968.750000000000        47.71864    
   984.375000000000        10.63662    
   1000.00000000000        2.373626    
   1015.62500000000        5.074310    
   1031.25000000000        2.830362    
   1046.87500000000        4.099594    
   1062.50000000000        3.470259    
   1078.12500000000        4.180840    
   1093.75000000000        1.172738    
   1109.37500000000        11.86969    
   1125.00000000000        7.896104    
   1140.62500000000        13.39956    
   1156.25000000000        56.89300    
   1171.87500000000        58.96043    
   1187.50000000000        24.59896    
   1203.12500000000        18.83561    
   1218.75000000000        7.562214    
   1234.37500000000        9.888706    
   1250.00000000000        25.25306    
   1265.62500000000        6.388113    
   1281.25000000000        3.990384    
   1296.87500000000        16.70089    
   1312.50000000000        4.782630    
   1328.12500000000        8.098263    
   1343.75000000000        6.813689    
   1359.37500000000        22.47406    
   1375.00000000000        2.965677    
   1390.62500000000        7.240819    
   1406.25000000000        5.859687    
   1421.87500000000        9.193764    
   1437.50000000000        4.280228    
   1453.12500000000        4.603075    
   1468.75000000000        4.467565    
   1484.37500000000        13.39460    
   1500.00000000000        19.50894    
   1515.62500000000        8.531482    
   1531.25000000000        4.375974    
   1546.87500000000        25.80695    
   1562.50000000000        6.519806    
   1578.12500000000        14.53428    
   1593.75000000000        5.023501    
   1609.37500000000        6.521669    
   1625.00000000000        1.242215    
   1640.62500000000        6.720278    
   1656.25000000000        5.239893    
   1671.87500000000        9.113935    
   1687.50000000000        3.370308    
   1703.12500000000        1.875497    
   1718.75000000000        7.230066    
   1734.37500000000        7.951645    
   1750.00000000000        25.66698    
   1765.62500000000        2.809621    
   1781.25000000000        9.582615    
   1796.87500000000        5.207407    
   1812.50000000000        2.588433    
   1828.12500000000        9.789926    
   1843.75000000000        2.998065    
   1859.37500000000        2.380203    
   1875.00000000000        6.825744    
   1890.62500000000        10.71526    
   1906.25000000000        6.854199    
   1921.87500000000        15.68450    
   1937.50000000000       0.6772445    
   1953.12500000000        9.370349    
   1968.75000000000        5.046336    
   1984.37500000000        3.439470    
