  -2000.00000000000        9.213622    
  -1984.37500000000        27.87733    
  -1968.75000000000        9.836496    
  -1953.12500000000        62.98227    
  -1937.50000000000        23.37928    
  -1921.87500000000        34.99485    
  -1906.25000000000        10.44569    
  -1890.62500000000        9.528762    
  -1875.00000000000        10.36883    
  -1859.37500000000        19.62311    
  -1843.75000000000        16.61021    
  -1828.12500000000        11.68972    
  -1812.50000000000        8.013912    
  -1796.87500000000        14.10389    
  -1781.25000000000        15.38788    
  -1765.62500000000        34.04032    
  -1750.00000000000        38.55016    
  -1734.37500000000        38.24176    
  -1718.75000000000        42.81564    
  -1703.12500000000        14.13155    
  -1687.50000000000        20.76339    
  -1671.87500000000        63.77540    
  -1656.25000000000        12.74285    
  -1640.62500000000        31.15944    
  -1625.00000000000        7.453772    
  -1609.37500000000        13.94945    
  -1593.75000000000        23.04247    
  -1578.12500000000        39.30961    
  -1562.50000000000        18.79724    
  -1546.87500000000        24.21205    
  -1531.25000000000        30.80645    
  -1515.62500000000        36.78111    
  -1500.00000000000        38.37080    
  -1484.37500000000        25.65415    
  -1468.75000000000        16.29991    
  -1453.12500000000        24.84855    
  -1437.50000000000        21.75972    
  -1421.87500000000        35.78714    
  -1406.25000000000        24.87639    
  -1390.62500000000        8.276479    
  -1375.00000000000        14.61242    
  -1359.37500000000        71.86828    
  -1343.75000000000        27.42865    
  -1328.12500000000        15.50795    
  -1312.50000000000        10.72824    
  -1296.87500000000        20.02788    
  -1281.25000000000        34.86811    
  -1265.62500000000        33.50998    
  -1250.00000000000        71.65025    
  -1234.37500000000        34.37992    
  -1218.75000000000        25.83843    
  -1203.12500000000        54.93564    
  -1187.50000000000        55.15847    
  -1171.87500000000        174.5816    
  -1156.25000000000        170.0518    
  -1140.62500000000        38.80162    
  -1125.00000000000        9.430151    
  -1109.37500000000        15.89729    
  -1093.75000000000        25.29594    
  -1078.12500000000        28.85324    
  -1062.50000000000        24.26929    
  -1046.87500000000        5.419125    
  -1031.25000000000        5.821773    
  -1015.62500000000        18.02839    
  -1000.00000000000        10.18453    
  -984.375000000000        21.81781    
  -968.750000000000        208.3889    
  -953.125000000000        59.53819    
  -937.500000000000        30.22498    
  -921.875000000000        73.33167    
  -906.250000000000        26.22617    
  -890.625000000000        22.15959    
  -875.000000000000        10.69989    
  -859.375000000000        31.82277    
  -843.750000000000        22.81881    
  -828.125000000000        39.31236    
  -812.500000000000        34.28023    
  -796.875000000000        52.65982    
  -781.250000000000        150.6213    
  -765.625000000000        134.1189    
  -750.000000000000        42.31450    
  -734.375000000000        27.28399    
  -718.750000000000        63.39528    
  -703.125000000000        73.03735    
  -687.500000000000        37.25372    
  -671.875000000000        61.71277    
  -656.250000000000        71.06745    
  -640.625000000000        64.56292    
  -625.000000000000        127.6781    
  -609.375000000000        179.6506    
  -593.750000000000        359.9092    
  -578.125000000000        1102.929    
  -562.500000000000        198.8804    
  -546.875000000000        61.49377    
  -531.250000000000        88.66862    
  -515.625000000000        69.20570    
  -500.000000000000        43.34694    
  -484.375000000000        12.64126    
  -468.750000000000        22.87854    
  -453.125000000000        43.21178    
  -437.500000000000        42.40031    
  -421.875000000000        38.84247    
  -406.250000000000        97.62533    
  -390.625000000000        450.8413    
  -375.000000000000        97.03924    
  -359.375000000000        65.85186    
  -343.750000000000        31.75546    
  -328.125000000000        52.00225    
  -312.500000000000        59.56672    
  -296.875000000000        81.29279    
  -281.250000000000        51.85265    
  -265.625000000000        102.2761    
  -250.000000000000        128.3414    
  -234.375000000000        118.9970    
  -218.750000000000        209.5533    
  -203.125000000000        785.1171    
  -187.500000000000        997.6898    
  -171.875000000000        293.9124    
  -156.250000000000        163.3508    
  -140.625000000000        113.4174    
  -125.000000000000        106.1885    
  -109.375000000000        82.84849    
  -93.7500000000000        62.90421    
  -78.1250000000000        91.34319    
  -62.5000000000000        74.26380    
  -46.8750000000000        47.45741    
  -31.2500000000000        25.22699    
  -15.6250000000000        129.9878    
  0.000000000000000E+000   25450.76    
   15.6250000000000        157.8349    
   31.2500000000000        74.06052    
   46.8750000000000        100.7986    
   62.5000000000000        8.081432    
   78.1250000000000        92.60432    
   93.7500000000000        62.91215    
   109.375000000000        53.51924    
   125.000000000000        71.44295    
   140.625000000000        60.40565    
   156.250000000000        90.13435    
   171.875000000000        129.5216    
   187.500000000000        357.5396    
   203.125000000000        114.9156    
   218.750000000000        119.8830    
   234.375000000000        77.52225    
   250.000000000000        132.9744    
   265.625000000000        31.35921    
   281.250000000000        46.43162    
   296.875000000000        19.04911    
   312.500000000000        48.39489    
   328.125000000000        36.58339    
   343.750000000000        35.95937    
   359.375000000000        90.14558    
   375.000000000000        245.5810    
   390.625000000000        610.2927    
   406.250000000000        147.6859    
   421.875000000000        74.46085    
   437.500000000000        93.99088    
   453.125000000000        50.53256    
   468.750000000000        17.74646    
   484.375000000000        26.54835    
   500.000000000000        58.55944    
   515.625000000000        82.84654    
   531.250000000000        89.44724    
   546.875000000000        98.27243    
   562.500000000000        183.2276    
   578.125000000000        1198.793    
   593.750000000000        446.2352    
   609.375000000000        188.5989    
   625.000000000000        118.6968    
   640.625000000000        86.11530    
   656.250000000000        99.64463    
   671.875000000000        80.85780    
   687.500000000000        85.65295    
   703.125000000000        75.08720    
   718.750000000000        69.40195    
   734.375000000000        79.84694    
   750.000000000000        90.86988    
   765.625000000000        261.3018    
   781.250000000000        314.8510    
   796.875000000000        73.61250    
   812.500000000000        35.70657    
   828.125000000000        29.63762    
   843.750000000000        27.34898    
   859.375000000000        5.590657    
   875.000000000000        18.14281    
   890.625000000000        16.02563    
   906.250000000000        61.24594    
   921.875000000000        72.30603    
   937.500000000000        12.44957    
   953.125000000000        22.68228    
   968.750000000000        66.60727    
   984.375000000000        24.12312    
   1000.00000000000        1.884468    
   1015.62500000000        16.21854    
   1031.25000000000        12.40042    
   1046.87500000000        16.30120    
   1062.50000000000        7.382861    
   1078.12500000000        26.78633    
   1093.75000000000        46.31628    
   1109.37500000000        33.42640    
   1125.00000000000        12.98659    
   1140.62500000000        30.61162    
   1156.25000000000        134.7437    
   1171.87500000000        122.9002    
   1187.50000000000        35.36374    
   1203.12500000000        36.24537    
   1218.75000000000        21.28822    
   1234.37500000000        19.34587    
   1250.00000000000        63.12569    
   1265.62500000000        9.866057    
   1281.25000000000        6.043089    
   1296.87500000000        41.91235    
   1312.50000000000        12.44436    
   1328.12500000000        16.76705    
   1343.75000000000        26.66388    
   1359.37500000000        66.88845    
   1375.00000000000        5.966538    
   1390.62500000000        35.09523    
   1406.25000000000        29.40038    
   1421.87500000000        21.33664    
   1437.50000000000        12.06256    
   1453.12500000000        13.35441    
   1468.75000000000        18.78478    
   1484.37500000000        4.586385    
   1500.00000000000        38.93239    
   1515.62500000000        1.777441    
   1531.25000000000        4.744201    
   1546.87500000000        26.15994    
   1562.50000000000        52.54433    
   1578.12500000000        65.43824    
   1593.75000000000        17.06428    
   1609.37500000000        15.26186    
   1625.00000000000        25.80571    
   1640.62500000000        15.18161    
   1656.25000000000        21.97135    
   1671.87500000000        32.41609    
   1687.50000000000        36.19773    
   1703.12500000000        6.036844    
   1718.75000000000        23.06466    
   1734.37500000000        42.14211    
   1750.00000000000        28.54009    
   1765.62500000000        8.959026    
   1781.25000000000        18.95312    
   1796.87500000000        30.91209    
   1812.50000000000        15.50351    
   1828.12500000000        22.07620    
   1843.75000000000        9.354258    
   1859.37500000000        38.93476    
   1875.00000000000        68.08289    
   1890.62500000000        32.52851    
   1906.25000000000        15.27275    
   1921.87500000000        8.789929    
   1937.50000000000        57.38366    
   1953.12500000000        25.49236    
   1968.75000000000        19.98840    
   1984.37500000000        12.94891    
