  -2000.00000000000        6.345299    
  -1984.37500000000        10.45111    
  -1968.75000000000        18.83275    
  -1953.12500000000        15.83097    
  -1937.50000000000        61.69391    
  -1921.87500000000        38.47823    
  -1906.25000000000        24.71175    
  -1890.62500000000        21.37927    
  -1875.00000000000        19.84026    
  -1859.37500000000        26.16513    
  -1843.75000000000        27.88346    
  -1828.12500000000        29.59076    
  -1812.50000000000        18.60605    
  -1796.87500000000        19.20877    
  -1781.25000000000        15.37698    
  -1765.62500000000        26.15183    
  -1750.00000000000        37.78375    
  -1734.37500000000        33.02481    
  -1718.75000000000        7.151273    
  -1703.12500000000        25.34961    
  -1687.50000000000        9.075677    
  -1671.87500000000        39.49928    
  -1656.25000000000        14.91009    
  -1640.62500000000        15.10363    
  -1625.00000000000        23.53485    
  -1609.37500000000        14.44330    
  -1593.75000000000        20.69123    
  -1578.12500000000        18.68796    
  -1562.50000000000        16.64636    
  -1546.87500000000        47.97753    
  -1531.25000000000        11.17896    
  -1515.62500000000        13.39577    
  -1500.00000000000        27.02527    
  -1484.37500000000        20.59532    
  -1468.75000000000        10.23794    
  -1453.12500000000        17.20177    
  -1437.50000000000        10.18010    
  -1421.87500000000        23.63774    
  -1406.25000000000        21.61034    
  -1390.62500000000        3.257379    
  -1375.00000000000        28.56802    
  -1359.37500000000        54.94761    
  -1343.75000000000        18.21664    
  -1328.12500000000        9.696624    
  -1312.50000000000        8.603948    
  -1296.87500000000        24.03618    
  -1281.25000000000        40.40427    
  -1265.62500000000        2.957421    
  -1250.00000000000        29.40193    
  -1234.37500000000        38.83659    
  -1218.75000000000        21.77038    
  -1203.12500000000        40.06828    
  -1187.50000000000        44.89367    
  -1171.87500000000        81.11111    
  -1156.25000000000        50.72825    
  -1140.62500000000        32.14109    
  -1125.00000000000        18.24301    
  -1109.37500000000        22.19403    
  -1093.75000000000        75.63538    
  -1078.12500000000        9.167306    
  -1062.50000000000        10.41832    
  -1046.87500000000        40.21651    
  -1031.25000000000        45.69146    
  -1015.62500000000        34.76141    
  -1000.00000000000        12.43718    
  -984.375000000000        14.16907    
  -968.750000000000        229.7415    
  -953.125000000000        20.04426    
  -937.500000000000        24.70968    
  -921.875000000000        60.52511    
  -906.250000000000        22.18580    
  -890.625000000000        58.19891    
  -875.000000000000        7.587768    
  -859.375000000000        5.627444    
  -843.750000000000        43.08562    
  -828.125000000000        21.72289    
  -812.500000000000        37.30335    
  -796.875000000000        57.33081    
  -781.250000000000        163.7575    
  -765.625000000000        183.8430    
  -750.000000000000        57.38605    
  -734.375000000000        39.77021    
  -718.750000000000        50.37200    
  -703.125000000000        120.4812    
  -687.500000000000        32.71694    
  -671.875000000000        30.16535    
  -656.250000000000        61.76313    
  -640.625000000000        40.93520    
  -625.000000000000        86.46136    
  -609.375000000000        122.0324    
  -593.750000000000        256.0352    
  -578.125000000000        658.3766    
  -562.500000000000        134.4986    
  -546.875000000000        29.31289    
  -531.250000000000        63.58012    
  -515.625000000000        10.10521    
  -500.000000000000        25.67123    
  -484.375000000000        27.48884    
  -468.750000000000        8.943503    
  -453.125000000000        43.39202    
  -437.500000000000        51.84536    
  -421.875000000000        37.86656    
  -406.250000000000        72.18863    
  -390.625000000000        295.4874    
  -375.000000000000        61.69732    
  -359.375000000000        56.17391    
  -343.750000000000        27.97730    
  -328.125000000000        29.50655    
  -312.500000000000        35.10161    
  -296.875000000000        52.68700    
  -281.250000000000        19.41189    
  -265.625000000000        66.09464    
  -250.000000000000        49.78059    
  -234.375000000000        65.14342    
  -218.750000000000        107.9933    
  -203.125000000000        457.7144    
  -187.500000000000        501.7825    
  -171.875000000000        149.7528    
  -156.250000000000        72.86248    
  -140.625000000000        51.73446    
  -125.000000000000        56.19909    
  -109.375000000000        26.84591    
  -93.7500000000000        33.75856    
  -78.1250000000000        49.45633    
  -62.5000000000000        31.56220    
  -46.8750000000000        37.81547    
  -31.2500000000000        4.398494    
  -15.6250000000000        87.11977    
  0.000000000000000E+000   16456.60    
   15.6250000000000        100.7504    
   31.2500000000000        50.58595    
   46.8750000000000        64.27584    
   62.5000000000000        12.96982    
   78.1250000000000        45.06161    
   93.7500000000000        30.96193    
   109.375000000000        29.95598    
   125.000000000000        10.14314    
   140.625000000000        34.50893    
   156.250000000000        38.46724    
   171.875000000000        74.50303    
   187.500000000000        196.9886    
   203.125000000000        66.87160    
   218.750000000000        75.14230    
   234.375000000000        35.63087    
   250.000000000000        70.44051    
   265.625000000000        20.70291    
   281.250000000000        38.58234    
   296.875000000000        17.65991    
   312.500000000000        56.04117    
   328.125000000000        12.19666    
   343.750000000000        18.34265    
   359.375000000000        43.19588    
   375.000000000000        129.1377    
   390.625000000000        340.0129    
   406.250000000000        98.87715    
   421.875000000000        22.38943    
   437.500000000000        45.83015    
   453.125000000000        28.62957    
   468.750000000000        24.34955    
   484.375000000000        5.992691    
   500.000000000000        29.92874    
   515.625000000000        66.47178    
   531.250000000000        42.87309    
   546.875000000000        53.82801    
   562.500000000000        104.6966    
   578.125000000000        669.3730    
   593.750000000000        251.9842    
   609.375000000000        122.4124    
   625.000000000000        76.27923    
   640.625000000000        34.29517    
   656.250000000000        53.98072    
   671.875000000000        55.82268    
   687.500000000000        55.98802    
   703.125000000000        41.69839    
   718.750000000000        70.94762    
   734.375000000000        53.01387    
   750.000000000000        68.01368    
   765.625000000000        136.8653    
   781.250000000000        207.5769    
   796.875000000000        39.07641    
   812.500000000000        20.12167    
   828.125000000000        13.24416    
   843.750000000000        35.63247    
   859.375000000000        4.460335    
   875.000000000000        22.76564    
   890.625000000000        22.56811    
   906.250000000000        35.66583    
   921.875000000000        52.96840    
   937.500000000000        24.80656    
   953.125000000000        21.41603    
   968.750000000000        146.3066    
   984.375000000000        17.44418    
   1000.00000000000        16.60328    
   1015.62500000000        2.012546    
   1031.25000000000        21.24711    
   1046.87500000000        16.89573    
   1062.50000000000        6.202539    
   1078.12500000000        16.99572    
   1093.75000000000       0.8875403    
   1109.37500000000        32.88015    
   1125.00000000000        24.29530    
   1140.62500000000        25.22181    
   1156.25000000000        92.63551    
   1171.87500000000        88.07941    
   1187.50000000000        24.35833    
   1203.12500000000        14.76515    
   1218.75000000000        11.50599    
   1234.37500000000        11.79706    
   1250.00000000000        13.81051    
   1265.62500000000        10.51646    
   1281.25000000000        34.60960    
   1296.87500000000        36.99379    
   1312.50000000000        8.263661    
   1328.12500000000        9.177256    
   1343.75000000000        13.13396    
   1359.37500000000        22.20346    
   1375.00000000000        17.58163    
   1390.62500000000        18.21081    
   1406.25000000000        18.57663    
   1421.87500000000        7.519879    
   1437.50000000000        6.643846    
   1453.12500000000        9.921037    
   1468.75000000000        20.09819    
   1484.37500000000        51.50381    
   1500.00000000000        30.47627    
   1515.62500000000        3.042355    
   1531.25000000000        25.59619    
   1546.87500000000        72.98776    
   1562.50000000000        24.16726    
   1578.12500000000        21.90166    
   1593.75000000000        27.97202    
   1609.37500000000        15.12915    
   1625.00000000000        15.78681    
   1640.62500000000        14.37743    
   1656.25000000000        14.26386    
   1671.87500000000        1.953626    
   1687.50000000000        19.18344    
   1703.12500000000        18.83448    
   1718.75000000000        24.31179    
   1734.37500000000        4.203317    
   1750.00000000000        91.67818    
   1765.62500000000        3.568322    
   1781.25000000000        9.792574    
   1796.87500000000        9.426418    
   1812.50000000000        16.82321    
   1828.12500000000        31.53113    
   1843.75000000000        10.20346    
   1859.37500000000        33.77359    
   1875.00000000000        2.505512    
   1890.62500000000        34.22346    
   1906.25000000000        6.895372    
   1921.87500000000        30.29131    
   1937.50000000000        80.99223    
   1953.12500000000        31.32534    
   1968.75000000000        13.72501    
   1984.37500000000        7.021189    
