  -2000.00000000000        50.20314    
  -1984.37500000000        37.38419    
  -1968.75000000000        62.98304    
  -1953.12500000000        53.11985    
  -1937.50000000000        64.77920    
  -1921.87500000000        111.1109    
  -1906.25000000000        23.67651    
  -1890.62500000000        67.39960    
  -1875.00000000000        59.78284    
  -1859.37500000000        91.32900    
  -1843.75000000000        36.18202    
  -1828.12500000000        78.67895    
  -1812.50000000000        55.38457    
  -1796.87500000000        62.31477    
  -1781.25000000000        58.52084    
  -1765.62500000000        79.27507    
  -1750.00000000000        243.8638    
  -1734.37500000000        83.84650    
  -1718.75000000000        53.21161    
  -1703.12500000000        26.21291    
  -1687.50000000000        15.77769    
  -1671.87500000000        27.13968    
  -1656.25000000000        15.76186    
  -1640.62500000000        42.97192    
  -1625.00000000000        47.82483    
  -1609.37500000000        38.97274    
  -1593.75000000000        39.73185    
  -1578.12500000000        28.85055    
  -1562.50000000000        144.8061    
  -1546.87500000000        394.0499    
  -1531.25000000000        95.92145    
  -1515.62500000000        81.75660    
  -1500.00000000000        135.8065    
  -1484.37500000000        31.41158    
  -1468.75000000000        29.28791    
  -1453.12500000000        33.72285    
  -1437.50000000000        35.89210    
  -1421.87500000000        28.80675    
  -1406.25000000000        82.37978    
  -1390.62500000000        71.43340    
  -1375.00000000000        52.16742    
  -1359.37500000000        75.86198    
  -1343.75000000000        75.57238    
  -1328.12500000000        44.28881    
  -1312.50000000000        56.65686    
  -1296.87500000000        106.7926    
  -1281.25000000000        100.4442    
  -1265.62500000000        44.02290    
  -1250.00000000000        117.7332    
  -1234.37500000000        76.20827    
  -1218.75000000000        47.75846    
  -1203.12500000000        126.9441    
  -1187.50000000000        132.4096    
  -1171.87500000000        379.4724    
  -1156.25000000000        448.4974    
  -1140.62500000000        113.1962    
  -1125.00000000000        70.48247    
  -1109.37500000000        59.25122    
  -1093.75000000000        137.5939    
  -1078.12500000000        24.84862    
  -1062.50000000000        29.94923    
  -1046.87500000000        30.86621    
  -1031.25000000000        37.73509    
  -1015.62500000000        47.82510    
  -1000.00000000000        51.66487    
  -984.375000000000        69.79218    
  -968.750000000000        653.9025    
  -953.125000000000        152.1625    
  -937.500000000000        72.20936    
  -921.875000000000        190.5884    
  -906.250000000000        54.88557    
  -890.625000000000        46.91884    
  -875.000000000000        68.40529    
  -859.375000000000        68.62199    
  -843.750000000000        64.24217    
  -828.125000000000        111.1967    
  -812.500000000000        119.3681    
  -796.875000000000        146.1151    
  -781.250000000000        363.9366    
  -765.625000000000        198.6249    
  -750.000000000000        51.08182    
  -734.375000000000        22.35284    
  -718.750000000000        98.66225    
  -703.125000000000        94.79686    
  -687.500000000000        58.21250    
  -671.875000000000        87.02935    
  -656.250000000000        145.9427    
  -640.625000000000        83.98319    
  -625.000000000000        256.8949    
  -609.375000000000        335.5150    
  -593.750000000000        642.3563    
  -578.125000000000        2138.065    
  -562.500000000000        409.7027    
  -546.875000000000        91.35406    
  -531.250000000000        172.6373    
  -515.625000000000        124.0952    
  -500.000000000000        103.3397    
  -484.375000000000        37.87978    
  -468.750000000000        34.59524    
  -453.125000000000        95.79520    
  -437.500000000000        35.68387    
  -421.875000000000        80.18501    
  -406.250000000000        183.6716    
  -390.625000000000        1092.658    
  -375.000000000000        113.7387    
  -359.375000000000        145.7421    
  -343.750000000000        83.78042    
  -328.125000000000        115.2143    
  -312.500000000000        131.1634    
  -296.875000000000        235.6847    
  -281.250000000000        125.2304    
  -265.625000000000        302.9640    
  -250.000000000000        355.8404    
  -234.375000000000        325.7516    
  -218.750000000000        548.1971    
  -203.125000000000        1976.738    
  -187.500000000000        2511.615    
  -171.875000000000        827.7491    
  -156.250000000000        442.6762    
  -140.625000000000        314.2521    
  -125.000000000000        293.4428    
  -109.375000000000        259.0674    
  -93.7500000000000        234.1880    
  -78.1250000000000        223.8574    
  -62.5000000000000        134.9735    
  -46.8750000000000        102.0386    
  -31.2500000000000        38.40064    
  -15.6250000000000        338.6494    
  0.000000000000000E+000   52904.25    
   15.6250000000000        359.8914    
   31.2500000000000        173.2504    
   46.8750000000000        291.9197    
   62.5000000000000        104.7560    
   78.1250000000000        174.5988    
   93.7500000000000        194.1031    
   109.375000000000        163.9747    
   125.000000000000        223.1485    
   140.625000000000        174.1573    
   156.250000000000        275.6009    
   171.875000000000        425.1641    
   187.500000000000        1331.578    
   203.125000000000        569.2925    
   218.750000000000        402.3848    
   234.375000000000        235.1044    
   250.000000000000        335.8632    
   265.625000000000        61.73933    
   281.250000000000        111.8603    
   296.875000000000        43.05360    
   312.500000000000        20.37803    
   328.125000000000        95.52686    
   343.750000000000        100.4966    
   359.375000000000        170.5065    
   375.000000000000        450.1261    
   390.625000000000        1223.271    
   406.250000000000        239.1885    
   421.875000000000        142.7500    
   437.500000000000        158.3779    
   453.125000000000        50.14251    
   468.750000000000        66.61317    
   484.375000000000        49.32663    
   500.000000000000        140.9802    
   515.625000000000        156.0329    
   531.250000000000        145.6796    
   546.875000000000        223.6808    
   562.500000000000        362.6660    
   578.125000000000        2390.553    
   593.750000000000        953.1592    
   609.375000000000        396.1024    
   625.000000000000        267.6044    
   640.625000000000        170.1739    
   656.250000000000        205.1622    
   671.875000000000        182.7162    
   687.500000000000        179.5605    
   703.125000000000        105.0995    
   718.750000000000        139.4390    
   734.375000000000        162.7472    
   750.000000000000        150.7764    
   765.625000000000        425.8089    
   781.250000000000        502.8045    
   796.875000000000        139.5658    
   812.500000000000        81.00553    
   828.125000000000        112.1528    
   843.750000000000        14.24658    
   859.375000000000        48.81579    
   875.000000000000        43.06018    
   890.625000000000        35.99927    
   906.250000000000        87.58742    
   921.875000000000        145.9478    
   937.500000000000        37.21392    
   953.125000000000        83.48399    
   968.750000000000        136.1728    
   984.375000000000        17.50319    
   1000.00000000000        38.02359    
   1015.62500000000        60.96828    
   1031.25000000000        33.11650    
   1046.87500000000        19.51959    
   1062.50000000000        51.53700    
   1078.12500000000        39.26590    
   1093.75000000000        66.75782    
   1109.37500000000        59.95687    
   1125.00000000000        46.01679    
   1140.62500000000        85.81472    
   1156.25000000000        307.5257    
   1171.87500000000        296.0769    
   1187.50000000000        68.41013    
   1203.12500000000        61.61007    
   1218.75000000000        65.14880    
   1234.37500000000        71.15369    
   1250.00000000000        144.8596    
   1265.62500000000        47.62933    
   1281.25000000000        60.78512    
   1296.87500000000        67.56072    
   1312.50000000000        6.174644    
   1328.12500000000        65.28094    
   1343.75000000000        33.05353    
   1359.37500000000        126.8307    
   1375.00000000000        56.06178    
   1390.62500000000        41.55142    
   1406.25000000000        51.60535    
   1421.87500000000        67.99072    
   1437.50000000000        51.48693    
   1453.12500000000        29.47999    
   1468.75000000000        36.06049    
   1484.37500000000        87.34161    
   1500.00000000000        97.98192    
   1515.62500000000        58.16377    
   1531.25000000000        53.95981    
   1546.87500000000        254.4514    
   1562.50000000000        70.33948    
   1578.12500000000        40.07230    
   1593.75000000000        59.59518    
   1609.37500000000        55.94109    
   1625.00000000000        21.87780    
   1640.62500000000        18.15985    
   1656.25000000000        34.26126    
   1671.87500000000        58.48591    
   1687.50000000000        15.64266    
   1703.12500000000        17.99621    
   1718.75000000000        36.07553    
   1734.37500000000        47.10285    
   1750.00000000000        121.6617    
   1765.62500000000        21.75309    
   1781.25000000000        35.66111    
   1796.87500000000        22.54105    
   1812.50000000000        16.20395    
   1828.12500000000        46.37024    
   1843.75000000000        31.91056    
   1859.37500000000        32.92191    
   1875.00000000000        75.38654    
   1890.62500000000        56.56919    
   1906.25000000000        39.60654    
   1921.87500000000        95.35016    
   1937.50000000000        28.62328    
   1953.12500000000        46.46124    
   1968.75000000000        32.25274    
   1984.37500000000        12.03563    
