  -4000.00000000000        199.9786    
  -3968.75000000000        363.5162    
  -3937.50000000000        470.5196    
  -3906.25000000000        219.5948    
  -3875.00000000000        333.9455    
  -3843.75000000000        366.8110    
  -3812.50000000000        266.4708    
  -3781.25000000000        388.4386    
  -3750.00000000000        241.9218    
  -3718.75000000000        304.0012    
  -3687.50000000000        280.6702    
  -3656.25000000000        338.9057    
  -3625.00000000000        160.0591    
  -3593.75000000000        217.6222    
  -3562.50000000000        240.4399    
  -3531.25000000000        87.52906    
  -3500.00000000000        273.2583    
  -3468.75000000000        251.9663    
  -3437.50000000000        150.6100    
  -3406.25000000000        425.5249    
  -3375.00000000000        132.3474    
  -3343.75000000000        118.9485    
  -3312.50000000000        238.3857    
  -3281.25000000000        216.8810    
  -3250.00000000000        185.4149    
  -3218.75000000000        226.8000    
  -3187.50000000000        101.2520    
  -3156.25000000000        243.3205    
  -3125.00000000000        145.0616    
  -3093.75000000000        193.9824    
  -3062.50000000000        222.1177    
  -3031.25000000000        172.2856    
  -3000.00000000000        109.4702    
  -2968.75000000000        108.5673    
  -2937.50000000000        200.3686    
  -2906.25000000000        26.68814    
  -2875.00000000000        131.5867    
  -2843.75000000000        59.80929    
  -2812.50000000000        140.0823    
  -2781.25000000000        48.80610    
  -2750.00000000000        70.91386    
  -2718.75000000000        70.36842    
  -2687.50000000000        134.1249    
  -2656.25000000000        53.76472    
  -2625.00000000000        29.50407    
  -2593.75000000000        96.10960    
  -2562.50000000000        62.74730    
  -2531.25000000000        18.05426    
  -2500.00000000000        140.1243    
  -2468.75000000000        9.504748    
  -2437.50000000000        91.70022    
  -2406.25000000000        52.54961    
  -2375.00000000000        23.02217    
  -2343.75000000000        136.8991    
  -2312.50000000000        88.29113    
  -2281.25000000000        38.12016    
  -2250.00000000000        48.96693    
  -2218.75000000000        73.22978    
  -2187.50000000000        110.0274    
  -2156.25000000000        105.9141    
  -2125.00000000000        66.35775    
  -2093.75000000000        82.65512    
  -2062.50000000000        67.84283    
  -2031.25000000000        17.97690    
  -2000.00000000000        43.74746    
  -1968.75000000000        68.59545    
  -1937.50000000000        55.87060    
  -1906.25000000000        39.33300    
  -1875.00000000000        83.73985    
  -1843.75000000000        95.78459    
  -1812.50000000000        250.3884    
  -1781.25000000000        299.1393    
  -1750.00000000000        155.4687    
  -1718.75000000000        107.5433    
  -1687.50000000000        135.1763    
  -1656.25000000000        175.5875    
  -1625.00000000000        104.8611    
  -1593.75000000000        54.02168    
  -1562.50000000000        202.0263    
  -1531.25000000000        121.8483    
  -1500.00000000000        37.59612    
  -1468.75000000000        73.24220    
  -1437.50000000000        46.17398    
  -1406.25000000000        81.71046    
  -1375.00000000000        130.1807    
  -1343.75000000000        103.7352    
  -1312.50000000000        90.09332    
  -1281.25000000000        74.39507    
  -1250.00000000000        225.0154    
  -1218.75000000000        41.90451    
  -1187.50000000000        44.58282    
  -1156.25000000000        143.7552    
  -1125.00000000000        33.64624    
  -1093.75000000000        90.18159    
  -1062.50000000000        163.3601    
  -1031.25000000000        65.93327    
  -1000.00000000000        91.03584    
  -968.750000000000        91.67326    
  -937.500000000000        30.64169    
  -906.250000000000        167.0862    
  -875.000000000000        94.55750    
  -843.750000000000        124.7456    
  -812.500000000000        214.4019    
  -781.250000000000        278.1671    
  -750.000000000000        208.8163    
  -718.750000000000        273.3793    
  -687.500000000000        225.3437    
  -656.250000000000        415.5653    
  -625.000000000000        27.55738    
  -593.750000000000        310.8046    
  -562.500000000000        114.1574    
  -531.250000000000        199.1666    
  -500.000000000000        299.7272    
  -468.750000000000        71.56734    
  -437.500000000000        238.0618    
  -406.250000000000        295.2252    
  -375.000000000000        647.5525    
  -343.750000000000        1053.484    
  -312.500000000000        543.9146    
  -281.250000000000        767.2290    
  -250.000000000000        397.1108    
  -218.750000000000        39.17395    
  -187.500000000000        371.5120    
  -156.250000000000        1364.414    
  -125.000000000000        1331.850    
  -93.7500000000000        476.4205    
  -62.5000000000000        1309.898    
  -31.2500000000000        2304.976    
  0.000000000000000E+000   6057.561    
   31.2500000000000        2337.818    
   62.5000000000000        1343.374    
   93.7500000000000        493.5231    
   125.000000000000        1347.862    
   156.250000000000        1371.473    
   187.500000000000        373.3283    
   218.750000000000        24.61591    
   250.000000000000        382.4896    
   281.250000000000        739.6274    
   312.500000000000        539.0469    
   343.750000000000        1049.407    
   375.000000000000        638.1735    
   406.250000000000        285.5921    
   437.500000000000        221.6153    
   468.750000000000        77.79581    
   500.000000000000        307.9359    
   531.250000000000        206.6552    
   562.500000000000        129.2929    
   593.750000000000        310.7462    
   625.000000000000        36.17698    
   656.250000000000        423.0152    
   687.500000000000        239.7320    
   718.750000000000        275.4995    
   750.000000000000        213.9236    
   781.250000000000        283.8799    
   812.500000000000        226.4836    
   843.750000000000        128.5427    
   875.000000000000        90.47235    
   906.250000000000        164.6787    
   937.500000000000        33.45825    
   968.750000000000        95.06547    
   1000.00000000000        99.12315    
   1031.25000000000        69.75140    
   1062.50000000000        168.2434    
   1093.75000000000        90.88691    
   1125.00000000000        28.86685    
   1156.25000000000        145.7310    
   1187.50000000000        36.41846    
   1218.75000000000        49.31821    
   1250.00000000000        227.2901    
   1281.25000000000        71.45212    
   1312.50000000000        85.26117    
   1343.75000000000        107.4887    
   1375.00000000000        129.7187    
   1406.25000000000        84.31869    
   1437.50000000000        43.01280    
   1468.75000000000        77.37757    
   1500.00000000000        33.39462    
   1531.25000000000        117.8977    
   1562.50000000000        204.5410    
   1593.75000000000        53.08577    
   1625.00000000000        104.9528    
   1656.25000000000        161.6688    
   1687.50000000000        147.7337    
   1718.75000000000        100.3852    
   1750.00000000000        144.2462    
   1781.25000000000        289.1995    
   1812.50000000000        239.9300    
   1843.75000000000        99.10371    
   1875.00000000000        78.09966    
   1906.25000000000        37.30506    
   1937.50000000000        49.17418    
   1968.75000000000        69.32809    
   2000.00000000000        41.49874    
   2031.25000000000        13.95831    
   2062.50000000000        71.67157    
   2093.75000000000        86.40025    
   2125.00000000000        59.97493    
   2156.25000000000        106.5893    
   2187.50000000000        103.1346    
   2218.75000000000        82.02579    
   2250.00000000000        51.23452    
   2281.25000000000        41.04790    
   2312.50000000000        84.32557    
   2343.75000000000        142.1918    
   2375.00000000000        23.55225    
   2406.25000000000        46.76658    
   2437.50000000000        96.29816    
   2468.75000000000        13.38152    
   2500.00000000000        139.2641    
   2531.25000000000        16.21633    
   2562.50000000000        61.91087    
   2593.75000000000        97.32600    
   2625.00000000000        33.26476    
   2656.25000000000        56.94664    
   2687.50000000000        136.0984    
   2718.75000000000        70.86243    
   2750.00000000000        69.29116    
   2781.25000000000        54.42311    
   2812.50000000000        141.1331    
   2843.75000000000        57.39022    
   2875.00000000000        129.4866    
   2906.25000000000        22.05992    
   2937.50000000000        200.3895    
   2968.75000000000        107.5689    
   3000.00000000000        111.8954    
   3031.25000000000        176.8846    
   3062.50000000000        224.6971    
   3093.75000000000        187.2034    
   3125.00000000000        141.8132    
   3156.25000000000        239.1616    
   3187.50000000000        101.5451    
   3218.75000000000        236.3516    
   3250.00000000000        187.9206    
   3281.25000000000        223.5663    
   3312.50000000000        230.8407    
   3343.75000000000        121.5985    
   3375.00000000000        128.8624    
   3406.25000000000        427.4682    
   3437.50000000000        150.2355    
   3468.75000000000        262.8559    
   3500.00000000000        271.5199    
   3531.25000000000        82.76936    
   3562.50000000000        242.5115    
   3593.75000000000        203.6849    
   3625.00000000000        156.6728    
   3656.25000000000        338.2114    
   3687.50000000000        279.3934    
   3718.75000000000        304.7897    
   3750.00000000000        231.8362    
   3781.25000000000        395.8188    
   3812.50000000000        267.1702    
   3843.75000000000        378.0096    
   3875.00000000000        322.2695    
   3906.25000000000        219.8879    
   3937.50000000000        459.3541    
   3968.75000000000        369.6219    
