  -2000.00000000000        46.39119    
  -1984.37500000000        11.06591    
  -1968.75000000000        28.96417    
  -1953.12500000000        15.70698    
  -1937.50000000000        34.21986    
  -1921.87500000000        54.73343    
  -1906.25000000000        42.81679    
  -1890.62500000000        26.65386    
  -1875.00000000000        26.60959    
  -1859.37500000000        50.73783    
  -1843.75000000000        22.40162    
  -1828.12500000000        74.27087    
  -1812.50000000000        27.17719    
  -1796.87500000000        13.81758    
  -1781.25000000000        30.07216    
  -1765.62500000000        39.75337    
  -1750.00000000000        55.37028    
  -1734.37500000000        34.03775    
  -1718.75000000000        50.93747    
  -1703.12500000000        26.99697    
  -1687.50000000000        59.50688    
  -1671.87500000000        95.05059    
  -1656.25000000000        48.28418    
  -1640.62500000000        37.52747    
  -1625.00000000000        7.328389    
  -1609.37500000000        36.43799    
  -1593.75000000000        28.75848    
  -1578.12500000000        40.41587    
  -1562.50000000000        31.03722    
  -1546.87500000000        50.14001    
  -1531.25000000000        27.44127    
  -1515.62500000000        29.92295    
  -1500.00000000000        86.37160    
  -1484.37500000000        100.6511    
  -1468.75000000000        26.42877    
  -1453.12500000000        39.11734    
  -1437.50000000000        32.68698    
  -1421.87500000000        53.82458    
  -1406.25000000000        24.46690    
  -1390.62500000000        17.02674    
  -1375.00000000000        20.13697    
  -1359.37500000000        158.5828    
  -1343.75000000000        40.00824    
  -1328.12500000000        44.74958    
  -1312.50000000000        6.528461    
  -1296.87500000000        55.38113    
  -1281.25000000000        7.962337    
  -1265.62500000000        24.91492    
  -1250.00000000000        92.15530    
  -1234.37500000000        102.2631    
  -1218.75000000000        31.63907    
  -1203.12500000000        76.96809    
  -1187.50000000000        82.52734    
  -1171.87500000000        253.8268    
  -1156.25000000000        307.9385    
  -1140.62500000000        115.0394    
  -1125.00000000000        40.50998    
  -1109.37500000000        50.27700    
  -1093.75000000000        36.16561    
  -1078.12500000000        24.01494    
  -1062.50000000000        36.15961    
  -1046.87500000000        29.52916    
  -1031.25000000000        28.53943    
  -1015.62500000000        57.50800    
  -1000.00000000000        9.847182    
  -984.375000000000        33.63436    
  -968.750000000000        297.9648    
  -953.125000000000        73.49059    
  -937.500000000000        14.76435    
  -921.875000000000        84.50983    
  -906.250000000000        66.65370    
  -890.625000000000        70.77047    
  -875.000000000000        52.64843    
  -859.375000000000        58.60774    
  -843.750000000000        46.19996    
  -828.125000000000        55.99425    
  -812.500000000000        44.83313    
  -796.875000000000        66.08778    
  -781.250000000000        256.6363    
  -765.625000000000        197.6049    
  -750.000000000000        21.99084    
  -734.375000000000        32.32778    
  -718.750000000000        60.13937    
  -703.125000000000        31.70668    
  -687.500000000000        50.64195    
  -671.875000000000        82.04431    
  -656.250000000000        110.5914    
  -640.625000000000        54.65518    
  -625.000000000000        138.9432    
  -609.375000000000        206.7057    
  -593.750000000000        427.3603    
  -578.125000000000        1244.264    
  -562.500000000000        204.3250    
  -546.875000000000        61.82522    
  -531.250000000000        98.61806    
  -515.625000000000        60.08167    
  -500.000000000000        37.59027    
  -484.375000000000        28.97799    
  -468.750000000000        14.24976    
  -453.125000000000        81.53032    
  -437.500000000000        53.96042    
  -421.875000000000        67.48412    
  -406.250000000000        106.5577    
  -390.625000000000        500.0431    
  -375.000000000000        60.63227    
  -359.375000000000        61.42090    
  -343.750000000000        36.30943    
  -328.125000000000        59.84607    
  -312.500000000000        62.65876    
  -296.875000000000        101.2555    
  -281.250000000000        59.41357    
  -265.625000000000        128.8738    
  -250.000000000000        188.6767    
  -234.375000000000        171.9495    
  -218.750000000000        316.4554    
  -203.125000000000        963.7896    
  -187.500000000000        1305.062    
  -171.875000000000        397.6865    
  -156.250000000000        221.7675    
  -140.625000000000        159.8354    
  -125.000000000000        165.5275    
  -109.375000000000        102.3018    
  -93.7500000000000        71.43525    
  -78.1250000000000        107.6542    
  -62.5000000000000        108.4974    
  -46.8750000000000        72.19328    
  -31.2500000000000        41.82252    
  -15.6250000000000        170.7936    
  0.000000000000000E+000   28519.85    
   15.6250000000000        165.2261    
   31.2500000000000        101.0823    
   46.8750000000000        127.5017    
   62.5000000000000        16.22229    
   78.1250000000000        117.5554    
   93.7500000000000        63.93009    
   109.375000000000        57.48196    
   125.000000000000        152.8948    
   140.625000000000        100.1039    
   156.250000000000        139.9715    
   171.875000000000        207.5990    
   187.500000000000        621.6308    
   203.125000000000        295.9476    
   218.750000000000        194.8612    
   234.375000000000        108.6473    
   250.000000000000        164.7580    
   265.625000000000        86.88997    
   281.250000000000        61.02802    
   296.875000000000        23.79356    
   312.500000000000        33.08487    
   328.125000000000        45.18292    
   343.750000000000        47.41168    
   359.375000000000        114.3696    
   375.000000000000        312.5599    
   390.625000000000        787.6523    
   406.250000000000        135.8120    
   421.875000000000        77.88125    
   437.500000000000        127.3274    
   453.125000000000        5.765117    
   468.750000000000        17.84502    
   484.375000000000        45.68008    
   500.000000000000        53.88710    
   515.625000000000        99.90318    
   531.250000000000        94.22874    
   546.875000000000        132.3871    
   562.500000000000        205.9964    
   578.125000000000        1351.190    
   593.750000000000        493.2487    
   609.375000000000        222.4979    
   625.000000000000        146.3586    
   640.625000000000        81.63449    
   656.250000000000        110.5833    
   671.875000000000        90.93887    
   687.500000000000        101.9122    
   703.125000000000        119.2055    
   718.750000000000        64.15906    
   734.375000000000        96.16428    
   750.000000000000        118.1511    
   765.625000000000        277.9896    
   781.250000000000        372.8982    
   796.875000000000        83.68155    
   812.500000000000        60.14699    
   828.125000000000        25.80965    
   843.750000000000        46.55481    
   859.375000000000        47.54135    
   875.000000000000        21.26015    
   890.625000000000        32.08998    
   906.250000000000        104.4719    
   921.875000000000        67.11548    
   937.500000000000        13.81323    
   953.125000000000        34.08931    
   968.750000000000        147.9176    
   984.375000000000        48.66522    
   1000.00000000000        9.337478    
   1015.62500000000        29.24466    
   1031.25000000000        51.03930    
   1046.87500000000        12.65256    
   1062.50000000000        32.46972    
   1078.12500000000        10.08427    
   1093.75000000000        50.86470    
   1109.37500000000        44.47459    
   1125.00000000000        29.86306    
   1140.62500000000        54.43341    
   1156.25000000000        205.7017    
   1171.87500000000        230.4171    
   1187.50000000000        38.07817    
   1203.12500000000        33.30056    
   1218.75000000000        29.67263    
   1234.37500000000        40.63417    
   1250.00000000000        48.55577    
   1265.62500000000        2.785180    
   1281.25000000000        26.22918    
   1296.87500000000        43.07075    
   1312.50000000000        10.36227    
   1328.12500000000        8.089677    
   1343.75000000000        26.03091    
   1359.37500000000        122.3250    
   1375.00000000000        49.83884    
   1390.62500000000        45.55873    
   1406.25000000000        7.651553    
   1421.87500000000        58.24894    
   1437.50000000000        21.23060    
   1453.12500000000        33.42271    
   1468.75000000000        15.46369    
   1484.37500000000        4.547558    
   1500.00000000000        64.29831    
   1515.62500000000        47.73542    
   1531.25000000000        23.87752    
   1546.87500000000        60.19337    
   1562.50000000000        88.42413    
   1578.12500000000        44.52538    
   1593.75000000000        33.58091    
   1609.37500000000        49.30555    
   1625.00000000000        40.21104    
   1640.62500000000        37.38791    
   1656.25000000000        16.77127    
   1671.87500000000        103.5527    
   1687.50000000000        67.72707    
   1703.12500000000        48.70143    
   1718.75000000000        63.34719    
   1734.37500000000        141.1008    
   1750.00000000000        91.22882    
   1765.62500000000        58.35527    
   1781.25000000000        35.97354    
   1796.87500000000        21.93091    
   1812.50000000000        16.56187    
   1828.12500000000        44.60398    
   1843.75000000000        30.36476    
   1859.37500000000        72.35086    
   1875.00000000000        61.26044    
   1890.62500000000        40.20000    
   1906.25000000000        36.49420    
   1921.87500000000        29.74599    
   1937.50000000000        19.09459    
   1953.12500000000        82.91024    
   1968.75000000000        54.12386    
   1984.37500000000        40.39305    
