  -2000.00000000000        4.919450    
  -1984.37500000000        11.45168    
  -1968.75000000000        2.833193    
  -1953.12500000000        2.231134    
  -1937.50000000000        11.60101    
  -1921.87500000000        19.80124    
  -1906.25000000000        11.36991    
  -1890.62500000000        16.86827    
  -1875.00000000000        7.906727    
  -1859.37500000000        15.76232    
  -1843.75000000000        11.84689    
  -1828.12500000000        16.83583    
  -1812.50000000000        9.573060    
  -1796.87500000000        12.16687    
  -1781.25000000000        14.50380    
  -1765.62500000000        8.507435    
  -1750.00000000000        60.90499    
  -1734.37500000000        8.719031    
  -1718.75000000000        9.156414    
  -1703.12500000000        9.913223    
  -1687.50000000000        11.85230    
  -1671.87500000000        13.33735    
  -1656.25000000000        11.10133    
  -1640.62500000000        9.180794    
  -1625.00000000000        6.739247    
  -1609.37500000000        3.057964    
  -1593.75000000000        7.449831    
  -1578.12500000000        16.94032    
  -1562.50000000000        26.79264    
  -1546.87500000000        52.66853    
  -1531.25000000000        19.20449    
  -1515.62500000000        7.776714    
  -1500.00000000000        22.94856    
  -1484.37500000000        41.90650    
  -1468.75000000000        16.52769    
  -1453.12500000000        7.543615    
  -1437.50000000000        4.585339    
  -1421.87500000000        7.263443    
  -1406.25000000000        13.04146    
  -1390.62500000000        4.431572    
  -1375.00000000000        5.705927    
  -1359.37500000000        12.67656    
  -1343.75000000000        17.25624    
  -1328.12500000000        13.48513    
  -1312.50000000000        8.802904    
  -1296.87500000000        9.260184    
  -1281.25000000000        6.720247    
  -1265.62500000000        18.34160    
  -1250.00000000000        35.14072    
  -1234.37500000000        15.85826    
  -1218.75000000000        6.031538    
  -1203.12500000000        18.82489    
  -1187.50000000000        19.51134    
  -1171.87500000000        60.47397    
  -1156.25000000000        42.56540    
  -1140.62500000000        24.77108    
  -1125.00000000000        7.122773    
  -1109.37500000000        6.125973    
  -1093.75000000000        5.112331    
  -1078.12500000000        10.94291    
  -1062.50000000000        6.604631    
  -1046.87500000000        7.836680    
  -1031.25000000000        10.16076    
  -1015.62500000000        5.934072    
  -1000.00000000000        7.292507    
  -984.375000000000        8.305614    
  -968.750000000000        94.67960    
  -953.125000000000        24.34204    
  -937.500000000000        21.05056    
  -921.875000000000        36.81729    
  -906.250000000000        16.56309    
  -890.625000000000        10.38636    
  -875.000000000000        16.20360    
  -859.375000000000        20.01276    
  -843.750000000000        16.07405    
  -828.125000000000        12.14148    
  -812.500000000000        20.00942    
  -796.875000000000        33.22340    
  -781.250000000000        96.81825    
  -765.625000000000        82.93266    
  -750.000000000000        28.49770    
  -734.375000000000        23.91491    
  -718.750000000000        33.55513    
  -703.125000000000        30.07432    
  -687.500000000000        29.03858    
  -671.875000000000        30.57052    
  -656.250000000000        42.36261    
  -640.625000000000        36.38296    
  -625.000000000000        59.50260    
  -609.375000000000        93.80910    
  -593.750000000000        184.4433    
  -578.125000000000        545.2707    
  -562.500000000000        95.14637    
  -546.875000000000        37.48528    
  -531.250000000000        48.24945    
  -515.625000000000        44.41958    
  -500.000000000000        15.34868    
  -484.375000000000        7.038424    
  -468.750000000000        14.11509    
  -453.125000000000        28.87981    
  -437.500000000000        31.91703    
  -421.875000000000        23.31564    
  -406.250000000000        47.00976    
  -390.625000000000        212.7604    
  -375.000000000000        63.45703    
  -359.375000000000        29.74978    
  -343.750000000000        9.754811    
  -328.125000000000        21.70422    
  -312.500000000000        18.35440    
  -296.875000000000        21.26265    
  -281.250000000000        12.40178    
  -265.625000000000        21.78217    
  -250.000000000000        41.59653    
  -234.375000000000        27.32918    
  -218.750000000000        66.55947    
  -203.125000000000        242.0987    
  -187.500000000000        275.7495    
  -171.875000000000        89.80540    
  -156.250000000000        50.92910    
  -140.625000000000        42.07166    
  -125.000000000000        39.31239    
  -109.375000000000        18.86712    
  -93.7500000000000        11.02617    
  -78.1250000000000        36.92912    
  -62.5000000000000        13.81043    
  -46.8750000000000        20.34826    
  -31.2500000000000        13.59259    
  -15.6250000000000        57.93743    
  0.000000000000000E+000   11168.28    
   15.6250000000000        72.14451    
   31.2500000000000        23.17061    
   46.8750000000000        36.20971    
   62.5000000000000        16.50926    
   78.1250000000000        33.84172    
   93.7500000000000        16.28326    
   109.375000000000        5.021785    
   125.000000000000        31.65198    
   140.625000000000        24.91368    
   156.250000000000        27.01135    
   171.875000000000        42.87233    
   187.500000000000        126.9900    
   203.125000000000        95.21011    
   218.750000000000        46.90855    
   234.375000000000        20.19122    
   250.000000000000        34.76745    
   265.625000000000        15.17983    
   281.250000000000        15.11881    
   296.875000000000        12.28595    
   312.500000000000        10.88813    
   328.125000000000        20.28887    
   343.750000000000        9.235894    
   359.375000000000        37.61182    
   375.000000000000        77.31543    
   390.625000000000        211.2303    
   406.250000000000        60.76505    
   421.875000000000        28.14829    
   437.500000000000        24.89255    
   453.125000000000        26.02360    
   468.750000000000        12.79803    
   484.375000000000        6.021464    
   500.000000000000        29.05245    
   515.625000000000        43.13327    
   531.250000000000        49.82412    
   546.875000000000        36.69843    
   562.500000000000        93.20103    
   578.125000000000        563.5391    
   593.750000000000        194.2854    
   609.375000000000        84.97395    
   625.000000000000        57.41087    
   640.625000000000        37.35872    
   656.250000000000        51.14543    
   671.875000000000        34.03985    
   687.500000000000        35.39986    
   703.125000000000        23.29188    
   718.750000000000        25.78444    
   734.375000000000        21.50794    
   750.000000000000        30.07167    
   765.625000000000        77.01830    
   781.250000000000        82.03153    
   796.875000000000        24.28446    
   812.500000000000        16.39460    
   828.125000000000        10.10720    
   843.750000000000        15.26474    
   859.375000000000        8.822431    
   875.000000000000        7.517898    
   890.625000000000        20.92700    
   906.250000000000        20.34179    
   921.875000000000        39.58107    
   937.500000000000        18.72364    
   953.125000000000        26.82217    
   968.750000000000        8.638066    
   984.375000000000        6.348027    
   1000.00000000000        4.553162    
   1015.62500000000        7.035256    
   1031.25000000000        7.860228    
   1046.87500000000        5.676129    
   1062.50000000000        1.382825    
   1078.12500000000        1.284562    
   1093.75000000000        9.260511    
   1109.37500000000        14.09094    
   1125.00000000000        6.537779    
   1140.62500000000        7.109897    
   1156.25000000000        28.18362    
   1171.87500000000        42.07820    
   1187.50000000000        20.08286    
   1203.12500000000        14.98770    
   1218.75000000000        3.998575    
   1234.37500000000        3.489738    
   1250.00000000000        29.93245    
   1265.62500000000        10.95356    
   1281.25000000000        4.351937    
   1296.87500000000        24.78887    
   1312.50000000000        7.882423    
   1328.12500000000        2.465162    
   1343.75000000000        21.85015    
   1359.37500000000        18.16003    
   1375.00000000000        7.734155    
   1390.62500000000        7.496596    
   1406.25000000000        10.54355    
   1421.87500000000        13.30136    
   1437.50000000000        5.694567    
   1453.12500000000        3.143619    
   1468.75000000000        9.525867    
   1484.37500000000        18.90411    
   1500.00000000000        16.86430    
   1515.62500000000        14.61339    
   1531.25000000000        21.09681    
   1546.87500000000        61.91829    
   1562.50000000000        24.14145    
   1578.12500000000        13.60785    
   1593.75000000000        9.735025    
   1609.37500000000        2.674466    
   1625.00000000000        9.965679    
   1640.62500000000        8.679277    
   1656.25000000000        21.64772    
   1671.87500000000        46.30618    
   1687.50000000000        8.245172    
   1703.12500000000        3.043705    
   1718.75000000000        6.315356    
   1734.37500000000        10.09546    
   1750.00000000000        26.76830    
   1765.62500000000        6.941745    
   1781.25000000000        13.44648    
   1796.87500000000        4.154384    
   1812.50000000000        18.02169    
   1828.12500000000        9.549798    
   1843.75000000000        5.341298    
   1859.37500000000        39.05210    
   1875.00000000000        29.51207    
   1890.62500000000        18.57581    
   1906.25000000000        9.712850    
   1921.87500000000        25.69134    
   1937.50000000000        6.323428    
   1953.12500000000        13.27641    
   1968.75000000000        14.16535    
   1984.37500000000        1.336146    
