  -2000.00000000000        5.092712    
  -1984.37500000000        3.775611    
  -1968.75000000000        6.094017    
  -1953.12500000000        7.959507    
  -1937.50000000000        4.208740    
  -1921.87500000000        13.28086    
  -1906.25000000000        5.133019    
  -1890.62500000000        9.467874    
  -1875.00000000000        4.155497    
  -1859.37500000000        5.628955    
  -1843.75000000000        4.231442    
  -1828.12500000000        10.77991    
  -1812.50000000000        6.882645    
  -1796.87500000000        4.385810    
  -1781.25000000000        8.705653    
  -1765.62500000000        6.749869    
  -1750.00000000000        29.34306    
  -1734.37500000000        7.991560    
  -1718.75000000000        6.748255    
  -1703.12500000000        1.677406    
  -1687.50000000000        3.691015    
  -1671.87500000000        13.18853    
  -1656.25000000000        2.288408    
  -1640.62500000000        6.485765    
  -1625.00000000000        2.253622    
  -1609.37500000000        5.422952    
  -1593.75000000000        5.681264    
  -1578.12500000000        10.55705    
  -1562.50000000000        6.805482    
  -1546.87500000000        29.66596    
  -1531.25000000000        7.608955    
  -1515.62500000000        5.883772    
  -1500.00000000000        14.58515    
  -1484.37500000000        7.087292    
  -1468.75000000000        5.003007    
  -1453.12500000000        4.406028    
  -1437.50000000000        2.892256    
  -1421.87500000000        6.916685    
  -1406.25000000000        6.699374    
  -1390.62500000000        3.984213    
  -1375.00000000000        2.008950    
  -1359.37500000000        22.05021    
  -1343.75000000000        8.782887    
  -1328.12500000000        6.625475    
  -1312.50000000000        5.289165    
  -1296.87500000000        13.69168    
  -1281.25000000000        6.222618    
  -1265.62500000000        6.666878    
  -1250.00000000000        24.57924    
  -1234.37500000000        9.992681    
  -1218.75000000000        5.797169    
  -1203.12500000000        16.95933    
  -1187.50000000000        18.77942    
  -1171.87500000000        54.54789    
  -1156.25000000000        49.82495    
  -1140.62500000000        11.94421    
  -1125.00000000000        5.174985    
  -1109.37500000000        9.271873    
  -1093.75000000000        3.709334    
  -1078.12500000000        3.577521    
  -1062.50000000000        2.921062    
  -1046.87500000000       0.8963861    
  -1031.25000000000        2.302707    
  -1015.62500000000        4.382501    
  -1000.00000000000        2.263985    
  -984.375000000000        9.043772    
  -968.750000000000        57.55527    
  -953.125000000000        15.09507    
  -937.500000000000        10.02911    
  -921.875000000000        25.37824    
  -906.250000000000        18.35267    
  -890.625000000000        8.430147    
  -875.000000000000        6.180716    
  -859.375000000000        6.157716    
  -843.750000000000        6.697980    
  -828.125000000000        10.17532    
  -812.500000000000        10.81531    
  -796.875000000000        20.22303    
  -781.250000000000        72.14927    
  -765.625000000000        65.69986    
  -750.000000000000        22.52590    
  -734.375000000000        18.02017    
  -718.750000000000        23.11749    
  -703.125000000000        22.34280    
  -687.500000000000        19.89243    
  -671.875000000000        23.38703    
  -656.250000000000        28.85057    
  -640.625000000000        26.86536    
  -625.000000000000        43.60213    
  -609.375000000000        65.73973    
  -593.750000000000        139.7191    
  -578.125000000000        396.0248    
  -562.500000000000        66.26338    
  -546.875000000000        22.37805    
  -531.250000000000        32.45264    
  -515.625000000000        20.94475    
  -500.000000000000        15.85504    
  -484.375000000000        6.067791    
  -468.750000000000        8.702288    
  -453.125000000000        12.86834    
  -437.500000000000        23.02725    
  -421.875000000000        16.52785    
  -406.250000000000        39.88110    
  -390.625000000000        151.3146    
  -375.000000000000        52.80915    
  -359.375000000000        22.91751    
  -343.750000000000        3.912975    
  -328.125000000000        8.543788    
  -312.500000000000        18.30297    
  -296.875000000000        16.40742    
  -281.250000000000        11.09098    
  -265.625000000000        17.94861    
  -250.000000000000        24.90814    
  -234.375000000000        18.11096    
  -218.750000000000        43.51608    
  -203.125000000000        159.3051    
  -187.500000000000        186.7191    
  -171.875000000000        57.15599    
  -156.250000000000        30.68484    
  -140.625000000000        25.42949    
  -125.000000000000        22.92887    
  -109.375000000000        11.34207    
  -93.7500000000000        2.175243    
  -78.1250000000000        30.25535    
  -62.5000000000000        11.84855    
  -46.8750000000000        20.05452    
  -31.2500000000000        14.09088    
  -15.6250000000000        44.29706    
  0.000000000000000E+000   8961.529    
   15.6250000000000        44.81629    
   31.2500000000000        15.32114    
   46.8750000000000        23.24568    
   62.5000000000000        10.02171    
   78.1250000000000        29.64619    
   93.7500000000000        2.513021    
   109.375000000000        7.010614    
   125.000000000000        20.71451    
   140.625000000000        22.89080    
   156.250000000000        24.46429    
   171.875000000000        45.16304    
   187.500000000000        148.6996    
   203.125000000000        126.1212    
   218.750000000000        37.82206    
   234.375000000000        13.99478    
   250.000000000000        24.65113    
   265.625000000000        13.47511    
   281.250000000000        11.44011    
   296.875000000000        11.32017    
   312.500000000000        18.26167    
   328.125000000000        7.107892    
   343.750000000000        5.211092    
   359.375000000000        26.43643    
   375.000000000000        62.89944    
   390.625000000000        169.8781    
   406.250000000000        44.24224    
   421.875000000000        17.91097    
   437.500000000000        25.60745    
   453.125000000000        13.08472    
   468.750000000000        9.404227    
   484.375000000000        7.419184    
   500.000000000000        18.48253    
   515.625000000000        21.00286    
   531.250000000000        32.37329    
   546.875000000000        24.86257    
   562.500000000000        66.75101    
   578.125000000000        404.1826    
   593.750000000000        144.5391    
   609.375000000000        66.62712    
   625.000000000000        44.08223    
   640.625000000000        26.92877    
   656.250000000000        29.76243    
   671.875000000000        24.27126    
   687.500000000000        21.61603    
   703.125000000000        21.68413    
   718.750000000000        23.56234    
   734.375000000000        20.48699    
   750.000000000000        25.99742    
   765.625000000000        75.93827    
   781.250000000000        84.48729    
   796.875000000000        23.67221    
   812.500000000000        13.07421    
   828.125000000000        9.597491    
   843.750000000000        7.516194    
   859.375000000000        6.592667    
   875.000000000000        6.594663    
   890.625000000000        7.213950    
   906.250000000000        18.51310    
   921.875000000000        26.32334    
   937.500000000000        10.81965    
   953.125000000000        14.79242    
   968.750000000000        47.49642    
   984.375000000000        9.499204    
   1000.00000000000        2.139272    
   1015.62500000000        4.613135    
   1031.25000000000        5.059663    
   1046.87500000000        2.119282    
   1062.50000000000        2.883718    
   1078.12500000000        3.336997    
   1093.75000000000        1.457060    
   1109.37500000000        10.62020    
   1125.00000000000        4.029639    
   1140.62500000000        12.07927    
   1156.25000000000        47.32212    
   1171.87500000000        49.71638    
   1187.50000000000        17.42026    
   1203.12500000000        15.71853    
   1218.75000000000        6.778093    
   1234.37500000000        9.610753    
   1250.00000000000        24.13949    
   1265.62500000000        6.624353    
   1281.25000000000        4.270236    
   1296.87500000000        12.56849    
   1312.50000000000        5.602807    
   1328.12500000000        7.155576    
   1343.75000000000        6.458347    
   1359.37500000000        23.99371    
   1375.00000000000       0.8442177    
   1390.62500000000        5.337331    
   1406.25000000000        6.181327    
   1421.87500000000        5.920444    
   1437.50000000000        3.250803    
   1453.12500000000        3.091370    
   1468.75000000000       0.8002966    
   1484.37500000000        9.779603    
   1500.00000000000        15.31497    
   1515.62500000000        5.956586    
   1531.25000000000        5.622809    
   1546.87500000000        20.65649    
   1562.50000000000        8.149940    
   1578.12500000000        12.22566    
   1593.75000000000        6.233675    
   1609.37500000000        5.289151    
   1625.00000000000        1.057945    
   1640.62500000000        7.009581    
   1656.25000000000        3.608082    
   1671.87500000000        8.706956    
   1687.50000000000        4.301874    
   1703.12500000000        1.348036    
   1718.75000000000        6.713895    
   1734.37500000000        7.767357    
   1750.00000000000        26.72053    
   1765.62500000000        3.438375    
   1781.25000000000        8.398539    
   1796.87500000000        1.765328    
   1812.50000000000        3.274668    
   1828.12500000000        9.960523    
   1843.75000000000        3.750391    
   1859.37500000000        3.345098    
   1875.00000000000        5.044732    
   1890.62500000000        9.965440    
   1906.25000000000        5.381487    
   1921.87500000000        14.50758    
   1937.50000000000        3.632146    
   1953.12500000000        9.075216    
   1968.75000000000        7.164112    
   1984.37500000000        3.964237    
