  -4000.00000000000        195.4672    
  -3968.75000000000        359.3262    
  -3937.50000000000        455.8478    
  -3906.25000000000        214.1548    
  -3875.00000000000        325.3794    
  -3843.75000000000        365.8046    
  -3812.50000000000        262.0009    
  -3781.25000000000        388.3259    
  -3750.00000000000        235.2539    
  -3718.75000000000        299.6391    
  -3687.50000000000        273.7938    
  -3656.25000000000        335.0686    
  -3625.00000000000        155.1070    
  -3593.75000000000        210.6122    
  -3562.50000000000        237.4683    
  -3531.25000000000        82.92190    
  -3500.00000000000        269.2670    
  -3468.75000000000        252.4085    
  -3437.50000000000        145.9002    
  -3406.25000000000        416.2900    
  -3375.00000000000        126.1763    
  -3343.75000000000        121.0878    
  -3312.50000000000        231.7278    
  -3281.25000000000        213.9946    
  -3250.00000000000        183.7908    
  -3218.75000000000        224.8817    
  -3187.50000000000        100.6161    
  -3156.25000000000        239.1188    
  -3125.00000000000        140.3536    
  -3093.75000000000        189.9646    
  -3062.50000000000        218.5647    
  -3031.25000000000        173.5960    
  -3000.00000000000        107.6821    
  -2968.75000000000        107.4113    
  -2937.50000000000        194.8962    
  -2906.25000000000        26.96072    
  -2875.00000000000        128.3450    
  -2843.75000000000        59.26805    
  -2812.50000000000        138.2022    
  -2781.25000000000        47.35200    
  -2750.00000000000        68.52675    
  -2718.75000000000        70.65191    
  -2687.50000000000        132.5028    
  -2656.25000000000        52.92472    
  -2625.00000000000        33.40601    
  -2593.75000000000        94.62158    
  -2562.50000000000        60.76589    
  -2531.25000000000        17.89257    
  -2500.00000000000        137.9195    
  -2468.75000000000        12.34704    
  -2437.50000000000        92.84343    
  -2406.25000000000        51.54039    
  -2375.00000000000        21.10922    
  -2343.75000000000        137.7884    
  -2312.50000000000        85.47411    
  -2281.25000000000        39.60842    
  -2250.00000000000        50.10368    
  -2218.75000000000        70.37653    
  -2187.50000000000        102.6081    
  -2156.25000000000        104.7016    
  -2125.00000000000        62.84517    
  -2093.75000000000        82.83150    
  -2062.50000000000        65.54502    
  -2031.25000000000        18.26054    
  -2000.00000000000        42.80571    
  -1968.75000000000        66.46793    
  -1937.50000000000        48.25828    
  -1906.25000000000        30.47072    
  -1875.00000000000        77.95795    
  -1843.75000000000        92.55686    
  -1812.50000000000        244.2114    
  -1781.25000000000        290.6669    
  -1750.00000000000        146.1896    
  -1718.75000000000        100.3009    
  -1687.50000000000        141.1898    
  -1656.25000000000        163.5795    
  -1625.00000000000        100.6014    
  -1593.75000000000        54.43622    
  -1562.50000000000        198.4013    
  -1531.25000000000        114.0769    
  -1500.00000000000        35.62582    
  -1468.75000000000        71.35751    
  -1437.50000000000        42.17101    
  -1406.25000000000        80.31996    
  -1375.00000000000        130.0533    
  -1343.75000000000        102.6039    
  -1312.50000000000        84.19825    
  -1281.25000000000        70.21598    
  -1250.00000000000        219.5306    
  -1218.75000000000        40.86648    
  -1187.50000000000        40.12523    
  -1156.25000000000        140.1303    
  -1125.00000000000        32.95893    
  -1093.75000000000        88.44820    
  -1062.50000000000        164.5054    
  -1031.25000000000        67.81301    
  -1000.00000000000        92.17666    
  -968.750000000000        85.03459    
  -937.500000000000        36.85407    
  -906.250000000000        161.0184    
  -875.000000000000        87.46133    
  -843.750000000000        125.0901    
  -812.500000000000        217.0623    
  -781.250000000000        271.5437    
  -750.000000000000        207.0751    
  -718.750000000000        260.2750    
  -687.500000000000        219.1570    
  -656.250000000000        398.0969    
  -625.000000000000        40.34283    
  -593.750000000000        298.1753    
  -562.500000000000        128.9161    
  -531.250000000000        190.3934    
  -500.000000000000        304.9321    
  -468.750000000000        75.19913    
  -437.500000000000        221.6956    
  -406.250000000000        278.8068    
  -375.000000000000        639.1183    
  -343.750000000000        1030.133    
  -312.500000000000        532.3577    
  -281.250000000000        733.9871    
  -250.000000000000        377.7678    
  -218.750000000000        33.78230    
  -187.500000000000        360.0193    
  -156.250000000000        1336.799    
  -125.000000000000        1322.688    
  -93.7500000000000        474.8223    
  -62.5000000000000        1294.635    
  -31.2500000000000        2260.327    
  0.000000000000000E+000   5979.452    
   31.2500000000000        2306.927    
   62.5000000000000        1306.199    
   93.7500000000000        468.9515    
   125.000000000000        1318.025    
   156.250000000000        1365.058    
   187.500000000000        346.2716    
   218.750000000000        24.73955    
   250.000000000000        369.1599    
   281.250000000000        740.6472    
   312.500000000000        540.2395    
   343.750000000000        1037.297    
   375.000000000000        637.5860    
   406.250000000000        282.5612    
   437.500000000000        231.5320    
   468.750000000000        78.18260    
   500.000000000000        308.2711    
   531.250000000000        192.2274    
   562.500000000000        122.2338    
   593.750000000000        300.1107    
   625.000000000000        40.95833    
   656.250000000000        409.0652    
   687.500000000000        230.7352    
   718.750000000000        269.1199    
   750.000000000000        208.1588    
   781.250000000000        272.0436    
   812.500000000000        213.3334    
   843.750000000000        117.9481    
   875.000000000000        87.50390    
   906.250000000000        165.8497    
   937.500000000000        30.94086    
   968.750000000000        86.92924    
   1000.00000000000        90.33820    
   1031.25000000000        68.42419    
   1062.50000000000        161.2760    
   1093.75000000000        88.74476    
   1125.00000000000        30.13858    
   1156.25000000000        143.4945    
   1187.50000000000        37.63981    
   1218.75000000000        43.80272    
   1250.00000000000        223.5266    
   1281.25000000000        70.49656    
   1312.50000000000        84.15443    
   1343.75000000000        104.0288    
   1375.00000000000        129.4513    
   1406.25000000000        84.10790    
   1437.50000000000        42.75599    
   1468.75000000000        73.08012    
   1500.00000000000        37.46395    
   1531.25000000000        115.7993    
   1562.50000000000        198.9055    
   1593.75000000000        51.94865    
   1625.00000000000        99.60135    
   1656.25000000000        161.1968    
   1687.50000000000        139.9217    
   1718.75000000000        102.0748    
   1750.00000000000        145.2950    
   1781.25000000000        287.0431    
   1812.50000000000        242.3664    
   1843.75000000000        91.69311    
   1875.00000000000        80.08270    
   1906.25000000000        32.35183    
   1937.50000000000        49.23495    
   1968.75000000000        67.47542    
   2000.00000000000        42.12481    
   2031.25000000000        17.72142    
   2062.50000000000        64.71193    
   2093.75000000000        81.87087    
   2125.00000000000        63.93846    
   2156.25000000000        105.7532    
   2187.50000000000        102.0286    
   2218.75000000000        71.64729    
   2250.00000000000        50.93547    
   2281.25000000000        40.10752    
   2312.50000000000        85.49206    
   2343.75000000000        139.3948    
   2375.00000000000        21.80285    
   2406.25000000000        51.15839    
   2437.50000000000        93.20258    
   2468.75000000000        12.50223    
   2500.00000000000        137.8039    
   2531.25000000000        18.09040    
   2562.50000000000        62.17046    
   2593.75000000000        94.94690    
   2625.00000000000        32.82606    
   2656.25000000000        52.62047    
   2687.50000000000        133.1377    
   2718.75000000000        69.77643    
   2750.00000000000        68.79449    
   2781.25000000000        47.20188    
   2812.50000000000        138.5394    
   2843.75000000000        58.38855    
   2875.00000000000        128.9310    
   2906.25000000000        25.19667    
   2937.50000000000        195.3409    
   2968.75000000000        106.2217    
   3000.00000000000        109.2258    
   3031.25000000000        173.4471    
   3062.50000000000        218.2197    
   3093.75000000000        189.4755    
   3125.00000000000        139.7540    
   3156.25000000000        237.6982    
   3187.50000000000        100.9393    
   3218.75000000000        226.5272    
   3250.00000000000        184.1418    
   3281.25000000000        214.5919    
   3312.50000000000        230.3573    
   3343.75000000000        121.7846    
   3375.00000000000        125.4994    
   3406.25000000000        416.3308    
   3437.50000000000        145.8044    
   3468.75000000000        254.2337    
   3500.00000000000        268.0567    
   3531.25000000000        83.74573    
   3562.50000000000        237.7303    
   3593.75000000000        208.8243    
   3625.00000000000        154.2442    
   3656.25000000000        334.7908    
   3687.50000000000        274.1574    
   3718.75000000000        298.9122    
   3750.00000000000        234.0507    
   3781.25000000000        389.3611    
   3812.50000000000        260.4551    
   3843.75000000000        367.4240    
   3875.00000000000        325.0237    
   3906.25000000000        214.8757    
   3937.50000000000        454.9299    
   3968.75000000000        361.5054    
