  -2000.00000000000        264.1346    
  -1984.37500000000        262.1273    
  -1968.75000000000        231.3120    
  -1953.12500000000        153.7511    
  -1937.50000000000        569.4795    
  -1921.87500000000        182.4085    
  -1906.25000000000        141.0941    
  -1890.62500000000        157.2801    
  -1875.00000000000        226.5279    
  -1859.37500000000        550.8345    
  -1843.75000000000        251.5461    
  -1828.12500000000        451.9840    
  -1812.50000000000        306.7083    
  -1796.87500000000        247.9045    
  -1781.25000000000        309.3494    
  -1765.62500000000        224.3489    
  -1750.00000000000        510.6424    
  -1734.37500000000        176.0749    
  -1718.75000000000        72.29385    
  -1703.12500000000        185.6852    
  -1687.50000000000        72.34782    
  -1671.87500000000        424.8898    
  -1656.25000000000        91.37249    
  -1640.62500000000        191.0115    
  -1625.00000000000        98.72229    
  -1609.37500000000        352.2004    
  -1593.75000000000        129.4369    
  -1578.12500000000        151.8355    
  -1562.50000000000        245.0668    
  -1546.87500000000        1306.775    
  -1531.25000000000        580.6473    
  -1515.62500000000        373.7169    
  -1500.00000000000        852.2980    
  -1484.37500000000        332.1940    
  -1468.75000000000        144.7777    
  -1453.12500000000        179.3506    
  -1437.50000000000        368.2794    
  -1421.87500000000        102.6281    
  -1406.25000000000        224.0641    
  -1390.62500000000        30.10836    
  -1375.00000000000        256.3706    
  -1359.37500000000        309.1406    
  -1343.75000000000        40.80731    
  -1328.12500000000        364.9882    
  -1312.50000000000        304.6668    
  -1296.87500000000        327.8100    
  -1281.25000000000        161.5585    
  -1265.62500000000        193.6981    
  -1250.00000000000        304.5740    
  -1234.37500000000        251.3490    
  -1218.75000000000        98.21699    
  -1203.12500000000        508.1461    
  -1187.50000000000        672.8754    
  -1171.87500000000        2441.510    
  -1156.25000000000        2397.606    
  -1140.62500000000        856.7603    
  -1125.00000000000        390.4973    
  -1109.37500000000        364.6818    
  -1093.75000000000        442.7809    
  -1078.12500000000        77.78422    
  -1062.50000000000        193.7138    
  -1046.87500000000        181.3595    
  -1031.25000000000        109.3349    
  -1015.62500000000        254.3946    
  -1000.00000000000        317.6269    
  -984.375000000000        353.5701    
  -968.750000000000        2527.853    
  -953.125000000000        747.4163    
  -937.500000000000        256.8625    
  -921.875000000000        456.1784    
  -906.250000000000        346.5566    
  -890.625000000000        43.89171    
  -875.000000000000        183.6063    
  -859.375000000000        258.5199    
  -843.750000000000        606.9974    
  -828.125000000000        398.7547    
  -812.500000000000        533.4073    
  -796.875000000000        881.1744    
  -781.250000000000        2390.025    
  -765.625000000000        1303.188    
  -750.000000000000        373.6306    
  -734.375000000000        256.8820    
  -718.750000000000        335.7524    
  -703.125000000000        217.8821    
  -687.500000000000        195.4154    
  -671.875000000000        171.9519    
  -656.250000000000        301.8570    
  -640.625000000000        103.8091    
  -625.000000000000        491.3406    
  -609.375000000000        862.9186    
  -593.750000000000        1429.030    
  -578.125000000000        6095.144    
  -562.500000000000        1314.870    
  -546.875000000000        494.9262    
  -531.250000000000        540.3273    
  -515.625000000000        505.2484    
  -500.000000000000        263.1169    
  -484.375000000000        259.2271    
  -468.750000000000        282.8475    
  -453.125000000000        420.3880    
  -437.500000000000        118.5807    
  -421.875000000000        430.1869    
  -406.250000000000        643.4009    
  -390.625000000000        2395.379    
  -375.000000000000        510.9728    
  -359.375000000000        431.6160    
  -343.750000000000        346.6880    
  -328.125000000000        410.1856    
  -312.500000000000        165.2678    
  -296.875000000000        542.1281    
  -281.250000000000        448.5256    
  -265.625000000000        720.3746    
  -250.000000000000        1283.366    
  -234.375000000000        1066.121    
  -218.750000000000        2042.095    
  -203.125000000000        6356.249    
  -187.500000000000        8436.094    
  -171.875000000000        2620.384    
  -156.250000000000        1466.601    
  -140.625000000000        934.6083    
  -125.000000000000        1043.687    
  -109.375000000000        693.6390    
  -93.7500000000000        754.3615    
  -78.1250000000000        486.6584    
  -62.5000000000000        532.3219    
  -46.8750000000000        451.3409    
  -31.2500000000000        278.7302    
  -15.6250000000000        508.2311    
  0.000000000000000E+000   99772.56    
   15.6250000000000        795.5618    
   31.2500000000000        609.7324    
   46.8750000000000        769.6855    
   62.5000000000000        267.3487    
   78.1250000000000        674.4994    
   93.7500000000000        707.6378    
   109.375000000000        571.7981    
   125.000000000000        791.9756    
   140.625000000000        720.9048    
   156.250000000000        1167.781    
   171.875000000000        1791.337    
   187.500000000000        5683.063    
   203.125000000000        3357.613    
   218.750000000000        1567.083    
   234.375000000000        999.7218    
   250.000000000000        1261.662    
   265.625000000000        544.0701    
   281.250000000000        446.8298    
   296.875000000000        420.5684    
   312.500000000000        235.6620    
   328.125000000000        231.9500    
   343.750000000000        436.9402    
   359.375000000000        553.1503    
   375.000000000000        1381.528    
   390.625000000000        4104.819    
   406.250000000000        683.7076    
   421.875000000000        519.6008    
   437.500000000000        471.3941    
   453.125000000000        282.6745    
   468.750000000000        139.0138    
   484.375000000000        439.5574    
   500.000000000000        325.9313    
   515.625000000000        421.0970    
   531.250000000000        588.2487    
   546.875000000000        687.6657    
   562.500000000000        1275.819    
   578.125000000000        6898.823    
   593.750000000000        2499.394    
   609.375000000000        1018.635    
   625.000000000000        869.0023    
   640.625000000000        168.6864    
   656.250000000000        303.6471    
   671.875000000000        374.4091    
   687.500000000000        247.9407    
   703.125000000000        368.5876    
   718.750000000000        96.33106    
   734.375000000000        164.9112    
   750.000000000000        187.3185    
   765.625000000000        100.2122    
   781.250000000000        689.6970    
   796.875000000000        211.3616    
   812.500000000000        128.8304    
   828.125000000000        558.0195    
   843.750000000000        158.8664    
   859.375000000000        151.1598    
   875.000000000000        25.47352    
   890.625000000000        123.2846    
   906.250000000000        224.6869    
   921.875000000000        431.8891    
   937.500000000000        240.6158    
   953.125000000000        129.1259    
   968.750000000000        3193.896    
   984.375000000000        282.2752    
   1000.00000000000        161.1813    
   1015.62500000000        319.8536    
   1031.25000000000        361.3596    
   1046.87500000000        285.0840    
   1062.50000000000        274.2711    
   1078.12500000000        318.4694    
   1093.75000000000        397.1591    
   1109.37500000000        534.2701    
   1125.00000000000        501.6329    
   1140.62500000000        1185.047    
   1156.25000000000        3067.551    
   1171.87500000000        2488.309    
   1187.50000000000        1084.281    
   1203.12500000000        752.2161    
   1218.75000000000        390.3203    
   1234.37500000000        424.1075    
   1250.00000000000        576.5853    
   1265.62500000000        436.9659    
   1281.25000000000        549.1614    
   1296.87500000000        534.9244    
   1312.50000000000        85.88033    
   1328.12500000000        74.45302    
   1343.75000000000        365.5933    
   1359.37500000000        1485.373    
   1375.00000000000        232.2427    
   1390.62500000000        189.7016    
   1406.25000000000        96.98418    
   1421.87500000000        258.5561    
   1437.50000000000        38.51156    
   1453.12500000000        23.91941    
   1468.75000000000        335.2803    
   1484.37500000000        381.8023    
   1500.00000000000        868.1725    
   1515.62500000000        356.7634    
   1531.25000000000        275.8536    
   1546.87500000000        862.9395    
   1562.50000000000        486.0976    
   1578.12500000000        276.2130    
   1593.75000000000        182.1181    
   1609.37500000000        150.5166    
   1625.00000000000        293.8265    
   1640.62500000000        51.99071    
   1656.25000000000        38.03019    
   1671.87500000000        900.6525    
   1687.50000000000        132.9269    
   1703.12500000000        332.4047    
   1718.75000000000        195.9472    
   1734.37500000000        299.5522    
   1750.00000000000        306.7979    
   1765.62500000000        35.30563    
   1781.25000000000        149.1956    
   1796.87500000000        180.7959    
   1812.50000000000        126.9368    
   1828.12500000000        542.7266    
   1843.75000000000        214.6977    
   1859.37500000000        497.3757    
   1875.00000000000        451.1823    
   1890.62500000000        309.3953    
   1906.25000000000        134.7386    
   1921.87500000000        272.9615    
   1937.50000000000        535.8528    
   1953.12500000000        50.76004    
   1968.75000000000        96.58988    
   1984.37500000000        64.37495    
