  -2000.00000000000        10.10610    
  -1984.37500000000        11.44210    
  -1968.75000000000        5.338406    
  -1953.12500000000        9.685349    
  -1937.50000000000        38.88056    
  -1921.87500000000        26.85505    
  -1906.25000000000        5.081258    
  -1890.62500000000        26.95258    
  -1875.00000000000        7.124562    
  -1859.37500000000        16.11679    
  -1843.75000000000        7.152794    
  -1828.12500000000        13.11056    
  -1812.50000000000        15.56809    
  -1796.87500000000        6.959055    
  -1781.25000000000        13.12647    
  -1765.62500000000        23.16797    
  -1750.00000000000        57.57887    
  -1734.37500000000        36.33883    
  -1718.75000000000        19.19964    
  -1703.12500000000        9.988074    
  -1687.50000000000        6.747953    
  -1671.87500000000        48.64087    
  -1656.25000000000        18.65373    
  -1640.62500000000        13.32222    
  -1625.00000000000        6.669366    
  -1609.37500000000        29.51239    
  -1593.75000000000        8.091121    
  -1578.12500000000        16.68546    
  -1562.50000000000        32.79710    
  -1546.87500000000        112.1402    
  -1531.25000000000        29.94965    
  -1515.62500000000        21.37134    
  -1500.00000000000        29.96032    
  -1484.37500000000        42.81663    
  -1468.75000000000        9.117968    
  -1453.12500000000        17.41111    
  -1437.50000000000        14.51123    
  -1421.87500000000        19.98873    
  -1406.25000000000        9.991136    
  -1390.62500000000        10.96069    
  -1375.00000000000        15.13940    
  -1359.37500000000        39.08200    
  -1343.75000000000        11.89628    
  -1328.12500000000        4.038078    
  -1312.50000000000        5.272494    
  -1296.87500000000        31.11779    
  -1281.25000000000        15.86222    
  -1265.62500000000        14.88444    
  -1250.00000000000        30.45753    
  -1234.37500000000        11.47703    
  -1218.75000000000        4.440117    
  -1203.12500000000        28.73075    
  -1187.50000000000        31.06242    
  -1171.87500000000        66.13822    
  -1156.25000000000        69.34708    
  -1140.62500000000        11.28216    
  -1125.00000000000        12.51131    
  -1109.37500000000        20.44364    
  -1093.75000000000        27.89159    
  -1078.12500000000        7.921182    
  -1062.50000000000        3.225910    
  -1046.87500000000        13.41589    
  -1031.25000000000        6.735925    
  -1015.62500000000        3.855382    
  -1000.00000000000        11.70989    
  -984.375000000000        6.237791    
  -968.750000000000        130.8503    
  -953.125000000000        28.33653    
  -937.500000000000        24.24016    
  -921.875000000000        41.76460    
  -906.250000000000        19.99195    
  -890.625000000000        14.70828    
  -875.000000000000        16.90900    
  -859.375000000000        21.61258    
  -843.750000000000        8.417417    
  -828.125000000000        17.67247    
  -812.500000000000        36.74615    
  -796.875000000000        49.11157    
  -781.250000000000        156.4690    
  -765.625000000000        129.3519    
  -750.000000000000        48.29651    
  -734.375000000000        33.97259    
  -718.750000000000        47.58351    
  -703.125000000000        31.53549    
  -687.500000000000        31.87849    
  -671.875000000000        34.99815    
  -656.250000000000        52.54174    
  -640.625000000000        36.16161    
  -625.000000000000        72.65637    
  -609.375000000000        102.4995    
  -593.750000000000        225.5299    
  -578.125000000000        604.4589    
  -562.500000000000        105.0437    
  -546.875000000000        34.50715    
  -531.250000000000        46.33510    
  -515.625000000000        20.64303    
  -500.000000000000        29.17768    
  -484.375000000000        10.54449    
  -468.750000000000        8.348377    
  -453.125000000000        23.99668    
  -437.500000000000        43.96379    
  -421.875000000000        17.15315    
  -406.250000000000        53.89986    
  -390.625000000000        254.0923    
  -375.000000000000        75.20346    
  -359.375000000000        40.05682    
  -343.750000000000        11.37832    
  -328.125000000000        16.70860    
  -312.500000000000        26.55855    
  -296.875000000000        37.46410    
  -281.250000000000        16.58658    
  -265.625000000000        32.12942    
  -250.000000000000        52.06598    
  -234.375000000000        41.89715    
  -218.750000000000        86.11139    
  -203.125000000000        325.8854    
  -187.500000000000        381.4389    
  -171.875000000000        121.1667    
  -156.250000000000        69.33573    
  -140.625000000000        48.46957    
  -125.000000000000        40.19762    
  -109.375000000000        25.41187    
  -93.7500000000000        20.19751    
  -78.1250000000000        40.38411    
  -62.5000000000000        30.54881    
  -46.8750000000000        27.75619    
  -31.2500000000000        17.08700    
  -15.6250000000000        62.23982    
  0.000000000000000E+000   13778.34    
   15.6250000000000        75.46230    
   31.2500000000000        40.00542    
   46.8750000000000        48.89673    
   62.5000000000000        18.24109    
   78.1250000000000        45.63456    
   93.7500000000000        17.20236    
   109.375000000000        16.64920    
   125.000000000000        38.42352    
   140.625000000000        34.13440    
   156.250000000000        26.35188    
   171.875000000000        55.33062    
   187.500000000000        170.2173    
   203.125000000000        109.6975    
   218.750000000000        51.72156    
   234.375000000000        16.61915    
   250.000000000000        38.86794    
   265.625000000000        29.74143    
   281.250000000000        25.64182    
   296.875000000000        12.89038    
   312.500000000000        33.68802    
   328.125000000000        18.61079    
   343.750000000000        14.18235    
   359.375000000000        51.97289    
   375.000000000000        91.30146    
   390.625000000000        306.5172    
   406.250000000000        73.04207    
   421.875000000000        26.66897    
   437.500000000000        31.50077    
   453.125000000000        19.64151    
   468.750000000000        13.23556    
   484.375000000000        11.77569    
   500.000000000000        21.09991    
   515.625000000000        42.69323    
   531.250000000000        48.04620    
   546.875000000000        34.97750    
   562.500000000000        89.53870    
   578.125000000000        599.2495    
   593.750000000000        210.9142    
   609.375000000000        102.1271    
   625.000000000000        70.73257    
   640.625000000000        36.25200    
   656.250000000000        53.86143    
   671.875000000000        35.76571    
   687.500000000000        35.46473    
   703.125000000000        41.70523    
   718.750000000000        29.00354    
   734.375000000000        28.67103    
   750.000000000000        31.55308    
   765.625000000000        117.5490    
   781.250000000000        111.3260    
   796.875000000000        27.54815    
   812.500000000000        19.27448    
   828.125000000000        11.37836    
   843.750000000000        8.804882    
   859.375000000000        3.489935    
   875.000000000000        13.13494    
   890.625000000000        11.05436    
   906.250000000000        51.35927    
   921.875000000000        36.06506    
   937.500000000000        19.79382    
   953.125000000000        13.59609    
   968.750000000000        115.8861    
   984.375000000000        3.776554    
   1000.00000000000        10.84543    
   1015.62500000000        7.947945    
   1031.25000000000        13.53637    
   1046.87500000000        6.773409    
   1062.50000000000        4.870488    
   1078.12500000000        10.71313    
   1093.75000000000        37.86076    
   1109.37500000000        21.88831    
   1125.00000000000        8.812934    
   1140.62500000000        17.30855    
   1156.25000000000        74.54649    
   1171.87500000000        73.00580    
   1187.50000000000        35.76008    
   1203.12500000000        22.49898    
   1218.75000000000        15.51177    
   1234.37500000000        22.56508    
   1250.00000000000        34.94051    
   1265.62500000000        20.15179    
   1281.25000000000        14.92425    
   1296.87500000000        9.533618    
   1312.50000000000        7.081333    
   1328.12500000000        12.14888    
   1343.75000000000        8.983928    
   1359.37500000000        25.85692    
   1375.00000000000        11.34483    
   1390.62500000000        11.10382    
   1406.25000000000        13.35484    
   1421.87500000000        25.27021    
   1437.50000000000        10.57996    
   1453.12500000000        21.05568    
   1468.75000000000        18.33593    
   1484.37500000000        14.41496    
   1500.00000000000        24.52756    
   1515.62500000000        23.29470    
   1531.25000000000        30.69641    
   1546.87500000000        117.7600    
   1562.50000000000        18.34220    
   1578.12500000000        5.736404    
   1593.75000000000        10.21288    
   1609.37500000000        11.17460    
   1625.00000000000        7.519856    
   1640.62500000000        14.90292    
   1656.25000000000        18.27667    
   1671.87500000000        40.60003    
   1687.50000000000        10.06713    
   1703.12500000000        8.006433    
   1718.75000000000        8.729052    
   1734.37500000000        5.440920    
   1750.00000000000        36.09998    
   1765.62500000000        15.74950    
   1781.25000000000        21.81097    
   1796.87500000000        4.163281    
   1812.50000000000        20.68844    
   1828.12500000000        18.00560    
   1843.75000000000        11.90487    
   1859.37500000000        25.74969    
   1875.00000000000        10.02725    
   1890.62500000000        26.54279    
   1906.25000000000       0.7203218    
   1921.87500000000        18.70486    
   1937.50000000000        27.02474    
   1953.12500000000        17.25425    
   1968.75000000000        20.51108    
   1984.37500000000        10.07764    
