  -4000.00000000000        228.9765    
  -3968.75000000000        412.2761    
  -3937.50000000000        541.0790    
  -3906.25000000000        241.2482    
  -3875.00000000000        382.7426    
  -3843.75000000000        408.0836    
  -3812.50000000000        312.7053    
  -3781.25000000000        420.5602    
  -3750.00000000000        275.6491    
  -3718.75000000000        346.9799    
  -3687.50000000000        317.3946    
  -3656.25000000000        392.9676    
  -3625.00000000000        187.9560    
  -3593.75000000000        251.4342    
  -3562.50000000000        258.0653    
  -3531.25000000000        106.5906    
  -3500.00000000000        321.0736    
  -3468.75000000000        274.8051    
  -3437.50000000000        167.2627    
  -3406.25000000000        473.5584    
  -3375.00000000000        147.8170    
  -3343.75000000000        134.6853    
  -3312.50000000000        280.8205    
  -3281.25000000000        243.7510    
  -3250.00000000000        200.2632    
  -3218.75000000000        244.1835    
  -3187.50000000000        109.1978    
  -3156.25000000000        283.4093    
  -3125.00000000000        173.6495    
  -3093.75000000000        214.3579    
  -3062.50000000000        260.1946    
  -3031.25000000000        189.2703    
  -3000.00000000000        108.7420    
  -2968.75000000000        139.1626    
  -2937.50000000000        230.1105    
  -2906.25000000000        31.02197    
  -2875.00000000000        146.1698    
  -2843.75000000000        68.40605    
  -2812.50000000000        157.8399    
  -2781.25000000000        48.50241    
  -2750.00000000000        85.40865    
  -2718.75000000000        82.01530    
  -2687.50000000000        141.6568    
  -2656.25000000000        68.14194    
  -2625.00000000000        32.52094    
  -2593.75000000000        99.25548    
  -2562.50000000000        79.93757    
  -2531.25000000000        29.25573    
  -2500.00000000000        158.4923    
  -2468.75000000000        19.77446    
  -2437.50000000000        102.4769    
  -2406.25000000000        64.55172    
  -2375.00000000000        22.34827    
  -2343.75000000000        152.4364    
  -2312.50000000000        103.0301    
  -2281.25000000000        55.64564    
  -2250.00000000000        53.38623    
  -2218.75000000000        88.36667    
  -2187.50000000000        122.2444    
  -2156.25000000000        115.8997    
  -2125.00000000000        77.36131    
  -2093.75000000000        104.0489    
  -2062.50000000000        71.39221    
  -2031.25000000000        28.93223    
  -2000.00000000000        53.16275    
  -1968.75000000000        81.72614    
  -1937.50000000000        51.47946    
  -1906.25000000000        36.36600    
  -1875.00000000000        98.31624    
  -1843.75000000000        104.7072    
  -1812.50000000000        293.4043    
  -1781.25000000000        351.5882    
  -1750.00000000000        173.4839    
  -1718.75000000000        120.0003    
  -1687.50000000000        167.1652    
  -1656.25000000000        202.3017    
  -1625.00000000000        121.6562    
  -1593.75000000000        65.29008    
  -1562.50000000000        227.3320    
  -1531.25000000000        142.5463    
  -1500.00000000000        29.38128    
  -1468.75000000000        85.67199    
  -1437.50000000000        43.82196    
  -1406.25000000000        84.18549    
  -1375.00000000000        140.8966    
  -1343.75000000000        107.6378    
  -1312.50000000000        102.9713    
  -1281.25000000000        89.30512    
  -1250.00000000000        251.5135    
  -1218.75000000000        44.27617    
  -1187.50000000000        49.08484    
  -1156.25000000000        157.4666    
  -1125.00000000000        32.17155    
  -1093.75000000000        107.1707    
  -1062.50000000000        184.3650    
  -1031.25000000000        90.85732    
  -1000.00000000000        86.46527    
  -968.750000000000        97.00262    
  -937.500000000000        46.39177    
  -906.250000000000        181.3164    
  -875.000000000000        97.85141    
  -843.750000000000        144.6117    
  -812.500000000000        233.1608    
  -781.250000000000        302.8965    
  -750.000000000000        231.6368    
  -718.750000000000        301.3191    
  -687.500000000000        263.7647    
  -656.250000000000        473.1463    
  -625.000000000000        25.59970    
  -593.750000000000        347.2887    
  -562.500000000000        118.3106    
  -531.250000000000        215.5425    
  -500.000000000000        363.4623    
  -468.750000000000        90.20086    
  -437.500000000000        282.6987    
  -406.250000000000        336.9688    
  -375.000000000000        754.6195    
  -343.750000000000        1207.000    
  -312.500000000000        635.9330    
  -281.250000000000        890.6371    
  -250.000000000000        448.1051    
  -218.750000000000        61.88293    
  -187.500000000000        411.3601    
  -156.250000000000        1510.745    
  -125.000000000000        1499.630    
  -93.7500000000000        543.2963    
  -62.5000000000000        1461.975    
  -31.2500000000000        2675.585    
  0.000000000000000E+000   6871.088    
   31.2500000000000        2606.741    
   62.5000000000000        1546.432    
   93.7500000000000        568.0819    
   125.000000000000        1562.799    
   156.250000000000        1591.243    
   187.500000000000        400.4263    
   218.750000000000        24.26829    
   250.000000000000        428.4482    
   281.250000000000        827.2960    
   312.500000000000        617.9839    
   343.750000000000        1176.254    
   375.000000000000        694.3094    
   406.250000000000        312.9549    
   437.500000000000        229.1861    
   468.750000000000        74.59677    
   500.000000000000        339.0256    
   531.250000000000        236.1644    
   562.500000000000        145.7439    
   593.750000000000        349.5985    
   625.000000000000        42.15409    
   656.250000000000        460.5840    
   687.500000000000        255.5186    
   718.750000000000        303.5971    
   750.000000000000        232.7970    
   781.250000000000        304.9981    
   812.500000000000        251.9987    
   843.750000000000        140.6136    
   875.000000000000        100.9290    
   906.250000000000        180.1819    
   937.500000000000        45.49273    
   968.750000000000        102.5847    
   1000.00000000000        109.2805    
   1031.25000000000        84.44136    
   1062.50000000000        169.7303    
   1093.75000000000        104.2080    
   1125.00000000000        44.09268    
   1156.25000000000        165.5705    
   1187.50000000000        43.09290    
   1218.75000000000        47.39972    
   1250.00000000000        262.6609    
   1281.25000000000        65.36160    
   1312.50000000000        93.60617    
   1343.75000000000        120.3941    
   1375.00000000000        151.2853    
   1406.25000000000        100.1013    
   1437.50000000000        38.40319    
   1468.75000000000        89.24837    
   1500.00000000000        38.39864    
   1531.25000000000        127.2811    
   1562.50000000000        217.7966    
   1593.75000000000        68.17994    
   1625.00000000000        118.7260    
   1656.25000000000        181.3327    
   1687.50000000000        158.6484    
   1718.75000000000        110.7890    
   1750.00000000000        153.8224    
   1781.25000000000        336.3142    
   1812.50000000000        274.4594    
   1843.75000000000        101.5233    
   1875.00000000000        94.50401    
   1906.25000000000        37.48035    
   1937.50000000000        50.56419    
   1968.75000000000        74.40259    
   2000.00000000000        43.93851    
   2031.25000000000        33.97945    
   2062.50000000000        77.45177    
   2093.75000000000        95.89342    
   2125.00000000000        70.06799    
   2156.25000000000        118.4124    
   2187.50000000000        114.5736    
   2218.75000000000        77.18463    
   2250.00000000000        59.15766    
   2281.25000000000        54.83439    
   2312.50000000000        98.16938    
   2343.75000000000        173.0143    
   2375.00000000000        26.17640    
   2406.25000000000        56.11343    
   2437.50000000000        112.2461    
   2468.75000000000        12.88336    
   2500.00000000000        175.2850    
   2531.25000000000        15.83126    
   2562.50000000000        70.95593    
   2593.75000000000        101.1303    
   2625.00000000000        38.00039    
   2656.25000000000        51.50558    
   2687.50000000000        160.2671    
   2718.75000000000        75.12402    
   2750.00000000000        68.44062    
   2781.25000000000        50.10049    
   2812.50000000000        165.7768    
   2843.75000000000        78.56581    
   2875.00000000000        154.8173    
   2906.25000000000        25.60012    
   2937.50000000000        221.8549    
   2968.75000000000        112.5180    
   3000.00000000000        139.6884    
   3031.25000000000        201.1453    
   3062.50000000000        246.1969    
   3093.75000000000        215.2066    
   3125.00000000000        154.5170    
   3156.25000000000        270.9634    
   3187.50000000000        126.6546    
   3218.75000000000        273.7017    
   3250.00000000000        215.3617    
   3281.25000000000        255.9112    
   3312.50000000000        262.8815    
   3343.75000000000        145.3275    
   3375.00000000000        139.1650    
   3406.25000000000        495.0770    
   3437.50000000000        164.6634    
   3468.75000000000        303.4429    
   3500.00000000000        291.6701    
   3531.25000000000        108.3512    
   3562.50000000000        282.9980    
   3593.75000000000        229.2397    
   3625.00000000000        169.1859    
   3656.25000000000        387.2140    
   3687.50000000000        314.0650    
   3718.75000000000        348.6488    
   3750.00000000000        260.0610    
   3781.25000000000        456.7300    
   3812.50000000000        292.9898    
   3843.75000000000        423.1460    
   3875.00000000000        355.5795    
   3906.25000000000        240.7796    
   3937.50000000000        517.2556    
   3968.75000000000        425.9332    
