  -2000.00000000000        15.59863    
  -1984.37500000000        10.91623    
  -1968.75000000000        12.11508    
  -1953.12500000000        5.476790    
  -1937.50000000000        33.61141    
  -1921.87500000000        29.58038    
  -1906.25000000000        3.717049    
  -1890.62500000000        15.28529    
  -1875.00000000000        8.123397    
  -1859.37500000000        14.78033    
  -1843.75000000000        10.26337    
  -1828.12500000000        17.88369    
  -1812.50000000000        15.21690    
  -1796.87500000000        7.973679    
  -1781.25000000000        18.15769    
  -1765.62500000000        16.45560    
  -1750.00000000000        40.42055    
  -1734.37500000000        28.79880    
  -1718.75000000000        8.399608    
  -1703.12500000000        8.485877    
  -1687.50000000000        6.572160    
  -1671.87500000000        9.648074    
  -1656.25000000000        5.063537    
  -1640.62500000000        8.042233    
  -1625.00000000000        7.192451    
  -1609.37500000000        7.551910    
  -1593.75000000000        14.31194    
  -1578.12500000000        14.84391    
  -1562.50000000000        15.77524    
  -1546.87500000000        81.21201    
  -1531.25000000000        18.76365    
  -1515.62500000000        11.84440    
  -1500.00000000000        19.96202    
  -1484.37500000000        10.72500    
  -1468.75000000000        11.42011    
  -1453.12500000000        8.608843    
  -1437.50000000000        12.23610    
  -1421.87500000000        10.12006    
  -1406.25000000000        15.98386    
  -1390.62500000000        1.689769    
  -1375.00000000000        12.18156    
  -1359.37500000000        68.43426    
  -1343.75000000000        25.13318    
  -1328.12500000000        17.61695    
  -1312.50000000000        6.777997    
  -1296.87500000000        33.32367    
  -1281.25000000000        8.479581    
  -1265.62500000000        5.004550    
  -1250.00000000000        38.06911    
  -1234.37500000000        19.59841    
  -1218.75000000000        17.20675    
  -1203.12500000000        34.27578    
  -1187.50000000000        32.46671    
  -1171.87500000000        69.73721    
  -1156.25000000000        69.46996    
  -1140.62500000000        8.259799    
  -1125.00000000000        7.539320    
  -1109.37500000000        11.86593    
  -1093.75000000000        23.63992    
  -1078.12500000000        7.731367    
  -1062.50000000000        7.648743    
  -1046.87500000000        8.670302    
  -1031.25000000000        7.146760    
  -1015.62500000000        6.211433    
  -1000.00000000000        11.60793    
  -984.375000000000        16.22635    
  -968.750000000000        106.5453    
  -953.125000000000        27.16620    
  -937.500000000000        11.47849    
  -921.875000000000        43.54252    
  -906.250000000000        17.11387    
  -890.625000000000        31.30398    
  -875.000000000000        14.40630    
  -859.375000000000        18.20777    
  -843.750000000000        12.69031    
  -828.125000000000        29.76934    
  -812.500000000000        29.42018    
  -796.875000000000        53.11786    
  -781.250000000000        183.6894    
  -765.625000000000        139.9563    
  -750.000000000000        47.90223    
  -734.375000000000        31.54861    
  -718.750000000000        33.33040    
  -703.125000000000        40.73157    
  -687.500000000000        40.49643    
  -671.875000000000        29.18853    
  -656.250000000000        37.89475    
  -640.625000000000        32.11169    
  -625.000000000000        60.92971    
  -609.375000000000        95.99100    
  -593.750000000000        196.8009    
  -578.125000000000        530.5361    
  -562.500000000000        92.87296    
  -546.875000000000        28.87015    
  -531.250000000000        40.05931    
  -515.625000000000        23.49425    
  -500.000000000000        23.55260    
  -484.375000000000        12.68028    
  -468.750000000000        16.38190    
  -453.125000000000        4.589017    
  -437.500000000000        36.01795    
  -421.875000000000        18.05763    
  -406.250000000000        67.94932    
  -390.625000000000        205.4299    
  -375.000000000000        77.41833    
  -359.375000000000        20.56741    
  -343.750000000000        2.056019    
  -328.125000000000        4.210583    
  -312.500000000000        24.89981    
  -296.875000000000        20.84903    
  -281.250000000000        6.456994    
  -265.625000000000        29.91417    
  -250.000000000000        41.94728    
  -234.375000000000        29.47736    
  -218.750000000000        55.13757    
  -203.125000000000        242.9801    
  -187.500000000000        247.2137    
  -171.875000000000        80.44019    
  -156.250000000000        41.19971    
  -140.625000000000        34.96350    
  -125.000000000000        6.122540    
  -109.375000000000        19.08415    
  -93.7500000000000        3.947155    
  -78.1250000000000        37.46651    
  -62.5000000000000        9.892703    
  -46.8750000000000        27.31214    
  -31.2500000000000        17.08542    
  -15.6250000000000        61.63971    
  0.000000000000000E+000   12848.92    
   15.6250000000000        66.11114    
   31.2500000000000        26.22701    
   46.8750000000000        30.94931    
   62.5000000000000        18.09115    
   78.1250000000000        36.58878    
   93.7500000000000        7.756225    
   109.375000000000        10.82591    
   125.000000000000        16.89283    
   140.625000000000        26.35707    
   156.250000000000        15.05449    
   171.875000000000        43.09841    
   187.500000000000        117.4805    
   203.125000000000        159.3017    
   218.750000000000        27.74771    
   234.375000000000        2.207643    
   250.000000000000        42.57275    
   265.625000000000        17.39736    
   281.250000000000        10.21935    
   296.875000000000        16.82687    
   312.500000000000        37.11317    
   328.125000000000        1.142002    
   343.750000000000        7.854210    
   359.375000000000        30.19544    
   375.000000000000        96.65244    
   390.625000000000        235.3340    
   406.250000000000        63.44292    
   421.875000000000        22.83965    
   437.500000000000        31.80204    
   453.125000000000        11.75708    
   468.750000000000        15.66332    
   484.375000000000        17.34171    
   500.000000000000        30.52520    
   515.625000000000        25.57125    
   531.250000000000        47.66642    
   546.875000000000        36.91433    
   562.500000000000        89.67512    
   578.125000000000        528.2446    
   593.750000000000        204.8898    
   609.375000000000        88.05807    
   625.000000000000        54.12992    
   640.625000000000        39.23604    
   656.250000000000        27.71956    
   671.875000000000        28.78198    
   687.500000000000        31.45389    
   703.125000000000        41.62526    
   718.750000000000        26.90536    
   734.375000000000        19.09346    
   750.000000000000        31.54691    
   765.625000000000        57.23678    
   781.250000000000        72.95408    
   796.875000000000        16.18514    
   812.500000000000        5.494168    
   828.125000000000        11.47452    
   843.750000000000        6.683763    
   859.375000000000        5.506865    
   875.000000000000        13.50084    
   890.625000000000        9.055875    
   906.250000000000        34.75507    
   921.875000000000        33.23992    
   937.500000000000        8.772824    
   953.125000000000        20.97709    
   968.750000000000        84.57513    
   984.375000000000        19.15787    
   1000.00000000000        4.251419    
   1015.62500000000        9.758178    
   1031.25000000000        19.89252    
   1046.87500000000        9.387783    
   1062.50000000000        5.205574    
   1078.12500000000        7.746458    
   1093.75000000000        19.21988    
   1109.37500000000        27.15298    
   1125.00000000000        15.36310    
   1140.62500000000        27.81273    
   1156.25000000000        91.15759    
   1171.87500000000        72.87398    
   1187.50000000000        27.44814    
   1203.12500000000        19.40151    
   1218.75000000000        5.480590    
   1234.37500000000        13.97940    
   1250.00000000000        20.88423    
   1265.62500000000        8.808562    
   1281.25000000000        28.01160    
   1296.87500000000        24.38607    
   1312.50000000000        15.32816    
   1328.12500000000        8.009120    
   1343.75000000000        20.12733    
   1359.37500000000        47.62941    
   1375.00000000000        23.55633    
   1390.62500000000        10.80115    
   1406.25000000000        23.09062    
   1421.87500000000        10.96682    
   1437.50000000000        13.09180    
   1453.12500000000        12.35810    
   1468.75000000000        9.781734    
   1484.37500000000        13.59701    
   1500.00000000000        22.96801    
   1515.62500000000        14.54787    
   1531.25000000000        18.98258    
   1546.87500000000        53.52852    
   1562.50000000000        38.66024    
   1578.12500000000        23.18572    
   1593.75000000000        19.49956    
   1609.37500000000        10.51191    
   1625.00000000000        17.14613    
   1640.62500000000        25.33879    
   1656.25000000000        23.63069    
   1671.87500000000        45.61010    
   1687.50000000000        3.773637    
   1703.12500000000        7.575581    
   1718.75000000000        12.54842    
   1734.37500000000        23.99922    
   1750.00000000000        64.72581    
   1765.62500000000        19.03494    
   1781.25000000000        15.98784    
   1796.87500000000        3.585246    
   1812.50000000000        11.72940    
   1828.12500000000        25.30212    
   1843.75000000000        15.48205    
   1859.37500000000        6.260435    
   1875.00000000000        10.99900    
   1890.62500000000        27.29969    
   1906.25000000000        11.08989    
   1921.87500000000        21.64619    
   1937.50000000000        7.169348    
   1953.12500000000        11.37146    
   1968.75000000000        12.91545    
   1984.37500000000        9.426337    
