  -4000.00000000000        195.9596    
  -3968.75000000000        360.5431    
  -3937.50000000000        456.5582    
  -3906.25000000000        214.6252    
  -3875.00000000000        325.0644    
  -3843.75000000000        365.9908    
  -3812.50000000000        261.9632    
  -3781.25000000000        388.2350    
  -3750.00000000000        234.6987    
  -3718.75000000000        299.3663    
  -3687.50000000000        274.7592    
  -3656.25000000000        335.5196    
  -3625.00000000000        155.1056    
  -3593.75000000000        210.3506    
  -3562.50000000000        237.4014    
  -3531.25000000000        83.44971    
  -3500.00000000000        268.7836    
  -3468.75000000000        251.7991    
  -3437.50000000000        146.2879    
  -3406.25000000000        417.0977    
  -3375.00000000000        125.6088    
  -3343.75000000000        121.5326    
  -3312.50000000000        231.3574    
  -3281.25000000000        213.8472    
  -3250.00000000000        183.9201    
  -3218.75000000000        225.2035    
  -3187.50000000000        100.3726    
  -3156.25000000000        238.1903    
  -3125.00000000000        140.5375    
  -3093.75000000000        188.8324    
  -3062.50000000000        219.1201    
  -3031.25000000000        173.2775    
  -3000.00000000000        108.2624    
  -2968.75000000000        106.7985    
  -2937.50000000000        195.1106    
  -2906.25000000000        26.17737    
  -2875.00000000000        128.3896    
  -2843.75000000000        59.67099    
  -2812.50000000000        137.8957    
  -2781.25000000000        47.20617    
  -2750.00000000000        68.39539    
  -2718.75000000000        69.94749    
  -2687.50000000000        132.1885    
  -2656.25000000000        53.48545    
  -2625.00000000000        33.07139    
  -2593.75000000000        94.62589    
  -2562.50000000000        61.44842    
  -2531.25000000000        17.91286    
  -2500.00000000000        137.2459    
  -2468.75000000000        12.45478    
  -2437.50000000000        92.06436    
  -2406.25000000000        51.74012    
  -2375.00000000000        22.00655    
  -2343.75000000000        138.5782    
  -2312.50000000000        84.54083    
  -2281.25000000000        39.47767    
  -2250.00000000000        50.58619    
  -2218.75000000000        71.22854    
  -2187.50000000000        103.0251    
  -2156.25000000000        105.4049    
  -2125.00000000000        64.30168    
  -2093.75000000000        82.14553    
  -2062.50000000000        64.39101    
  -2031.25000000000        19.37477    
  -2000.00000000000        43.30473    
  -1968.75000000000        66.85666    
  -1937.50000000000        48.99503    
  -1906.25000000000        32.50687    
  -1875.00000000000        78.95652    
  -1843.75000000000        91.87103    
  -1812.50000000000        244.2333    
  -1781.25000000000        289.9934    
  -1750.00000000000        145.2830    
  -1718.75000000000        102.9706    
  -1687.50000000000        141.7839    
  -1656.25000000000        163.4398    
  -1625.00000000000        100.3429    
  -1593.75000000000        53.04887    
  -1562.50000000000        198.4639    
  -1531.25000000000        115.6822    
  -1500.00000000000        34.58767    
  -1468.75000000000        71.62112    
  -1437.50000000000        43.93095    
  -1406.25000000000        81.42967    
  -1375.00000000000        127.8380    
  -1343.75000000000        106.0605    
  -1312.50000000000        82.13668    
  -1281.25000000000        70.26046    
  -1250.00000000000        222.2889    
  -1218.75000000000        42.76033    
  -1187.50000000000        39.13644    
  -1156.25000000000        142.1886    
  -1125.00000000000        31.11942    
  -1093.75000000000        89.20106    
  -1062.50000000000        161.0782    
  -1031.25000000000        68.77333    
  -1000.00000000000        91.75273    
  -968.750000000000        89.99363    
  -937.500000000000        35.87133    
  -906.250000000000        159.7940    
  -875.000000000000        84.37321    
  -843.750000000000        123.2070    
  -812.500000000000        211.5870    
  -781.250000000000        276.2167    
  -750.000000000000        207.2784    
  -718.750000000000        262.4342    
  -687.500000000000        225.8448    
  -656.250000000000        404.5354    
  -625.000000000000        37.69031    
  -593.750000000000        304.4034    
  -562.500000000000        117.2819    
  -531.250000000000        195.5309    
  -500.000000000000        297.0131    
  -468.750000000000        73.64777    
  -437.500000000000        223.8112    
  -406.250000000000        275.2657    
  -375.000000000000        633.6451    
  -343.750000000000        1041.377    
  -312.500000000000        541.5150    
  -281.250000000000        733.2594    
  -250.000000000000        374.7830    
  -218.750000000000        53.63544    
  -187.500000000000        348.3219    
  -156.250000000000        1326.844    
  -125.000000000000        1310.550    
  -93.7500000000000        478.2706    
  -62.5000000000000        1294.155    
  -31.2500000000000        2277.031    
  0.000000000000000E+000   5970.762    
   31.2500000000000        2273.270    
   62.5000000000000        1302.711    
   93.7500000000000        466.9673    
   125.000000000000        1330.234    
   156.250000000000        1346.731    
   187.500000000000        362.6012    
   218.750000000000        35.60089    
   250.000000000000        381.9733    
   281.250000000000        739.4811    
   312.500000000000        542.7120    
   343.750000000000        1030.405    
   375.000000000000        637.9510    
   406.250000000000        283.3976    
   437.500000000000        224.8081    
   468.750000000000        72.57543    
   500.000000000000        286.5002    
   531.250000000000        190.9100    
   562.500000000000        118.8960    
   593.750000000000        300.1752    
   625.000000000000        40.18256    
   656.250000000000        408.5164    
   687.500000000000        226.3305    
   718.750000000000        268.8058    
   750.000000000000        213.3797    
   781.250000000000        272.3091    
   812.500000000000        215.1470    
   843.750000000000        120.0815    
   875.000000000000        82.80703    
   906.250000000000        160.7618    
   937.500000000000        35.27231    
   968.750000000000        89.06850    
   1000.00000000000        90.51262    
   1031.25000000000        67.77026    
   1062.50000000000        161.9234    
   1093.75000000000        90.16714    
   1125.00000000000        31.89468    
   1156.25000000000        141.0045    
   1187.50000000000        39.97149    
   1218.75000000000        43.88506    
   1250.00000000000        221.8452    
   1281.25000000000        69.86777    
   1312.50000000000        84.79272    
   1343.75000000000        105.1985    
   1375.00000000000        129.4937    
   1406.25000000000        81.95521    
   1437.50000000000        42.99970    
   1468.75000000000        70.88092    
   1500.00000000000        34.73469    
   1531.25000000000        114.0788    
   1562.50000000000        197.9296    
   1593.75000000000        53.36832    
   1625.00000000000        99.52020    
   1656.25000000000        162.6669    
   1687.50000000000        140.8082    
   1718.75000000000        101.9840    
   1750.00000000000        144.9211    
   1781.25000000000        287.9819    
   1812.50000000000        241.7424    
   1843.75000000000        91.82582    
   1875.00000000000        78.09808    
   1906.25000000000        31.71475    
   1937.50000000000        49.02717    
   1968.75000000000        65.72347    
   2000.00000000000        41.61914    
   2031.25000000000        18.35274    
   2062.50000000000        64.26944    
   2093.75000000000        81.90246    
   2125.00000000000        63.91817    
   2156.25000000000        105.4355    
   2187.50000000000        102.6869    
   2218.75000000000        70.89275    
   2250.00000000000        50.82679    
   2281.25000000000        39.76417    
   2312.50000000000        84.11988    
   2343.75000000000        139.0393    
   2375.00000000000        22.20826    
   2406.25000000000        51.05117    
   2437.50000000000        92.09998    
   2468.75000000000        11.80579    
   2500.00000000000        137.5618    
   2531.25000000000        17.99523    
   2562.50000000000        61.68652    
   2593.75000000000        94.44671    
   2625.00000000000        34.02520    
   2656.25000000000        52.84917    
   2687.50000000000        132.7162    
   2718.75000000000        70.13699    
   2750.00000000000        68.36577    
   2781.25000000000        46.68144    
   2812.50000000000        139.0861    
   2843.75000000000        59.42976    
   2875.00000000000        129.0548    
   2906.25000000000        26.20761    
   2937.50000000000        195.0789    
   2968.75000000000        106.2005    
   3000.00000000000        108.5166    
   3031.25000000000        174.7347    
   3062.50000000000        218.7646    
   3093.75000000000        188.2988    
   3125.00000000000        139.0285    
   3156.25000000000        238.5592    
   3187.50000000000        100.8011    
   3218.75000000000        226.6574    
   3250.00000000000        184.9435    
   3281.25000000000        215.2337    
   3312.50000000000        230.2615    
   3343.75000000000        121.5069    
   3375.00000000000        126.1601    
   3406.25000000000        417.0241    
   3437.50000000000        146.1644    
   3468.75000000000        253.7242    
   3500.00000000000        267.6435    
   3531.25000000000        82.92060    
   3562.50000000000        238.9230    
   3593.75000000000        209.0944    
   3625.00000000000        153.7469    
   3656.25000000000        334.8547    
   3687.50000000000        273.9679    
   3718.75000000000        299.6783    
   3750.00000000000        233.1993    
   3781.25000000000        389.6668    
   3812.50000000000        260.9359    
   3843.75000000000        367.3119    
   3875.00000000000        323.6443    
   3906.25000000000        214.1190    
   3937.50000000000        454.9468    
   3968.75000000000        360.7339    
