  -4000.00000000000        293.2575    
  -3968.75000000000        481.3767    
  -3937.50000000000        684.5236    
  -3906.25000000000        295.0016    
  -3875.00000000000        489.4203    
  -3843.75000000000        460.9837    
  -3812.50000000000        378.0722    
  -3781.25000000000        518.8693    
  -3750.00000000000        349.4015    
  -3718.75000000000        419.5890    
  -3687.50000000000        378.4571    
  -3656.25000000000        482.8917    
  -3625.00000000000        221.1584    
  -3593.75000000000        312.5204    
  -3562.50000000000        313.5949    
  -3531.25000000000        109.9223    
  -3500.00000000000        377.3083    
  -3468.75000000000        325.6339    
  -3437.50000000000        202.4545    
  -3406.25000000000        560.9271    
  -3375.00000000000        192.9701    
  -3343.75000000000        185.6767    
  -3312.50000000000        361.1129    
  -3281.25000000000        323.8680    
  -3250.00000000000        216.2769    
  -3218.75000000000        284.7339    
  -3187.50000000000        161.9646    
  -3156.25000000000        353.7434    
  -3125.00000000000        204.7558    
  -3093.75000000000        288.3024    
  -3062.50000000000        271.1584    
  -3031.25000000000        208.8512    
  -3000.00000000000        127.9203    
  -2968.75000000000        164.7674    
  -2937.50000000000        268.1562    
  -2906.25000000000        33.39701    
  -2875.00000000000        171.9770    
  -2843.75000000000        102.3344    
  -2812.50000000000        184.0175    
  -2781.25000000000        71.42041    
  -2750.00000000000        89.53295    
  -2718.75000000000        112.4804    
  -2687.50000000000        180.4590    
  -2656.25000000000        98.53535    
  -2625.00000000000        49.79768    
  -2593.75000000000        114.3281    
  -2562.50000000000        71.17377    
  -2531.25000000000        26.06004    
  -2500.00000000000        173.4224    
  -2468.75000000000        12.79644    
  -2437.50000000000        106.3206    
  -2406.25000000000        84.77053    
  -2375.00000000000        37.83244    
  -2343.75000000000        173.4701    
  -2312.50000000000        111.3161    
  -2281.25000000000        41.90206    
  -2250.00000000000        77.69858    
  -2218.75000000000        101.1731    
  -2187.50000000000        144.8173    
  -2156.25000000000        171.5405    
  -2125.00000000000        84.13647    
  -2093.75000000000        102.2779    
  -2062.50000000000        91.75576    
  -2031.25000000000        28.43184    
  -2000.00000000000        56.95807    
  -1968.75000000000        96.51889    
  -1937.50000000000        98.88223    
  -1906.25000000000        52.59468    
  -1875.00000000000        96.35681    
  -1843.75000000000        140.3996    
  -1812.50000000000        341.2589    
  -1781.25000000000        433.5696    
  -1750.00000000000        205.7906    
  -1718.75000000000        147.3980    
  -1687.50000000000        178.4055    
  -1656.25000000000        244.9460    
  -1625.00000000000        142.0021    
  -1593.75000000000        68.20501    
  -1562.50000000000        262.9067    
  -1531.25000000000        188.5822    
  -1500.00000000000        62.97216    
  -1468.75000000000        110.5738    
  -1437.50000000000        95.30463    
  -1406.25000000000        134.5349    
  -1375.00000000000        185.4025    
  -1343.75000000000        151.5525    
  -1312.50000000000        59.88921    
  -1281.25000000000        96.56650    
  -1250.00000000000        315.6678    
  -1218.75000000000        60.30894    
  -1187.50000000000        87.56510    
  -1156.25000000000        216.9387    
  -1125.00000000000        62.36803    
  -1093.75000000000        100.8875    
  -1062.50000000000        269.4369    
  -1031.25000000000        68.26494    
  -1000.00000000000        140.2288    
  -968.750000000000        121.6009    
  -937.500000000000        39.18210    
  -906.250000000000        225.0085    
  -875.000000000000        121.0063    
  -843.750000000000        179.7972    
  -812.500000000000        327.3180    
  -781.250000000000        377.0563    
  -750.000000000000        317.6039    
  -718.750000000000        368.9050    
  -687.500000000000        336.5705    
  -656.250000000000        573.9993    
  -625.000000000000        48.02500    
  -593.750000000000        413.6672    
  -562.500000000000        174.9318    
  -531.250000000000        241.4315    
  -500.000000000000        432.8066    
  -468.750000000000        191.6404    
  -437.500000000000        386.2014    
  -406.250000000000        426.7669    
  -375.000000000000        902.6744    
  -343.750000000000        1407.905    
  -312.500000000000        750.7054    
  -281.250000000000        1069.980    
  -250.000000000000        542.7827    
  -218.750000000000        92.03044    
  -187.500000000000        571.6890    
  -156.250000000000        1818.812    
  -125.000000000000        1810.305    
  -93.7500000000000        664.5218    
  -62.5000000000000        1691.696    
  -31.2500000000000        3253.762    
  0.000000000000000E+000   8357.976    
   31.2500000000000        3042.009    
   62.5000000000000        1870.193    
   93.7500000000000        780.4910    
   125.000000000000        1929.204    
   156.250000000000        1954.735    
   187.500000000000        477.0818    
   218.750000000000        43.91862    
   250.000000000000        503.2381    
   281.250000000000        981.2216    
   312.500000000000        782.2011    
   343.750000000000        1398.636    
   375.000000000000        822.2613    
   406.250000000000        394.2015    
   437.500000000000        270.3565    
   468.750000000000        80.24458    
   500.000000000000        408.6566    
   531.250000000000        245.5698    
   562.500000000000        230.6828    
   593.750000000000        405.8568    
   625.000000000000        91.95120    
   656.250000000000        548.9604    
   687.500000000000        344.3265    
   718.750000000000        427.7713    
   750.000000000000        310.9777    
   781.250000000000        378.7700    
   812.500000000000        288.5564    
   843.750000000000        182.1295    
   875.000000000000        119.6580    
   906.250000000000        209.7076    
   937.500000000000        50.66381    
   968.750000000000        149.1169    
   1000.00000000000        158.8811    
   1031.25000000000        118.2544    
   1062.50000000000        187.3169    
   1093.75000000000        117.7225    
   1125.00000000000        47.39141    
   1156.25000000000        184.6732    
   1187.50000000000        56.03752    
   1218.75000000000        70.28469    
   1250.00000000000        315.6366    
   1281.25000000000        76.94520    
   1312.50000000000        110.0952    
   1343.75000000000        120.5205    
   1375.00000000000        182.7741    
   1406.25000000000        162.3180    
   1437.50000000000        36.70288    
   1468.75000000000        100.1140    
   1500.00000000000        45.99404    
   1531.25000000000        158.4048    
   1562.50000000000        279.5681    
   1593.75000000000        80.75595    
   1625.00000000000        164.7977    
   1656.25000000000        193.9501    
   1687.50000000000        189.3995    
   1718.75000000000        118.8109    
   1750.00000000000        207.2588    
   1781.25000000000        373.5791    
   1812.50000000000        317.0348    
   1843.75000000000        124.3931    
   1875.00000000000        120.0332    
   1906.25000000000        53.81878    
   1937.50000000000        91.19094    
   1968.75000000000        81.37406    
   2000.00000000000        43.63595    
   2031.25000000000        46.97629    
   2062.50000000000        90.98487    
   2093.75000000000        125.5032    
   2125.00000000000        65.83037    
   2156.25000000000        122.1502    
   2187.50000000000        138.9399    
   2218.75000000000        96.19800    
   2250.00000000000        67.75764    
   2281.25000000000        63.82540    
   2312.50000000000        125.2748    
   2343.75000000000        210.2792    
   2375.00000000000        42.45464    
   2406.25000000000        74.95903    
   2437.50000000000        119.4988    
   2468.75000000000        24.20212    
   2500.00000000000        189.4230    
   2531.25000000000        32.50899    
   2562.50000000000        82.12034    
   2593.75000000000        110.0454    
   2625.00000000000        45.23805    
   2656.25000000000        99.18204    
   2687.50000000000        211.7769    
   2718.75000000000        64.17065    
   2750.00000000000        109.2233    
   2781.25000000000        65.99396    
   2812.50000000000        211.4795    
   2843.75000000000        88.38251    
   2875.00000000000        167.3520    
   2906.25000000000        37.94606    
   2937.50000000000        271.3289    
   2968.75000000000        159.7872    
   3000.00000000000        168.0755    
   3031.25000000000        286.1693    
   3062.50000000000        319.3138    
   3093.75000000000        258.7074    
   3125.00000000000        196.7625    
   3156.25000000000        321.4369    
   3187.50000000000        154.9282    
   3218.75000000000        309.6197    
   3250.00000000000        294.3562    
   3281.25000000000        313.4591    
   3312.50000000000        338.1062    
   3343.75000000000        184.1414    
   3375.00000000000        178.1268    
   3406.25000000000        596.5675    
   3437.50000000000        188.0775    
   3468.75000000000        400.2036    
   3500.00000000000        376.3021    
   3531.25000000000        91.28783    
   3562.50000000000        367.6599    
   3593.75000000000        272.3173    
   3625.00000000000        206.1224    
   3656.25000000000        423.8712    
   3687.50000000000        381.4301    
   3718.75000000000        420.1100    
   3750.00000000000        315.0916    
   3781.25000000000        530.8353    
   3812.50000000000        348.2370    
   3843.75000000000        514.7899    
   3875.00000000000        420.1231    
   3906.25000000000        292.9699    
   3937.50000000000        581.2462    
   3968.75000000000        552.6897    
