  -2000.00000000000        34.22312    
  -1984.37500000000        5.853482    
  -1968.75000000000        2.347810    
  -1953.12500000000        49.48788    
  -1937.50000000000        40.70589    
  -1921.87500000000        28.23900    
  -1906.25000000000        35.69907    
  -1890.62500000000        5.136096    
  -1875.00000000000        31.41256    
  -1859.37500000000        23.21748    
  -1843.75000000000        18.53562    
  -1828.12500000000        4.904905    
  -1812.50000000000        39.29972    
  -1796.87500000000        26.33104    
  -1781.25000000000        25.21595    
  -1765.62500000000        36.96416    
  -1750.00000000000        43.52342    
  -1734.37500000000        8.600833    
  -1718.75000000000        22.28703    
  -1703.12500000000        20.91787    
  -1687.50000000000        27.27307    
  -1671.87500000000        103.1848    
  -1656.25000000000        18.53275    
  -1640.62500000000        19.26277    
  -1625.00000000000        37.18190    
  -1609.37500000000        27.15677    
  -1593.75000000000        24.70549    
  -1578.12500000000        46.95372    
  -1562.50000000000        37.12792    
  -1546.87500000000        58.76595    
  -1531.25000000000        34.48597    
  -1515.62500000000        35.12763    
  -1500.00000000000        45.75124    
  -1484.37500000000        66.90213    
  -1468.75000000000        3.145192    
  -1453.12500000000        3.053033    
  -1437.50000000000        35.26613    
  -1421.87500000000        40.48547    
  -1406.25000000000        20.05597    
  -1390.62500000000        32.12369    
  -1375.00000000000        11.80517    
  -1359.37500000000        133.2281    
  -1343.75000000000        19.39882    
  -1328.12500000000        19.96601    
  -1312.50000000000        26.64440    
  -1296.87500000000        31.40404    
  -1281.25000000000        28.11919    
  -1265.62500000000        46.72874    
  -1250.00000000000        92.65264    
  -1234.37500000000        59.09563    
  -1218.75000000000        41.28926    
  -1203.12500000000        51.42288    
  -1187.50000000000        59.11500    
  -1171.87500000000        175.3234    
  -1156.25000000000        158.6461    
  -1140.62500000000        43.32289    
  -1125.00000000000        16.43961    
  -1109.37500000000        36.32977    
  -1093.75000000000        17.00816    
  -1078.12500000000        23.09641    
  -1062.50000000000        10.89063    
  -1046.87500000000        22.88738    
  -1031.25000000000        22.53555    
  -1015.62500000000        10.28771    
  -1000.00000000000        21.32785    
  -984.375000000000        20.58672    
  -968.750000000000        256.0462    
  -953.125000000000        46.68785    
  -937.500000000000        42.69529    
  -921.875000000000        83.59197    
  -906.250000000000        69.72826    
  -890.625000000000        20.93693    
  -875.000000000000        18.98603    
  -859.375000000000        17.93086    
  -843.750000000000        20.61554    
  -828.125000000000        36.80926    
  -812.500000000000        42.68072    
  -796.875000000000        75.83492    
  -781.250000000000        208.9165    
  -765.625000000000        165.4063    
  -750.000000000000        38.57458    
  -734.375000000000        38.86753    
  -718.750000000000        38.76785    
  -703.125000000000        61.81891    
  -687.500000000000        29.39966    
  -671.875000000000        58.28189    
  -656.250000000000        49.56423    
  -640.625000000000        32.87328    
  -625.000000000000        136.4866    
  -609.375000000000        168.5192    
  -593.750000000000        337.8018    
  -578.125000000000        1089.479    
  -562.500000000000        218.3697    
  -546.875000000000        77.70541    
  -531.250000000000        91.23466    
  -515.625000000000        67.22004    
  -500.000000000000        28.00806    
  -484.375000000000        16.40205    
  -468.750000000000        28.48678    
  -453.125000000000        32.57879    
  -437.500000000000        37.24488    
  -421.875000000000        44.82191    
  -406.250000000000        95.92820    
  -390.625000000000        451.1633    
  -375.000000000000        88.87969    
  -359.375000000000        71.56114    
  -343.750000000000        24.82645    
  -328.125000000000        36.54468    
  -312.500000000000        40.89311    
  -296.875000000000        73.84956    
  -281.250000000000        65.96639    
  -265.625000000000        105.5266    
  -250.000000000000        104.4131    
  -234.375000000000        111.7761    
  -218.750000000000        231.0474    
  -203.125000000000        800.0190    
  -187.500000000000        1079.308    
  -171.875000000000        333.8067    
  -156.250000000000        198.8323    
  -140.625000000000        128.9643    
  -125.000000000000        65.81284    
  -109.375000000000        96.64175    
  -93.7500000000000        57.60345    
  -78.1250000000000        96.57123    
  -62.5000000000000        73.89899    
  -46.8750000000000        52.43984    
  -31.2500000000000        30.47931    
  -15.6250000000000        109.1467    
  0.000000000000000E+000   24544.14    
   15.6250000000000        149.9420    
   31.2500000000000        73.50826    
   46.8750000000000        105.2614    
   62.5000000000000        21.54919    
   78.1250000000000        99.76461    
   93.7500000000000        66.60534    
   109.375000000000        47.83408    
   125.000000000000        143.8390    
   140.625000000000        75.32421    
   156.250000000000        118.1298    
   171.875000000000        169.9109    
   187.500000000000        458.6103    
   203.125000000000        220.3292    
   218.750000000000        150.1857    
   234.375000000000        96.12431    
   250.000000000000        122.2793    
   265.625000000000        35.07347    
   281.250000000000        60.64249    
   296.875000000000        30.37549    
   312.500000000000        58.47218    
   328.125000000000        44.56517    
   343.750000000000        45.22031    
   359.375000000000        94.00800    
   375.000000000000        231.2637    
   390.625000000000        560.2887    
   406.250000000000        130.6223    
   421.875000000000        81.96764    
   437.500000000000        70.27937    
   453.125000000000        24.63208    
   468.750000000000        10.60777    
   484.375000000000        42.55745    
   500.000000000000        74.11291    
   515.625000000000        33.17500    
   531.250000000000        83.43667    
   546.875000000000        96.33910    
   562.500000000000        181.3885    
   578.125000000000        1202.690    
   593.750000000000        447.5565    
   609.375000000000        190.9133    
   625.000000000000        120.7693    
   640.625000000000        81.80772    
   656.250000000000        62.05006    
   671.875000000000        81.74644    
   687.500000000000        56.67614    
   703.125000000000        38.02933    
   718.750000000000        68.78120    
   734.375000000000        83.28726    
   750.000000000000        64.01465    
   765.625000000000        211.1301    
   781.250000000000        189.2271    
   796.875000000000        56.89905    
   812.500000000000        37.33453    
   828.125000000000        33.45219    
   843.750000000000        28.00315    
   859.375000000000        23.99936    
   875.000000000000        19.50139    
   890.625000000000        38.32266    
   906.250000000000        81.33244    
   921.875000000000        80.88074    
   937.500000000000        27.77230    
   953.125000000000        46.49565    
   968.750000000000        64.04018    
   984.375000000000        39.96737    
   1000.00000000000        17.40548    
   1015.62500000000        13.64779    
   1031.25000000000        17.65564    
   1046.87500000000        39.05130    
   1062.50000000000        19.17641    
   1078.12500000000        26.53857    
   1093.75000000000        47.75591    
   1109.37500000000        56.59806    
   1125.00000000000        16.36287    
   1140.62500000000        42.43434    
   1156.25000000000        117.2937    
   1171.87500000000        122.1803    
   1187.50000000000        40.66854    
   1203.12500000000        37.74515    
   1218.75000000000        26.56333    
   1234.37500000000        46.40534    
   1250.00000000000        72.34009    
   1265.62500000000        12.91446    
   1281.25000000000        24.94924    
   1296.87500000000        80.95068    
   1312.50000000000        31.09510    
   1328.12500000000        34.68858    
   1343.75000000000        34.04101    
   1359.37500000000        99.39706    
   1375.00000000000        19.59311    
   1390.62500000000        28.13157    
   1406.25000000000        34.43289    
   1421.87500000000        46.33744    
   1437.50000000000        21.75111    
   1453.12500000000        15.92629    
   1468.75000000000        28.23914    
   1484.37500000000        27.30526    
   1500.00000000000        28.07461    
   1515.62500000000        7.074689    
   1531.25000000000        18.13657    
   1546.87500000000        57.37611    
   1562.50000000000        64.29021    
   1578.12500000000        41.83338    
   1593.75000000000        17.93907    
   1609.37500000000        20.67148    
   1625.00000000000        24.11374    
   1640.62500000000        10.30268    
   1656.25000000000        22.25788    
   1671.87500000000        78.54941    
   1687.50000000000        59.76492    
   1703.12500000000        10.32160    
   1718.75000000000        37.04272    
   1734.37500000000        24.95935    
   1750.00000000000        32.72666    
   1765.62500000000        19.36760    
   1781.25000000000        26.08614    
   1796.87500000000        2.659155    
   1812.50000000000        9.148416    
   1828.12500000000        34.95078    
   1843.75000000000        13.50438    
   1859.37500000000        24.38729    
   1875.00000000000        57.78377    
   1890.62500000000        46.53286    
   1906.25000000000        12.49179    
   1921.87500000000        34.30191    
   1937.50000000000        47.50362    
   1953.12500000000        7.471043    
   1968.75000000000        29.46208    
   1984.37500000000        38.43266    
