  -4000.00000000000        195.3931    
  -3968.75000000000        360.1321    
  -3937.50000000000        455.6682    
  -3906.25000000000        214.1297    
  -3875.00000000000        324.1872    
  -3843.75000000000        365.9887    
  -3812.50000000000        261.3197    
  -3781.25000000000        388.2851    
  -3750.00000000000        234.4667    
  -3718.75000000000        299.0038    
  -3687.50000000000        274.1524    
  -3656.25000000000        334.6709    
  -3625.00000000000        154.6372    
  -3593.75000000000        209.9029    
  -3562.50000000000        237.3672    
  -3531.25000000000        83.03233    
  -3500.00000000000        268.3071    
  -3468.75000000000        252.5297    
  -3437.50000000000        145.8475    
  -3406.25000000000        416.4359    
  -3375.00000000000        126.0748    
  -3343.75000000000        121.2319    
  -3312.50000000000        231.0398    
  -3281.25000000000        214.1778    
  -3250.00000000000        183.9235    
  -3218.75000000000        225.3509    
  -3187.50000000000        100.4100    
  -3156.25000000000        238.2948    
  -3125.00000000000        139.9089    
  -3093.75000000000        189.0342    
  -3062.50000000000        218.7024    
  -3031.25000000000        173.8180    
  -3000.00000000000        107.9377    
  -2968.75000000000        106.7459    
  -2937.50000000000        194.7989    
  -2906.25000000000        26.26539    
  -2875.00000000000        128.6129    
  -2843.75000000000        59.44109    
  -2812.50000000000        138.2296    
  -2781.25000000000        47.20528    
  -2750.00000000000        68.25719    
  -2718.75000000000        70.06642    
  -2687.50000000000        132.3301    
  -2656.25000000000        52.98145    
  -2625.00000000000        33.52923    
  -2593.75000000000        94.60706    
  -2562.50000000000        61.59071    
  -2531.25000000000        18.07574    
  -2500.00000000000        137.5369    
  -2468.75000000000        12.21886    
  -2437.50000000000        92.41924    
  -2406.25000000000        51.34505    
  -2375.00000000000        21.96575    
  -2343.75000000000        138.7101    
  -2312.50000000000        84.60982    
  -2281.25000000000        39.62780    
  -2250.00000000000        50.25386    
  -2218.75000000000        71.10098    
  -2187.50000000000        102.5452    
  -2156.25000000000        105.2671    
  -2125.00000000000        63.74321    
  -2093.75000000000        82.40545    
  -2062.50000000000        64.36842    
  -2031.25000000000        18.57908    
  -2000.00000000000        42.41285    
  -1968.75000000000        66.29913    
  -1937.50000000000        49.04590    
  -1906.25000000000        31.78996    
  -1875.00000000000        78.66137    
  -1843.75000000000        91.99202    
  -1812.50000000000        243.1219    
  -1781.25000000000        288.9000    
  -1750.00000000000        144.9781    
  -1718.75000000000        101.6145    
  -1687.50000000000        140.6930    
  -1656.25000000000        163.1347    
  -1625.00000000000        100.3013    
  -1593.75000000000        53.14398    
  -1562.50000000000        198.7418    
  -1531.25000000000        115.2662    
  -1500.00000000000        35.34105    
  -1468.75000000000        72.02083    
  -1437.50000000000        43.34418    
  -1406.25000000000        82.05820    
  -1375.00000000000        129.6188    
  -1343.75000000000        104.8245    
  -1312.50000000000        83.35900    
  -1281.25000000000        70.60043    
  -1250.00000000000        221.3910    
  -1218.75000000000        42.40448    
  -1187.50000000000        38.69286    
  -1156.25000000000        141.7927    
  -1125.00000000000        32.58604    
  -1093.75000000000        88.02331    
  -1062.50000000000        162.0041    
  -1031.25000000000        67.61662    
  -1000.00000000000        91.24229    
  -968.750000000000        88.94219    
  -937.500000000000        34.70018    
  -906.250000000000        161.2619    
  -875.000000000000        85.99539    
  -843.750000000000        121.7828    
  -812.500000000000        214.4730    
  -781.250000000000        271.6446    
  -750.000000000000        207.9014    
  -718.750000000000        266.9223    
  -687.500000000000        227.5898    
  -656.250000000000        405.4427    
  -625.000000000000        35.33236    
  -593.750000000000        298.2644    
  -562.500000000000        117.4438    
  -531.250000000000        194.3036    
  -500.000000000000        298.8324    
  -468.750000000000        71.66064    
  -437.500000000000        224.3815    
  -406.250000000000        280.3493    
  -375.000000000000        632.7131    
  -343.750000000000        1034.051    
  -312.500000000000        537.1759    
  -281.250000000000        743.3310    
  -250.000000000000        381.3297    
  -218.750000000000        35.88042    
  -187.500000000000        356.6527    
  -156.250000000000        1334.045    
  -125.000000000000        1316.662    
  -93.7500000000000        463.0703    
  -62.5000000000000        1292.544    
  -31.2500000000000        2275.039    
  0.000000000000000E+000   6022.281    
   31.2500000000000        2280.829    
   62.5000000000000        1295.212    
   93.7500000000000        470.6430    
   125.000000000000        1314.814    
   156.250000000000        1334.273    
   187.500000000000        355.3089    
   218.750000000000        40.47390    
   250.000000000000        374.0026    
   281.250000000000        738.3364    
   312.500000000000        535.6492    
   343.750000000000        1035.134    
   375.000000000000        632.3793    
   406.250000000000        278.3326    
   437.500000000000        223.7977    
   468.750000000000        72.10282    
   500.000000000000        299.1389    
   531.250000000000        194.8621    
   562.500000000000        118.2930    
   593.750000000000        298.2690    
   625.000000000000        35.09481    
   656.250000000000        406.0970    
   687.500000000000        228.1512    
   718.750000000000        267.1340    
   750.000000000000        208.1747    
   781.250000000000        271.3432    
   812.500000000000        214.2462    
   843.750000000000        121.8367    
   875.000000000000        85.74748    
   906.250000000000        161.2361    
   937.500000000000        34.61440    
   968.750000000000        89.26682    
   1000.00000000000        91.37925    
   1031.25000000000        67.85452    
   1062.50000000000        161.6829    
   1093.75000000000        88.05818    
   1125.00000000000        32.59155    
   1156.25000000000        141.7915    
   1187.50000000000        38.58325    
   1218.75000000000        42.49756    
   1250.00000000000        221.6703    
   1281.25000000000        70.42683    
   1312.50000000000        83.36322    
   1343.75000000000        105.1017    
   1375.00000000000        129.7151    
   1406.25000000000        82.24834    
   1437.50000000000        42.90759    
   1468.75000000000        72.04457    
   1500.00000000000        35.29622    
   1531.25000000000        115.1341    
   1562.50000000000        198.3569    
   1593.75000000000        53.15237    
   1625.00000000000        100.1180    
   1656.25000000000        162.5140    
   1687.50000000000        140.4832    
   1718.75000000000        101.2552    
   1750.00000000000        144.9503    
   1781.25000000000        288.1844    
   1812.50000000000        242.4223    
   1843.75000000000        91.77886    
   1875.00000000000        78.76987    
   1906.25000000000        31.74685    
   1937.50000000000        49.12822    
   1968.75000000000        66.39429    
   2000.00000000000        42.13256    
   2031.25000000000        18.49855    
   2062.50000000000        64.44822    
   2093.75000000000        82.38866    
   2125.00000000000        63.71775    
   2156.25000000000        105.3765    
   2187.50000000000        102.4792    
   2218.75000000000        71.06435    
   2250.00000000000        50.33781    
   2281.25000000000        39.74179    
   2312.50000000000        84.53050    
   2343.75000000000        139.0938    
   2375.00000000000        22.05561    
   2406.25000000000        51.15254    
   2437.50000000000        92.49063    
   2468.75000000000        12.18767    
   2500.00000000000        137.6261    
   2531.25000000000        18.08341    
   2562.50000000000        61.73334    
   2593.75000000000        94.61491    
   2625.00000000000        33.67653    
   2656.25000000000        52.87160    
   2687.50000000000        132.6203    
   2718.75000000000        69.86289    
   2750.00000000000        68.36008    
   2781.25000000000        47.06540    
   2812.50000000000        138.3437    
   2843.75000000000        59.37325    
   2875.00000000000        128.7748    
   2906.25000000000        26.23563    
   2937.50000000000        194.8964    
   2968.75000000000        106.4827    
   3000.00000000000        108.4706    
   3031.25000000000        174.1406    
   3062.50000000000        218.5748    
   3093.75000000000        188.9269    
   3125.00000000000        139.5191    
   3156.25000000000        238.1839    
   3187.50000000000        100.6332    
   3218.75000000000        225.8913    
   3250.00000000000        184.4432    
   3281.25000000000        214.6353    
   3312.50000000000        230.5681    
   3343.75000000000        121.5244    
   3375.00000000000        126.0116    
   3406.25000000000        416.4493    
   3437.50000000000        145.7348    
   3468.75000000000        253.1708    
   3500.00000000000        268.0941    
   3531.25000000000        83.34969    
   3562.50000000000        237.8914    
   3593.75000000000        209.1970    
   3625.00000000000        154.2190    
   3656.25000000000        334.6711    
   3687.50000000000        274.0517    
   3718.75000000000        299.1712    
   3750.00000000000        233.8986    
   3781.25000000000        389.0034    
   3812.50000000000        261.2354    
   3843.75000000000        366.4168    
   3875.00000000000        323.7760    
   3906.25000000000        214.1341    
   3937.50000000000        455.0800    
   3968.75000000000        360.6446    
