  -4000.00000000000        199.5779    
  -3968.75000000000        374.6252    
  -3937.50000000000        482.3138    
  -3906.25000000000        227.2148    
  -3875.00000000000        342.2406    
  -3843.75000000000        384.9108    
  -3812.50000000000        276.8516    
  -3781.25000000000        403.6827    
  -3750.00000000000        250.7309    
  -3718.75000000000        310.1412    
  -3687.50000000000        290.9453    
  -3656.25000000000        350.9773    
  -3625.00000000000        165.3439    
  -3593.75000000000        232.3597    
  -3562.50000000000        240.2609    
  -3531.25000000000        90.52290    
  -3500.00000000000        283.0712    
  -3468.75000000000        253.5014    
  -3437.50000000000        149.9578    
  -3406.25000000000        431.9513    
  -3375.00000000000        132.3825    
  -3343.75000000000        127.8264    
  -3312.50000000000        243.4462    
  -3281.25000000000        217.4748    
  -3250.00000000000        188.9078    
  -3218.75000000000        230.6013    
  -3187.50000000000        108.1514    
  -3156.25000000000        252.5430    
  -3125.00000000000        146.4973    
  -3093.75000000000        200.6309    
  -3062.50000000000        231.3292    
  -3031.25000000000        177.8040    
  -3000.00000000000        111.8059    
  -2968.75000000000        106.4073    
  -2937.50000000000        203.3813    
  -2906.25000000000        25.06618    
  -2875.00000000000        129.6136    
  -2843.75000000000        62.61783    
  -2812.50000000000        137.6917    
  -2781.25000000000        59.69748    
  -2750.00000000000        74.61189    
  -2718.75000000000        76.57354    
  -2687.50000000000        141.2946    
  -2656.25000000000        55.12150    
  -2625.00000000000        34.97118    
  -2593.75000000000        100.4335    
  -2562.50000000000        65.01570    
  -2531.25000000000        17.83599    
  -2500.00000000000        147.0010    
  -2468.75000000000        20.43441    
  -2437.50000000000        95.05267    
  -2406.25000000000        57.94077    
  -2375.00000000000        27.17510    
  -2343.75000000000        138.6240    
  -2312.50000000000        86.63274    
  -2281.25000000000        34.38185    
  -2250.00000000000        46.20433    
  -2218.75000000000        72.39017    
  -2187.50000000000        98.76595    
  -2156.25000000000        113.9863    
  -2125.00000000000        68.87568    
  -2093.75000000000        83.78023    
  -2062.50000000000        77.54787    
  -2031.25000000000        18.03078    
  -2000.00000000000        52.02484    
  -1968.75000000000        75.96908    
  -1937.50000000000        58.55997    
  -1906.25000000000        25.05006    
  -1875.00000000000        81.88782    
  -1843.75000000000        98.81383    
  -1812.50000000000        261.4587    
  -1781.25000000000        308.5150    
  -1750.00000000000        154.3218    
  -1718.75000000000        116.0243    
  -1687.50000000000        134.2937    
  -1656.25000000000        174.1708    
  -1625.00000000000        112.4588    
  -1593.75000000000        59.47487    
  -1562.50000000000        217.0656    
  -1531.25000000000        137.3655    
  -1500.00000000000        37.62102    
  -1468.75000000000        79.31320    
  -1437.50000000000        47.70026    
  -1406.25000000000        87.11776    
  -1375.00000000000        136.5627    
  -1343.75000000000        107.5613    
  -1312.50000000000        91.17190    
  -1281.25000000000        74.63022    
  -1250.00000000000        230.1063    
  -1218.75000000000        39.96090    
  -1187.50000000000        40.61227    
  -1156.25000000000        159.3863    
  -1125.00000000000        24.58611    
  -1093.75000000000        93.27771    
  -1062.50000000000        169.6013    
  -1031.25000000000        64.36107    
  -1000.00000000000        98.64363    
  -968.750000000000        91.05345    
  -937.500000000000        38.35355    
  -906.250000000000        169.4735    
  -875.000000000000        89.62369    
  -843.750000000000        138.4815    
  -812.500000000000        232.3226    
  -781.250000000000        281.3490    
  -750.000000000000        217.5589    
  -718.750000000000        275.6680    
  -687.500000000000        243.0552    
  -656.250000000000        428.0659    
  -625.000000000000        31.73329    
  -593.750000000000        323.6946    
  -562.500000000000        113.7430    
  -531.250000000000        212.6770    
  -500.000000000000        313.8212    
  -468.750000000000        76.07191    
  -437.500000000000        244.3380    
  -406.250000000000        298.3697    
  -375.000000000000        674.9840    
  -343.750000000000        1085.204    
  -312.500000000000        562.2880    
  -281.250000000000        776.0892    
  -250.000000000000        390.1146    
  -218.750000000000        61.06562    
  -187.500000000000        361.7751    
  -156.250000000000        1396.165    
  -125.000000000000        1362.092    
  -93.7500000000000        488.0457    
  -62.5000000000000        1343.884    
  -31.2500000000000        2394.439    
  0.000000000000000E+000   5917.777    
   31.2500000000000        2358.211    
   62.5000000000000        1372.369    
   93.7500000000000        510.8454    
   125.000000000000        1394.323    
   156.250000000000        1418.421    
   187.500000000000        365.2739    
   218.750000000000        44.25832    
   250.000000000000        418.4874    
   281.250000000000        773.2822    
   312.500000000000        562.1891    
   343.750000000000        1078.801    
   375.000000000000        647.0681    
   406.250000000000        289.2068    
   437.500000000000        225.9946    
   468.750000000000        64.21887    
   500.000000000000        323.1687    
   531.250000000000        195.8098    
   562.500000000000        127.3215    
   593.750000000000        314.6350    
   625.000000000000        30.98891    
   656.250000000000        426.6596    
   687.500000000000        242.9234    
   718.750000000000        281.0621    
   750.000000000000        220.8411    
   781.250000000000        280.9520    
   812.500000000000        219.5479    
   843.750000000000        120.5187    
   875.000000000000        80.32772    
   906.250000000000        172.6510    
   937.500000000000        31.92360    
   968.750000000000        99.28066    
   1000.00000000000        100.5041    
   1031.25000000000        62.86178    
   1062.50000000000        170.8123    
   1093.75000000000        95.89381    
   1125.00000000000        40.40981    
   1156.25000000000        145.9396    
   1187.50000000000        40.10054    
   1218.75000000000        55.40003    
   1250.00000000000        235.5773    
   1281.25000000000        64.61118    
   1312.50000000000        93.23193    
   1343.75000000000        114.3587    
   1375.00000000000        138.1231    
   1406.25000000000        91.76974    
   1437.50000000000        46.74771    
   1468.75000000000        75.09547    
   1500.00000000000        33.09715    
   1531.25000000000        120.8189    
   1562.50000000000        199.9997    
   1593.75000000000        52.60083    
   1625.00000000000        98.34016    
   1656.25000000000        169.3378    
   1687.50000000000        150.0962    
   1718.75000000000        101.7118    
   1750.00000000000        151.6784    
   1781.25000000000        302.1535    
   1812.50000000000        248.0643    
   1843.75000000000        97.18322    
   1875.00000000000        76.92986    
   1906.25000000000        32.95660    
   1937.50000000000        50.61274    
   1968.75000000000        70.15557    
   2000.00000000000        42.19634    
   2031.25000000000        19.85378    
   2062.50000000000        73.29037    
   2093.75000000000        80.07178    
   2125.00000000000        67.85183    
   2156.25000000000        116.8543    
   2187.50000000000        106.2091    
   2218.75000000000        69.85834    
   2250.00000000000        56.73237    
   2281.25000000000        44.25616    
   2312.50000000000        91.74456    
   2343.75000000000        143.4190    
   2375.00000000000        25.23498    
   2406.25000000000        47.96391    
   2437.50000000000        93.85960    
   2468.75000000000        9.814107    
   2500.00000000000        147.9776    
   2531.25000000000        16.90598    
   2562.50000000000        59.44702    
   2593.75000000000        101.8685    
   2625.00000000000        34.50616    
   2656.25000000000        55.57985    
   2687.50000000000        139.0897    
   2718.75000000000        70.25604    
   2750.00000000000        69.47546    
   2781.25000000000        48.74429    
   2812.50000000000        143.6975    
   2843.75000000000        62.55936    
   2875.00000000000        138.7780    
   2906.25000000000        28.29435    
   2937.50000000000        197.6669    
   2968.75000000000        107.7652    
   3000.00000000000        119.2675    
   3031.25000000000        186.1384    
   3062.50000000000        231.9308    
   3093.75000000000        197.5157    
   3125.00000000000        141.6552    
   3156.25000000000        242.8267    
   3187.50000000000        105.8319    
   3218.75000000000        242.6986    
   3250.00000000000        194.1098    
   3281.25000000000        230.8846    
   3312.50000000000        237.4929    
   3343.75000000000        126.8326    
   3375.00000000000        125.0636    
   3406.25000000000        436.1584    
   3437.50000000000        155.4336    
   3468.75000000000        267.6447    
   3500.00000000000        278.7919    
   3531.25000000000        81.09716    
   3562.50000000000        250.1468    
   3593.75000000000        212.4865    
   3625.00000000000        157.1562    
   3656.25000000000        348.6826    
   3687.50000000000        290.8692    
   3718.75000000000        317.9826    
   3750.00000000000        236.8528    
   3781.25000000000        408.9651    
   3812.50000000000        272.6465    
   3843.75000000000        386.0325    
   3875.00000000000        335.2816    
   3906.25000000000        220.6922    
   3937.50000000000        474.7238    
   3968.75000000000        380.0960    
