  -2000.00000000000        169.6726    
  -1984.37500000000        83.81133    
  -1968.75000000000        76.47113    
  -1953.12500000000        123.8143    
  -1937.50000000000        211.8608    
  -1921.87500000000        25.96728    
  -1906.25000000000        36.76423    
  -1890.62500000000        61.57517    
  -1875.00000000000        97.95244    
  -1859.37500000000        244.7494    
  -1843.75000000000        234.8979    
  -1828.12500000000        224.8600    
  -1812.50000000000        294.9460    
  -1796.87500000000        121.6703    
  -1781.25000000000        93.12883    
  -1765.62500000000        155.5519    
  -1750.00000000000        592.9397    
  -1734.37500000000        140.7339    
  -1718.75000000000        91.55785    
  -1703.12500000000        127.8697    
  -1687.50000000000        107.1037    
  -1671.87500000000        556.8670    
  -1656.25000000000        80.92688    
  -1640.62500000000        106.3219    
  -1625.00000000000        185.0950    
  -1609.37500000000        372.9191    
  -1593.75000000000        111.4829    
  -1578.12500000000        102.1328    
  -1562.50000000000        238.6905    
  -1546.87500000000        475.3288    
  -1531.25000000000        322.8748    
  -1515.62500000000        242.5174    
  -1500.00000000000        219.8514    
  -1484.37500000000        476.3381    
  -1468.75000000000        144.8055    
  -1453.12500000000        34.26725    
  -1437.50000000000        151.1209    
  -1421.87500000000        302.4194    
  -1406.25000000000        228.7105    
  -1390.62500000000        232.9071    
  -1375.00000000000        93.16270    
  -1359.37500000000        887.3907    
  -1343.75000000000        302.3337    
  -1328.12500000000        257.7495    
  -1312.50000000000        101.1329    
  -1296.87500000000        270.6211    
  -1281.25000000000        146.7170    
  -1265.62500000000        281.3994    
  -1250.00000000000        304.4890    
  -1234.37500000000        243.1206    
  -1218.75000000000        176.2029    
  -1203.12500000000        222.9969    
  -1187.50000000000        173.1559    
  -1171.87500000000        1196.201    
  -1156.25000000000        1848.644    
  -1140.62500000000        317.8804    
  -1125.00000000000        558.3829    
  -1109.37500000000        536.4410    
  -1093.75000000000        340.4473    
  -1078.12500000000        177.2527    
  -1062.50000000000        369.5928    
  -1046.87500000000        140.1946    
  -1031.25000000000        192.3847    
  -1015.62500000000        381.3806    
  -1000.00000000000        322.6116    
  -984.375000000000        299.7552    
  -968.750000000000        1122.676    
  -953.125000000000        420.1004    
  -937.500000000000        241.1351    
  -921.875000000000        260.2866    
  -906.250000000000        318.5584    
  -890.625000000000        334.1830    
  -875.000000000000        97.09295    
  -859.375000000000        831.9646    
  -843.750000000000        312.5888    
  -828.125000000000        322.9696    
  -812.500000000000        531.7693    
  -796.875000000000        834.0731    
  -781.250000000000        3175.752    
  -765.625000000000        1396.603    
  -750.000000000000        684.8110    
  -734.375000000000        432.5720    
  -718.750000000000        388.0093    
  -703.125000000000        391.7599    
  -687.500000000000        407.9929    
  -671.875000000000        290.9841    
  -656.250000000000        129.5909    
  -640.625000000000        289.8439    
  -625.000000000000        428.1267    
  -609.375000000000        339.9106    
  -593.750000000000        859.2160    
  -578.125000000000        3765.729    
  -562.500000000000        1418.947    
  -546.875000000000        511.6214    
  -531.250000000000        1386.844    
  -515.625000000000        393.5346    
  -500.000000000000        368.8234    
  -484.375000000000        536.5480    
  -468.750000000000        1061.826    
  -453.125000000000        638.8868    
  -437.500000000000        580.4777    
  -421.875000000000        485.7237    
  -406.250000000000        1277.251    
  -390.625000000000        3740.770    
  -375.000000000000        1198.706    
  -359.375000000000        1384.778    
  -343.750000000000        1303.417    
  -328.125000000000        1492.169    
  -312.500000000000        1617.913    
  -296.875000000000        2117.992    
  -281.250000000000        2255.307    
  -265.625000000000        2591.898    
  -250.000000000000        3558.968    
  -234.375000000000        5403.748    
  -218.750000000000        9145.878    
  -203.125000000000        26711.85    
  -187.500000000000        37820.68    
  -171.875000000000        11870.59    
  -156.250000000000        6845.566    
  -140.625000000000        3907.945    
  -125.000000000000        4512.148    
  -109.375000000000        3749.031    
  -93.7500000000000        3514.550    
  -78.1250000000000        3307.048    
  -62.5000000000000        2786.425    
  -46.8750000000000        2770.405    
  -31.2500000000000        2498.451    
  -15.6250000000000        3177.777    
  0.000000000000000E+000   81505.41    
   15.6250000000000        3695.100    
   31.2500000000000        2384.224    
   46.8750000000000        2825.929    
   62.5000000000000        2522.701    
   78.1250000000000        2897.104    
   93.7500000000000        3441.775    
   109.375000000000        4194.749    
   125.000000000000        4925.741    
   140.625000000000        3802.389    
   156.250000000000        6966.213    
   171.875000000000        11803.11    
   187.500000000000        39038.57    
   203.125000000000        25915.16    
   218.750000000000        9671.529    
   234.375000000000        5817.253    
   250.000000000000        4329.131    
   265.625000000000        2879.992    
   281.250000000000        2401.761    
   296.875000000000        1936.601    
   312.500000000000        1192.886    
   328.125000000000        1407.926    
   343.750000000000        1340.501    
   359.375000000000        1433.895    
   375.000000000000        2433.108    
   390.625000000000        10930.10    
   406.250000000000        1454.738    
   421.875000000000        1134.772    
   437.500000000000        959.2835    
   453.125000000000        886.3448    
   468.750000000000        1095.265    
   484.375000000000        441.8410    
   500.000000000000        305.9824    
   515.625000000000        300.0885    
   531.250000000000        1292.522    
   546.875000000000        420.7444    
   562.500000000000        646.6246    
   578.125000000000        4017.250    
   593.750000000000        2079.648    
   609.375000000000        861.4764    
   625.000000000000        1038.979    
   640.625000000000        318.7172    
   656.250000000000        459.8521    
   671.875000000000        623.9757    
   687.500000000000        612.9744    
   703.125000000000        762.2692    
   718.750000000000        688.2955    
   734.375000000000        489.4420    
   750.000000000000        704.4595    
   765.625000000000        1816.390    
   781.250000000000        1071.344    
   796.875000000000        204.9876    
   812.500000000000        222.6463    
   828.125000000000        306.3970    
   843.750000000000        101.7873    
   859.375000000000        745.9114    
   875.000000000000        57.68560    
   890.625000000000        198.7298    
   906.250000000000        210.8459    
   921.875000000000        215.8282    
   937.500000000000        237.1514    
   953.125000000000        247.9938    
   968.750000000000        2918.221    
   984.375000000000        234.4702    
   1000.00000000000        15.43215    
   1015.62500000000        258.3907    
   1031.25000000000        355.6671    
   1046.87500000000        294.2812    
   1062.50000000000        262.1197    
   1078.12500000000        273.5748    
   1093.75000000000        460.8111    
   1109.37500000000        83.05524    
   1125.00000000000        363.0766    
   1140.62500000000        220.0753    
   1156.25000000000        742.6923    
   1171.87500000000        714.5708    
   1187.50000000000        300.1007    
   1203.12500000000        265.7606    
   1218.75000000000        161.6954    
   1234.37500000000        187.2051    
   1250.00000000000        137.1229    
   1265.62500000000        95.08018    
   1281.25000000000        189.7177    
   1296.87500000000        405.0312    
   1312.50000000000        85.58826    
   1328.12500000000        246.2933    
   1343.75000000000        256.0470    
   1359.37500000000        549.2755    
   1375.00000000000        162.9207    
   1390.62500000000        115.9220    
   1406.25000000000        293.3317    
   1421.87500000000        277.8728    
   1437.50000000000        66.66546    
   1453.12500000000        105.5721    
   1468.75000000000        320.6763    
   1484.37500000000        165.2213    
   1500.00000000000        179.7661    
   1515.62500000000        293.0847    
   1531.25000000000        262.9539    
   1546.87500000000        701.8960    
   1562.50000000000        64.87318    
   1578.12500000000        199.6669    
   1593.75000000000        285.6241    
   1609.37500000000        118.7249    
   1625.00000000000        118.2359    
   1640.62500000000        80.27917    
   1656.25000000000        79.88986    
   1671.87500000000        399.3202    
   1687.50000000000        136.4480    
   1703.12500000000        246.7081    
   1718.75000000000        202.2045    
   1734.37500000000        60.29209    
   1750.00000000000        241.9530    
   1765.62500000000        326.7739    
   1781.25000000000        94.93477    
   1796.87500000000        311.7219    
   1812.50000000000        330.1844    
   1828.12500000000        234.5422    
   1843.75000000000        210.3229    
   1859.37500000000        379.8562    
   1875.00000000000        283.2717    
   1890.62500000000        194.2234    
   1906.25000000000        205.8531    
   1921.87500000000        143.5325    
   1937.50000000000        356.1781    
   1953.12500000000        293.2936    
   1968.75000000000        37.74599    
   1984.37500000000        324.4326    
