  -4000.00000000000        202.4400    
  -3968.75000000000        364.8743    
  -3937.50000000000        472.8061    
  -3906.25000000000        221.5297    
  -3875.00000000000        336.1080    
  -3843.75000000000        374.4166    
  -3812.50000000000        265.0653    
  -3781.25000000000        394.6730    
  -3750.00000000000        242.2209    
  -3718.75000000000        305.6928    
  -3687.50000000000        279.4275    
  -3656.25000000000        340.8833    
  -3625.00000000000        160.7376    
  -3593.75000000000        216.6811    
  -3562.50000000000        238.7658    
  -3531.25000000000        84.13068    
  -3500.00000000000        280.9212    
  -3468.75000000000        250.6753    
  -3437.50000000000        154.9465    
  -3406.25000000000        422.1257    
  -3375.00000000000        129.7084    
  -3343.75000000000        124.0222    
  -3312.50000000000        236.5071    
  -3281.25000000000        213.0123    
  -3250.00000000000        189.9458    
  -3218.75000000000        226.1937    
  -3187.50000000000        101.2633    
  -3156.25000000000        240.8595    
  -3125.00000000000        140.7185    
  -3093.75000000000        190.5288    
  -3062.50000000000        222.5577    
  -3031.25000000000        171.4588    
  -3000.00000000000        107.2988    
  -2968.75000000000        111.9983    
  -2937.50000000000        200.9798    
  -2906.25000000000        29.36345    
  -2875.00000000000        131.7586    
  -2843.75000000000        59.33146    
  -2812.50000000000        134.8323    
  -2781.25000000000        52.15528    
  -2750.00000000000        71.07980    
  -2718.75000000000        74.20105    
  -2687.50000000000        132.5046    
  -2656.25000000000        57.15536    
  -2625.00000000000        36.20115    
  -2593.75000000000        95.82825    
  -2562.50000000000        62.79003    
  -2531.25000000000        20.56607    
  -2500.00000000000        139.0625    
  -2468.75000000000        12.43732    
  -2437.50000000000        96.58999    
  -2406.25000000000        56.38439    
  -2375.00000000000        22.19538    
  -2343.75000000000        138.4616    
  -2312.50000000000        86.45734    
  -2281.25000000000        39.05648    
  -2250.00000000000        46.50890    
  -2218.75000000000        73.65604    
  -2187.50000000000        103.9812    
  -2156.25000000000        107.4981    
  -2125.00000000000        67.60307    
  -2093.75000000000        87.40170    
  -2062.50000000000        59.83916    
  -2031.25000000000        19.31600    
  -2000.00000000000        38.69790    
  -1968.75000000000        68.53374    
  -1937.50000000000        55.69358    
  -1906.25000000000        31.89768    
  -1875.00000000000        79.46810    
  -1843.75000000000        93.31784    
  -1812.50000000000        253.3635    
  -1781.25000000000        300.4993    
  -1750.00000000000        154.0127    
  -1718.75000000000        103.8703    
  -1687.50000000000        143.4643    
  -1656.25000000000        174.1012    
  -1625.00000000000        102.8593    
  -1593.75000000000        57.12581    
  -1562.50000000000        205.1271    
  -1531.25000000000        122.9842    
  -1500.00000000000        33.06728    
  -1468.75000000000        70.93722    
  -1437.50000000000        45.84105    
  -1406.25000000000        82.82302    
  -1375.00000000000        131.7496    
  -1343.75000000000        108.4278    
  -1312.50000000000        85.01462    
  -1281.25000000000        74.44796    
  -1250.00000000000        226.9807    
  -1218.75000000000        42.94907    
  -1187.50000000000        39.36831    
  -1156.25000000000        141.9524    
  -1125.00000000000        37.11599    
  -1093.75000000000        84.41927    
  -1062.50000000000        162.7531    
  -1031.25000000000        64.24236    
  -1000.00000000000        93.81999    
  -968.750000000000        89.29198    
  -937.500000000000        43.98631    
  -906.250000000000        165.7819    
  -875.000000000000        91.05476    
  -843.750000000000        117.1877    
  -812.500000000000        215.3523    
  -781.250000000000        284.7074    
  -750.000000000000        211.9044    
  -718.750000000000        269.6169    
  -687.500000000000        223.8454    
  -656.250000000000        414.6811    
  -625.000000000000        30.33966    
  -593.750000000000        305.7681    
  -562.500000000000        118.5494    
  -531.250000000000        188.2837    
  -500.000000000000        310.7830    
  -468.750000000000        75.72634    
  -437.500000000000        247.7270    
  -406.250000000000        292.9576    
  -375.000000000000        661.3263    
  -343.750000000000        1066.198    
  -312.500000000000        554.2769    
  -281.250000000000        767.4437    
  -250.000000000000        382.7905    
  -218.750000000000        48.04426    
  -187.500000000000        370.6111    
  -156.250000000000        1370.161    
  -125.000000000000        1328.337    
  -93.7500000000000        474.0326    
  -62.5000000000000        1314.479    
  -31.2500000000000        2334.211    
  0.000000000000000E+000   6260.971    
   31.2500000000000        2299.826    
   62.5000000000000        1342.962    
   93.7500000000000        485.9452    
   125.000000000000        1358.613    
   156.250000000000        1387.589    
   187.500000000000        357.3559    
   218.750000000000        32.05703    
   250.000000000000        389.8830    
   281.250000000000        749.9244    
   312.500000000000        554.0975    
   343.750000000000        1053.066    
   375.000000000000        632.6118    
   406.250000000000        286.2559    
   437.500000000000        223.3348    
   468.750000000000        71.71194    
   500.000000000000        308.6871    
   531.250000000000        205.4649    
   562.500000000000        120.0933    
   593.750000000000        306.1893    
   625.000000000000        40.52230    
   656.250000000000        412.7192    
   687.500000000000        228.4921    
   718.750000000000        278.3501    
   750.000000000000        206.4824    
   781.250000000000        281.0385    
   812.500000000000        218.1607    
   843.750000000000        109.0260    
   875.000000000000        87.16656    
   906.250000000000        165.6416    
   937.500000000000        34.23106    
   968.750000000000        93.62812    
   1000.00000000000        91.95582    
   1031.25000000000        65.45358    
   1062.50000000000        159.7577    
   1093.75000000000        85.04769    
   1125.00000000000        37.87816    
   1156.25000000000        145.9111    
   1187.50000000000        36.82019    
   1218.75000000000        45.85843    
   1250.00000000000        229.7358    
   1281.25000000000        69.67361    
   1312.50000000000        86.36321    
   1343.75000000000        107.9108    
   1375.00000000000        133.3807    
   1406.25000000000        87.13589    
   1437.50000000000        46.93336    
   1468.75000000000        72.19747    
   1500.00000000000        36.56876    
   1531.25000000000        111.8782    
   1562.50000000000        204.8214    
   1593.75000000000        57.34118    
   1625.00000000000        101.3236    
   1656.25000000000        168.6274    
   1687.50000000000        145.3492    
   1718.75000000000        99.11366    
   1750.00000000000        147.2859    
   1781.25000000000        291.4932    
   1812.50000000000        243.4317    
   1843.75000000000        92.52532    
   1875.00000000000        77.65073    
   1906.25000000000        32.15843    
   1937.50000000000        62.33431    
   1968.75000000000        67.93799    
   2000.00000000000        43.29952    
   2031.25000000000        18.46967    
   2062.50000000000        63.09916    
   2093.75000000000        81.46668    
   2125.00000000000        62.15174    
   2156.25000000000        107.0849    
   2187.50000000000        106.8232    
   2218.75000000000        72.80271    
   2250.00000000000        56.99060    
   2281.25000000000        36.57227    
   2312.50000000000        87.67678    
   2343.75000000000        141.2818    
   2375.00000000000        26.49070    
   2406.25000000000        51.82135    
   2437.50000000000        95.46391    
   2468.75000000000        14.13105    
   2500.00000000000        137.7676    
   2531.25000000000        18.78951    
   2562.50000000000        56.18500    
   2593.75000000000        98.38285    
   2625.00000000000        37.71334    
   2656.25000000000        51.15675    
   2687.50000000000        134.8008    
   2718.75000000000        73.81064    
   2750.00000000000        71.85056    
   2781.25000000000        48.14143    
   2812.50000000000        143.5625    
   2843.75000000000        58.80678    
   2875.00000000000        133.4915    
   2906.25000000000        29.04181    
   2937.50000000000        200.5020    
   2968.75000000000        106.5077    
   3000.00000000000        113.3728    
   3031.25000000000        177.5714    
   3062.50000000000        218.5625    
   3093.75000000000        194.5392    
   3125.00000000000        139.8384    
   3156.25000000000        239.8035    
   3187.50000000000        102.2617    
   3218.75000000000        235.0791    
   3250.00000000000        191.2612    
   3281.25000000000        221.1075    
   3312.50000000000        233.1762    
   3343.75000000000        125.5788    
   3375.00000000000        131.0360    
   3406.25000000000        424.4120    
   3437.50000000000        153.1534    
   3468.75000000000        263.8754    
   3500.00000000000        277.0622    
   3531.25000000000        81.42212    
   3562.50000000000        251.7016    
   3593.75000000000        216.4169    
   3625.00000000000        156.1238    
   3656.25000000000        339.4750    
   3687.50000000000        281.4620    
   3718.75000000000        299.1386    
   3750.00000000000        234.6702    
   3781.25000000000        397.7218    
   3812.50000000000        270.1587    
   3843.75000000000        378.9092    
   3875.00000000000        334.9831    
   3906.25000000000        220.2381    
   3937.50000000000        462.1468    
   3968.75000000000        370.9590    
