  -2000.00000000000        13.47740    
  -1984.37500000000        17.58728    
  -1968.75000000000        18.85907    
  -1953.12500000000        9.301029    
  -1937.50000000000        13.78442    
  -1921.87500000000        19.94668    
  -1906.25000000000        12.86483    
  -1890.62500000000        14.44410    
  -1875.00000000000        8.402720    
  -1859.37500000000        9.947437    
  -1843.75000000000        5.483573    
  -1828.12500000000        15.57959    
  -1812.50000000000        2.076096    
  -1796.87500000000        2.969479    
  -1781.25000000000        8.699053    
  -1765.62500000000        4.473317    
  -1750.00000000000        7.360807    
  -1734.37500000000        13.84559    
  -1718.75000000000        9.426957    
  -1703.12500000000        3.201786    
  -1687.50000000000        3.920672    
  -1671.87500000000        16.04966    
  -1656.25000000000        5.978865    
  -1640.62500000000        7.204229    
  -1625.00000000000        7.231715    
  -1609.37500000000        12.14874    
  -1593.75000000000        5.573536    
  -1578.12500000000        12.87624    
  -1562.50000000000        15.69659    
  -1546.87500000000        38.82285    
  -1531.25000000000        14.45616    
  -1515.62500000000        11.03322    
  -1500.00000000000        20.28894    
  -1484.37500000000        21.89823    
  -1468.75000000000        5.435191    
  -1453.12500000000        4.211673    
  -1437.50000000000       0.8540851    
  -1421.87500000000        12.74543    
  -1406.25000000000        7.347351    
  -1390.62500000000        8.799082    
  -1375.00000000000        8.612677    
  -1359.37500000000        41.19786    
  -1343.75000000000        14.02427    
  -1328.12500000000        19.11076    
  -1312.50000000000        8.614535    
  -1296.87500000000        7.427243    
  -1281.25000000000        18.25136    
  -1265.62500000000        15.35337    
  -1250.00000000000        30.12209    
  -1234.37500000000        13.28608    
  -1218.75000000000        14.34849    
  -1203.12500000000        26.01878    
  -1187.50000000000        32.29622    
  -1171.87500000000        82.97829    
  -1156.25000000000        66.36752    
  -1140.62500000000        19.36826    
  -1125.00000000000        12.64921    
  -1109.37500000000        9.713971    
  -1093.75000000000       0.5955210    
  -1078.12500000000        8.516193    
  -1062.50000000000        4.022941    
  -1046.87500000000        8.696898    
  -1031.25000000000        10.96508    
  -1015.62500000000        5.070086    
  -1000.00000000000        4.648418    
  -984.375000000000        13.49600    
  -968.750000000000        111.7807    
  -953.125000000000        30.85787    
  -937.500000000000        18.37422    
  -921.875000000000        39.42699    
  -906.250000000000        16.83214    
  -890.625000000000        8.218576    
  -875.000000000000        9.113340    
  -859.375000000000        8.476789    
  -843.750000000000        15.04458    
  -828.125000000000        16.43005    
  -812.500000000000        18.65751    
  -796.875000000000        28.81825    
  -781.250000000000        74.98415    
  -765.625000000000        80.04462    
  -750.000000000000        26.86101    
  -734.375000000000        19.77183    
  -718.750000000000        33.68547    
  -703.125000000000        11.47300    
  -687.500000000000        22.78956    
  -671.875000000000        20.77057    
  -656.250000000000        22.32685    
  -640.625000000000        33.90908    
  -625.000000000000        54.14508    
  -609.375000000000        80.90547    
  -593.750000000000        160.4706    
  -578.125000000000        467.7086    
  -562.500000000000        81.65876    
  -546.875000000000        27.34965    
  -531.250000000000        44.70698    
  -515.625000000000        29.47688    
  -500.000000000000        26.13515    
  -484.375000000000        14.57503    
  -468.750000000000        10.22203    
  -453.125000000000        2.711741    
  -437.500000000000        25.02030    
  -421.875000000000        20.35525    
  -406.250000000000        61.93179    
  -390.625000000000        162.5782    
  -375.000000000000        73.16594    
  -359.375000000000        24.44682    
  -343.750000000000        4.278268    
  -328.125000000000        7.646020    
  -312.500000000000        38.29921    
  -296.875000000000        24.23280    
  -281.250000000000        21.68617    
  -265.625000000000        31.13833    
  -250.000000000000        24.46875    
  -234.375000000000        30.09297    
  -218.750000000000        69.96751    
  -203.125000000000        240.5553    
  -187.500000000000        279.2619    
  -171.875000000000        88.02003    
  -156.250000000000        41.53157    
  -140.625000000000        40.21690    
  -125.000000000000        13.56768    
  -109.375000000000        21.08138    
  -93.7500000000000        5.343111    
  -78.1250000000000        37.51416    
  -62.5000000000000        29.05580    
  -46.8750000000000        18.48384    
  -31.2500000000000        14.04344    
  -15.6250000000000        53.41455    
  0.000000000000000E+000   11723.70    
   15.6250000000000        51.90047    
   31.2500000000000        26.61082    
   46.8750000000000        31.08165    
   62.5000000000000        10.80320    
   78.1250000000000        45.22458    
   93.7500000000000        7.886653    
   109.375000000000        9.523733    
   125.000000000000        33.53509    
   140.625000000000        29.97579    
   156.250000000000        36.63123    
   171.875000000000        55.22381    
   187.500000000000        178.5091    
   203.125000000000        143.0018    
   218.750000000000        43.13943    
   234.375000000000        23.12436    
   250.000000000000        31.72615    
   265.625000000000        23.54545    
   281.250000000000        21.08769    
   296.875000000000        8.097068    
   312.500000000000        37.62801    
   328.125000000000        11.60407    
   343.750000000000        4.624874    
   359.375000000000        31.42262    
   375.000000000000        102.5809    
   390.625000000000        204.6335    
   406.250000000000        49.64146    
   421.875000000000        20.49096    
   437.500000000000        29.00291    
   453.125000000000        16.31893    
   468.750000000000        9.689621    
   484.375000000000        8.449890    
   500.000000000000        23.68264    
   515.625000000000        25.13989    
   531.250000000000        46.95101    
   546.875000000000        29.58283    
   562.500000000000        86.51629    
   578.125000000000        525.2319    
   593.750000000000        183.0952    
   609.375000000000        78.21965    
   625.000000000000        54.17255    
   640.625000000000        36.75286    
   656.250000000000        41.37206    
   671.875000000000        32.39344    
   687.500000000000        31.94518    
   703.125000000000        45.30536    
   718.750000000000        27.19599    
   734.375000000000        28.46938    
   750.000000000000        40.09615    
   765.625000000000        90.04304    
   781.250000000000        103.9128    
   796.875000000000        38.38136    
   812.500000000000        13.18016    
   828.125000000000        14.81644    
   843.750000000000        10.34561    
   859.375000000000        6.580359    
   875.000000000000        10.12685    
   890.625000000000        24.31392    
   906.250000000000        19.56836    
   921.875000000000        33.89115    
   937.500000000000        6.648176    
   953.125000000000        20.73078    
   968.750000000000        66.96911    
   984.375000000000        11.86623    
   1000.00000000000        7.940306    
   1015.62500000000        2.776054    
   1031.25000000000        15.18490    
   1046.87500000000        6.460443    
   1062.50000000000        4.230742    
   1078.12500000000        10.81278    
   1093.75000000000        11.23564    
   1109.37500000000        19.32642    
   1125.00000000000        8.177072    
   1140.62500000000        23.62297    
   1156.25000000000        75.45350    
   1171.87500000000        69.04376    
   1187.50000000000        29.79879    
   1203.12500000000        18.96353    
   1218.75000000000        15.80354    
   1234.37500000000        4.543421    
   1250.00000000000        21.84727    
   1265.62500000000        8.060955    
   1281.25000000000        5.783080    
   1296.87500000000        13.10864    
   1312.50000000000        1.332023    
   1328.12500000000        9.724404    
   1343.75000000000        10.63697    
   1359.37500000000        44.76743    
   1375.00000000000        20.93754    
   1390.62500000000        14.82462    
   1406.25000000000        5.251256    
   1421.87500000000        18.62030    
   1437.50000000000        2.244648    
   1453.12500000000        4.023539    
   1468.75000000000        18.75897    
   1484.37500000000        9.123492    
   1500.00000000000        25.47003    
   1515.62500000000        12.28252    
   1531.25000000000        15.34465    
   1546.87500000000        48.50985    
   1562.50000000000        12.08320    
   1578.12500000000        18.17900    
   1593.75000000000        8.217302    
   1609.37500000000        11.44760    
   1625.00000000000        8.374581    
   1640.62500000000        13.19863    
   1656.25000000000        5.338377    
   1671.87500000000        23.10805    
   1687.50000000000        8.154705    
   1703.12500000000        7.833322    
   1718.75000000000        13.42245    
   1734.37500000000        12.97941    
   1750.00000000000        29.06018    
   1765.62500000000        10.09425    
   1781.25000000000        6.326941    
   1796.87500000000        3.600802    
   1812.50000000000        16.40407    
   1828.12500000000        14.99460    
   1843.75000000000        4.254912    
   1859.37500000000        6.151849    
   1875.00000000000        9.811385    
   1890.62500000000        12.90999    
   1906.25000000000        6.593836    
   1921.87500000000        12.42981    
   1937.50000000000        22.38186    
   1953.12500000000        17.98922    
   1968.75000000000        10.13722    
   1984.37500000000        8.263065    
