  -4000.00000000000        196.9184    
  -3968.75000000000        361.1650    
  -3937.50000000000        458.6825    
  -3906.25000000000        215.5711    
  -3875.00000000000        326.4200    
  -3843.75000000000        366.0748    
  -3812.50000000000        264.4095    
  -3781.25000000000        388.2452    
  -3750.00000000000        235.5638    
  -3718.75000000000        299.7592    
  -3687.50000000000        277.1204    
  -3656.25000000000        336.6871    
  -3625.00000000000        156.1496    
  -3593.75000000000        213.5279    
  -3562.50000000000        237.2535    
  -3531.25000000000        83.34754    
  -3500.00000000000        269.8514    
  -3468.75000000000        251.4006    
  -3437.50000000000        146.3201    
  -3406.25000000000        418.3295    
  -3375.00000000000        125.2265    
  -3343.75000000000        120.4765    
  -3312.50000000000        233.9624    
  -3281.25000000000        213.5476    
  -3250.00000000000        184.0571    
  -3218.75000000000        223.5351    
  -3187.50000000000        101.7267    
  -3156.25000000000        239.8036    
  -3125.00000000000        141.7645    
  -3093.75000000000        188.4683    
  -3062.50000000000        218.3516    
  -3031.25000000000        173.3155    
  -3000.00000000000        107.4870    
  -2968.75000000000        107.4585    
  -2937.50000000000        195.3757    
  -2906.25000000000        25.49713    
  -2875.00000000000        128.4409    
  -2843.75000000000        59.96089    
  -2812.50000000000        139.5752    
  -2781.25000000000        47.42159    
  -2750.00000000000        66.11438    
  -2718.75000000000        69.76570    
  -2687.50000000000        132.3413    
  -2656.25000000000        52.35175    
  -2625.00000000000        33.67404    
  -2593.75000000000        94.39699    
  -2562.50000000000        62.49983    
  -2531.25000000000        19.23190    
  -2500.00000000000        138.6504    
  -2468.75000000000        14.05471    
  -2437.50000000000        93.94591    
  -2406.25000000000        50.58749    
  -2375.00000000000        22.92243    
  -2343.75000000000        139.1052    
  -2312.50000000000        86.68056    
  -2281.25000000000        40.32223    
  -2250.00000000000        49.19307    
  -2218.75000000000        71.15646    
  -2187.50000000000        103.2490    
  -2156.25000000000        106.4105    
  -2125.00000000000        63.82697    
  -2093.75000000000        81.65065    
  -2062.50000000000        63.25764    
  -2031.25000000000        20.69271    
  -2000.00000000000        42.59150    
  -1968.75000000000        68.10210    
  -1937.50000000000        50.55667    
  -1906.25000000000        30.01797    
  -1875.00000000000        77.37913    
  -1843.75000000000        93.86825    
  -1812.50000000000        246.3250    
  -1781.25000000000        292.2044    
  -1750.00000000000        140.5712    
  -1718.75000000000        104.7380    
  -1687.50000000000        147.0549    
  -1656.25000000000        164.1986    
  -1625.00000000000        103.7964    
  -1593.75000000000        52.66151    
  -1562.50000000000        197.7747    
  -1531.25000000000        116.2858    
  -1500.00000000000        37.65546    
  -1468.75000000000        75.26115    
  -1437.50000000000        43.92511    
  -1406.25000000000        81.22816    
  -1375.00000000000        132.8986    
  -1343.75000000000        101.0890    
  -1312.50000000000        82.27917    
  -1281.25000000000        72.49821    
  -1250.00000000000        220.7146    
  -1218.75000000000        43.61917    
  -1187.50000000000        40.16622    
  -1156.25000000000        143.3817    
  -1125.00000000000        34.96278    
  -1093.75000000000        89.40028    
  -1062.50000000000        163.8546    
  -1031.25000000000        68.68818    
  -1000.00000000000        96.37397    
  -968.750000000000        89.44949    
  -937.500000000000        36.43528    
  -906.250000000000        163.7698    
  -875.000000000000        82.90079    
  -843.750000000000        127.0006    
  -812.500000000000        220.3410    
  -781.250000000000        271.6437    
  -750.000000000000        207.8922    
  -718.750000000000        265.5733    
  -687.500000000000        245.1053    
  -656.250000000000        403.1186    
  -625.000000000000        34.27342    
  -593.750000000000        296.5391    
  -562.500000000000        113.2229    
  -531.250000000000        187.9553    
  -500.000000000000        296.7560    
  -468.750000000000        69.41162    
  -437.500000000000        221.7721    
  -406.250000000000        281.4799    
  -375.000000000000        641.6342    
  -343.750000000000        1039.179    
  -312.500000000000        545.5858    
  -281.250000000000        754.8796    
  -250.000000000000        383.8519    
  -218.750000000000        38.24781    
  -187.500000000000        353.8301    
  -156.250000000000        1339.807    
  -125.000000000000        1313.700    
  -93.7500000000000        474.1913    
  -62.5000000000000        1297.570    
  -31.2500000000000        2299.923    
  0.000000000000000E+000   5953.675    
   31.2500000000000        2255.317    
   62.5000000000000        1308.754    
   93.7500000000000        469.4920    
   125.000000000000        1332.232    
   156.250000000000        1349.179    
   187.500000000000        361.2821    
   218.750000000000        33.71456    
   250.000000000000        365.8565    
   281.250000000000        742.5951    
   312.500000000000        544.8815    
   343.750000000000        1038.015    
   375.000000000000        631.6689    
   406.250000000000        283.4169    
   437.500000000000        223.3971    
   468.750000000000        71.88129    
   500.000000000000        299.9043    
   531.250000000000        189.1192    
   562.500000000000        123.9933    
   593.750000000000        292.8837    
   625.000000000000        37.55782    
   656.250000000000        405.0046    
   687.500000000000        233.7632    
   718.750000000000        264.3353    
   750.000000000000        211.5222    
   781.250000000000        270.6549    
   812.500000000000        211.6922    
   843.750000000000        127.1359    
   875.000000000000        83.18896    
   906.250000000000        162.3660    
   937.500000000000        36.19182    
   968.750000000000        93.48425    
   1000.00000000000        92.75949    
   1031.25000000000        67.95760    
   1062.50000000000        160.2411    
   1093.75000000000        88.26909    
   1125.00000000000        25.75345    
   1156.25000000000        141.7512    
   1187.50000000000        36.46562    
   1218.75000000000        43.08997    
   1250.00000000000        221.5931    
   1281.25000000000        71.37154    
   1312.50000000000        83.52843    
   1343.75000000000        104.0060    
   1375.00000000000        131.6719    
   1406.25000000000        79.14227    
   1437.50000000000        37.24218    
   1468.75000000000        70.93692    
   1500.00000000000        37.78855    
   1531.25000000000        116.0279    
   1562.50000000000        198.6575    
   1593.75000000000        51.19770    
   1625.00000000000        96.82150    
   1656.25000000000        160.4893    
   1687.50000000000        139.4965    
   1718.75000000000        99.63366    
   1750.00000000000        145.0665    
   1781.25000000000        287.9189    
   1812.50000000000        243.3982    
   1843.75000000000        92.86440    
   1875.00000000000        81.47976    
   1906.25000000000        26.69117    
   1937.50000000000        47.43552    
   1968.75000000000        66.75653    
   2000.00000000000        41.78654    
   2031.25000000000        15.73302    
   2062.50000000000        65.05119    
   2093.75000000000        82.18697    
   2125.00000000000        64.28657    
   2156.25000000000        105.4108    
   2187.50000000000        100.9305    
   2218.75000000000        70.87754    
   2250.00000000000        50.20346    
   2281.25000000000        43.24466    
   2312.50000000000        85.09744    
   2343.75000000000        140.7683    
   2375.00000000000        22.40873    
   2406.25000000000        49.39703    
   2437.50000000000        94.01097    
   2468.75000000000        13.70309    
   2500.00000000000        138.4919    
   2531.25000000000        18.08055    
   2562.50000000000        62.26253    
   2593.75000000000        95.96046    
   2625.00000000000        34.20856    
   2656.25000000000        52.33586    
   2687.50000000000        133.8347    
   2718.75000000000        70.33051    
   2750.00000000000        71.26221    
   2781.25000000000        47.16369    
   2812.50000000000        140.9182    
   2843.75000000000        59.46639    
   2875.00000000000        130.0980    
   2906.25000000000        24.72263    
   2937.50000000000        195.7152    
   2968.75000000000        104.9828    
   3000.00000000000        109.2027    
   3031.25000000000        175.3436    
   3062.50000000000        219.6801    
   3093.75000000000        189.6744    
   3125.00000000000        138.8403    
   3156.25000000000        238.4929    
   3187.50000000000        102.3384    
   3218.75000000000        227.7965    
   3250.00000000000        187.4340    
   3281.25000000000        216.2091    
   3312.50000000000        230.5947    
   3343.75000000000        121.6990    
   3375.00000000000        126.1966    
   3406.25000000000        418.2238    
   3437.50000000000        146.4679    
   3468.75000000000        255.5696    
   3500.00000000000        268.7108    
   3531.25000000000        83.63416    
   3562.50000000000        240.5344    
   3593.75000000000        208.7899    
   3625.00000000000        154.4887    
   3656.25000000000        335.8519    
   3687.50000000000        274.0903    
   3718.75000000000        300.5376    
   3750.00000000000        234.0451    
   3781.25000000000        392.0782    
   3812.50000000000        260.2264    
   3843.75000000000        369.8390    
   3875.00000000000        323.0233    
   3906.25000000000        214.7234    
   3937.50000000000        455.0571    
   3968.75000000000        362.7879    
