  -2000.00000000000        92.87364    
  -1984.37500000000        10.72491    
  -1968.75000000000        57.33149    
  -1953.12500000000        81.40666    
  -1937.50000000000        206.5614    
  -1921.87500000000        142.4217    
  -1906.25000000000        38.11199    
  -1890.62500000000        134.1239    
  -1875.00000000000        86.47588    
  -1859.37500000000        160.9324    
  -1843.75000000000        59.35324    
  -1828.12500000000        190.7464    
  -1812.50000000000        44.68354    
  -1796.87500000000        117.5036    
  -1781.25000000000        83.07291    
  -1765.62500000000        86.33871    
  -1750.00000000000        253.0054    
  -1734.37500000000        51.58076    
  -1718.75000000000        85.33937    
  -1703.12500000000        61.74411    
  -1687.50000000000        21.33298    
  -1671.87500000000        129.2914    
  -1656.25000000000        64.45290    
  -1640.62500000000        71.86387    
  -1625.00000000000        29.75260    
  -1609.37500000000        74.69425    
  -1593.75000000000        101.2418    
  -1578.12500000000        74.24986    
  -1562.50000000000        89.27940    
  -1546.87500000000        650.7125    
  -1531.25000000000        228.1331    
  -1515.62500000000        125.1792    
  -1500.00000000000        317.9110    
  -1484.37500000000        111.4811    
  -1468.75000000000        77.90109    
  -1453.12500000000        16.26350    
  -1437.50000000000        94.45465    
  -1421.87500000000        119.0511    
  -1406.25000000000        30.68319    
  -1390.62500000000        43.47829    
  -1375.00000000000        34.17799    
  -1359.37500000000        669.1829    
  -1343.75000000000        165.2816    
  -1328.12500000000        99.29585    
  -1312.50000000000        56.31363    
  -1296.87500000000        279.4080    
  -1281.25000000000        186.5210    
  -1265.62500000000        145.9660    
  -1250.00000000000        371.5162    
  -1234.37500000000        203.5511    
  -1218.75000000000        89.54200    
  -1203.12500000000        331.6595    
  -1187.50000000000        321.3707    
  -1171.87500000000        1070.144    
  -1156.25000000000        933.5737    
  -1140.62500000000        264.2115    
  -1125.00000000000        204.4636    
  -1109.37500000000        132.2139    
  -1093.75000000000        162.9742    
  -1078.12500000000        83.70079    
  -1062.50000000000        67.05827    
  -1046.87500000000        30.70828    
  -1031.25000000000        74.90407    
  -1015.62500000000        129.7606    
  -1000.00000000000        88.03890    
  -984.375000000000        78.28687    
  -968.750000000000        1347.416    
  -953.125000000000        355.9776    
  -937.500000000000        153.5489    
  -921.875000000000        385.4175    
  -906.250000000000        214.3528    
  -890.625000000000        81.10258    
  -875.000000000000        110.5689    
  -859.375000000000        124.1580    
  -843.750000000000        84.62556    
  -828.125000000000        290.0995    
  -812.500000000000        196.1207    
  -796.875000000000        234.9280    
  -781.250000000000        1079.991    
  -765.625000000000        339.0652    
  -750.000000000000        198.7683    
  -734.375000000000        74.52081    
  -718.750000000000        206.7278    
  -703.125000000000        153.8213    
  -687.500000000000        128.9325    
  -671.875000000000        215.0276    
  -656.250000000000        292.2280    
  -640.625000000000        214.1446    
  -625.000000000000        641.1734    
  -609.375000000000        897.4777    
  -593.750000000000        1605.647    
  -578.125000000000        5951.009    
  -562.500000000000        1085.945    
  -546.875000000000        435.7263    
  -531.250000000000        533.4676    
  -515.625000000000        337.6704    
  -500.000000000000        329.6606    
  -484.375000000000        197.8334    
  -468.750000000000        298.8114    
  -453.125000000000        251.5406    
  -437.500000000000        226.1349    
  -421.875000000000        509.7734    
  -406.250000000000        467.4245    
  -390.625000000000        3620.681    
  -375.000000000000        495.1301    
  -359.375000000000        505.2291    
  -343.750000000000        407.4782    
  -328.125000000000        449.9757    
  -312.500000000000        396.9206    
  -296.875000000000        644.7654    
  -281.250000000000        321.3108    
  -265.625000000000        758.6747    
  -250.000000000000        944.4855    
  -234.375000000000        988.1829    
  -218.750000000000        1636.177    
  -203.125000000000        5027.422    
  -187.500000000000        6932.833    
  -171.875000000000        2180.664    
  -156.250000000000        1230.802    
  -140.625000000000        810.0776    
  -125.000000000000        799.1062    
  -109.375000000000        750.4456    
  -93.7500000000000        593.5873    
  -78.1250000000000        578.0872    
  -62.5000000000000        371.3282    
  -46.8750000000000        383.0436    
  -31.2500000000000        438.8927    
  -15.6250000000000        391.0008    
  0.000000000000000E+000   108294.5    
   15.6250000000000        877.6388    
   31.2500000000000        527.7554    
   46.8750000000000        749.4771    
   62.5000000000000        231.0729    
   78.1250000000000        466.6505    
   93.7500000000000        486.6665    
   109.375000000000        474.0328    
   125.000000000000        673.9005    
   140.625000000000        452.3352    
   156.250000000000        906.4653    
   171.875000000000        1537.184    
   187.500000000000        4054.852    
   203.125000000000        2570.730    
   218.750000000000        1234.106    
   234.375000000000        771.1145    
   250.000000000000        941.1693    
   265.625000000000        457.2803    
   281.250000000000        376.2628    
   296.875000000000        321.5587    
   312.500000000000        359.8369    
   328.125000000000        342.5624    
   343.750000000000        435.0153    
   359.375000000000        636.6245    
   375.000000000000        1718.826    
   390.625000000000        5716.850    
   406.250000000000        959.6855    
   421.875000000000        674.6587    
   437.500000000000        641.1166    
   453.125000000000        281.0583    
   468.750000000000        164.0387    
   484.375000000000        222.5262    
   500.000000000000        426.7838    
   515.625000000000        420.8988    
   531.250000000000        523.6402    
   546.875000000000        663.0660    
   562.500000000000        1010.136    
   578.125000000000        6411.325    
   593.750000000000        2406.224    
   609.375000000000        897.9361    
   625.000000000000        680.9285    
   640.625000000000        441.0016    
   656.250000000000        414.3345    
   671.875000000000        415.6382    
   687.500000000000        404.7992    
   703.125000000000        306.0892    
   718.750000000000        195.0116    
   734.375000000000        447.9708    
   750.000000000000        493.3615    
   765.625000000000        1488.451    
   781.250000000000        1708.884    
   796.875000000000        418.5035    
   812.500000000000        273.4856    
   828.125000000000        276.6665    
   843.750000000000        94.36681    
   859.375000000000        5.760087    
   875.000000000000        111.3433    
   890.625000000000        161.2806    
   906.250000000000        321.1812    
   921.875000000000        377.2266    
   937.500000000000        71.11379    
   953.125000000000        48.65710    
   968.750000000000        515.0097    
   984.375000000000        168.6694    
   1000.00000000000        46.97162    
   1015.62500000000        46.63377    
   1031.25000000000        109.3994    
   1046.87500000000        72.17034    
   1062.50000000000        97.17300    
   1078.12500000000        128.8437    
   1093.75000000000        168.2190    
   1109.37500000000        194.8860    
   1125.00000000000        81.35387    
   1140.62500000000        105.6119    
   1156.25000000000        783.2402    
   1171.87500000000        752.2369    
   1187.50000000000        194.4740    
   1203.12500000000        163.8133    
   1218.75000000000        36.33471    
   1234.37500000000        144.4980    
   1250.00000000000        321.0477    
   1265.62500000000        64.69299    
   1281.25000000000        62.75835    
   1296.87500000000        170.9001    
   1312.50000000000        98.58021    
   1328.12500000000        48.62731    
   1343.75000000000        5.728364    
   1359.37500000000        162.9523    
   1375.00000000000        68.01889    
   1390.62500000000        86.70227    
   1406.25000000000        36.86919    
   1421.87500000000        124.2623    
   1437.50000000000        77.22146    
   1453.12500000000        79.78695    
   1468.75000000000        51.13364    
   1484.37500000000        219.6530    
   1500.00000000000        224.1691    
   1515.62500000000        89.91620    
   1531.25000000000        65.31543    
   1546.87500000000        233.1467    
   1562.50000000000        92.25771    
   1578.12500000000        223.3063    
   1593.75000000000        37.14320    
   1609.37500000000        127.1550    
   1625.00000000000        6.783734    
   1640.62500000000        89.47436    
   1656.25000000000        49.81494    
   1671.87500000000        50.01558    
   1687.50000000000        13.33959    
   1703.12500000000        58.98767    
   1718.75000000000        114.0035    
   1734.37500000000        67.31047    
   1750.00000000000        87.28078    
   1765.62500000000        26.70862    
   1781.25000000000        107.0666    
   1796.87500000000        23.07520    
   1812.50000000000        46.82613    
   1828.12500000000        96.40068    
   1843.75000000000        138.5228    
   1859.37500000000        191.2001    
   1875.00000000000        137.9556    
   1890.62500000000        13.90965    
   1906.25000000000        87.12811    
   1921.87500000000        162.9229    
   1937.50000000000        235.1468    
   1953.12500000000        97.19968    
   1968.75000000000        94.18983    
   1984.37500000000        51.27110    
