  -2000.00000000000        3.319506    
  -1984.37500000000        13.85018    
  -1968.75000000000        13.42652    
  -1953.12500000000        23.20472    
  -1937.50000000000        44.21485    
  -1921.87500000000        13.32649    
  -1906.25000000000        12.47793    
  -1890.62500000000        3.825587    
  -1875.00000000000        12.44712    
  -1859.37500000000        10.94732    
  -1843.75000000000        13.09903    
  -1828.12500000000        11.94485    
  -1812.50000000000        5.808229    
  -1796.87500000000        8.318488    
  -1781.25000000000        11.17768    
  -1765.62500000000        11.11648    
  -1750.00000000000        34.08875    
  -1734.37500000000        25.70378    
  -1718.75000000000        9.127668    
  -1703.12500000000       0.7863489    
  -1687.50000000000        7.439902    
  -1671.87500000000        14.28525    
  -1656.25000000000        11.93729    
  -1640.62500000000        15.34217    
  -1625.00000000000        11.78504    
  -1609.37500000000        10.53157    
  -1593.75000000000        8.566013    
  -1578.12500000000        7.100341    
  -1562.50000000000        23.90561    
  -1546.87500000000        46.01167    
  -1531.25000000000        16.38013    
  -1515.62500000000        8.956775    
  -1500.00000000000        29.30454    
  -1484.37500000000        36.64859    
  -1468.75000000000        12.05920    
  -1453.12500000000        9.007351    
  -1437.50000000000        15.52953    
  -1421.87500000000        25.97150    
  -1406.25000000000        9.221208    
  -1390.62500000000        4.691029    
  -1375.00000000000        17.44478    
  -1359.37500000000        22.79267    
  -1343.75000000000        14.48731    
  -1328.12500000000        9.948548    
  -1312.50000000000        10.04575    
  -1296.87500000000        13.52752    
  -1281.25000000000        13.96550    
  -1265.62500000000        7.553314    
  -1250.00000000000        34.70950    
  -1234.37500000000        19.50991    
  -1218.75000000000        10.84598    
  -1203.12500000000        20.12179    
  -1187.50000000000        28.30133    
  -1171.87500000000        108.6845    
  -1156.25000000000        109.6834    
  -1140.62500000000        28.71067    
  -1125.00000000000        18.74348    
  -1109.37500000000        15.04283    
  -1093.75000000000        20.36532    
  -1078.12500000000        9.755660    
  -1062.50000000000        8.502559    
  -1046.87500000000        7.777862    
  -1031.25000000000        5.612658    
  -1015.62500000000        6.672145    
  -1000.00000000000        10.50349    
  -984.375000000000        23.16701    
  -968.750000000000        179.9554    
  -953.125000000000        20.51445    
  -937.500000000000        16.94038    
  -921.875000000000        40.98802    
  -906.250000000000        26.19137    
  -890.625000000000        25.28011    
  -875.000000000000        15.75786    
  -859.375000000000        15.18558    
  -843.750000000000        12.68159    
  -828.125000000000        31.98192    
  -812.500000000000        25.76800    
  -796.875000000000        34.26887    
  -781.250000000000        99.13686    
  -765.625000000000        102.9169    
  -750.000000000000        29.01948    
  -734.375000000000        26.72001    
  -718.750000000000        37.22843    
  -703.125000000000        36.39938    
  -687.500000000000        41.88321    
  -671.875000000000        36.16518    
  -656.250000000000        40.16137    
  -640.625000000000        39.04789    
  -625.000000000000        67.36010    
  -609.375000000000        94.38084    
  -593.750000000000        199.4209    
  -578.125000000000        591.5016    
  -562.500000000000        108.1426    
  -546.875000000000        26.98985    
  -531.250000000000        58.33982    
  -515.625000000000        30.31660    
  -500.000000000000        26.24850    
  -484.375000000000        9.628427    
  -468.750000000000        17.60785    
  -453.125000000000        22.86838    
  -437.500000000000        26.25379    
  -421.875000000000        24.32512    
  -406.250000000000        49.97253    
  -390.625000000000        210.4432    
  -375.000000000000        48.79558    
  -359.375000000000        30.41251    
  -343.750000000000        18.01517    
  -328.125000000000        29.25593    
  -312.500000000000        37.73366    
  -296.875000000000        42.74153    
  -281.250000000000        24.25507    
  -265.625000000000        43.76212    
  -250.000000000000        49.56909    
  -234.375000000000        44.79504    
  -218.750000000000        106.9507    
  -203.125000000000        343.1733    
  -187.500000000000        426.4274    
  -171.875000000000        121.5964    
  -156.250000000000        73.66821    
  -140.625000000000        53.10301    
  -125.000000000000        44.72134    
  -109.375000000000        34.46603    
  -93.7500000000000        18.10324    
  -78.1250000000000        53.89189    
  -62.5000000000000        21.82382    
  -46.8750000000000        34.52388    
  -31.2500000000000        21.56531    
  -15.6250000000000        72.86004    
  0.000000000000000E+000   13265.32    
   15.6250000000000        66.72703    
   31.2500000000000        25.20451    
   46.8750000000000        47.60211    
   62.5000000000000        20.49894    
   78.1250000000000        51.53725    
   93.7500000000000        18.46713    
   109.375000000000        17.62305    
   125.000000000000        40.09897    
   140.625000000000        42.76876    
   156.250000000000        53.74053    
   171.875000000000        87.10887    
   187.500000000000        221.2786    
   203.125000000000        158.8528    
   218.750000000000        73.17775    
   234.375000000000        33.65173    
   250.000000000000        35.61610    
   265.625000000000        17.90870    
   281.250000000000        26.73025    
   296.875000000000        16.21216    
   312.500000000000        41.09016    
   328.125000000000        18.64782    
   343.750000000000        22.05559    
   359.375000000000        49.82332    
   375.000000000000        117.4803    
   390.625000000000        320.7949    
   406.250000000000        81.57888    
   421.875000000000        42.53210    
   437.500000000000        50.15852    
   453.125000000000        20.82695    
   468.750000000000        19.72317    
   484.375000000000        19.39738    
   500.000000000000        31.02533    
   515.625000000000        48.36494    
   531.250000000000        47.32020    
   546.875000000000        40.06304    
   562.500000000000        93.73688    
   578.125000000000        602.3759    
   593.750000000000        219.3181    
   609.375000000000        99.19501    
   625.000000000000        71.11938    
   640.625000000000        41.25949    
   656.250000000000        43.21492    
   671.875000000000        28.70505    
   687.500000000000        34.17918    
   703.125000000000        39.64411    
   718.750000000000        23.80631    
   734.375000000000        28.21826    
   750.000000000000        38.29565    
   765.625000000000        127.5716    
   781.250000000000        124.9863    
   796.875000000000        39.50531    
   812.500000000000        22.48285    
   828.125000000000        6.991769    
   843.750000000000        18.91949    
   859.375000000000        8.235207    
   875.000000000000        19.93507    
   890.625000000000        18.39024    
   906.250000000000        36.67810    
   921.875000000000        29.53600    
   937.500000000000        10.19744    
   953.125000000000        16.46695    
   968.750000000000        49.83767    
   984.375000000000        22.44265    
   1000.00000000000        11.58493    
   1015.62500000000        7.477708    
   1031.25000000000        14.04112    
   1046.87500000000        18.86634    
   1062.50000000000        8.892193    
   1078.12500000000        6.910016    
   1093.75000000000        25.35845    
   1109.37500000000        14.12459    
   1125.00000000000        17.90283    
   1140.62500000000        28.54558    
   1156.25000000000        83.33253    
   1171.87500000000        78.83922    
   1187.50000000000        26.94926    
   1203.12500000000        22.99657    
   1218.75000000000        3.637951    
   1234.37500000000        18.54696    
   1250.00000000000        39.91159    
   1265.62500000000        7.862836    
   1281.25000000000        7.946191    
   1296.87500000000        18.96443    
   1312.50000000000        8.430494    
   1328.12500000000        6.431234    
   1343.75000000000        9.115458    
   1359.37500000000        26.22407    
   1375.00000000000        6.492329    
   1390.62500000000        13.49348    
   1406.25000000000        19.29650    
   1421.87500000000        25.35618    
   1437.50000000000        7.274429    
   1453.12500000000        3.748943    
   1468.75000000000        9.968711    
   1484.37500000000        12.91701    
   1500.00000000000        27.45718    
   1515.62500000000        11.00163    
   1531.25000000000        7.471927    
   1546.87500000000        31.17481    
   1562.50000000000        11.20929    
   1578.12500000000        20.40387    
   1593.75000000000        11.90762    
   1609.37500000000        8.013488    
   1625.00000000000        1.224114    
   1640.62500000000        3.675227    
   1656.25000000000        3.218743    
   1671.87500000000        32.57176    
   1687.50000000000        11.79627    
   1703.12500000000        6.538778    
   1718.75000000000        17.23156    
   1734.37500000000        17.43569    
   1750.00000000000        39.67934    
   1765.62500000000        11.21753    
   1781.25000000000        14.64906    
   1796.87500000000        10.03071    
   1812.50000000000        5.163770    
   1828.12500000000        19.44682    
   1843.75000000000        5.085592    
   1859.37500000000        16.03938    
   1875.00000000000        20.61302    
   1890.62500000000        16.95636    
   1906.25000000000        14.56936    
   1921.87500000000        21.19445    
   1937.50000000000        8.072550    
   1953.12500000000        7.524106    
   1968.75000000000        7.142390    
   1984.37500000000        6.114256    
