  -2000.00000000000        5.047781    
  -1984.37500000000        2.569689    
  -1968.75000000000        6.216842    
  -1953.12500000000        8.140136    
  -1937.50000000000        8.712814    
  -1921.87500000000        13.18914    
  -1906.25000000000        4.572010    
  -1890.62500000000        8.495221    
  -1875.00000000000        4.386767    
  -1859.37500000000        2.953898    
  -1843.75000000000        3.993597    
  -1828.12500000000        9.728800    
  -1812.50000000000        3.628858    
  -1796.87500000000        3.461160    
  -1781.25000000000        8.005472    
  -1765.62500000000        3.971345    
  -1750.00000000000        22.60434    
  -1734.37500000000        4.943226    
  -1718.75000000000        6.642237    
  -1703.12500000000        1.659564    
  -1687.50000000000        3.327618    
  -1671.87500000000        5.372635    
  -1656.25000000000        3.645926    
  -1640.62500000000        5.575613    
  -1625.00000000000       0.9218167    
  -1609.37500000000        4.133551    
  -1593.75000000000        5.766368    
  -1578.12500000000        10.52430    
  -1562.50000000000        8.249839    
  -1546.87500000000        26.53203    
  -1531.25000000000        6.662971    
  -1515.62500000000        6.311047    
  -1500.00000000000        15.38879    
  -1484.37500000000        7.535630    
  -1468.75000000000        2.408851    
  -1453.12500000000        3.744385    
  -1437.50000000000        3.542156    
  -1421.87500000000        8.057240    
  -1406.25000000000        6.052023    
  -1390.62500000000        5.421949    
  -1375.00000000000        1.012641    
  -1359.37500000000        17.85686    
  -1343.75000000000        6.998046    
  -1328.12500000000        5.481009    
  -1312.50000000000        4.311446    
  -1296.87500000000        12.25885    
  -1281.25000000000        4.498008    
  -1265.62500000000        5.606301    
  -1250.00000000000        22.56972    
  -1234.37500000000        9.037887    
  -1218.75000000000        5.984487    
  -1203.12500000000        15.57503    
  -1187.50000000000        17.49315    
  -1171.87500000000        50.52799    
  -1156.25000000000        48.49965    
  -1140.62500000000        11.72147    
  -1125.00000000000        4.841680    
  -1109.37500000000        9.619501    
  -1093.75000000000        1.393756    
  -1078.12500000000        3.854685    
  -1062.50000000000        3.067808    
  -1046.87500000000        2.528809    
  -1031.25000000000        4.060432    
  -1015.62500000000        3.611289    
  -1000.00000000000        1.246545    
  -984.375000000000        7.758788    
  -968.750000000000        50.43869    
  -953.125000000000        14.23403    
  -937.500000000000        9.368122    
  -921.875000000000        24.23952    
  -906.250000000000        17.68440    
  -890.625000000000        7.764165    
  -875.000000000000        5.894122    
  -859.375000000000        6.013610    
  -843.750000000000        6.261143    
  -828.125000000000        10.06209    
  -812.500000000000        11.84757    
  -796.875000000000        21.19003    
  -781.250000000000        73.51858    
  -765.625000000000        65.55697    
  -750.000000000000        21.75399    
  -734.375000000000        17.23117    
  -718.750000000000        21.56416    
  -703.125000000000        19.31765    
  -687.500000000000        19.39952    
  -671.875000000000        21.24821    
  -656.250000000000        26.93569    
  -640.625000000000        24.64542    
  -625.000000000000        40.91421    
  -609.375000000000        61.76173    
  -593.750000000000        135.0654    
  -578.125000000000        383.6728    
  -562.500000000000        65.01272    
  -546.875000000000        23.57667    
  -531.250000000000        33.35088    
  -515.625000000000        20.61480    
  -500.000000000000        17.05844    
  -484.375000000000        7.423713    
  -468.750000000000        8.994417    
  -453.125000000000        14.14026    
  -437.500000000000        23.69161    
  -421.875000000000        17.64026    
  -406.250000000000        42.35946    
  -390.625000000000        165.2264    
  -375.000000000000        58.18711    
  -359.375000000000        26.42983    
  -343.750000000000        6.773687    
  -328.125000000000        8.996539    
  -312.500000000000        20.56255    
  -296.875000000000        14.75817    
  -281.250000000000        14.70998    
  -265.625000000000        17.49977    
  -250.000000000000        18.23736    
  -234.375000000000        21.78839    
  -218.750000000000        49.49197    
  -203.125000000000        154.0599    
  -187.500000000000        196.8670    
  -171.875000000000        60.44109    
  -156.250000000000        32.82508    
  -140.625000000000        27.24123    
  -125.000000000000        25.65400    
  -109.375000000000        12.30092    
  -93.7500000000000        2.762171    
  -78.1250000000000        31.55916    
  -62.5000000000000        12.59892    
  -46.8750000000000        22.03285    
  -31.2500000000000        15.05335    
  -15.6250000000000        44.06327    
  0.000000000000000E+000   8576.562    
   15.6250000000000        44.89828    
   31.2500000000000        15.96604    
   46.8750000000000        22.52345    
   62.5000000000000        10.89380    
   78.1250000000000        30.84791    
   93.7500000000000        2.583044    
   109.375000000000        10.00623    
   125.000000000000        23.46164    
   140.625000000000        23.24236    
   156.250000000000        27.17280    
   171.875000000000        50.13851    
   187.500000000000        159.9880    
   203.125000000000        127.5259    
   218.750000000000        41.11796    
   234.375000000000        16.24077    
   250.000000000000        21.41491    
   265.625000000000        13.78504    
   281.250000000000        12.36030    
   296.875000000000        12.10571    
   312.500000000000        18.72937    
   328.125000000000        6.591766    
   343.750000000000        5.225903    
   359.375000000000        24.37319    
   375.000000000000        57.91935    
   390.625000000000        150.2896    
   406.250000000000        41.07362    
   421.875000000000        17.55792    
   437.500000000000        23.07383    
   453.125000000000        13.56915    
   468.750000000000        9.919382    
   484.375000000000        6.821633    
   500.000000000000        16.72939    
   515.625000000000        20.58093    
   531.250000000000        31.98793    
   546.875000000000        22.85385    
   562.500000000000        64.44550    
   578.125000000000        382.7436    
   593.750000000000        135.6769    
   609.375000000000        62.26303    
   625.000000000000        41.07174    
   640.625000000000        24.95230    
   656.250000000000        27.20320    
   671.875000000000        21.54154    
   687.500000000000        19.87782    
   703.125000000000        19.67468    
   718.750000000000        21.41790    
   734.375000000000        17.83007    
   750.000000000000        22.38284    
   765.625000000000        66.34290    
   781.250000000000        73.25188    
   796.875000000000        20.54561    
   812.500000000000        11.72370    
   828.125000000000        9.889146    
   843.750000000000        5.856833    
   859.375000000000        5.362997    
   875.000000000000        5.569301    
   890.625000000000        7.387157    
   906.250000000000        17.49974    
   921.875000000000        24.26502    
   937.500000000000        9.403678    
   953.125000000000        13.73425    
   968.750000000000        49.86771    
   984.375000000000        8.159636    
   1000.00000000000       0.9117212    
   1015.62500000000        3.884540    
   1031.25000000000        3.622531    
   1046.87500000000        2.027919    
   1062.50000000000        3.113387    
   1078.12500000000        3.956235    
   1093.75000000000       0.9826069    
   1109.37500000000        9.440026    
   1125.00000000000        4.760040    
   1140.62500000000        11.51846    
   1156.25000000000        48.35570    
   1171.87500000000        50.42353    
   1187.50000000000        17.65875    
   1203.12500000000        15.37204    
   1218.75000000000        5.702240    
   1234.37500000000        8.989975    
   1250.00000000000        22.41312    
   1265.62500000000        5.397690    
   1281.25000000000        4.036438    
   1296.87500000000        12.20385    
   1312.50000000000        4.483493    
   1328.12500000000        5.557827    
   1343.75000000000        7.003725    
   1359.37500000000        17.91586    
   1375.00000000000        1.035278    
   1390.62500000000        5.577600    
   1406.25000000000        6.153716    
   1421.87500000000        7.908973    
   1437.50000000000        3.277452    
   1453.12500000000        3.659745    
   1468.75000000000        2.383078    
   1484.37500000000        7.954932    
   1500.00000000000        15.24426    
   1515.62500000000        6.445426    
   1531.25000000000        6.188326    
   1546.87500000000        26.20435    
   1562.50000000000        8.548368    
   1578.12500000000        10.40498    
   1593.75000000000        6.061950    
   1609.37500000000        4.218569    
   1625.00000000000       0.6865541    
   1640.62500000000        5.813383    
   1656.25000000000        3.852603    
   1671.87500000000        5.598950    
   1687.50000000000        3.606577    
   1703.12500000000        1.694949    
   1718.75000000000        6.709993    
   1734.37500000000        5.233353    
   1750.00000000000        22.31065    
   1765.62500000000        3.688325    
   1781.25000000000        7.828462    
   1796.87500000000        3.252457    
   1812.50000000000        3.509958    
   1828.12500000000        9.496449    
   1843.75000000000        3.934633    
   1859.37500000000        2.423155    
   1875.00000000000        4.223576    
   1890.62500000000        8.741826    
   1906.25000000000        4.325910    
   1921.87500000000        13.49130    
   1937.50000000000        9.058852    
   1953.12500000000        8.230919    
   1968.75000000000        6.261338    
   1984.37500000000        2.401709    
