  -2000.00000000000        4.626987    
  -1984.37500000000        2.861375    
  -1968.75000000000        6.569606    
  -1953.12500000000        8.663741    
  -1937.50000000000        7.184930    
  -1921.87500000000        14.03903    
  -1906.25000000000        5.095116    
  -1890.62500000000        9.210657    
  -1875.00000000000        5.781849    
  -1859.37500000000        3.515239    
  -1843.75000000000        4.935816    
  -1828.12500000000        9.731445    
  -1812.50000000000        4.529466    
  -1796.87500000000        4.442713    
  -1781.25000000000        7.906376    
  -1765.62500000000        3.274168    
  -1750.00000000000        24.47840    
  -1734.37500000000        6.308393    
  -1718.75000000000        7.306950    
  -1703.12500000000        2.128534    
  -1687.50000000000        4.445356    
  -1671.87500000000        6.288686    
  -1656.25000000000        5.635842    
  -1640.62500000000        7.148127    
  -1625.00000000000       0.6624187    
  -1609.37500000000        2.827128    
  -1593.75000000000        6.504814    
  -1578.12500000000        12.83769    
  -1562.50000000000        11.03136    
  -1546.87500000000        23.26993    
  -1531.25000000000        4.915832    
  -1515.62500000000        5.817460    
  -1500.00000000000        15.17256    
  -1484.37500000000        6.659146    
  -1468.75000000000        2.691463    
  -1453.12500000000        3.617067    
  -1437.50000000000        2.989143    
  -1421.87500000000        9.355145    
  -1406.25000000000        5.384830    
  -1390.62500000000        5.444147    
  -1375.00000000000        1.209772    
  -1359.37500000000        23.76974    
  -1343.75000000000        7.090950    
  -1328.12500000000        6.204814    
  -1312.50000000000        4.319093    
  -1296.87500000000        11.84105    
  -1281.25000000000        2.045926    
  -1265.62500000000        4.998652    
  -1250.00000000000        22.84660    
  -1234.37500000000        9.824143    
  -1218.75000000000        5.144583    
  -1203.12500000000        14.76855    
  -1187.50000000000        17.63348    
  -1171.87500000000        50.26721    
  -1156.25000000000        47.78123    
  -1140.62500000000        11.89522    
  -1125.00000000000        5.655026    
  -1109.37500000000        11.16888    
  -1093.75000000000        2.476389    
  -1078.12500000000        2.525497    
  -1062.50000000000        2.698285    
  -1046.87500000000        1.829290    
  -1031.25000000000        4.826215    
  -1015.62500000000        4.142832    
  -1000.00000000000        1.087055    
  -984.375000000000        7.535265    
  -968.750000000000        65.37531    
  -953.125000000000        14.75004    
  -937.500000000000        10.13336    
  -921.875000000000        25.27358    
  -906.250000000000        19.31970    
  -890.625000000000        6.175951    
  -875.000000000000        6.215249    
  -859.375000000000        7.129168    
  -843.750000000000        6.304895    
  -828.125000000000        8.580277    
  -812.500000000000        12.07484    
  -796.875000000000        23.13699    
  -781.250000000000        80.68750    
  -765.625000000000        71.84625    
  -750.000000000000        24.51037    
  -734.375000000000        19.22844    
  -718.750000000000        24.12896    
  -703.125000000000        20.70737    
  -687.500000000000        20.77943    
  -671.875000000000        22.49350    
  -656.250000000000        28.54842    
  -640.625000000000        26.04903    
  -625.000000000000        43.36638    
  -609.375000000000        65.97270    
  -593.750000000000        141.5804    
  -578.125000000000        397.5375    
  -562.500000000000        66.46565    
  -546.875000000000        23.42307    
  -531.250000000000        32.23098    
  -515.625000000000        21.44621    
  -500.000000000000        16.84406    
  -484.375000000000        6.746588    
  -468.750000000000        9.242942    
  -453.125000000000        12.58839    
  -437.500000000000        23.01481    
  -421.875000000000        15.90930    
  -406.250000000000        38.92019    
  -390.625000000000        153.9003    
  -375.000000000000        51.02570    
  -359.375000000000        24.52119    
  -343.750000000000        4.818962    
  -328.125000000000        8.276542    
  -312.500000000000        18.64857    
  -296.875000000000        15.98452    
  -281.250000000000        11.08275    
  -265.625000000000        16.65972    
  -250.000000000000        24.52911    
  -234.375000000000        16.42140    
  -218.750000000000        41.80380    
  -203.125000000000        149.2296    
  -187.500000000000        171.3989    
  -171.875000000000        52.53111    
  -156.250000000000        27.30837    
  -140.625000000000        23.96269    
  -125.000000000000        22.12445    
  -109.375000000000        8.856268    
  -93.7500000000000        1.078475    
  -78.1250000000000        29.06261    
  -62.5000000000000        11.16395    
  -46.8750000000000        20.33954    
  -31.2500000000000        13.50893    
  -15.6250000000000        44.08354    
  0.000000000000000E+000   8946.947    
   15.6250000000000        43.96143    
   31.2500000000000        15.41086    
   46.8750000000000        22.42387    
   62.5000000000000        11.63224    
   78.1250000000000        29.56669    
   93.7500000000000        1.625737    
   109.375000000000        8.105651    
   125.000000000000        21.31002    
   140.625000000000        22.40606    
   156.250000000000        25.42604    
   171.875000000000        47.36094    
   187.500000000000        154.4062    
   203.125000000000        131.2876    
   218.750000000000        37.96276    
   234.375000000000        14.37315    
   250.000000000000        24.40281    
   265.625000000000        13.41061    
   281.250000000000        10.85595    
   296.875000000000        12.77896    
   312.500000000000        17.57693    
   328.125000000000        6.618335    
   343.750000000000        5.153087    
   359.375000000000        25.64519    
   375.000000000000        62.79957    
   390.625000000000        171.0353    
   406.250000000000        45.17712    
   421.875000000000        18.98862    
   437.500000000000        24.80960    
   453.125000000000        14.16106    
   468.750000000000        8.601644    
   484.375000000000        7.836838    
   500.000000000000        17.83348    
   515.625000000000        20.63291    
   531.250000000000        32.84188    
   546.875000000000        24.40951    
   562.500000000000        66.78578    
   578.125000000000        403.1223    
   593.750000000000        142.7081    
   609.375000000000        66.46767    
   625.000000000000        43.50404    
   640.625000000000        26.54996    
   656.250000000000        29.53775    
   671.875000000000        23.68108    
   687.500000000000        21.58893    
   703.125000000000        21.67815    
   718.750000000000        23.55471    
   734.375000000000        19.46969    
   750.000000000000        24.39434    
   765.625000000000        71.24422    
   781.250000000000        80.22797    
   796.875000000000        22.24083    
   812.500000000000        12.28989    
   828.125000000000        10.57663    
   843.750000000000        5.852520    
   859.375000000000        6.059820    
   875.000000000000        5.572124    
   890.625000000000        9.024678    
   906.250000000000        18.07946    
   921.875000000000        26.08909    
   937.500000000000        10.90483    
   953.125000000000        14.31951    
   968.750000000000        48.54028    
   984.375000000000        7.353363    
   1000.00000000000        1.140359    
   1015.62500000000        3.723906    
   1031.25000000000        3.829049    
   1046.87500000000        2.247834    
   1062.50000000000        2.159940    
   1078.12500000000        2.880820    
   1093.75000000000        2.016316    
   1109.37500000000        9.796053    
   1125.00000000000        4.978558    
   1140.62500000000        10.18747    
   1156.25000000000        46.90089    
   1171.87500000000        50.16210    
   1187.50000000000        17.64287    
   1203.12500000000        15.15626    
   1218.75000000000        7.723001    
   1234.37500000000        8.074491    
   1250.00000000000        23.11704    
   1265.62500000000        6.091016    
   1281.25000000000        6.782954    
   1296.87500000000        15.18530    
   1312.50000000000        4.876960    
   1328.12500000000        5.842634    
   1343.75000000000        7.210815    
   1359.37500000000        19.98261    
   1375.00000000000       0.8478356    
   1390.62500000000        5.901880    
   1406.25000000000        6.622422    
   1421.87500000000        8.583824    
   1437.50000000000        2.612118    
   1453.12500000000        4.745354    
   1468.75000000000        4.462710    
   1484.37500000000        13.07976    
   1500.00000000000        14.41747    
   1515.62500000000        7.485335    
   1531.25000000000        6.210893    
   1546.87500000000        27.88369    
   1562.50000000000        7.122377    
   1578.12500000000        11.95584    
   1593.75000000000        5.212324    
   1609.37500000000        9.135695    
   1625.00000000000        3.022542    
   1640.62500000000        5.902166    
   1656.25000000000        4.537899    
   1671.87500000000        7.147589    
   1687.50000000000        4.039763    
   1703.12500000000        2.177526    
   1718.75000000000        7.147974    
   1734.37500000000        7.714418    
   1750.00000000000        25.77607    
   1765.62500000000        4.088272    
   1781.25000000000        9.031429    
   1796.87500000000        4.862041    
   1812.50000000000        4.388200    
   1828.12500000000        8.817136    
   1843.75000000000        4.570108    
   1859.37500000000        2.378320    
   1875.00000000000        5.878884    
   1890.62500000000        7.460988    
   1906.25000000000        5.648513    
   1921.87500000000        13.02578    
   1937.50000000000        13.58988    
   1953.12500000000        8.669942    
   1968.75000000000        5.997820    
   1984.37500000000        2.433831    
