  -4000.00000000000        195.5279    
  -3968.75000000000        361.0511    
  -3937.50000000000        458.5669    
  -3906.25000000000        214.3703    
  -3875.00000000000        325.4893    
  -3843.75000000000        365.6826    
  -3812.50000000000        262.5726    
  -3781.25000000000        388.5230    
  -3750.00000000000        235.7926    
  -3718.75000000000        299.1880    
  -3687.50000000000        275.4511    
  -3656.25000000000        336.2281    
  -3625.00000000000        156.6191    
  -3593.75000000000        211.5395    
  -3562.50000000000        237.4407    
  -3531.25000000000        82.85052    
  -3500.00000000000        269.9388    
  -3468.75000000000        250.4281    
  -3437.50000000000        147.0573    
  -3406.25000000000        417.6114    
  -3375.00000000000        125.6908    
  -3343.75000000000        120.8061    
  -3312.50000000000        232.2199    
  -3281.25000000000        213.2801    
  -3250.00000000000        183.5361    
  -3218.75000000000        224.9812    
  -3187.50000000000        100.8519    
  -3156.25000000000        239.8853    
  -3125.00000000000        141.4265    
  -3093.75000000000        189.8680    
  -3062.50000000000        219.3493    
  -3031.25000000000        174.2634    
  -3000.00000000000        107.2834    
  -2968.75000000000        106.8890    
  -2937.50000000000        194.6730    
  -2906.25000000000        25.72452    
  -2875.00000000000        129.2773    
  -2843.75000000000        60.16163    
  -2812.50000000000        138.7201    
  -2781.25000000000        47.46973    
  -2750.00000000000        68.79356    
  -2718.75000000000        69.72449    
  -2687.50000000000        132.6123    
  -2656.25000000000        53.15447    
  -2625.00000000000        32.80003    
  -2593.75000000000        94.46215    
  -2562.50000000000        62.53773    
  -2531.25000000000        18.75628    
  -2500.00000000000        137.9861    
  -2468.75000000000        13.31665    
  -2437.50000000000        93.12553    
  -2406.25000000000        51.68734    
  -2375.00000000000        23.56101    
  -2343.75000000000        138.6711    
  -2312.50000000000        85.92253    
  -2281.25000000000        41.14013    
  -2250.00000000000        49.74547    
  -2218.75000000000        71.10629    
  -2187.50000000000        102.2472    
  -2156.25000000000        104.9445    
  -2125.00000000000        64.29111    
  -2093.75000000000        83.60213    
  -2062.50000000000        64.43871    
  -2031.25000000000        19.04930    
  -2000.00000000000        44.31864    
  -1968.75000000000        67.92728    
  -1937.50000000000        47.17216    
  -1906.25000000000        30.79065    
  -1875.00000000000        77.85775    
  -1843.75000000000        91.04182    
  -1812.50000000000        245.4928    
  -1781.25000000000        289.1964    
  -1750.00000000000        147.8335    
  -1718.75000000000        105.2597    
  -1687.50000000000        139.7346    
  -1656.25000000000        167.4618    
  -1625.00000000000        103.9113    
  -1593.75000000000        49.39539    
  -1562.50000000000        201.8372    
  -1531.25000000000        115.7553    
  -1500.00000000000        38.78561    
  -1468.75000000000        75.01248    
  -1437.50000000000        41.51535    
  -1406.25000000000        82.92139    
  -1375.00000000000        129.5435    
  -1343.75000000000        97.98291    
  -1312.50000000000        84.80575    
  -1281.25000000000        72.18519    
  -1250.00000000000        219.2492    
  -1218.75000000000        44.84369    
  -1187.50000000000        37.29056    
  -1156.25000000000        142.2708    
  -1125.00000000000        26.44975    
  -1093.75000000000        87.27937    
  -1062.50000000000        167.0020    
  -1031.25000000000        62.30537    
  -1000.00000000000        84.46094    
  -968.750000000000        95.09318    
  -937.500000000000        35.80213    
  -906.250000000000        167.5105    
  -875.000000000000        91.70815    
  -843.750000000000        125.0260    
  -812.500000000000        217.3242    
  -781.250000000000        279.4846    
  -750.000000000000        207.8776    
  -718.750000000000        267.6685    
  -687.500000000000        226.9763    
  -656.250000000000        413.0587    
  -625.000000000000        36.98523    
  -593.750000000000        301.0747    
  -562.500000000000        119.2845    
  -531.250000000000        194.1945    
  -500.000000000000        297.1255    
  -468.750000000000        74.18404    
  -437.500000000000        224.7506    
  -406.250000000000        278.5129    
  -375.000000000000        638.5089    
  -343.750000000000        1042.429    
  -312.500000000000        541.6977    
  -281.250000000000        753.1305    
  -250.000000000000        379.3687    
  -218.750000000000        41.67615    
  -187.500000000000        353.2968    
  -156.250000000000        1329.934    
  -125.000000000000        1322.387    
  -93.7500000000000        468.4039    
  -62.5000000000000        1299.666    
  -31.2500000000000        2299.552    
  0.000000000000000E+000   5883.496    
   31.2500000000000        2260.328    
   62.5000000000000        1309.361    
   93.7500000000000        468.8531    
   125.000000000000        1328.084    
   156.250000000000        1354.308    
   187.500000000000        356.6028    
   218.750000000000        27.92244    
   250.000000000000        376.4293    
   281.250000000000        739.1708    
   312.500000000000        538.0379    
   343.750000000000        1035.862    
   375.000000000000        630.8629    
   406.250000000000        274.5215    
   437.500000000000        220.0089    
   468.750000000000        72.80524    
   500.000000000000        297.7181    
   531.250000000000        194.2735    
   562.500000000000        118.5663    
   593.750000000000        297.9362    
   625.000000000000        38.79011    
   656.250000000000        407.3940    
   687.500000000000        226.1237    
   718.750000000000        270.2886    
   750.000000000000        212.8390    
   781.250000000000        276.5927    
   812.500000000000        215.9851    
   843.750000000000        124.6723    
   875.000000000000        83.86680    
   906.250000000000        166.6741    
   937.500000000000        34.55981    
   968.750000000000        92.10069    
   1000.00000000000        94.79688    
   1031.25000000000        67.47478    
   1062.50000000000        159.9703    
   1093.75000000000        84.54873    
   1125.00000000000        33.63288    
   1156.25000000000        143.5533    
   1187.50000000000        35.23645    
   1218.75000000000        40.67803    
   1250.00000000000        221.8586    
   1281.25000000000        74.70264    
   1312.50000000000        82.67150    
   1343.75000000000        107.3208    
   1375.00000000000        133.3551    
   1406.25000000000        81.48407    
   1437.50000000000        45.00092    
   1468.75000000000        69.80119    
   1500.00000000000        31.70229    
   1531.25000000000        114.5708    
   1562.50000000000        197.0053    
   1593.75000000000        52.99762    
   1625.00000000000        103.6046    
   1656.25000000000        167.4682    
   1687.50000000000        141.0239    
   1718.75000000000        100.9170    
   1750.00000000000        147.1075    
   1781.25000000000        287.1504    
   1812.50000000000        243.9202    
   1843.75000000000        90.19808    
   1875.00000000000        78.45905    
   1906.25000000000        32.06842    
   1937.50000000000        48.35144    
   1968.75000000000        67.33286    
   2000.00000000000        42.68992    
   2031.25000000000        19.12101    
   2062.50000000000        65.79565    
   2093.75000000000        83.68778    
   2125.00000000000        62.44711    
   2156.25000000000        103.8548    
   2187.50000000000        102.5584    
   2218.75000000000        69.16335    
   2250.00000000000        49.20130    
   2281.25000000000        40.82621    
   2312.50000000000        86.12251    
   2343.75000000000        140.7176    
   2375.00000000000        22.44649    
   2406.25000000000        49.92894    
   2437.50000000000        93.49723    
   2468.75000000000        13.56450    
   2500.00000000000        137.1078    
   2531.25000000000        18.76451    
   2562.50000000000        61.78989    
   2593.75000000000        95.29457    
   2625.00000000000        34.15261    
   2656.25000000000        53.70769    
   2687.50000000000        133.6787    
   2718.75000000000        71.32614    
   2750.00000000000        69.06773    
   2781.25000000000        47.80681    
   2812.50000000000        140.5345    
   2843.75000000000        59.09087    
   2875.00000000000        128.8961    
   2906.25000000000        25.13554    
   2937.50000000000        196.1301    
   2968.75000000000        106.6220    
   3000.00000000000        109.5156    
   3031.25000000000        175.1242    
   3062.50000000000        218.6278    
   3093.75000000000        189.8826    
   3125.00000000000        140.0357    
   3156.25000000000        238.4419    
   3187.50000000000        102.2360    
   3218.75000000000        227.7585    
   3250.00000000000        185.3576    
   3281.25000000000        215.8051    
   3312.50000000000        230.1471    
   3343.75000000000        122.0634    
   3375.00000000000        125.7888    
   3406.25000000000        417.8012    
   3437.50000000000        146.0015    
   3468.75000000000        255.6637    
   3500.00000000000        266.4612    
   3531.25000000000        83.20359    
   3562.50000000000        239.2614    
   3593.75000000000        208.3831    
   3625.00000000000        153.0844    
   3656.25000000000        335.8508    
   3687.50000000000        274.1190    
   3718.75000000000        299.1400    
   3750.00000000000        234.6132    
   3781.25000000000        391.8549    
   3812.50000000000        261.8354    
   3843.75000000000        367.8135    
   3875.00000000000        324.7625    
   3906.25000000000        214.8731    
   3937.50000000000        455.2794    
   3968.75000000000        362.7441    
