  -2000.00000000000        5.112078    
  -1984.37500000000        1.995037    
  -1968.75000000000        7.274331    
  -1953.12500000000        8.802925    
  -1937.50000000000        6.152339    
  -1921.87500000000        15.18279    
  -1906.25000000000        4.071722    
  -1890.62500000000        8.929545    
  -1875.00000000000        3.127943    
  -1859.37500000000        6.580815    
  -1843.75000000000        4.960960    
  -1828.12500000000        10.62095    
  -1812.50000000000        4.540323    
  -1796.87500000000        3.794373    
  -1781.25000000000        8.728576    
  -1765.62500000000        4.913259    
  -1750.00000000000        19.94786    
  -1734.37500000000        3.759297    
  -1718.75000000000        5.212562    
  -1703.12500000000       0.9557259    
  -1687.50000000000        4.089704    
  -1671.87500000000        4.881155    
  -1656.25000000000        3.056131    
  -1640.62500000000        5.670706    
  -1625.00000000000        2.847796    
  -1609.37500000000        5.029602    
  -1593.75000000000        6.439146    
  -1578.12500000000        11.00317    
  -1562.50000000000        6.963564    
  -1546.87500000000        27.14341    
  -1531.25000000000        8.633835    
  -1515.62500000000        6.776367    
  -1500.00000000000        16.57578    
  -1484.37500000000        5.279758    
  -1468.75000000000        3.279538    
  -1453.12500000000        4.228949    
  -1437.50000000000        3.363005    
  -1421.87500000000        7.737464    
  -1406.25000000000        7.972303    
  -1390.62500000000        5.880032    
  -1375.00000000000        2.656257    
  -1359.37500000000        19.60131    
  -1343.75000000000        6.860609    
  -1328.12500000000        5.575608    
  -1312.50000000000        4.607386    
  -1296.87500000000        13.22885    
  -1281.25000000000        9.342872    
  -1265.62500000000        6.194834    
  -1250.00000000000        24.91101    
  -1234.37500000000        11.47880    
  -1218.75000000000        6.928436    
  -1203.12500000000        16.07497    
  -1187.50000000000        17.77460    
  -1171.87500000000        53.05602    
  -1156.25000000000        50.99995    
  -1140.62500000000        13.53841    
  -1125.00000000000        5.102943    
  -1109.37500000000        9.425371    
  -1093.75000000000        2.645663    
  -1078.12500000000        4.680463    
  -1062.50000000000        2.916410    
  -1046.87500000000        2.203974    
  -1031.25000000000        5.194341    
  -1015.62500000000        4.081574    
  -1000.00000000000       0.9842646    
  -984.375000000000        7.843415    
  -968.750000000000        60.06772    
  -953.125000000000        15.48078    
  -937.500000000000        9.680693    
  -921.875000000000        25.16683    
  -906.250000000000        20.30483    
  -890.625000000000        7.356142    
  -875.000000000000        6.691288    
  -859.375000000000        6.551517    
  -843.750000000000        6.472126    
  -828.125000000000        11.18434    
  -812.500000000000        11.74087    
  -796.875000000000        22.13361    
  -781.250000000000        78.45901    
  -765.625000000000        71.37721    
  -750.000000000000        23.42485    
  -734.375000000000        18.57928    
  -718.750000000000        23.51302    
  -703.125000000000        19.92570    
  -687.500000000000        21.79936    
  -671.875000000000        22.63573    
  -656.250000000000        28.38754    
  -640.625000000000        26.20013    
  -625.000000000000        44.21568    
  -609.375000000000        66.29217    
  -593.750000000000        142.2156    
  -578.125000000000        401.7036    
  -562.500000000000        66.26040    
  -546.875000000000        23.58789    
  -531.250000000000        33.66856    
  -515.625000000000        20.69775    
  -500.000000000000        16.76845    
  -484.375000000000        6.221152    
  -468.750000000000        9.450640    
  -453.125000000000        13.16514    
  -437.500000000000        22.94155    
  -421.875000000000        16.27536    
  -406.250000000000        38.94320    
  -390.625000000000        155.8258    
  -375.000000000000        51.93565    
  -359.375000000000        24.38306    
  -343.750000000000        5.134990    
  -328.125000000000        8.986868    
  -312.500000000000        19.51070    
  -296.875000000000        16.28743    
  -281.250000000000        12.37406    
  -265.625000000000        18.25592    
  -250.000000000000        23.62330    
  -234.375000000000        18.77857    
  -218.750000000000        45.67761    
  -203.125000000000        159.9566    
  -187.500000000000        189.2200    
  -171.875000000000        57.16761    
  -156.250000000000        30.40557    
  -140.625000000000        25.74417    
  -125.000000000000        24.20918    
  -109.375000000000        10.37956    
  -93.7500000000000        1.544494    
  -78.1250000000000        30.62005    
  -62.5000000000000        11.85676    
  -46.8750000000000        19.40392    
  -31.2500000000000        13.41502    
  -15.6250000000000        43.94151    
  0.000000000000000E+000   9020.161    
   15.6250000000000        45.29110    
   31.2500000000000        16.78096    
   46.8750000000000        23.41693    
   62.5000000000000        10.43115    
   78.1250000000000        29.93379    
   93.7500000000000        2.179378    
   109.375000000000        7.209249    
   125.000000000000        21.43872    
   140.625000000000        23.64797    
   156.250000000000        25.62136    
   171.875000000000        48.08282    
   187.500000000000        155.5573    
   203.125000000000        128.8255    
   218.750000000000        40.50319    
   234.375000000000        15.29958    
   250.000000000000        23.81885    
   265.625000000000        13.67743    
   281.250000000000        11.78075    
   296.875000000000        11.86685    
   312.500000000000        18.77927    
   328.125000000000        7.515813    
   343.750000000000        5.357806    
   359.375000000000        25.89864    
   375.000000000000        62.58705    
   390.625000000000        169.5392    
   406.250000000000        44.76495    
   421.875000000000        18.56762    
   437.500000000000        25.30127    
   453.125000000000        13.78335    
   468.750000000000        8.795257    
   484.375000000000        8.292327    
   500.000000000000        17.86701    
   515.625000000000        21.01657    
   531.250000000000        33.58726    
   546.875000000000        25.49039    
   562.500000000000        67.53958    
   578.125000000000        405.1419    
   593.750000000000        142.9526    
   609.375000000000        66.12061    
   625.000000000000        44.10837    
   640.625000000000        26.25060    
   656.250000000000        30.21005    
   671.875000000000        23.13657    
   687.500000000000        21.27070    
   703.125000000000        21.27186    
   718.750000000000        23.29958    
   734.375000000000        19.19791    
   750.000000000000        24.17425    
   765.625000000000        69.02914    
   781.250000000000        75.64624    
   796.875000000000        21.49402    
   812.500000000000        10.80249    
   828.125000000000        9.757655    
   843.750000000000        5.666523    
   859.375000000000        5.603942    
   875.000000000000        6.163262    
   890.625000000000        8.396811    
   906.250000000000        18.67904    
   921.875000000000        24.95989    
   937.500000000000        10.62194    
   953.125000000000        14.02074    
   968.750000000000        51.40045    
   984.375000000000        7.885569    
   1000.00000000000        1.109218    
   1015.62500000000        4.511511    
   1031.25000000000        3.518444    
   1046.87500000000        1.973815    
   1062.50000000000        3.340225    
   1078.12500000000        3.674137    
   1093.75000000000        2.132577    
   1109.37500000000        9.781205    
   1125.00000000000        5.320931    
   1140.62500000000        13.52292    
   1156.25000000000        49.39169    
   1171.87500000000        53.85615    
   1187.50000000000        19.00177    
   1203.12500000000        16.41395    
   1218.75000000000        7.391056    
   1234.37500000000        10.78463    
   1250.00000000000        24.20335    
   1265.62500000000        6.851224    
   1281.25000000000        5.245012    
   1296.87500000000        12.15073    
   1312.50000000000        5.065610    
   1328.12500000000        5.763239    
   1343.75000000000        8.688604    
   1359.37500000000        23.61418    
   1375.00000000000       0.8996077    
   1390.62500000000        5.257683    
   1406.25000000000        6.933212    
   1421.87500000000        6.945353    
   1437.50000000000        2.153169    
   1453.12500000000        2.213408    
   1468.75000000000        2.352730    
   1484.37500000000        6.608002    
   1500.00000000000        16.86010    
   1515.62500000000        6.878265    
   1531.25000000000        6.352351    
   1546.87500000000        26.32008    
   1562.50000000000        6.106876    
   1578.12500000000        11.89080    
   1593.75000000000        5.066758    
   1609.37500000000        4.844788    
   1625.00000000000        1.707074    
   1640.62500000000        5.467031    
   1656.25000000000        3.748891    
   1671.87500000000        7.016370    
   1687.50000000000        5.181557    
   1703.12500000000        2.340704    
   1718.75000000000        7.377216    
   1734.37500000000        8.690583    
   1750.00000000000        28.94381    
   1765.62500000000        5.124768    
   1781.25000000000        8.179317    
   1796.87500000000        3.462811    
   1812.50000000000        2.851500    
   1828.12500000000        10.11876    
   1843.75000000000        3.603616    
   1859.37500000000        2.359113    
   1875.00000000000        7.570763    
   1890.62500000000        7.983525    
   1906.25000000000        5.528656    
   1921.87500000000        12.38103    
   1937.50000000000        3.432806    
   1953.12500000000        8.227469    
   1968.75000000000        5.650188    
   1984.37500000000        2.781985    
