  -2000.00000000000        5.848128    
  -1984.37500000000        3.671268    
  -1968.75000000000        5.917100    
  -1953.12500000000        8.048176    
  -1937.50000000000        7.366343    
  -1921.87500000000        12.08538    
  -1906.25000000000        5.347893    
  -1890.62500000000        8.500119    
  -1875.00000000000        6.686440    
  -1859.37500000000       0.5855613    
  -1843.75000000000        4.093522    
  -1828.12500000000        10.00928    
  -1812.50000000000        6.366914    
  -1796.87500000000        3.190044    
  -1781.25000000000        7.901906    
  -1765.62500000000        2.754808    
  -1750.00000000000        19.16250    
  -1734.37500000000        3.461243    
  -1718.75000000000        5.684901    
  -1703.12500000000        1.813073    
  -1687.50000000000        2.121302    
  -1671.87500000000        3.836251    
  -1656.25000000000        2.821548    
  -1640.62500000000        4.967780    
  -1625.00000000000        1.340524    
  -1609.37500000000        4.119751    
  -1593.75000000000        4.814280    
  -1578.12500000000        10.49812    
  -1562.50000000000        8.701495    
  -1546.87500000000        30.34841    
  -1531.25000000000        6.788217    
  -1515.62500000000        6.794793    
  -1500.00000000000        16.36316    
  -1484.37500000000        6.527944    
  -1468.75000000000        4.990455    
  -1453.12500000000        4.832966    
  -1437.50000000000        3.851295    
  -1421.87500000000        9.954784    
  -1406.25000000000        7.071908    
  -1390.62500000000        4.998193    
  -1375.00000000000        2.264994    
  -1359.37500000000        14.60663    
  -1343.75000000000        6.621466    
  -1328.12500000000        6.048355    
  -1312.50000000000        4.523171    
  -1296.87500000000        13.36665    
  -1281.25000000000        4.473475    
  -1265.62500000000        5.952579    
  -1250.00000000000        23.06389    
  -1234.37500000000        9.818285    
  -1218.75000000000        5.611599    
  -1203.12500000000        16.09290    
  -1187.50000000000        19.67025    
  -1171.87500000000        55.16230    
  -1156.25000000000        54.93754    
  -1140.62500000000        13.07650    
  -1125.00000000000        5.440365    
  -1109.37500000000        10.38667    
  -1093.75000000000        2.510206    
  -1078.12500000000        4.754199    
  -1062.50000000000        2.641894    
  -1046.87500000000        2.525876    
  -1031.25000000000        3.369110    
  -1015.62500000000        3.258355    
  -1000.00000000000        1.114294    
  -984.375000000000        8.354856    
  -968.750000000000        44.12296    
  -953.125000000000        14.92361    
  -937.500000000000        9.634292    
  -921.875000000000        24.15211    
  -906.250000000000        17.55417    
  -890.625000000000        8.076269    
  -875.000000000000        5.978151    
  -859.375000000000        6.654760    
  -843.750000000000        7.445750    
  -828.125000000000        11.38856    
  -812.500000000000        11.50825    
  -796.875000000000        21.96532    
  -781.250000000000        75.06441    
  -765.625000000000        67.22235    
  -750.000000000000        22.89104    
  -734.375000000000        17.73788    
  -718.750000000000        21.75019    
  -703.125000000000        19.81986    
  -687.500000000000        20.25086    
  -671.875000000000        21.85374    
  -656.250000000000        27.52933    
  -640.625000000000        25.42842    
  -625.000000000000        41.22696    
  -609.375000000000        63.33180    
  -593.750000000000        137.3595    
  -578.125000000000        387.0440    
  -562.500000000000        65.84807    
  -546.875000000000        22.19780    
  -531.250000000000        31.64664    
  -515.625000000000        20.83512    
  -500.000000000000        16.41178    
  -484.375000000000        6.980049    
  -468.750000000000        8.490108    
  -453.125000000000        13.98186    
  -437.500000000000        23.26669    
  -421.875000000000        16.79731    
  -406.250000000000        41.91943    
  -390.625000000000        149.3777    
  -375.000000000000        54.68382    
  -359.375000000000        23.18614    
  -343.750000000000        3.994081    
  -328.125000000000        7.661930    
  -312.500000000000        18.56689    
  -296.875000000000        14.90031    
  -281.250000000000        11.33791    
  -265.625000000000        15.99507    
  -250.000000000000        24.43211    
  -234.375000000000        16.99349    
  -218.750000000000        41.22993    
  -203.125000000000        151.5559    
  -187.500000000000        176.1779    
  -171.875000000000        54.11075    
  -156.250000000000        28.68823    
  -140.625000000000        24.20410    
  -125.000000000000        22.47075    
  -109.375000000000        10.35349    
  -93.7500000000000        2.085034    
  -78.1250000000000        29.46336    
  -62.5000000000000        12.17297    
  -46.8750000000000        19.34077    
  -31.2500000000000        13.26862    
  -15.6250000000000        42.46859    
  0.000000000000000E+000   8888.260    
   15.6250000000000        43.29172    
   31.2500000000000        15.37588    
   46.8750000000000        22.16548    
   62.5000000000000        10.19523    
   78.1250000000000        29.39649    
   93.7500000000000        2.188453    
   109.375000000000        7.954383    
   125.000000000000        21.51237    
   140.625000000000        22.04401    
   156.250000000000        24.10932    
   171.875000000000        44.85746    
   187.500000000000        146.3028    
   203.125000000000        126.8093    
   218.750000000000        37.60356    
   234.375000000000        13.90299    
   250.000000000000        24.12180    
   265.625000000000        13.61848    
   281.250000000000        11.35173    
   296.875000000000        12.32929    
   312.500000000000        18.97820    
   328.125000000000        6.540248    
   343.750000000000        4.179919    
   359.375000000000        24.49700    
   375.000000000000        60.06924    
   390.625000000000        156.8723    
   406.250000000000        42.99712    
   421.875000000000        18.29902    
   437.500000000000        24.16069    
   453.125000000000        14.82253    
   468.750000000000        9.270227    
   484.375000000000        8.220044    
   500.000000000000        18.71420    
   515.625000000000        21.44851    
   531.250000000000        32.95658    
   546.875000000000        25.53973    
   562.500000000000        66.66606    
   578.125000000000        397.5806    
   593.750000000000        142.3254    
   609.375000000000        64.97540    
   625.000000000000        42.79919    
   640.625000000000        25.89454    
   656.250000000000        27.99500    
   671.875000000000        22.66528    
   687.500000000000        20.84115    
   703.125000000000        20.66376    
   718.750000000000        22.13021    
   734.375000000000        18.61343    
   750.000000000000        22.72016    
   765.625000000000        68.33878    
   781.250000000000        72.65884    
   796.875000000000        20.51134    
   812.500000000000        12.29149    
   828.125000000000        10.08359    
   843.750000000000        6.056104    
   859.375000000000        6.276577    
   875.000000000000        5.824421    
   890.625000000000        6.946937    
   906.250000000000        17.61198    
   921.875000000000        25.20155    
   937.500000000000        10.65644    
   953.125000000000        12.80571    
   968.750000000000        49.37671    
   984.375000000000        8.008686    
   1000.00000000000        1.140015    
   1015.62500000000        3.599577    
   1031.25000000000        3.263241    
   1046.87500000000        2.236510    
   1062.50000000000        2.760259    
   1078.12500000000        4.086126    
   1093.75000000000       0.6125854    
   1109.37500000000        8.696042    
   1125.00000000000        4.100176    
   1140.62500000000        10.70753    
   1156.25000000000        46.95468    
   1171.87500000000        49.43972    
   1187.50000000000        18.11606    
   1203.12500000000        15.67713    
   1218.75000000000        6.148918    
   1234.37500000000        8.872075    
   1250.00000000000        23.26194    
   1265.62500000000        6.646734    
   1281.25000000000        2.150079    
   1296.87500000000        13.37961    
   1312.50000000000        4.463068    
   1328.12500000000        6.043768    
   1343.75000000000        7.493583    
   1359.37500000000        19.59424    
   1375.00000000000        1.186649    
   1390.62500000000        5.731567    
   1406.25000000000        5.826467    
   1421.87500000000        8.725339    
   1437.50000000000        3.671824    
   1453.12500000000        3.970320    
   1468.75000000000        2.455486    
   1484.37500000000        8.825710    
   1500.00000000000        16.43853    
   1515.62500000000        7.079246    
   1531.25000000000        7.578844    
   1546.87500000000        27.64533    
   1562.50000000000        8.975312    
   1578.12500000000        11.44363    
   1593.75000000000        4.773248    
   1609.37500000000        4.869914    
   1625.00000000000       0.6315268    
   1640.62500000000        5.759237    
   1656.25000000000        3.986512    
   1671.87500000000        7.110978    
   1687.50000000000        3.154702    
   1703.12500000000        2.042069    
   1718.75000000000        6.347443    
   1734.37500000000        3.825292    
   1750.00000000000        18.91956    
   1765.62500000000        2.991402    
   1781.25000000000        8.187081    
   1796.87500000000        3.771735    
   1812.50000000000        2.973227    
   1828.12500000000        10.17368    
   1843.75000000000        4.569543    
   1859.37500000000        4.735982    
   1875.00000000000        2.301075    
   1890.62500000000        9.431662    
   1906.25000000000        4.638249    
   1921.87500000000        12.28313    
   1937.50000000000        4.135650    
   1953.12500000000        8.650369    
   1968.75000000000        5.907601    
   1984.37500000000        1.360600    
