  -2000.00000000000        92.93238    
  -1984.37500000000        83.48767    
  -1968.75000000000        62.55554    
  -1953.12500000000        75.52393    
  -1937.50000000000        45.84402    
  -1921.87500000000        41.29123    
  -1906.25000000000        35.56184    
  -1890.62500000000        50.78632    
  -1875.00000000000        171.1288    
  -1859.37500000000        102.6466    
  -1843.75000000000        27.62049    
  -1828.12500000000        38.94277    
  -1812.50000000000        57.58932    
  -1796.87500000000        71.96043    
  -1781.25000000000        35.55514    
  -1765.62500000000        37.19563    
  -1750.00000000000        207.8122    
  -1734.37500000000        104.6241    
  -1718.75000000000        54.77643    
  -1703.12500000000        74.88960    
  -1687.50000000000        47.05198    
  -1671.87500000000        128.5596    
  -1656.25000000000        47.33404    
  -1640.62500000000        67.69645    
  -1625.00000000000        61.21341    
  -1609.37500000000        30.55038    
  -1593.75000000000        32.42916    
  -1578.12500000000        24.00304    
  -1562.50000000000        2.401199    
  -1546.87500000000        137.0676    
  -1531.25000000000        27.13475    
  -1515.62500000000        9.878222    
  -1500.00000000000        41.94045    
  -1484.37500000000        171.1944    
  -1468.75000000000        112.0952    
  -1453.12500000000        17.30134    
  -1437.50000000000        40.22656    
  -1421.87500000000        68.22215    
  -1406.25000000000        19.63589    
  -1390.62500000000        92.63513    
  -1375.00000000000        45.39340    
  -1359.37500000000        518.4091    
  -1343.75000000000        27.36558    
  -1328.12500000000        94.01670    
  -1312.50000000000        12.41456    
  -1296.87500000000        45.41008    
  -1281.25000000000        124.1763    
  -1265.62500000000        66.43738    
  -1250.00000000000        169.0359    
  -1234.37500000000        73.71862    
  -1218.75000000000        82.02364    
  -1203.12500000000        128.6794    
  -1187.50000000000        110.1995    
  -1171.87500000000        265.3351    
  -1156.25000000000        300.8201    
  -1140.62500000000        66.71525    
  -1125.00000000000        23.34811    
  -1109.37500000000        49.27521    
  -1093.75000000000        22.60974    
  -1078.12500000000        41.80169    
  -1062.50000000000        28.28673    
  -1046.87500000000        56.73299    
  -1031.25000000000        156.8867    
  -1015.62500000000        57.98026    
  -1000.00000000000        47.59721    
  -984.375000000000        50.83022    
  -968.750000000000        458.3566    
  -953.125000000000        172.2286    
  -937.500000000000        92.94486    
  -921.875000000000        192.6648    
  -906.250000000000        30.00626    
  -890.625000000000        22.85367    
  -875.000000000000        29.63420    
  -859.375000000000        60.53384    
  -843.750000000000        79.67962    
  -828.125000000000        131.4087    
  -812.500000000000        125.3015    
  -796.875000000000        118.9807    
  -781.250000000000        365.0952    
  -765.625000000000        85.37491    
  -750.000000000000        23.02451    
  -734.375000000000        53.45317    
  -718.750000000000        109.3500    
  -703.125000000000        56.53171    
  -687.500000000000        61.24329    
  -671.875000000000        107.2917    
  -656.250000000000        119.4684    
  -640.625000000000        150.0659    
  -625.000000000000        243.3111    
  -609.375000000000        357.0872    
  -593.750000000000        705.0761    
  -578.125000000000        2167.054    
  -562.500000000000        438.0725    
  -546.875000000000        125.2903    
  -531.250000000000        179.9470    
  -515.625000000000        175.3000    
  -500.000000000000        77.11699    
  -484.375000000000        38.31256    
  -468.750000000000        91.09235    
  -453.125000000000        77.67364    
  -437.500000000000        22.30755    
  -421.875000000000        68.96275    
  -406.250000000000        126.4578    
  -390.625000000000        1536.066    
  -375.000000000000        76.54454    
  -359.375000000000        234.8585    
  -343.750000000000        145.7803    
  -328.125000000000        158.7347    
  -312.500000000000        174.2991    
  -296.875000000000        237.8819    
  -281.250000000000        155.3676    
  -265.625000000000        254.2785    
  -250.000000000000        318.2889    
  -234.375000000000        432.8759    
  -218.750000000000        657.3976    
  -203.125000000000        2212.774    
  -187.500000000000        2995.438    
  -171.875000000000        916.6282    
  -156.250000000000        534.6017    
  -140.625000000000        325.7814    
  -125.000000000000        299.9232    
  -109.375000000000        304.7502    
  -93.7500000000000        207.2356    
  -78.1250000000000        182.7360    
  -62.5000000000000        197.0856    
  -46.8750000000000        147.1690    
  -31.2500000000000        109.5466    
  -15.6250000000000        262.5825    
  0.000000000000000E+000   47691.36    
   15.6250000000000        290.3051    
   31.2500000000000        216.6234    
   46.8750000000000        266.6431    
   62.5000000000000        77.76961    
   78.1250000000000        247.4353    
   93.7500000000000        207.4135    
   109.375000000000        241.5623    
   125.000000000000        282.7325    
   140.625000000000        234.9008    
   156.250000000000        408.0527    
   171.875000000000        659.0140    
   187.500000000000        1861.673    
   203.125000000000        1074.231    
   218.750000000000        506.4353    
   234.375000000000        339.8364    
   250.000000000000        359.9854    
   265.625000000000        245.5119    
   281.250000000000        161.7352    
   296.875000000000        115.1144    
   312.500000000000        121.1517    
   328.125000000000        160.8593    
   343.750000000000        156.2892    
   359.375000000000        265.5468    
   375.000000000000        626.8698    
   390.625000000000        1683.153    
   406.250000000000        311.3712    
   421.875000000000        161.4318    
   437.500000000000        202.3783    
   453.125000000000        82.58192    
   468.750000000000        83.25726    
   484.375000000000        49.50354    
   500.000000000000        161.8786    
   515.625000000000        77.68265    
   531.250000000000        170.4418    
   546.875000000000        226.2052    
   562.500000000000        325.0786    
   578.125000000000        2474.141    
   593.750000000000        849.6387    
   609.375000000000        362.0522    
   625.000000000000        236.8411    
   640.625000000000        174.1837    
   656.250000000000        221.4037    
   671.875000000000        193.2236    
   687.500000000000        166.7977    
   703.125000000000        156.7530    
   718.750000000000        157.9056    
   734.375000000000        218.0709    
   750.000000000000        248.9544    
   765.625000000000        739.4147    
   781.250000000000        853.7275    
   796.875000000000        209.2916    
   812.500000000000        187.1782    
   828.125000000000        90.98129    
   843.750000000000        77.29370    
   859.375000000000        59.60110    
   875.000000000000        83.02773    
   890.625000000000        34.26249    
   906.250000000000        125.6367    
   921.875000000000        187.7753    
   937.500000000000        93.36462    
   953.125000000000        123.4836    
   968.750000000000        293.7334    
   984.375000000000        52.28754    
   1000.00000000000        56.69476    
   1015.62500000000        92.64762    
   1031.25000000000        128.2210    
   1046.87500000000        79.23419    
   1062.50000000000        57.43520    
   1078.12500000000        9.511958    
   1093.75000000000        41.29785    
   1109.37500000000        86.88619    
   1125.00000000000        77.32510    
   1140.62500000000        117.1084    
   1156.25000000000        52.78404    
   1171.87500000000        99.47187    
   1187.50000000000        35.90718    
   1203.12500000000        33.45459    
   1218.75000000000        12.33195    
   1234.37500000000        35.08838    
   1250.00000000000        129.1073    
   1265.62500000000        77.53664    
   1281.25000000000        93.03082    
   1296.87500000000        33.63584    
   1312.50000000000        48.71571    
   1328.12500000000        53.38210    
   1343.75000000000        150.2257    
   1359.37500000000        573.7704    
   1375.00000000000        141.7200    
   1390.62500000000        100.8204    
   1406.25000000000        20.73853    
   1421.87500000000        96.57884    
   1437.50000000000        34.59221    
   1453.12500000000        9.491855    
   1468.75000000000        70.94193    
   1484.37500000000        112.4890    
   1500.00000000000        31.26030    
   1515.62500000000        46.88662    
   1531.25000000000        40.23859    
   1546.87500000000        101.1231    
   1562.50000000000        62.98498    
   1578.12500000000        128.6671    
   1593.75000000000        40.60745    
   1609.37500000000        59.73446    
   1625.00000000000        15.36462    
   1640.62500000000        80.04431    
   1656.25000000000        13.33618    
   1671.87500000000        55.49203    
   1687.50000000000        51.12741    
   1703.12500000000        38.38736    
   1718.75000000000        43.25064    
   1734.37500000000        58.54995    
   1750.00000000000        65.30714    
   1765.62500000000        53.28318    
   1781.25000000000        19.24238    
   1796.87500000000        105.5213    
   1812.50000000000        23.01663    
   1828.12500000000        25.80202    
   1843.75000000000        24.30395    
   1859.37500000000        94.88873    
   1875.00000000000        108.4636    
   1890.62500000000        81.90467    
   1906.25000000000        65.16309    
   1921.87500000000        97.75794    
   1937.50000000000        61.11736    
   1953.12500000000        59.77096    
   1968.75000000000        60.81553    
   1984.37500000000        23.83602    
