  -4000.00000000000        197.8301    
  -3968.75000000000        362.7325    
  -3937.50000000000        463.2703    
  -3906.25000000000        217.9187    
  -3875.00000000000        332.2086    
  -3843.75000000000        369.6675    
  -3812.50000000000        264.9626    
  -3781.25000000000        386.3125    
  -3750.00000000000        241.8522    
  -3718.75000000000        305.6391    
  -3687.50000000000        277.8020    
  -3656.25000000000        340.1307    
  -3625.00000000000        160.7215    
  -3593.75000000000        216.6255    
  -3562.50000000000        240.1680    
  -3531.25000000000        85.37982    
  -3500.00000000000        276.3503    
  -3468.75000000000        255.9777    
  -3437.50000000000        149.9086    
  -3406.25000000000        423.2197    
  -3375.00000000000        128.4252    
  -3343.75000000000        120.2670    
  -3312.50000000000        237.2181    
  -3281.25000000000        214.0190    
  -3250.00000000000        184.7578    
  -3218.75000000000        227.9334    
  -3187.50000000000        101.6402    
  -3156.25000000000        240.4370    
  -3125.00000000000        144.2619    
  -3093.75000000000        194.5287    
  -3062.50000000000        219.4416    
  -3031.25000000000        173.6380    
  -3000.00000000000        107.8022    
  -2968.75000000000        111.6016    
  -2937.50000000000        199.1658    
  -2906.25000000000        30.08758    
  -2875.00000000000        131.7397    
  -2843.75000000000        60.81593    
  -2812.50000000000        138.0887    
  -2781.25000000000        48.82315    
  -2750.00000000000        65.52331    
  -2718.75000000000        73.34994    
  -2687.50000000000        132.4375    
  -2656.25000000000        57.11472    
  -2625.00000000000        31.08779    
  -2593.75000000000        94.27350    
  -2562.50000000000        60.63433    
  -2531.25000000000        19.32318    
  -2500.00000000000        141.3159    
  -2468.75000000000        10.53811    
  -2437.50000000000        95.88713    
  -2406.25000000000        51.39257    
  -2375.00000000000        25.13510    
  -2343.75000000000        141.6502    
  -2312.50000000000        86.28541    
  -2281.25000000000        39.59696    
  -2250.00000000000        52.17004    
  -2218.75000000000        72.09460    
  -2187.50000000000        102.0723    
  -2156.25000000000        109.1877    
  -2125.00000000000        68.29528    
  -2093.75000000000        85.06641    
  -2062.50000000000        61.28303    
  -2031.25000000000        19.35482    
  -2000.00000000000        40.76865    
  -1968.75000000000        65.74216    
  -1937.50000000000        52.65148    
  -1906.25000000000        35.07784    
  -1875.00000000000        81.66451    
  -1843.75000000000        93.08307    
  -1812.50000000000        247.6541    
  -1781.25000000000        293.8877    
  -1750.00000000000        145.9843    
  -1718.75000000000        102.4438    
  -1687.50000000000        144.8920    
  -1656.25000000000        170.7125    
  -1625.00000000000        102.1740    
  -1593.75000000000        56.51474    
  -1562.50000000000        200.6263    
  -1531.25000000000        115.8559    
  -1500.00000000000        37.02239    
  -1468.75000000000        76.49493    
  -1437.50000000000        46.87765    
  -1406.25000000000        81.69929    
  -1375.00000000000        130.3116    
  -1343.75000000000        106.4423    
  -1312.50000000000        85.84558    
  -1281.25000000000        71.48250    
  -1250.00000000000        225.5923    
  -1218.75000000000        37.13641    
  -1187.50000000000        34.61987    
  -1156.25000000000        141.7825    
  -1125.00000000000        34.27135    
  -1093.75000000000        86.56977    
  -1062.50000000000        169.0838    
  -1031.25000000000        65.80058    
  -1000.00000000000        94.80451    
  -968.750000000000        84.72655    
  -937.500000000000        38.73626    
  -906.250000000000        165.8979    
  -875.000000000000        84.04014    
  -843.750000000000        132.5541    
  -812.500000000000        220.5913    
  -781.250000000000        256.7495    
  -750.000000000000        212.8336    
  -718.750000000000        273.9087    
  -687.500000000000        239.1633    
  -656.250000000000        402.3162    
  -625.000000000000        30.78770    
  -593.750000000000        290.8813    
  -562.500000000000        118.7292    
  -531.250000000000        196.8494    
  -500.000000000000        301.7757    
  -468.750000000000        77.23130    
  -437.500000000000        235.2020    
  -406.250000000000        287.9699    
  -375.000000000000        640.6316    
  -343.750000000000        1057.127    
  -312.500000000000        551.9150    
  -281.250000000000        760.2180    
  -250.000000000000        388.3506    
  -218.750000000000        45.77733    
  -187.500000000000        358.0056    
  -156.250000000000        1353.273    
  -125.000000000000        1325.149    
  -93.7500000000000        474.9450    
  -62.5000000000000        1305.064    
  -31.2500000000000        2323.014    
  0.000000000000000E+000   5972.841    
   31.2500000000000        2283.378    
   62.5000000000000        1326.717    
   93.7500000000000        477.4311    
   125.000000000000        1350.536    
   156.250000000000        1376.874    
   187.500000000000        359.8029    
   218.750000000000        31.07745    
   250.000000000000        383.6946    
   281.250000000000        747.6883    
   312.500000000000        550.2559    
   343.750000000000        1051.460    
   375.000000000000        633.6251    
   406.250000000000        286.5137    
   437.500000000000        219.7650    
   468.750000000000        70.68584    
   500.000000000000        299.4136    
   531.250000000000        207.6289    
   562.500000000000        128.8530    
   593.750000000000        306.4077    
   625.000000000000        36.46340    
   656.250000000000        403.6367    
   687.500000000000        239.6176    
   718.750000000000        269.7154    
   750.000000000000        221.2680    
   781.250000000000        267.6873    
   812.500000000000        222.8528    
   843.750000000000        131.7231    
   875.000000000000        88.22834    
   906.250000000000        166.3544    
   937.500000000000        31.25102    
   968.750000000000        88.18159    
   1000.00000000000        96.19196    
   1031.25000000000        65.96787    
   1062.50000000000        161.3299    
   1093.75000000000        91.16151    
   1125.00000000000        34.53365    
   1156.25000000000        147.0422    
   1187.50000000000        31.56847    
   1218.75000000000        40.74208    
   1250.00000000000        226.6976    
   1281.25000000000        66.61501    
   1312.50000000000        86.27929    
   1343.75000000000        108.4476    
   1375.00000000000        132.6440    
   1406.25000000000        89.60595    
   1437.50000000000        37.24887    
   1468.75000000000        69.14339    
   1500.00000000000        33.50491    
   1531.25000000000        118.7035    
   1562.50000000000        202.8880    
   1593.75000000000        56.70779    
   1625.00000000000        100.9972    
   1656.25000000000        161.1690    
   1687.50000000000        143.3172    
   1718.75000000000        101.1077    
   1750.00000000000        139.9092    
   1781.25000000000        287.7862    
   1812.50000000000        244.1048    
   1843.75000000000        93.43416    
   1875.00000000000        84.15836    
   1906.25000000000        32.62550    
   1937.50000000000        50.79944    
   1968.75000000000        68.91311    
   2000.00000000000        36.17966    
   2031.25000000000        18.98375    
   2062.50000000000        64.86531    
   2093.75000000000        84.22333    
   2125.00000000000        63.71144    
   2156.25000000000        108.2976    
   2187.50000000000        102.6059    
   2218.75000000000        70.40181    
   2250.00000000000        50.28914    
   2281.25000000000        41.83799    
   2312.50000000000        81.78694    
   2343.75000000000        144.9687    
   2375.00000000000        22.81026    
   2406.25000000000        49.20235    
   2437.50000000000        98.24336    
   2468.75000000000        10.42712    
   2500.00000000000        140.7403    
   2531.25000000000        20.17279    
   2562.50000000000        65.22419    
   2593.75000000000        95.14356    
   2625.00000000000        37.09542    
   2656.25000000000        53.83760    
   2687.50000000000        136.2240    
   2718.75000000000        71.37009    
   2750.00000000000        70.60588    
   2781.25000000000        47.81647    
   2812.50000000000        144.3420    
   2843.75000000000        60.68440    
   2875.00000000000        135.0066    
   2906.25000000000        24.40493    
   2937.50000000000        196.2214    
   2968.75000000000        106.9355    
   3000.00000000000        111.9542    
   3031.25000000000        176.7439    
   3062.50000000000        218.9831    
   3093.75000000000        186.7593    
   3125.00000000000        136.6900    
   3156.25000000000        238.8928    
   3187.50000000000        102.4534    
   3218.75000000000        234.2485    
   3250.00000000000        191.1571    
   3281.25000000000        221.6545    
   3312.50000000000        235.1003    
   3343.75000000000        122.3184    
   3375.00000000000        131.0078    
   3406.25000000000        423.5711    
   3437.50000000000        143.4826    
   3468.75000000000        259.8177    
   3500.00000000000        268.4741    
   3531.25000000000        80.59327    
   3562.50000000000        244.7013    
   3593.75000000000        210.4355    
   3625.00000000000        152.0523    
   3656.25000000000        334.7560    
   3687.50000000000        279.3217    
   3718.75000000000        302.5692    
   3750.00000000000        237.6927    
   3781.25000000000        404.2920    
   3812.50000000000        263.2933    
   3843.75000000000        372.4213    
   3875.00000000000        326.1490    
   3906.25000000000        215.4793    
   3937.50000000000        459.6354    
   3968.75000000000        366.8230    
