  -2000.00000000000        5.563365    
  -1984.37500000000        2.833234    
  -1968.75000000000        6.368964    
  -1953.12500000000        8.380801    
  -1937.50000000000        8.558720    
  -1921.87500000000        12.86350    
  -1906.25000000000        4.689319    
  -1890.62500000000        9.027716    
  -1875.00000000000        4.784817    
  -1859.37500000000        3.408351    
  -1843.75000000000        4.964450    
  -1828.12500000000        9.721652    
  -1812.50000000000        4.141615    
  -1796.87500000000        3.596685    
  -1781.25000000000        8.315895    
  -1765.62500000000        4.257250    
  -1750.00000000000        22.92523    
  -1734.37500000000        5.379621    
  -1718.75000000000        6.497995    
  -1703.12500000000        1.762415    
  -1687.50000000000        3.320213    
  -1671.87500000000        5.140081    
  -1656.25000000000        3.879591    
  -1640.62500000000        5.743621    
  -1625.00000000000       0.7844853    
  -1609.37500000000        4.837489    
  -1593.75000000000        5.851705    
  -1578.12500000000        10.54301    
  -1562.50000000000        8.990189    
  -1546.87500000000        27.40007    
  -1531.25000000000        6.666945    
  -1515.62500000000        6.810581    
  -1500.00000000000        15.50608    
  -1484.37500000000        7.828449    
  -1468.75000000000        2.762509    
  -1453.12500000000        3.981873    
  -1437.50000000000        4.041419    
  -1421.87500000000        8.229761    
  -1406.25000000000        6.569797    
  -1390.62500000000        5.269529    
  -1375.00000000000        1.851963    
  -1359.37500000000        16.33170    
  -1343.75000000000        6.633360    
  -1328.12500000000        5.417499    
  -1312.50000000000        4.151069    
  -1296.87500000000        13.12112    
  -1281.25000000000        4.871573    
  -1265.62500000000        6.030351    
  -1250.00000000000        22.68205    
  -1234.37500000000        9.270952    
  -1218.75000000000        6.392304    
  -1203.12500000000        15.73515    
  -1187.50000000000        18.49789    
  -1171.87500000000        51.61079    
  -1156.25000000000        48.82407    
  -1140.62500000000        11.56539    
  -1125.00000000000        4.462233    
  -1109.37500000000        8.749478    
  -1093.75000000000        1.014839    
  -1078.12500000000        3.213451    
  -1062.50000000000        2.544208    
  -1046.87500000000        2.216874    
  -1031.25000000000        4.383884    
  -1015.62500000000        3.493844    
  -1000.00000000000        1.560026    
  -984.375000000000        7.767331    
  -968.750000000000        51.73652    
  -953.125000000000        14.78665    
  -937.500000000000        10.17510    
  -921.875000000000        24.87912    
  -906.250000000000        16.54447    
  -890.625000000000        7.467812    
  -875.000000000000        6.348520    
  -859.375000000000        7.206136    
  -843.750000000000        6.988487    
  -828.125000000000        11.93338    
  -812.500000000000        13.06071    
  -796.875000000000        21.25907    
  -781.250000000000        74.23351    
  -765.625000000000        65.88520    
  -750.000000000000        21.69301    
  -734.375000000000        16.90347    
  -718.750000000000        21.61601    
  -703.125000000000        19.37475    
  -687.500000000000        19.72794    
  -671.875000000000        21.33343    
  -656.250000000000        27.11293    
  -640.625000000000        24.32167    
  -625.000000000000        41.35434    
  -609.375000000000        62.26681    
  -593.750000000000        133.7308    
  -578.125000000000        378.8581    
  -562.500000000000        63.50980    
  -546.875000000000        21.65696    
  -531.250000000000        31.05195    
  -515.625000000000        20.23425    
  -500.000000000000        15.88869    
  -484.375000000000        6.189037    
  -468.750000000000        9.010926    
  -453.125000000000        12.74030    
  -437.500000000000        21.49831    
  -421.875000000000        15.42274    
  -406.250000000000        39.60351    
  -390.625000000000        153.8288    
  -375.000000000000        53.68443    
  -359.375000000000        23.38793    
  -343.750000000000        4.236885    
  -328.125000000000        7.310527    
  -312.500000000000        17.85573    
  -296.875000000000        14.32110    
  -281.250000000000        10.62697    
  -265.625000000000        15.61420    
  -250.000000000000        24.22481    
  -234.375000000000        15.53920    
  -218.750000000000        38.41418    
  -203.125000000000        144.0590    
  -187.500000000000        165.0054    
  -171.875000000000        50.80229    
  -156.250000000000        26.80147    
  -140.625000000000        23.27626    
  -125.000000000000        21.12783    
  -109.375000000000        9.905055    
  -93.7500000000000        1.452274    
  -78.1250000000000        28.01198    
  -62.5000000000000        11.18700    
  -46.8750000000000        19.28045    
  -31.2500000000000        12.81646    
  -15.6250000000000        41.87731    
  0.000000000000000E+000   8654.322    
   15.6250000000000        42.14330    
   31.2500000000000        14.65261    
   46.8750000000000        20.84197    
   62.5000000000000        9.656455    
   78.1250000000000        28.41777    
   93.7500000000000        1.701510    
   109.375000000000        7.417459    
   125.000000000000        20.45897    
   140.625000000000        21.87965    
   156.250000000000        24.00083    
   171.875000000000        45.91367    
   187.500000000000        150.5670    
   203.125000000000        132.3356    
   218.750000000000        36.10291    
   234.375000000000        14.15581    
   250.000000000000        23.05637    
   265.625000000000        14.33321    
   281.250000000000        10.74838    
   296.875000000000        13.66527    
   312.500000000000        17.65793    
   328.125000000000        6.935237    
   343.750000000000        4.062690    
   359.375000000000        23.29809    
   375.000000000000        54.74818    
   390.625000000000        156.2095    
   406.250000000000        40.28567    
   421.875000000000        16.64526    
   437.500000000000        23.52479    
   453.125000000000        12.79560    
   468.750000000000        7.928899    
   484.375000000000        7.228709    
   500.000000000000        16.32790    
   515.625000000000        19.57582    
   531.250000000000        30.49251    
   546.875000000000        22.36052    
   562.500000000000        61.86345    
   578.125000000000        373.4883    
   593.750000000000        134.3261    
   609.375000000000        61.64278    
   625.000000000000        40.88588    
   640.625000000000        25.20178    
   656.250000000000        27.51158    
   671.875000000000        21.90734    
   687.500000000000        20.33823    
   703.125000000000        20.18333    
   718.750000000000        22.80666    
   734.375000000000        18.83032    
   750.000000000000        23.47883    
   765.625000000000        70.95363    
   781.250000000000        80.55376    
   796.875000000000        22.87383    
   812.500000000000        12.47602    
   828.125000000000        8.947771    
   843.750000000000        6.863621    
   859.375000000000        6.814602    
   875.000000000000        6.392865    
   890.625000000000        7.938592    
   906.250000000000        17.65616    
   921.875000000000        23.68450    
   937.500000000000        9.258507    
   953.125000000000        14.14725    
   968.750000000000        49.99516    
   984.375000000000        7.831546    
   1000.00000000000        1.392852    
   1015.62500000000        3.389192    
   1031.25000000000        4.066435    
   1046.87500000000        2.754536    
   1062.50000000000        2.497304    
   1078.12500000000        3.762236    
   1093.75000000000        2.046848    
   1109.37500000000        10.77438    
   1125.00000000000        4.896734    
   1140.62500000000        12.02595    
   1156.25000000000        48.66603    
   1171.87500000000        50.46112    
   1187.50000000000        17.98913    
   1203.12500000000        15.40340    
   1218.75000000000        4.668502    
   1234.37500000000        9.378247    
   1250.00000000000        22.14620    
   1265.62500000000        5.297499    
   1281.25000000000        3.846352    
   1296.87500000000        12.55844    
   1312.50000000000        4.772882    
   1328.12500000000        5.717467    
   1343.75000000000        7.453184    
   1359.37500000000        17.98007    
   1375.00000000000        1.061601    
   1390.62500000000        5.508915    
   1406.25000000000        5.805007    
   1421.87500000000        7.927875    
   1437.50000000000        3.326401    
   1453.12500000000        3.858154    
   1468.75000000000        2.344817    
   1484.37500000000        7.299134    
   1500.00000000000        15.69847    
   1515.62500000000        6.574765    
   1531.25000000000        5.665742    
   1546.87500000000        25.10130    
   1562.50000000000        9.769184    
   1578.12500000000        11.15225    
   1593.75000000000        6.194674    
   1609.37500000000        5.016225    
   1625.00000000000       0.5059330    
   1640.62500000000        5.842316    
   1656.25000000000        4.188499    
   1671.87500000000        5.832025    
   1687.50000000000        3.882980    
   1703.12500000000        2.058348    
   1718.75000000000        7.007507    
   1734.37500000000        5.386888    
   1750.00000000000        21.07812    
   1765.62500000000        3.370121    
   1781.25000000000        8.244448    
   1796.87500000000        3.510322    
   1812.50000000000        3.873897    
   1828.12500000000        9.952638    
   1843.75000000000        3.840145    
   1859.37500000000        2.028214    
   1875.00000000000        4.809816    
   1890.62500000000        9.371686    
   1906.25000000000        4.604999    
   1921.87500000000        13.40930    
   1937.50000000000        8.614525    
   1953.12500000000        8.214683    
   1968.75000000000        6.277322    
   1984.37500000000        2.525596    
