  -4000.00000000000        203.2728    
  -3968.75000000000        371.4706    
  -3937.50000000000        472.7256    
  -3906.25000000000        223.3413    
  -3875.00000000000        337.3629    
  -3843.75000000000        374.4983    
  -3812.50000000000        275.0989    
  -3781.25000000000        394.8365    
  -3750.00000000000        244.7799    
  -3718.75000000000        308.1951    
  -3687.50000000000        280.2299    
  -3656.25000000000        345.7833    
  -3625.00000000000        160.5998    
  -3593.75000000000        227.3025    
  -3562.50000000000        238.0783    
  -3531.25000000000        86.11903    
  -3500.00000000000        275.1717    
  -3468.75000000000        255.9642    
  -3437.50000000000        151.2905    
  -3406.25000000000        430.7981    
  -3375.00000000000        125.9536    
  -3343.75000000000        120.7396    
  -3312.50000000000        243.0771    
  -3281.25000000000        216.4963    
  -3250.00000000000        189.6426    
  -3218.75000000000        229.6533    
  -3187.50000000000        100.3654    
  -3156.25000000000        241.7108    
  -3125.00000000000        150.1866    
  -3093.75000000000        196.9065    
  -3062.50000000000        222.6182    
  -3031.25000000000        175.9168    
  -3000.00000000000        106.1313    
  -2968.75000000000        116.5539    
  -2937.50000000000        196.4185    
  -2906.25000000000        28.92157    
  -2875.00000000000        127.3036    
  -2843.75000000000        64.72246    
  -2812.50000000000        145.2695    
  -2781.25000000000        43.79065    
  -2750.00000000000        73.74207    
  -2718.75000000000        73.19087    
  -2687.50000000000        133.4546    
  -2656.25000000000        54.73677    
  -2625.00000000000        35.14470    
  -2593.75000000000        97.46754    
  -2562.50000000000        65.12429    
  -2531.25000000000        15.70509    
  -2500.00000000000        142.0943    
  -2468.75000000000        12.50835    
  -2437.50000000000        89.24342    
  -2406.25000000000        53.66365    
  -2375.00000000000        22.11970    
  -2343.75000000000        135.7292    
  -2312.50000000000        88.80530    
  -2281.25000000000        40.73607    
  -2250.00000000000        47.80484    
  -2218.75000000000        76.69102    
  -2187.50000000000        105.9742    
  -2156.25000000000        111.2049    
  -2125.00000000000        64.28465    
  -2093.75000000000        88.38893    
  -2062.50000000000        61.40662    
  -2031.25000000000        20.35235    
  -2000.00000000000        49.81728    
  -1968.75000000000        68.08284    
  -1937.50000000000        50.44501    
  -1906.25000000000        32.34343    
  -1875.00000000000        77.80663    
  -1843.75000000000        91.94123    
  -1812.50000000000        249.6083    
  -1781.25000000000        304.9836    
  -1750.00000000000        154.8211    
  -1718.75000000000        108.4889    
  -1687.50000000000        145.6092    
  -1656.25000000000        169.3866    
  -1625.00000000000        101.4933    
  -1593.75000000000        51.09118    
  -1562.50000000000        204.5116    
  -1531.25000000000        123.4559    
  -1500.00000000000        40.06838    
  -1468.75000000000        72.26617    
  -1437.50000000000        48.44518    
  -1406.25000000000        83.04770    
  -1375.00000000000        137.4056    
  -1343.75000000000        113.6486    
  -1312.50000000000        87.03915    
  -1281.25000000000        73.60519    
  -1250.00000000000        225.3919    
  -1218.75000000000        42.74646    
  -1187.50000000000        43.35852    
  -1156.25000000000        152.5830    
  -1125.00000000000        31.24911    
  -1093.75000000000        93.53943    
  -1062.50000000000        170.4327    
  -1031.25000000000        74.90253    
  -1000.00000000000        94.23181    
  -968.750000000000        92.15220    
  -937.500000000000        36.74243    
  -906.250000000000        168.9100    
  -875.000000000000        94.48643    
  -843.750000000000        126.8819    
  -812.500000000000        222.3854    
  -781.250000000000        280.5887    
  -750.000000000000        215.1767    
  -718.750000000000        274.4488    
  -687.500000000000        237.1806    
  -656.250000000000        416.5335    
  -625.000000000000        33.49611    
  -593.750000000000        318.3974    
  -562.500000000000        124.4237    
  -531.250000000000        188.9523    
  -500.000000000000        305.4788    
  -468.750000000000        77.39941    
  -437.500000000000        242.7209    
  -406.250000000000        280.1013    
  -375.000000000000        662.3439    
  -343.750000000000        1070.682    
  -312.500000000000        555.7233    
  -281.250000000000        771.8741    
  -250.000000000000        388.2204    
  -218.750000000000        41.64178    
  -187.500000000000        366.5619    
  -156.250000000000        1365.185    
  -125.000000000000        1332.979    
  -93.7500000000000        480.4608    
  -62.5000000000000        1310.883    
  -31.2500000000000        2353.913    
  0.000000000000000E+000   6143.827    
   31.2500000000000        2331.501    
   62.5000000000000        1358.367    
   93.7500000000000        491.5801    
   125.000000000000        1367.667    
   156.250000000000        1391.890    
   187.500000000000        370.7026    
   218.750000000000        24.85511    
   250.000000000000        384.0483    
   281.250000000000        743.6598    
   312.500000000000        549.4501    
   343.750000000000        1055.851    
   375.000000000000        639.9290    
   406.250000000000        277.9416    
   437.500000000000        216.1915    
   468.750000000000        66.49304    
   500.000000000000        304.1021    
   531.250000000000        206.1146    
   562.500000000000        129.6172    
   593.750000000000        303.4529    
   625.000000000000        34.25713    
   656.250000000000        422.6459    
   687.500000000000        227.2576    
   718.750000000000        277.8785    
   750.000000000000        219.1995    
   781.250000000000        279.3228    
   812.500000000000        227.0534    
   843.750000000000        129.4950    
   875.000000000000        97.50747    
   906.250000000000        165.1117    
   937.500000000000        34.56890    
   968.750000000000        94.29436    
   1000.00000000000        102.2246    
   1031.25000000000        72.73778    
   1062.50000000000        156.4142    
   1093.75000000000        85.83639    
   1125.00000000000        35.75301    
   1156.25000000000        145.1767    
   1187.50000000000        40.59425    
   1218.75000000000        45.50912    
   1250.00000000000        234.0334    
   1281.25000000000        71.18117    
   1312.50000000000        86.19859    
   1343.75000000000        106.1161    
   1375.00000000000        134.4458    
   1406.25000000000        85.02217    
   1437.50000000000        36.61225    
   1468.75000000000        74.84579    
   1500.00000000000        40.81132    
   1531.25000000000        118.5336    
   1562.50000000000        194.0241    
   1593.75000000000        59.01148    
   1625.00000000000        102.3654    
   1656.25000000000        162.3429    
   1687.50000000000        141.6211    
   1718.75000000000        99.95496    
   1750.00000000000        151.7824    
   1781.25000000000        291.4481    
   1812.50000000000        245.5541    
   1843.75000000000        89.79518    
   1875.00000000000        86.39986    
   1906.25000000000        34.18962    
   1937.50000000000        45.33688    
   1968.75000000000        65.46140    
   2000.00000000000        39.68953    
   2031.25000000000        16.14896    
   2062.50000000000        65.59499    
   2093.75000000000        85.26650    
   2125.00000000000        66.07157    
   2156.25000000000        112.6883    
   2187.50000000000        104.3745    
   2218.75000000000        71.00940    
   2250.00000000000        55.52730    
   2281.25000000000        41.99326    
   2312.50000000000        83.19469    
   2343.75000000000        142.8796    
   2375.00000000000        20.95415    
   2406.25000000000        51.88629    
   2437.50000000000        95.40716    
   2468.75000000000        11.56140    
   2500.00000000000        144.4029    
   2531.25000000000        18.91793    
   2562.50000000000        63.23227    
   2593.75000000000        96.12682    
   2625.00000000000        37.82331    
   2656.25000000000        55.17977    
   2687.50000000000        139.6211    
   2718.75000000000        69.40559    
   2750.00000000000        73.02003    
   2781.25000000000        45.52715    
   2812.50000000000        140.0684    
   2843.75000000000        59.98611    
   2875.00000000000        136.6803    
   2906.25000000000        24.90789    
   2937.50000000000        200.2683    
   2968.75000000000        105.8467    
   3000.00000000000        110.0820    
   3031.25000000000        185.3577    
   3062.50000000000        222.0259    
   3093.75000000000        193.3205    
   3125.00000000000        133.8600    
   3156.25000000000        246.2081    
   3187.50000000000        107.4051    
   3218.75000000000        236.7244    
   3250.00000000000        193.1722    
   3281.25000000000        227.7640    
   3312.50000000000        232.4137    
   3343.75000000000        122.3751    
   3375.00000000000        127.0110    
   3406.25000000000        430.7853    
   3437.50000000000        151.5512    
   3468.75000000000        264.8533    
   3500.00000000000        277.6577    
   3531.25000000000        86.01492    
   3562.50000000000        244.3394    
   3593.75000000000        208.0794    
   3625.00000000000        157.2854    
   3656.25000000000        341.3048    
   3687.50000000000        282.6573    
   3718.75000000000        307.9076    
   3750.00000000000        234.5867    
   3781.25000000000        408.9711    
   3812.50000000000        268.0622    
   3843.75000000000        380.9632    
   3875.00000000000        329.1985    
   3906.25000000000        211.4834    
   3937.50000000000        461.2113    
   3968.75000000000        374.0249    
