  -4000.00000000000        215.1026    
  -3968.75000000000        391.6459    
  -3937.50000000000        507.7412    
  -3906.25000000000        237.3945    
  -3875.00000000000        356.8543    
  -3843.75000000000        391.7769    
  -3812.50000000000        299.1632    
  -3781.25000000000        413.2944    
  -3750.00000000000        264.7139    
  -3718.75000000000        329.9923    
  -3687.50000000000        305.8800    
  -3656.25000000000        373.5875    
  -3625.00000000000        173.7986    
  -3593.75000000000        237.4475    
  -3562.50000000000        256.8010    
  -3531.25000000000        87.61522    
  -3500.00000000000        303.2058    
  -3468.75000000000        268.3516    
  -3437.50000000000        166.5220    
  -3406.25000000000        458.7979    
  -3375.00000000000        129.8113    
  -3343.75000000000        135.9641    
  -3312.50000000000        268.5997    
  -3281.25000000000        229.5345    
  -3250.00000000000        194.3843    
  -3218.75000000000        235.3941    
  -3187.50000000000        102.2307    
  -3156.25000000000        277.2972    
  -3125.00000000000        151.6145    
  -3093.75000000000        221.6169    
  -3062.50000000000        241.4286    
  -3031.25000000000        178.7755    
  -3000.00000000000        112.6219    
  -2968.75000000000        120.9912    
  -2937.50000000000        213.7004    
  -2906.25000000000        28.80352    
  -2875.00000000000        137.7357    
  -2843.75000000000        59.11827    
  -2812.50000000000        145.6852    
  -2781.25000000000        65.80846    
  -2750.00000000000        66.59914    
  -2718.75000000000        76.65370    
  -2687.50000000000        143.8407    
  -2656.25000000000        53.81847    
  -2625.00000000000        33.88188    
  -2593.75000000000        109.3954    
  -2562.50000000000        61.27485    
  -2531.25000000000        19.66238    
  -2500.00000000000        152.0732    
  -2468.75000000000        21.77533    
  -2437.50000000000        99.46445    
  -2406.25000000000        59.49391    
  -2375.00000000000        25.26747    
  -2343.75000000000        142.8738    
  -2312.50000000000        102.4171    
  -2281.25000000000        45.90417    
  -2250.00000000000        50.64542    
  -2218.75000000000        79.06061    
  -2187.50000000000        119.6626    
  -2156.25000000000        112.5384    
  -2125.00000000000        73.84901    
  -2093.75000000000        95.96751    
  -2062.50000000000        63.67683    
  -2031.25000000000        24.36726    
  -2000.00000000000        45.71451    
  -1968.75000000000        68.35105    
  -1937.50000000000        58.55550    
  -1906.25000000000        37.01919    
  -1875.00000000000        83.85042    
  -1843.75000000000        95.90006    
  -1812.50000000000        288.7226    
  -1781.25000000000        324.4461    
  -1750.00000000000        163.7768    
  -1718.75000000000        123.9706    
  -1687.50000000000        154.2759    
  -1656.25000000000        185.6878    
  -1625.00000000000        110.7086    
  -1593.75000000000        56.53871    
  -1562.50000000000        222.7751    
  -1531.25000000000        132.1521    
  -1500.00000000000        36.14037    
  -1468.75000000000        80.05746    
  -1437.50000000000        47.64746    
  -1406.25000000000        94.14559    
  -1375.00000000000        142.7954    
  -1343.75000000000        121.0949    
  -1312.50000000000        99.53944    
  -1281.25000000000        85.47747    
  -1250.00000000000        241.5959    
  -1218.75000000000        55.05042    
  -1187.50000000000        36.78470    
  -1156.25000000000        150.1051    
  -1125.00000000000        27.82755    
  -1093.75000000000        86.22593    
  -1062.50000000000        190.0572    
  -1031.25000000000        75.41435    
  -1000.00000000000        91.11272    
  -968.750000000000        95.63243    
  -937.500000000000        41.81785    
  -906.250000000000        173.0131    
  -875.000000000000        88.97157    
  -843.750000000000        133.5927    
  -812.500000000000        238.8131    
  -781.250000000000        303.8101    
  -750.000000000000        235.0479    
  -718.750000000000        300.2120    
  -687.500000000000        242.7472    
  -656.250000000000        450.8448    
  -625.000000000000        33.02124    
  -593.750000000000        345.1428    
  -562.500000000000        131.5362    
  -531.250000000000        210.6869    
  -500.000000000000        333.6210    
  -468.750000000000        86.57091    
  -437.500000000000        275.6729    
  -406.250000000000        320.9895    
  -375.000000000000        717.3240    
  -343.750000000000        1152.012    
  -312.500000000000        604.8423    
  -281.250000000000        843.4856    
  -250.000000000000        419.5099    
  -218.750000000000        58.29016    
  -187.500000000000        381.0902    
  -156.250000000000        1419.771    
  -125.000000000000        1414.201    
  -93.7500000000000        498.4994    
  -62.5000000000000        1394.076    
  -31.2500000000000        2533.731    
  0.000000000000000E+000   7002.724    
   31.2500000000000        2495.822    
   62.5000000000000        1460.011    
   93.7500000000000        556.1393    
   125.000000000000        1482.620    
   156.250000000000        1513.107    
   187.500000000000        399.1876    
   218.750000000000        16.18255    
   250.000000000000        389.7909    
   281.250000000000        791.7906    
   312.500000000000        591.4108    
   343.750000000000        1124.573    
   375.000000000000        693.0450    
   406.250000000000        297.9627    
   437.500000000000        227.5366    
   468.750000000000        88.88294    
   500.000000000000        330.4573    
   531.250000000000        212.9687    
   562.500000000000        136.1686    
   593.750000000000        341.0150    
   625.000000000000        35.14053    
   656.250000000000        436.1706    
   687.500000000000        251.6934    
   718.750000000000        305.4646    
   750.000000000000        229.5553    
   781.250000000000        290.0422    
   812.500000000000        229.1107    
   843.750000000000        122.2887    
   875.000000000000        99.03512    
   906.250000000000        171.6913    
   937.500000000000        36.39749    
   968.750000000000        95.66739    
   1000.00000000000        111.2416    
   1031.25000000000        73.64476    
   1062.50000000000        170.1911    
   1093.75000000000        97.79196    
   1125.00000000000        36.63058    
   1156.25000000000        155.6284    
   1187.50000000000        42.81430    
   1218.75000000000        42.95938    
   1250.00000000000        251.7873    
   1281.25000000000        70.11019    
   1312.50000000000        83.56065    
   1343.75000000000        127.5160    
   1375.00000000000        150.2246    
   1406.25000000000        96.67902    
   1437.50000000000        34.85224    
   1468.75000000000        75.16980    
   1500.00000000000        34.98365    
   1531.25000000000        125.8247    
   1562.50000000000        216.5455    
   1593.75000000000        55.39344    
   1625.00000000000        103.2181    
   1656.25000000000        169.9966    
   1687.50000000000        150.2930    
   1718.75000000000        112.1177    
   1750.00000000000        163.0563    
   1781.25000000000        307.3414    
   1812.50000000000        253.2306    
   1843.75000000000        100.5482    
   1875.00000000000        76.32133    
   1906.25000000000        37.81401    
   1937.50000000000        51.16576    
   1968.75000000000        73.24181    
   2000.00000000000        40.11844    
   2031.25000000000        18.05885    
   2062.50000000000        81.33136    
   2093.75000000000        86.16103    
   2125.00000000000        66.99545    
   2156.25000000000        117.9342    
   2187.50000000000        116.5780    
   2218.75000000000        76.72977    
   2250.00000000000        49.10099    
   2281.25000000000        49.50388    
   2312.50000000000        84.87977    
   2343.75000000000        149.3449    
   2375.00000000000        32.40948    
   2406.25000000000        55.03644    
   2437.50000000000        108.8690    
   2468.75000000000        13.41578    
   2500.00000000000        149.9527    
   2531.25000000000        17.15330    
   2562.50000000000        66.83018    
   2593.75000000000        101.4307    
   2625.00000000000        46.57006    
   2656.25000000000        47.53375    
   2687.50000000000        151.5464    
   2718.75000000000        86.77332    
   2750.00000000000        62.95197    
   2781.25000000000        55.23628    
   2812.50000000000        160.6579    
   2843.75000000000        64.80129    
   2875.00000000000        140.1174    
   2906.25000000000        34.98333    
   2937.50000000000        215.5710    
   2968.75000000000        110.3971    
   3000.00000000000        129.4034    
   3031.25000000000        200.4009    
   3062.50000000000        242.8995    
   3093.75000000000        209.2086    
   3125.00000000000        146.6484    
   3156.25000000000        260.5117    
   3187.50000000000        112.6209    
   3218.75000000000        259.3609    
   3250.00000000000        212.0822    
   3281.25000000000        243.4387    
   3312.50000000000        243.4738    
   3343.75000000000        138.3901    
   3375.00000000000        140.0126    
   3406.25000000000        459.7300    
   3437.50000000000        160.6004    
   3468.75000000000        293.3572    
   3500.00000000000        288.1284    
   3531.25000000000        91.17377    
   3562.50000000000        259.3306    
   3593.75000000000        222.3815    
   3625.00000000000        162.4663    
   3656.25000000000        365.6478    
   3687.50000000000        300.4245    
   3718.75000000000        335.9712    
   3750.00000000000        247.4438    
   3781.25000000000        429.4429    
   3812.50000000000        283.2021    
   3843.75000000000        403.3331    
   3875.00000000000        350.4338    
   3906.25000000000        234.5039    
   3937.50000000000        490.6426    
   3968.75000000000        404.9180    
