  -2000.00000000000        8.440853    
  -1984.37500000000        15.48910    
  -1968.75000000000        8.813154    
  -1953.12500000000        13.25796    
  -1937.50000000000        10.27007    
  -1921.87500000000        22.08295    
  -1906.25000000000        3.768476    
  -1890.62500000000        7.096398    
  -1875.00000000000        18.25304    
  -1859.37500000000        11.42597    
  -1843.75000000000        6.640583    
  -1828.12500000000        16.17152    
  -1812.50000000000        9.850777    
  -1796.87500000000        10.10199    
  -1781.25000000000        12.79050    
  -1765.62500000000        9.718970    
  -1750.00000000000        19.00507    
  -1734.37500000000        3.992210    
  -1718.75000000000        6.240530    
  -1703.12500000000        4.126951    
  -1687.50000000000        4.756438    
  -1671.87500000000        15.08898    
  -1656.25000000000        2.135375    
  -1640.62500000000        7.842687    
  -1625.00000000000        3.570694    
  -1609.37500000000        7.097944    
  -1593.75000000000        5.027892    
  -1578.12500000000        12.81042    
  -1562.50000000000        17.01668    
  -1546.87500000000        52.42871    
  -1531.25000000000        4.880044    
  -1515.62500000000        10.63449    
  -1500.00000000000        9.904778    
  -1484.37500000000        7.573581    
  -1468.75000000000        15.05907    
  -1453.12500000000        8.422467    
  -1437.50000000000        3.819054    
  -1421.87500000000        14.17759    
  -1406.25000000000        13.17857    
  -1390.62500000000        10.35803    
  -1375.00000000000        11.34950    
  -1359.37500000000        13.06886    
  -1343.75000000000        6.817733    
  -1328.12500000000        2.297448    
  -1312.50000000000        4.799618    
  -1296.87500000000        15.99229    
  -1281.25000000000        7.555174    
  -1265.62500000000        5.664221    
  -1250.00000000000        31.16735    
  -1234.37500000000        13.85688    
  -1218.75000000000        5.560958    
  -1203.12500000000        26.64500    
  -1187.50000000000        24.95082    
  -1171.87500000000        47.46255    
  -1156.25000000000        76.21365    
  -1140.62500000000        21.56439    
  -1125.00000000000        4.778959    
  -1109.37500000000        5.312125    
  -1093.75000000000        12.29994    
  -1078.12500000000        11.93156    
  -1062.50000000000        2.766397    
  -1046.87500000000        9.106833    
  -1031.25000000000        5.456663    
  -1015.62500000000        2.871481    
  -1000.00000000000        4.767809    
  -984.375000000000        10.56325    
  -968.750000000000        52.11902    
  -953.125000000000        12.55587    
  -937.500000000000        9.650716    
  -921.875000000000        32.37915    
  -906.250000000000        24.95566    
  -890.625000000000        10.56934    
  -875.000000000000        4.626223    
  -859.375000000000        8.590784    
  -843.750000000000        9.342768    
  -828.125000000000        13.70342    
  -812.500000000000        11.61550    
  -796.875000000000        19.28661    
  -781.250000000000        63.28260    
  -765.625000000000        64.07536    
  -750.000000000000        22.15496    
  -734.375000000000        17.74112    
  -718.750000000000        28.58447    
  -703.125000000000        32.69547    
  -687.500000000000        31.13150    
  -671.875000000000        20.03798    
  -656.250000000000        28.92730    
  -640.625000000000        25.84971    
  -625.000000000000        47.70289    
  -609.375000000000        84.25842    
  -593.750000000000        168.9899    
  -578.125000000000        468.0950    
  -562.500000000000        72.43492    
  -546.875000000000        26.46697    
  -531.250000000000        37.69220    
  -515.625000000000        3.760827    
  -500.000000000000        15.16196    
  -484.375000000000        4.797036    
  -468.750000000000        10.01354    
  -453.125000000000        20.25904    
  -437.500000000000        27.68585    
  -421.875000000000        25.14728    
  -406.250000000000        39.41095    
  -390.625000000000        169.5619    
  -375.000000000000        68.31242    
  -359.375000000000        19.84825    
  -343.750000000000        6.909923    
  -328.125000000000        5.435960    
  -312.500000000000        31.15363    
  -296.875000000000        28.36176    
  -281.250000000000        15.46784    
  -265.625000000000        17.42236    
  -250.000000000000        26.98138    
  -234.375000000000        21.85388    
  -218.750000000000        56.88689    
  -203.125000000000        204.0995    
  -187.500000000000        247.4973    
  -171.875000000000        70.06624    
  -156.250000000000        30.11558    
  -140.625000000000        27.35091    
  -125.000000000000        32.24790    
  -109.375000000000        27.92631    
  -93.7500000000000        9.714355    
  -78.1250000000000        48.14812    
  -62.5000000000000        18.55345    
  -46.8750000000000        28.24581    
  -31.2500000000000        16.31264    
  -15.6250000000000        57.67569    
  0.000000000000000E+000   11016.75    
   15.6250000000000        53.45152    
   31.2500000000000        24.92757    
   46.8750000000000        24.09481    
   62.5000000000000        11.93479    
   78.1250000000000        39.87384    
   93.7500000000000        5.798484    
   109.375000000000        8.313028    
   125.000000000000        28.78767    
   140.625000000000        24.47066    
   156.250000000000        29.47724    
   171.875000000000        47.93213    
   187.500000000000        160.4880    
   203.125000000000        134.6866    
   218.750000000000        35.29649    
   234.375000000000        20.75912    
   250.000000000000        30.78940    
   265.625000000000        12.36599    
   281.250000000000        12.02970    
   296.875000000000        10.35365    
   312.500000000000        34.35665    
   328.125000000000        5.940596    
   343.750000000000        7.227391    
   359.375000000000        27.92584    
   375.000000000000        79.64613    
   390.625000000000        203.2138    
   406.250000000000        52.25781    
   421.875000000000        23.82259    
   437.500000000000        37.70113    
   453.125000000000        14.93848    
   468.750000000000        11.16516    
   484.375000000000        10.97072    
   500.000000000000        32.46372    
   515.625000000000        13.75656    
   531.250000000000        35.89954    
   546.875000000000        29.64702    
   562.500000000000        82.62759    
   578.125000000000        463.1933    
   593.750000000000        183.2633    
   609.375000000000        81.62362    
   625.000000000000        51.94191    
   640.625000000000        38.44952    
   656.250000000000        32.66163    
   671.875000000000        32.35422    
   687.500000000000        25.28881    
   703.125000000000        30.60900    
   718.750000000000        24.02509    
   734.375000000000        29.40687    
   750.000000000000        35.33723    
   765.625000000000        95.39679    
   781.250000000000        124.4935    
   796.875000000000        29.27856    
   812.500000000000        13.42935    
   828.125000000000        12.28690    
   843.750000000000        11.51570    
   859.375000000000        14.63266    
   875.000000000000        10.70997    
   890.625000000000        13.93479    
   906.250000000000        14.59527    
   921.875000000000        28.50538    
   937.500000000000        9.630235    
   953.125000000000        18.45144    
   968.750000000000        85.31865    
   984.375000000000        25.23632    
   1000.00000000000        4.618411    
   1015.62500000000        4.929288    
   1031.25000000000        2.383343    
   1046.87500000000        2.079238    
   1062.50000000000       0.9330065    
   1078.12500000000        8.173635    
   1093.75000000000        16.02010    
   1109.37500000000        20.98087    
   1125.00000000000        10.39995    
   1140.62500000000        11.94176    
   1156.25000000000        59.64865    
   1171.87500000000        52.75286    
   1187.50000000000        24.36236    
   1203.12500000000        21.03358    
   1218.75000000000        1.348663    
   1234.37500000000        6.700226    
   1250.00000000000        25.60179    
   1265.62500000000        1.924392    
   1281.25000000000        8.180558    
   1296.87500000000        25.68750    
   1312.50000000000        9.697032    
   1328.12500000000        5.858228    
   1343.75000000000        19.19934    
   1359.37500000000        10.71629    
   1375.00000000000        10.22667    
   1390.62500000000        11.52583    
   1406.25000000000        13.41637    
   1421.87500000000        15.34894    
   1437.50000000000        4.977160    
   1453.12500000000        4.175424    
   1468.75000000000        9.018571    
   1484.37500000000        9.847520    
   1500.00000000000        22.93776    
   1515.62500000000        5.046494    
   1531.25000000000        9.710665    
   1546.87500000000        28.28687    
   1562.50000000000        18.91983    
   1578.12500000000        21.66623    
   1593.75000000000        11.08469    
   1609.37500000000        10.31932    
   1625.00000000000        5.794109    
   1640.62500000000        14.44469    
   1656.25000000000        11.11433    
   1671.87500000000        22.74282    
   1687.50000000000        9.250491    
   1703.12500000000        5.091293    
   1718.75000000000        13.18547    
   1734.37500000000        13.30011    
   1750.00000000000        40.07474    
   1765.62500000000        11.57471    
   1781.25000000000        10.91095    
   1796.87500000000        6.993760    
   1812.50000000000        10.32086    
   1828.12500000000        9.267424    
   1843.75000000000        5.851183    
   1859.37500000000        19.22789    
   1875.00000000000        15.75280    
   1890.62500000000        7.637222    
   1906.25000000000        11.24378    
   1921.87500000000        16.73371    
   1937.50000000000        7.177419    
   1953.12500000000        4.726406    
   1968.75000000000        6.099135    
   1984.37500000000        6.231424    
