  -2000.00000000000        50.60538    
  -1984.37500000000        23.42437    
  -1968.75000000000        62.28344    
  -1953.12500000000        53.44482    
  -1937.50000000000        66.55117    
  -1921.87500000000        87.66906    
  -1906.25000000000        39.67423    
  -1890.62500000000        8.038792    
  -1875.00000000000        52.20996    
  -1859.37500000000        124.6208    
  -1843.75000000000        40.38998    
  -1828.12500000000        62.53068    
  -1812.50000000000        44.06091    
  -1796.87500000000        83.73940    
  -1781.25000000000        83.17625    
  -1765.62500000000        88.83328    
  -1750.00000000000        203.5535    
  -1734.37500000000        80.66466    
  -1718.75000000000        41.80035    
  -1703.12500000000        36.15580    
  -1687.50000000000        50.68715    
  -1671.87500000000        60.86279    
  -1656.25000000000        20.31813    
  -1640.62500000000        52.51056    
  -1625.00000000000        72.34447    
  -1609.37500000000        29.18553    
  -1593.75000000000        51.78130    
  -1578.12500000000        54.56033    
  -1562.50000000000        105.5078    
  -1546.87500000000        287.9814    
  -1531.25000000000        64.68393    
  -1515.62500000000        44.45812    
  -1500.00000000000        97.66903    
  -1484.37500000000        12.04947    
  -1468.75000000000        16.14250    
  -1453.12500000000        18.07867    
  -1437.50000000000        26.15188    
  -1421.87500000000        42.14061    
  -1406.25000000000        90.87034    
  -1390.62500000000        92.14368    
  -1375.00000000000        67.44919    
  -1359.37500000000        276.8255    
  -1343.75000000000        66.53910    
  -1328.12500000000        19.36677    
  -1312.50000000000        46.27623    
  -1296.87500000000        41.82717    
  -1281.25000000000        123.5446    
  -1265.62500000000        18.42283    
  -1250.00000000000        112.8038    
  -1234.37500000000        57.61082    
  -1218.75000000000        99.77503    
  -1203.12500000000        102.0268    
  -1187.50000000000        116.0511    
  -1171.87500000000        261.5580    
  -1156.25000000000        328.9100    
  -1140.62500000000        35.27857    
  -1125.00000000000        49.73045    
  -1109.37500000000        45.66579    
  -1093.75000000000        101.6351    
  -1078.12500000000        11.14003    
  -1062.50000000000        20.86019    
  -1046.87500000000        43.02464    
  -1031.25000000000        73.42247    
  -1015.62500000000        31.99988    
  -1000.00000000000        37.44987    
  -984.375000000000        61.10149    
  -968.750000000000        692.5115    
  -953.125000000000        187.1827    
  -937.500000000000        93.58866    
  -921.875000000000        199.6716    
  -906.250000000000        36.92406    
  -890.625000000000        38.07363    
  -875.000000000000        40.27378    
  -859.375000000000        66.03786    
  -843.750000000000        46.06279    
  -828.125000000000        84.71494    
  -812.500000000000        122.6086    
  -796.875000000000        92.63248    
  -781.250000000000        345.3966    
  -765.625000000000        117.8877    
  -750.000000000000        31.99555    
  -734.375000000000        29.81462    
  -718.750000000000        124.8796    
  -703.125000000000        106.0289    
  -687.500000000000        69.86237    
  -671.875000000000        84.85384    
  -656.250000000000        143.9628    
  -640.625000000000        91.70257    
  -625.000000000000        264.6566    
  -609.375000000000        348.5017    
  -593.750000000000        689.2695    
  -578.125000000000        2171.865    
  -562.500000000000        428.6818    
  -546.875000000000        136.4646    
  -531.250000000000        198.1368    
  -515.625000000000        124.3777    
  -500.000000000000        103.8804    
  -484.375000000000        17.91401    
  -468.750000000000        51.28496    
  -453.125000000000        87.81603    
  -437.500000000000        18.07720    
  -421.875000000000        72.37890    
  -406.250000000000        119.7847    
  -390.625000000000        1598.601    
  -375.000000000000        95.22485    
  -359.375000000000        232.8303    
  -343.750000000000        155.3418    
  -328.125000000000        144.1464    
  -312.500000000000        188.9311    
  -296.875000000000        234.1339    
  -281.250000000000        145.6081    
  -265.625000000000        236.1886    
  -250.000000000000        315.5905    
  -234.375000000000        360.9446    
  -218.750000000000        573.8278    
  -203.125000000000        2004.598    
  -187.500000000000        2658.798    
  -171.875000000000        765.7924    
  -156.250000000000        448.2942    
  -140.625000000000        301.7223    
  -125.000000000000        331.0346    
  -109.375000000000        306.9790    
  -93.7500000000000        196.3169    
  -78.1250000000000        201.7213    
  -62.5000000000000        155.8392    
  -46.8750000000000        132.7184    
  -31.2500000000000        83.68163    
  -15.6250000000000        330.6195    
  0.000000000000000E+000   51378.28    
   15.6250000000000        220.0317    
   31.2500000000000        188.1629    
   46.8750000000000        233.6366    
   62.5000000000000        13.50727    
   78.1250000000000        223.0224    
   93.7500000000000        178.0881    
   109.375000000000        199.3587    
   125.000000000000        195.3619    
   140.625000000000        201.9328    
   156.250000000000        298.4184    
   171.875000000000        529.5448    
   187.500000000000        1393.723    
   203.125000000000        754.9534    
   218.750000000000        422.4825    
   234.375000000000        269.6308    
   250.000000000000        346.4752    
   265.625000000000        149.3420    
   281.250000000000        146.7230    
   296.875000000000        107.5975    
   312.500000000000        123.7387    
   328.125000000000        133.9803    
   343.750000000000        133.1345    
   359.375000000000        235.3692    
   375.000000000000        567.7381    
   390.625000000000        1627.706    
   406.250000000000        318.9594    
   421.875000000000        156.9828    
   437.500000000000        193.7934    
   453.125000000000        84.93106    
   468.750000000000        45.05195    
   484.375000000000        54.44057    
   500.000000000000        123.0812    
   515.625000000000        164.4132    
   531.250000000000        195.8769    
   546.875000000000        229.8036    
   562.500000000000        355.7666    
   578.125000000000        2423.226    
   593.750000000000        925.7017    
   609.375000000000        389.1221    
   625.000000000000        255.7672    
   640.625000000000        202.5845    
   656.250000000000        160.5972    
   671.875000000000        180.2259    
   687.500000000000        157.8033    
   703.125000000000        162.2454    
   718.750000000000        151.0031    
   734.375000000000        117.0722    
   750.000000000000        172.3794    
   765.625000000000        510.3427    
   781.250000000000        709.8083    
   796.875000000000        167.9909    
   812.500000000000        90.96951    
   828.125000000000        147.0297    
   843.750000000000        32.86776    
   859.375000000000        35.98907    
   875.000000000000        54.65194    
   890.625000000000        11.78445    
   906.250000000000        117.5109    
   921.875000000000        125.8073    
   937.500000000000        63.86461    
   953.125000000000        80.58154    
   968.750000000000        123.4340    
   984.375000000000        67.92249    
   1000.00000000000        42.82970    
   1015.62500000000        33.88484    
   1031.25000000000        43.32148    
   1046.87500000000        35.54572    
   1062.50000000000        51.26211    
   1078.12500000000        33.77821    
   1093.75000000000        10.18390    
   1109.37500000000        26.38484    
   1125.00000000000        67.81226    
   1140.62500000000        84.01502    
   1156.25000000000        252.5292    
   1171.87500000000        273.8790    
   1187.50000000000        16.90702    
   1203.12500000000        39.12343    
   1218.75000000000        52.01569    
   1234.37500000000        41.74304    
   1250.00000000000        99.41592    
   1265.62500000000        54.77356    
   1281.25000000000        113.6746    
   1296.87500000000        130.5264    
   1312.50000000000        25.98811    
   1328.12500000000        108.9946    
   1343.75000000000        75.35535    
   1359.37500000000        149.4582    
   1375.00000000000        69.07569    
   1390.62500000000        37.24829    
   1406.25000000000        32.36738    
   1421.87500000000        48.99456    
   1437.50000000000        56.34498    
   1453.12500000000        10.92459    
   1468.75000000000        61.26760    
   1484.37500000000        38.38291    
   1500.00000000000        99.95914    
   1515.62500000000        21.45336    
   1531.25000000000        66.46313    
   1546.87500000000        250.2012    
   1562.50000000000        127.7206    
   1578.12500000000        88.94633    
   1593.75000000000        67.90948    
   1609.37500000000        84.80310    
   1625.00000000000        51.52710    
   1640.62500000000        6.479825    
   1656.25000000000        54.58879    
   1671.87500000000        48.60873    
   1687.50000000000        31.86562    
   1703.12500000000        24.09136    
   1718.75000000000        76.03374    
   1734.37500000000        55.94606    
   1750.00000000000        156.3326    
   1765.62500000000        16.01525    
   1781.25000000000        38.31376    
   1796.87500000000        43.40581    
   1812.50000000000        35.86086    
   1828.12500000000        14.29434    
   1843.75000000000        40.47377    
   1859.37500000000        66.43416    
   1875.00000000000        62.16203    
   1890.62500000000        50.32489    
   1906.25000000000        32.04920    
   1921.87500000000        92.05765    
   1937.50000000000        50.42189    
   1953.12500000000        12.36922    
   1968.75000000000        46.10812    
   1984.37500000000        22.83705    
