  -4000.00000000000        249.0016    
  -3968.75000000000        506.9854    
  -3937.50000000000        661.1047    
  -3906.25000000000        326.5050    
  -3875.00000000000        487.5639    
  -3843.75000000000        501.3865    
  -3812.50000000000        370.1589    
  -3781.25000000000        498.2748    
  -3750.00000000000        356.0444    
  -3718.75000000000        444.2592    
  -3687.50000000000        397.9611    
  -3656.25000000000        462.7950    
  -3625.00000000000        220.8053    
  -3593.75000000000        339.4024    
  -3562.50000000000        375.9477    
  -3531.25000000000        114.7902    
  -3500.00000000000        388.2943    
  -3468.75000000000        326.5108    
  -3437.50000000000        210.8469    
  -3406.25000000000        583.0909    
  -3375.00000000000        186.6908    
  -3343.75000000000        156.2980    
  -3312.50000000000        368.7283    
  -3281.25000000000        333.2621    
  -3250.00000000000        218.2383    
  -3218.75000000000        272.4447    
  -3187.50000000000        127.9731    
  -3156.25000000000        372.6395    
  -3125.00000000000        192.7661    
  -3093.75000000000        283.1461    
  -3062.50000000000        315.6103    
  -3031.25000000000        215.5310    
  -3000.00000000000        91.48770    
  -2968.75000000000        192.0764    
  -2937.50000000000        273.9206    
  -2906.25000000000        30.12745    
  -2875.00000000000        136.4474    
  -2843.75000000000        95.83716    
  -2812.50000000000        185.8005    
  -2781.25000000000        95.52356    
  -2750.00000000000        126.0248    
  -2718.75000000000        84.07607    
  -2687.50000000000        192.7480    
  -2656.25000000000        54.86796    
  -2625.00000000000        31.03370    
  -2593.75000000000        143.5069    
  -2562.50000000000        109.5622    
  -2531.25000000000        18.62621    
  -2500.00000000000        199.2629    
  -2468.75000000000        39.88146    
  -2437.50000000000        147.9503    
  -2406.25000000000        103.1622    
  -2375.00000000000        39.49075    
  -2343.75000000000        190.2367    
  -2312.50000000000        121.8900    
  -2281.25000000000        53.57802    
  -2250.00000000000        45.55704    
  -2218.75000000000        84.18041    
  -2187.50000000000        140.2124    
  -2156.25000000000        146.8134    
  -2125.00000000000        89.41362    
  -2093.75000000000        106.3248    
  -2062.50000000000        87.86493    
  -2031.25000000000        29.97718    
  -2000.00000000000        94.81967    
  -1968.75000000000        103.9348    
  -1937.50000000000        75.55418    
  -1906.25000000000        38.42656    
  -1875.00000000000        68.91747    
  -1843.75000000000        126.2327    
  -1812.50000000000        373.0067    
  -1781.25000000000        407.4466    
  -1750.00000000000        186.2538    
  -1718.75000000000        149.7456    
  -1687.50000000000        228.7232    
  -1656.25000000000        247.2948    
  -1625.00000000000        141.2986    
  -1593.75000000000        80.51238    
  -1562.50000000000        322.6896    
  -1531.25000000000        115.8770    
  -1500.00000000000        46.46319    
  -1468.75000000000        68.57797    
  -1437.50000000000        94.94170    
  -1406.25000000000        97.37627    
  -1375.00000000000        196.2262    
  -1343.75000000000        191.9033    
  -1312.50000000000        110.8017    
  -1281.25000000000        106.1577    
  -1250.00000000000        287.8638    
  -1218.75000000000        75.13206    
  -1187.50000000000        80.05464    
  -1156.25000000000        215.4019    
  -1125.00000000000        66.87770    
  -1093.75000000000        197.8686    
  -1062.50000000000        234.8108    
  -1031.25000000000        84.33426    
  -1000.00000000000        140.7780    
  -968.750000000000        126.2911    
  -937.500000000000        81.55672    
  -906.250000000000        214.0821    
  -875.000000000000        136.7617    
  -843.750000000000        95.04639    
  -812.500000000000        322.5999    
  -781.250000000000        340.2482    
  -750.000000000000        337.7452    
  -718.750000000000        371.1252    
  -687.500000000000        318.7776    
  -656.250000000000        597.3678    
  -625.000000000000        59.36469    
  -593.750000000000        423.3782    
  -562.500000000000        90.04672    
  -531.250000000000        253.8202    
  -500.000000000000        434.9315    
  -468.750000000000        118.7300    
  -437.500000000000        387.3768    
  -406.250000000000        429.9668    
  -375.000000000000        933.9797    
  -343.750000000000        1497.226    
  -312.500000000000        790.3581    
  -281.250000000000        1081.478    
  -250.000000000000        544.5684    
  -218.750000000000        104.4765    
  -187.500000000000        518.3430    
  -156.250000000000        1754.391    
  -125.000000000000        1795.974    
  -93.7500000000000        636.9624    
  -62.5000000000000        1787.338    
  -31.2500000000000        3297.588    
  0.000000000000000E+000   7653.514    
   31.2500000000000        3118.411    
   62.5000000000000        1906.767    
   93.7500000000000        813.4996    
   125.000000000000        1972.943    
   156.250000000000        1978.056    
   187.500000000000        526.1266    
   218.750000000000        30.55908    
   250.000000000000        553.6837    
   281.250000000000        963.5309    
   312.500000000000        711.2628    
   343.750000000000        1356.316    
   375.000000000000        821.0021    
   406.250000000000        413.0267    
   437.500000000000        234.3310    
   468.750000000000        120.3138    
   500.000000000000        426.1589    
   531.250000000000        374.0606    
   562.500000000000        172.5386    
   593.750000000000        452.3518    
   625.000000000000        69.93356    
   656.250000000000        570.9600    
   687.500000000000        386.5903    
   718.750000000000        412.8573    
   750.000000000000        281.1020    
   781.250000000000        398.1806    
   812.500000000000        253.1173    
   843.750000000000        123.0530    
   875.000000000000        99.55173    
   906.250000000000        276.6569    
   937.500000000000        98.02532    
   968.750000000000        159.0580    
   1000.00000000000        148.1593    
   1031.25000000000        81.53899    
   1062.50000000000        154.6167    
   1093.75000000000        140.3686    
   1125.00000000000        43.15448    
   1156.25000000000        187.7459    
   1187.50000000000        67.16737    
   1218.75000000000        58.70104    
   1250.00000000000        335.9726    
   1281.25000000000        99.41430    
   1312.50000000000        106.8320    
   1343.75000000000        193.5806    
   1375.00000000000        216.8035    
   1406.25000000000        148.1543    
   1437.50000000000        60.86083    
   1468.75000000000        73.13234    
   1500.00000000000        74.81880    
   1531.25000000000        127.3039    
   1562.50000000000        290.2740    
   1593.75000000000        74.85463    
   1625.00000000000        146.5618    
   1656.25000000000        201.5409    
   1687.50000000000        154.2172    
   1718.75000000000        142.8024    
   1750.00000000000        217.2867    
   1781.25000000000        392.0191    
   1812.50000000000        299.4413    
   1843.75000000000        106.8599    
   1875.00000000000        124.2346    
   1906.25000000000        42.94904    
   1937.50000000000        88.02377    
   1968.75000000000        99.06500    
   2000.00000000000        72.58374    
   2031.25000000000        59.64979    
   2062.50000000000        70.19627    
   2093.75000000000        135.8029    
   2125.00000000000        79.35757    
   2156.25000000000        162.6461    
   2187.50000000000        114.4865    
   2218.75000000000        127.0139    
   2250.00000000000        69.69873    
   2281.25000000000        62.24251    
   2312.50000000000        95.92403    
   2343.75000000000        187.8787    
   2375.00000000000        28.12828    
   2406.25000000000        44.72408    
   2437.50000000000        157.0451    
   2468.75000000000        42.38774    
   2500.00000000000        211.4415    
   2531.25000000000        15.02823    
   2562.50000000000        85.13851    
   2593.75000000000        165.5502    
   2625.00000000000        75.21696    
   2656.25000000000        81.89410    
   2687.50000000000        182.7938    
   2718.75000000000        52.95285    
   2750.00000000000        128.7269    
   2781.25000000000        66.80486    
   2812.50000000000        204.0864    
   2843.75000000000        69.05458    
   2875.00000000000        224.2774    
   2906.25000000000        17.98045    
   2937.50000000000        299.6149    
   2968.75000000000        167.1726    
   3000.00000000000        152.6290    
   3031.25000000000        254.6775    
   3062.50000000000        311.9168    
   3093.75000000000        288.3646    
   3125.00000000000        200.5254    
   3156.25000000000        314.5299    
   3187.50000000000        159.1226    
   3218.75000000000        363.3515    
   3250.00000000000        279.1884    
   3281.25000000000        279.9455    
   3312.50000000000        293.3782    
   3343.75000000000        165.4119    
   3375.00000000000        173.0062    
   3406.25000000000        594.5807    
   3437.50000000000        197.5478    
   3468.75000000000        393.8488    
   3500.00000000000        342.1700    
   3531.25000000000        138.0818    
   3562.50000000000        346.8933    
   3593.75000000000        276.0135    
   3625.00000000000        193.1981    
   3656.25000000000        507.6770    
   3687.50000000000        376.8099    
   3718.75000000000        423.8848    
   3750.00000000000        335.6467    
   3781.25000000000        524.7801    
   3812.50000000000        356.3564    
   3843.75000000000        531.2266    
   3875.00000000000        437.3218    
   3906.25000000000        283.0522    
   3937.50000000000        604.9538    
   3968.75000000000        488.6239    
