  -2000.00000000000        15.03085    
  -1984.37500000000        6.259822    
  -1968.75000000000        5.233050    
  -1953.12500000000        11.24373    
  -1937.50000000000        19.49060    
  -1921.87500000000        26.91938    
  -1906.25000000000        4.386054    
  -1890.62500000000        16.20016    
  -1875.00000000000        17.62447    
  -1859.37500000000       0.5843437    
  -1843.75000000000        9.766737    
  -1828.12500000000        12.92503    
  -1812.50000000000        8.450731    
  -1796.87500000000        13.59943    
  -1781.25000000000        8.019473    
  -1765.62500000000        7.001493    
  -1750.00000000000        34.86975    
  -1734.37500000000        17.83743    
  -1718.75000000000        15.95457    
  -1703.12500000000        5.506723    
  -1687.50000000000        6.408714    
  -1671.87500000000        4.595227    
  -1656.25000000000        8.560437    
  -1640.62500000000        5.291788    
  -1625.00000000000        7.369898    
  -1609.37500000000        2.508025    
  -1593.75000000000        6.581027    
  -1578.12500000000        15.20628    
  -1562.50000000000        7.764528    
  -1546.87500000000        27.43309    
  -1531.25000000000        3.397838    
  -1515.62500000000        10.02908    
  -1500.00000000000        23.47213    
  -1484.37500000000        5.923225    
  -1468.75000000000        12.97208    
  -1453.12500000000        4.570394    
  -1437.50000000000        2.148161    
  -1421.87500000000        12.34392    
  -1406.25000000000        3.736582    
  -1390.62500000000        1.598162    
  -1375.00000000000        5.875085    
  -1359.37500000000        45.64094    
  -1343.75000000000        16.05797    
  -1328.12500000000        12.64617    
  -1312.50000000000        6.495137    
  -1296.87500000000        14.93827    
  -1281.25000000000        13.65145    
  -1265.62500000000        11.32592    
  -1250.00000000000        35.41804    
  -1234.37500000000        23.23469    
  -1218.75000000000        11.83843    
  -1203.12500000000        25.73997    
  -1187.50000000000        32.81555    
  -1171.87500000000        80.69495    
  -1156.25000000000        71.37798    
  -1140.62500000000        22.13867    
  -1125.00000000000        8.358871    
  -1109.37500000000        4.578767    
  -1093.75000000000        6.891246    
  -1078.12500000000        9.184847    
  -1062.50000000000        3.007294    
  -1046.87500000000        10.73283    
  -1031.25000000000        15.63898    
  -1015.62500000000        6.826916    
  -1000.00000000000        1.960151    
  -984.375000000000        16.34144    
  -968.750000000000        61.61667    
  -953.125000000000        15.84069    
  -937.500000000000        10.07933    
  -921.875000000000        29.20917    
  -906.250000000000        23.06253    
  -890.625000000000        16.60006    
  -875.000000000000        9.091295    
  -859.375000000000        10.33271    
  -843.750000000000        18.50475    
  -828.125000000000        18.89603    
  -812.500000000000        13.04035    
  -796.875000000000        26.15485    
  -781.250000000000        59.10560    
  -765.625000000000        59.96025    
  -750.000000000000        15.87992    
  -734.375000000000        18.40695    
  -718.750000000000        34.74474    
  -703.125000000000        30.24565    
  -687.500000000000        13.45766    
  -671.875000000000        22.78852    
  -656.250000000000        19.47030    
  -640.625000000000        53.45710    
  -625.000000000000        52.19120    
  -609.375000000000        84.67207    
  -593.750000000000        169.7402    
  -578.125000000000        494.0012    
  -562.500000000000        73.24069    
  -546.875000000000        25.61626    
  -531.250000000000        33.45006    
  -515.625000000000        23.63654    
  -500.000000000000        21.73452    
  -484.375000000000        7.635395    
  -468.750000000000        2.550335    
  -453.125000000000        8.746608    
  -437.500000000000        16.61793    
  -421.875000000000        6.955647    
  -406.250000000000        44.11513    
  -390.625000000000        255.9057    
  -375.000000000000        50.97927    
  -359.375000000000        35.93163    
  -343.750000000000        12.18295    
  -328.125000000000        11.42028    
  -312.500000000000        48.27372    
  -296.875000000000        33.33813    
  -281.250000000000        15.96968    
  -265.625000000000        31.21209    
  -250.000000000000        29.81519    
  -234.375000000000        33.46178    
  -218.750000000000        71.64253    
  -203.125000000000        232.1538    
  -187.500000000000        282.6675    
  -171.875000000000        90.92130    
  -156.250000000000        47.56329    
  -140.625000000000        36.76018    
  -125.000000000000        29.63789    
  -109.375000000000        21.56481    
  -93.7500000000000        11.61163    
  -78.1250000000000        41.83290    
  -62.5000000000000        22.74124    
  -46.8750000000000        24.40605    
  -31.2500000000000        11.58713    
  -15.6250000000000        52.89299    
  0.000000000000000E+000   11494.76    
   15.6250000000000        47.57759    
   31.2500000000000        18.29773    
   46.8750000000000        31.66258    
   62.5000000000000        12.66064    
   78.1250000000000        44.55761    
   93.7500000000000        3.714156    
   109.375000000000        5.322933    
   125.000000000000        38.05256    
   140.625000000000        26.00383    
   156.250000000000        20.57599    
   171.875000000000        48.49681    
   187.500000000000        168.7561    
   203.125000000000        139.0759    
   218.750000000000        49.77476    
   234.375000000000        21.22151    
   250.000000000000        34.72336    
   265.625000000000        8.864406    
   281.250000000000        16.63366    
   296.875000000000        24.11753    
   312.500000000000        29.22914    
   328.125000000000        1.470049    
   343.750000000000        14.68359    
   359.375000000000        45.78855    
   375.000000000000        88.64791    
   390.625000000000        301.1961    
   406.250000000000        58.62300    
   421.875000000000        18.09552    
   437.500000000000        32.21050    
   453.125000000000        22.63429    
   468.750000000000        5.568573    
   484.375000000000        17.52215    
   500.000000000000        17.47263    
   515.625000000000        16.67633    
   531.250000000000        43.20985    
   546.875000000000        32.18811    
   562.500000000000        82.53569    
   578.125000000000        532.1046    
   593.750000000000        185.5810    
   609.375000000000        83.00356    
   625.000000000000        53.97006    
   640.625000000000        44.05024    
   656.250000000000        25.03321    
   671.875000000000        28.83586    
   687.500000000000        33.95084    
   703.125000000000        28.60658    
   718.750000000000        29.19605    
   734.375000000000        19.80368    
   750.000000000000        39.33244    
   765.625000000000        90.39030    
   781.250000000000        102.8453    
   796.875000000000        42.34623    
   812.500000000000        21.73279    
   828.125000000000        17.46263    
   843.750000000000        22.39638    
   859.375000000000        6.854188    
   875.000000000000        11.21184    
   890.625000000000        13.62985    
   906.250000000000        23.96437    
   921.875000000000        33.29937    
   937.500000000000        4.143577    
   953.125000000000        6.077410    
   968.750000000000        1.984290    
   984.375000000000        16.89449    
   1000.00000000000        2.796736    
   1015.62500000000        3.383655    
   1031.25000000000        6.698637    
   1046.87500000000        6.761440    
   1062.50000000000        2.244318    
   1078.12500000000        7.092418    
   1093.75000000000        16.72210    
   1109.37500000000        7.201631    
   1125.00000000000        4.451956    
   1140.62500000000        15.60521    
   1156.25000000000        76.90602    
   1171.87500000000        61.39321    
   1187.50000000000        33.97233    
   1203.12500000000        25.87887    
   1218.75000000000        9.540403    
   1234.37500000000        22.31213    
   1250.00000000000        35.72295    
   1265.62500000000        15.58405    
   1281.25000000000        8.925399    
   1296.87500000000        28.00752    
   1312.50000000000        13.12008    
   1328.12500000000        15.07115    
   1343.75000000000        18.55005    
   1359.37500000000        38.49504    
   1375.00000000000        2.654397    
   1390.62500000000        10.38479    
   1406.25000000000        14.48430    
   1421.87500000000        8.405746    
   1437.50000000000        6.103521    
   1453.12500000000        3.068728    
   1468.75000000000        11.94803    
   1484.37500000000        24.71360    
   1500.00000000000        15.52462    
   1515.62500000000        10.27694    
   1531.25000000000        9.979284    
   1546.87500000000        11.85075    
   1562.50000000000        14.76930    
   1578.12500000000        14.89662    
   1593.75000000000        9.960315    
   1609.37500000000        9.578332    
   1625.00000000000        7.724639    
   1640.62500000000        5.908807    
   1656.25000000000        7.387422    
   1671.87500000000        7.199889    
   1687.50000000000        12.40041    
   1703.12500000000        8.071851    
   1718.75000000000        12.70534    
   1734.37500000000        7.972697    
   1750.00000000000        31.65618    
   1765.62500000000        6.738601    
   1781.25000000000        8.563730    
   1796.87500000000        7.074596    
   1812.50000000000        5.321171    
   1828.12500000000        15.26491    
   1843.75000000000        17.86558    
   1859.37500000000        34.42274    
   1875.00000000000        27.56532    
   1890.62500000000        3.885961    
   1906.25000000000        5.439214    
   1921.87500000000        22.11007    
   1937.50000000000        20.04883    
   1953.12500000000        13.92313    
   1968.75000000000        2.214286    
   1984.37500000000        5.891218    
