  -4000.00000000000        195.9072    
  -3968.75000000000        360.2252    
  -3937.50000000000        457.1921    
  -3906.25000000000        214.2940    
  -3875.00000000000        324.9013    
  -3843.75000000000        366.3404    
  -3812.50000000000        261.7553    
  -3781.25000000000        387.5652    
  -3750.00000000000        234.9460    
  -3718.75000000000        299.5996    
  -3687.50000000000        274.9014    
  -3656.25000000000        335.8123    
  -3625.00000000000        154.7798    
  -3593.75000000000        211.3611    
  -3562.50000000000        237.7319    
  -3531.25000000000        83.33897    
  -3500.00000000000        269.0914    
  -3468.75000000000        252.1049    
  -3437.50000000000        146.2612    
  -3406.25000000000        416.6569    
  -3375.00000000000        125.9852    
  -3343.75000000000        120.6538    
  -3312.50000000000        232.0336    
  -3281.25000000000        213.5793    
  -3250.00000000000        183.9635    
  -3218.75000000000        225.3284    
  -3187.50000000000        99.84544    
  -3156.25000000000        238.3051    
  -3125.00000000000        140.9600    
  -3093.75000000000        189.4511    
  -3062.50000000000        218.8844    
  -3031.25000000000        174.1077    
  -3000.00000000000        107.7008    
  -2968.75000000000        106.2304    
  -2937.50000000000        194.6894    
  -2906.25000000000        25.61292    
  -2875.00000000000        128.6287    
  -2843.75000000000        59.75802    
  -2812.50000000000        137.6701    
  -2781.25000000000        46.71301    
  -2750.00000000000        68.37776    
  -2718.75000000000        70.59784    
  -2687.50000000000        131.9331    
  -2656.25000000000        52.65620    
  -2625.00000000000        34.19365    
  -2593.75000000000        94.77016    
  -2562.50000000000        62.15075    
  -2531.25000000000        18.34881    
  -2500.00000000000        137.3833    
  -2468.75000000000        11.96508    
  -2437.50000000000        92.43999    
  -2406.25000000000        52.32550    
  -2375.00000000000        22.29373    
  -2343.75000000000        138.1088    
  -2312.50000000000        84.34333    
  -2281.25000000000        39.29054    
  -2250.00000000000        51.22004    
  -2218.75000000000        71.01725    
  -2187.50000000000        103.2694    
  -2156.25000000000        104.3278    
  -2125.00000000000        63.62348    
  -2093.75000000000        82.89483    
  -2062.50000000000        63.57970    
  -2031.25000000000        19.23273    
  -2000.00000000000        43.57026    
  -1968.75000000000        66.04401    
  -1937.50000000000        48.85747    
  -1906.25000000000        32.19413    
  -1875.00000000000        78.37802    
  -1843.75000000000        90.84877    
  -1812.50000000000        244.9535    
  -1781.25000000000        291.7967    
  -1750.00000000000        144.8342    
  -1718.75000000000        104.0114    
  -1687.50000000000        138.5725    
  -1656.25000000000        161.1893    
  -1625.00000000000        101.3778    
  -1593.75000000000        53.08718    
  -1562.50000000000        199.9054    
  -1531.25000000000        116.2947    
  -1500.00000000000        34.68154    
  -1468.75000000000        70.68366    
  -1437.50000000000        42.53073    
  -1406.25000000000        78.87683    
  -1375.00000000000        130.5576    
  -1343.75000000000        106.2453    
  -1312.50000000000        81.26157    
  -1281.25000000000        71.64256    
  -1250.00000000000        222.0254    
  -1218.75000000000        40.77118    
  -1187.50000000000        39.90857    
  -1156.25000000000        142.5200    
  -1125.00000000000        30.02462    
  -1093.75000000000        83.14924    
  -1062.50000000000        154.1325    
  -1031.25000000000        75.45938    
  -1000.00000000000        93.60896    
  -968.750000000000        88.47730    
  -937.500000000000        32.89846    
  -906.250000000000        161.6325    
  -875.000000000000        85.94894    
  -843.750000000000        120.4759    
  -812.500000000000        217.4533    
  -781.250000000000        280.5981    
  -750.000000000000        204.5022    
  -718.750000000000        263.0847    
  -687.500000000000        224.5619    
  -656.250000000000        405.3022    
  -625.000000000000        37.64208    
  -593.750000000000        299.6030    
  -562.500000000000        116.5692    
  -531.250000000000        192.1290    
  -500.000000000000        296.7114    
  -468.750000000000        74.59392    
  -437.500000000000        222.4887    
  -406.250000000000        285.4279    
  -375.000000000000        634.0898    
  -343.750000000000        1034.976    
  -312.500000000000        549.2903    
  -281.250000000000        730.0944    
  -250.000000000000        379.8866    
  -218.750000000000        43.04749    
  -187.500000000000        354.1714    
  -156.250000000000        1344.783    
  -125.000000000000        1313.160    
  -93.7500000000000        469.5750    
  -62.5000000000000        1292.636    
  -31.2500000000000        2288.223    
  0.000000000000000E+000   6073.747    
   31.2500000000000        2276.976    
   62.5000000000000        1306.356    
   93.7500000000000        475.1140    
   125.000000000000        1322.794    
   156.250000000000        1357.474    
   187.500000000000        349.1259    
   218.750000000000        44.70359    
   250.000000000000        384.3602    
   281.250000000000        745.6343    
   312.500000000000        542.8781    
   343.750000000000        1040.685    
   375.000000000000        637.8053    
   406.250000000000        286.5861    
   437.500000000000        227.8761    
   468.750000000000        72.68949    
   500.000000000000        300.1359    
   531.250000000000        192.3807    
   562.500000000000        114.8296    
   593.750000000000        297.1039    
   625.000000000000        30.99011    
   656.250000000000        407.3292    
   687.500000000000        232.3443    
   718.750000000000        274.9232    
   750.000000000000        206.0417    
   781.250000000000        271.6101    
   812.500000000000        213.9950    
   843.750000000000        122.0814    
   875.000000000000        84.50089    
   906.250000000000        162.4575    
   937.500000000000        38.34972    
   968.750000000000        94.60106    
   1000.00000000000        89.54795    
   1031.25000000000        65.72485    
   1062.50000000000        157.8693    
   1093.75000000000        86.10936    
   1125.00000000000        29.90370    
   1156.25000000000        143.6846    
   1187.50000000000        37.63293    
   1218.75000000000        42.26731    
   1250.00000000000        222.5162    
   1281.25000000000        69.66791    
   1312.50000000000        83.01310    
   1343.75000000000        107.0190    
   1375.00000000000        130.3814    
   1406.25000000000        79.81064    
   1437.50000000000        41.97914    
   1468.75000000000        70.13228    
   1500.00000000000        34.47746    
   1531.25000000000        116.9782    
   1562.50000000000        199.2898    
   1593.75000000000        52.98032    
   1625.00000000000        99.52817    
   1656.25000000000        161.9165    
   1687.50000000000        139.9149    
   1718.75000000000        102.4715    
   1750.00000000000        143.8113    
   1781.25000000000        288.4261    
   1812.50000000000        243.7113    
   1843.75000000000        90.95012    
   1875.00000000000        78.08295    
   1906.25000000000        32.21112    
   1937.50000000000        49.29839    
   1968.75000000000        66.31759    
   2000.00000000000        43.16961    
   2031.25000000000        19.94956    
   2062.50000000000        64.13682    
   2093.75000000000        83.21159    
   2125.00000000000        64.92640    
   2156.25000000000        105.3678    
   2187.50000000000        103.3335    
   2218.75000000000        72.61552    
   2250.00000000000        51.11028    
   2281.25000000000        39.97171    
   2312.50000000000        83.53219    
   2343.75000000000        139.2148    
   2375.00000000000        23.45556    
   2406.25000000000        51.46975    
   2437.50000000000        93.04999    
   2468.75000000000        12.51242    
   2500.00000000000        138.2011    
   2531.25000000000        18.80695    
   2562.50000000000        62.13321    
   2593.75000000000        94.79075    
   2625.00000000000        34.34185    
   2656.25000000000        52.34271    
   2687.50000000000        132.7750    
   2718.75000000000        69.55135    
   2750.00000000000        68.19347    
   2781.25000000000        47.25554    
   2812.50000000000        138.3513    
   2843.75000000000        60.11506    
   2875.00000000000        129.6239    
   2906.25000000000        26.16063    
   2937.50000000000        195.2111    
   2968.75000000000        105.7429    
   3000.00000000000        108.9831    
   3031.25000000000        174.6136    
   3062.50000000000        218.9706    
   3093.75000000000        188.2446    
   3125.00000000000        139.3291    
   3156.25000000000        238.1735    
   3187.50000000000        101.8062    
   3218.75000000000        227.5337    
   3250.00000000000        185.1868    
   3281.25000000000        215.7650    
   3312.50000000000        230.4198    
   3343.75000000000        121.7468    
   3375.00000000000        126.6011    
   3406.25000000000        417.6549    
   3437.50000000000        146.3993    
   3468.75000000000        254.5216    
   3500.00000000000        267.7059    
   3531.25000000000        83.34641    
   3562.50000000000        239.4445    
   3593.75000000000        209.0337    
   3625.00000000000        153.9461    
   3656.25000000000        335.4061    
   3687.50000000000        274.8979    
   3718.75000000000        299.4142    
   3750.00000000000        233.2347    
   3781.25000000000        389.0137    
   3812.50000000000        260.9791    
   3843.75000000000        367.5893    
   3875.00000000000        324.0565    
   3906.25000000000        214.1152    
   3937.50000000000        456.2193    
   3968.75000000000        361.7444    
