  -2000.00000000000        22.85106    
  -1984.37500000000        3.422439    
  -1968.75000000000        18.72761    
  -1953.12500000000        32.63305    
  -1937.50000000000        18.65053    
  -1921.87500000000        39.07529    
  -1906.25000000000        3.789272    
  -1890.62500000000        32.24117    
  -1875.00000000000        29.56800    
  -1859.37500000000        9.816513    
  -1843.75000000000        13.42679    
  -1828.12500000000        34.21843    
  -1812.50000000000        6.670885    
  -1796.87500000000        28.44734    
  -1781.25000000000        25.15936    
  -1765.62500000000        5.090986    
  -1750.00000000000        65.06355    
  -1734.37500000000        31.57911    
  -1718.75000000000        7.716794    
  -1703.12500000000        16.50109    
  -1687.50000000000        28.39149    
  -1671.87500000000        14.99194    
  -1656.25000000000        9.983009    
  -1640.62500000000        21.24263    
  -1625.00000000000        20.60269    
  -1609.37500000000        12.54432    
  -1593.75000000000        4.518008    
  -1578.12500000000        14.69335    
  -1562.50000000000        25.73409    
  -1546.87500000000        85.62486    
  -1531.25000000000        27.68958    
  -1515.62500000000        10.22983    
  -1500.00000000000        50.13051    
  -1484.37500000000        5.280928    
  -1468.75000000000        13.46262    
  -1453.12500000000        10.07056    
  -1437.50000000000        5.605867    
  -1421.87500000000        41.30640    
  -1406.25000000000        16.65112    
  -1390.62500000000        7.059764    
  -1375.00000000000        19.46029    
  -1359.37500000000        73.09362    
  -1343.75000000000        31.71084    
  -1328.12500000000        21.83236    
  -1312.50000000000        11.56517    
  -1296.87500000000        29.64804    
  -1281.25000000000        42.00877    
  -1265.62500000000        29.09401    
  -1250.00000000000        70.67967    
  -1234.37500000000        35.92230    
  -1218.75000000000        32.70060    
  -1203.12500000000        38.38857    
  -1187.50000000000        61.73446    
  -1171.87500000000        186.6941    
  -1156.25000000000        135.8216    
  -1140.62500000000        37.85000    
  -1125.00000000000        23.94089    
  -1109.37500000000        31.66555    
  -1093.75000000000        26.75053    
  -1078.12500000000        5.887926    
  -1062.50000000000        11.44074    
  -1046.87500000000        31.68981    
  -1031.25000000000        50.70767    
  -1015.62500000000        16.14109    
  -1000.00000000000        12.49775    
  -984.375000000000        24.62262    
  -968.750000000000        203.3265    
  -953.125000000000        31.64876    
  -937.500000000000        32.84233    
  -921.875000000000        69.98241    
  -906.250000000000        45.63917    
  -890.625000000000        4.229044    
  -875.000000000000        11.18373    
  -859.375000000000        34.23567    
  -843.750000000000        48.97742    
  -828.125000000000        35.66102    
  -812.500000000000        17.08410    
  -796.875000000000        41.25445    
  -781.250000000000        127.0926    
  -765.625000000000        125.3629    
  -750.000000000000        41.38932    
  -734.375000000000        54.25590    
  -718.750000000000        61.09966    
  -703.125000000000        44.89264    
  -687.500000000000        30.08184    
  -671.875000000000        34.74237    
  -656.250000000000        30.22515    
  -640.625000000000        51.83831    
  -625.000000000000        95.10689    
  -609.375000000000        133.3638    
  -593.750000000000        260.5471    
  -578.125000000000        876.9653    
  -562.500000000000        145.8342    
  -546.875000000000        49.15760    
  -531.250000000000        82.59307    
  -515.625000000000        92.33494    
  -500.000000000000        23.22914    
  -484.375000000000        10.51060    
  -468.750000000000        22.02589    
  -453.125000000000        11.17259    
  -437.500000000000        23.43422    
  -421.875000000000        25.97517    
  -406.250000000000        83.28854    
  -390.625000000000        352.0057    
  -375.000000000000        32.43746    
  -359.375000000000        58.30230    
  -343.750000000000        34.46364    
  -328.125000000000        53.24992    
  -312.500000000000        51.53102    
  -296.875000000000        63.79424    
  -281.250000000000        40.13100    
  -265.625000000000        70.87018    
  -250.000000000000        70.01228    
  -234.375000000000        93.81993    
  -218.750000000000        181.3708    
  -203.125000000000        617.2022    
  -187.500000000000        712.9358    
  -171.875000000000        257.2741    
  -156.250000000000        121.5408    
  -140.625000000000        77.68905    
  -125.000000000000        63.05742    
  -109.375000000000        70.95269    
  -93.7500000000000        35.91603    
  -78.1250000000000        69.11506    
  -62.5000000000000        69.00661    
  -46.8750000000000        15.08453    
  -31.2500000000000        3.679759    
  -15.6250000000000        84.93660    
  0.000000000000000E+000   20677.73    
   15.6250000000000        134.5880    
   31.2500000000000        56.33492    
   46.8750000000000        78.05842    
   62.5000000000000        14.30169    
   78.1250000000000        77.24095    
   93.7500000000000        33.82209    
   109.375000000000        33.62458    
   125.000000000000        114.7948    
   140.625000000000        57.69472    
   156.250000000000        72.52653    
   171.875000000000        97.24383    
   187.500000000000        275.9586    
   203.125000000000        138.3833    
   218.750000000000        87.32403    
   234.375000000000        61.20126    
   250.000000000000        86.18855    
   265.625000000000        43.78617    
   281.250000000000        41.28017    
   296.875000000000        18.54858    
   312.500000000000        45.64612    
   328.125000000000        18.00031    
   343.750000000000        19.72819    
   359.375000000000        77.30779    
   375.000000000000        194.5275    
   390.625000000000        499.5367    
   406.250000000000        108.3047    
   421.875000000000        65.01783    
   437.500000000000        64.65771    
   453.125000000000        50.09946    
   468.750000000000        16.24755    
   484.375000000000        39.90591    
   500.000000000000        48.58142    
   515.625000000000        67.59520    
   531.250000000000        69.43613    
   546.875000000000        72.90121    
   562.500000000000        163.1410    
   578.125000000000        955.1030    
   593.750000000000        378.4161    
   609.375000000000        159.0588    
   625.000000000000        107.3630    
   640.625000000000        71.48397    
   656.250000000000        71.61604    
   671.875000000000        55.19887    
   687.500000000000        74.10190    
   703.125000000000        83.97226    
   718.750000000000        48.68124    
   734.375000000000        61.87580    
   750.000000000000        63.54244    
   765.625000000000        202.4144    
   781.250000000000        234.6348    
   796.875000000000        67.74562    
   812.500000000000        44.44899    
   828.125000000000        27.91323    
   843.750000000000        20.93967    
   859.375000000000        9.233377    
   875.000000000000        5.861454    
   890.625000000000        34.98956    
   906.250000000000        34.29951    
   921.875000000000        70.28935    
   937.500000000000        25.60586    
   953.125000000000        48.60919    
   968.750000000000        7.933467    
   984.375000000000        57.09058    
   1000.00000000000        5.748734    
   1015.62500000000        22.76695    
   1031.25000000000        4.207045    
   1046.87500000000        14.81965    
   1062.50000000000        20.04331    
   1078.12500000000        6.548439    
   1093.75000000000        19.51123    
   1109.37500000000        32.67780    
   1125.00000000000        8.441388    
   1140.62500000000        30.23116    
   1156.25000000000        137.0931    
   1171.87500000000        116.9436    
   1187.50000000000        42.77419    
   1203.12500000000        28.31642    
   1218.75000000000        8.684789    
   1234.37500000000        27.90980    
   1250.00000000000        51.77331    
   1265.62500000000        11.93915    
   1281.25000000000        17.93615    
   1296.87500000000        28.43259    
   1312.50000000000        11.83787    
   1328.12500000000        5.394793    
   1343.75000000000        18.01839    
   1359.37500000000        83.16766    
   1375.00000000000        13.47539    
   1390.62500000000        20.12325    
   1406.25000000000        13.66847    
   1421.87500000000        32.42284    
   1437.50000000000        6.131383    
   1453.12500000000        18.14053    
   1468.75000000000        8.735258    
   1484.37500000000        28.85960    
   1500.00000000000        46.38555    
   1515.62500000000        16.88335    
   1531.25000000000        17.07877    
   1546.87500000000        93.29314    
   1562.50000000000        38.66121    
   1578.12500000000        34.84960    
   1593.75000000000        19.76469    
   1609.37500000000        31.33368    
   1625.00000000000        14.10763    
   1640.62500000000        8.162626    
   1656.25000000000        6.773452    
   1671.87500000000        21.40335    
   1687.50000000000        25.05357    
   1703.12500000000        16.25207    
   1718.75000000000        39.73278    
   1734.37500000000        27.55806    
   1750.00000000000        42.07093    
   1765.62500000000        5.304880    
   1781.25000000000        19.01303    
   1796.87500000000        10.48938    
   1812.50000000000        21.80445    
   1828.12500000000        22.77875    
   1843.75000000000        12.12269    
   1859.37500000000        16.05382    
   1875.00000000000        47.25541    
   1890.62500000000        22.17902    
   1906.25000000000        22.11389    
   1921.87500000000        26.87374    
   1937.50000000000        33.96599    
   1953.12500000000        31.63926    
   1968.75000000000        2.202571    
   1984.37500000000        4.704941    
