  -4000.00000000000        225.0271    
  -3968.75000000000        395.5251    
  -3937.50000000000        523.0423    
  -3906.25000000000        240.6547    
  -3875.00000000000        372.1613    
  -3843.75000000000        405.6230    
  -3812.50000000000        307.4197    
  -3781.25000000000        423.5836    
  -3750.00000000000        271.0899    
  -3718.75000000000        344.0181    
  -3687.50000000000        311.2760    
  -3656.25000000000        370.3256    
  -3625.00000000000        186.4435    
  -3593.75000000000        247.3734    
  -3562.50000000000        263.1185    
  -3531.25000000000        88.89055    
  -3500.00000000000        305.3739    
  -3468.75000000000        271.1230    
  -3437.50000000000        167.7375    
  -3406.25000000000        464.4090    
  -3375.00000000000        136.7197    
  -3343.75000000000        135.3941    
  -3312.50000000000        264.2185    
  -3281.25000000000        230.4219    
  -3250.00000000000        202.2806    
  -3218.75000000000        248.6940    
  -3187.50000000000        111.5903    
  -3156.25000000000        263.5234    
  -3125.00000000000        162.0725    
  -3093.75000000000        214.8018    
  -3062.50000000000        239.4057    
  -3031.25000000000        186.7077    
  -3000.00000000000        109.3705    
  -2968.75000000000        125.0303    
  -2937.50000000000        218.2218    
  -2906.25000000000        24.93834    
  -2875.00000000000        132.9112    
  -2843.75000000000        75.88285    
  -2812.50000000000        154.6430    
  -2781.25000000000        64.64696    
  -2750.00000000000        81.97397    
  -2718.75000000000        78.15586    
  -2687.50000000000        138.8485    
  -2656.25000000000        54.28546    
  -2625.00000000000        35.06538    
  -2593.75000000000        104.8673    
  -2562.50000000000        72.96941    
  -2531.25000000000        13.42832    
  -2500.00000000000        149.7969    
  -2468.75000000000        21.45004    
  -2437.50000000000        103.2755    
  -2406.25000000000        51.61349    
  -2375.00000000000        23.43186    
  -2343.75000000000        147.3938    
  -2312.50000000000        101.8222    
  -2281.25000000000        34.96075    
  -2250.00000000000        51.74752    
  -2218.75000000000        91.86464    
  -2187.50000000000        114.1061    
  -2156.25000000000        118.8020    
  -2125.00000000000        80.27859    
  -2093.75000000000        96.27392    
  -2062.50000000000        68.58858    
  -2031.25000000000        20.35686    
  -2000.00000000000        49.54631    
  -1968.75000000000        75.14101    
  -1937.50000000000        52.80873    
  -1906.25000000000        35.14043    
  -1875.00000000000        94.10585    
  -1843.75000000000        109.4348    
  -1812.50000000000        289.3915    
  -1781.25000000000        339.2398    
  -1750.00000000000        177.2463    
  -1718.75000000000        116.5849    
  -1687.50000000000        159.8068    
  -1656.25000000000        196.3215    
  -1625.00000000000        110.9768    
  -1593.75000000000        63.91383    
  -1562.50000000000        226.0398    
  -1531.25000000000        138.5497    
  -1500.00000000000        42.83350    
  -1468.75000000000        90.36041    
  -1437.50000000000        53.14188    
  -1406.25000000000        88.80788    
  -1375.00000000000        140.8759    
  -1343.75000000000        120.6507    
  -1312.50000000000        89.70506    
  -1281.25000000000        89.07878    
  -1250.00000000000        241.8020    
  -1218.75000000000        41.87857    
  -1187.50000000000        44.56648    
  -1156.25000000000        173.0226    
  -1125.00000000000        34.42049    
  -1093.75000000000        106.5669    
  -1062.50000000000        179.4321    
  -1031.25000000000        67.73357    
  -1000.00000000000        99.25935    
  -968.750000000000        102.4897    
  -937.500000000000        39.29382    
  -906.250000000000        184.7019    
  -875.000000000000        96.29017    
  -843.750000000000        139.6573    
  -812.500000000000        239.3178    
  -781.250000000000        308.7363    
  -750.000000000000        229.2621    
  -718.750000000000        299.8367    
  -687.500000000000        253.1004    
  -656.250000000000        464.1982    
  -625.000000000000        36.26652    
  -593.750000000000        345.3032    
  -562.500000000000        127.9422    
  -531.250000000000        207.1403    
  -500.000000000000        331.8304    
  -468.750000000000        86.51320    
  -437.500000000000        283.6156    
  -406.250000000000        312.5038    
  -375.000000000000        730.9038    
  -343.750000000000        1180.641    
  -312.500000000000        609.1821    
  -281.250000000000        851.3265    
  -250.000000000000        436.7727    
  -218.750000000000        69.76162    
  -187.500000000000        395.7738    
  -156.250000000000        1475.751    
  -125.000000000000        1436.971    
  -93.7500000000000        530.2244    
  -62.5000000000000        1418.972    
  -31.2500000000000        2580.123    
  0.000000000000000E+000   6606.432    
   31.2500000000000        2541.442    
   62.5000000000000        1489.661    
   93.7500000000000        550.3848    
   125.000000000000        1503.219    
   156.250000000000        1537.212    
   187.500000000000        402.8152    
   218.750000000000        24.48438    
   250.000000000000        417.5708    
   281.250000000000        798.3352    
   312.500000000000        591.9064    
   343.750000000000        1149.411    
   375.000000000000        687.6473    
   406.250000000000        292.4444    
   437.500000000000        237.2810    
   468.750000000000        73.13577    
   500.000000000000        332.8846    
   531.250000000000        230.9510    
   562.500000000000        141.3871    
   593.750000000000        340.6722    
   625.000000000000        44.84266    
   656.250000000000        450.9985    
   687.500000000000        255.0804    
   718.750000000000        305.1499    
   750.000000000000        232.8120    
   781.250000000000        300.1907    
   812.500000000000        239.9243    
   843.750000000000        135.3584    
   875.000000000000        103.7967    
   906.250000000000        182.9921    
   937.500000000000        43.54108    
   968.750000000000        96.36491    
   1000.00000000000        104.3932    
   1031.25000000000        81.84951    
   1062.50000000000        179.7570    
   1093.75000000000        98.84805    
   1125.00000000000        49.71691    
   1156.25000000000        153.2572    
   1187.50000000000        39.40031    
   1218.75000000000        60.08821    
   1250.00000000000        251.2732    
   1281.25000000000        69.38091    
   1312.50000000000        92.32447    
   1343.75000000000        122.2651    
   1375.00000000000        145.5387    
   1406.25000000000        90.67680    
   1437.50000000000        57.29758    
   1468.75000000000        76.27585    
   1500.00000000000        38.82311    
   1531.25000000000        125.3748    
   1562.50000000000        221.5965    
   1593.75000000000        61.85411    
   1625.00000000000        108.7793    
   1656.25000000000        182.3414    
   1687.50000000000        157.3886    
   1718.75000000000        106.8173    
   1750.00000000000        155.4117    
   1781.25000000000        305.6986    
   1812.50000000000        254.2115    
   1843.75000000000        102.1112    
   1875.00000000000        90.89323    
   1906.25000000000        34.68661    
   1937.50000000000        47.00156    
   1968.75000000000        74.02819    
   2000.00000000000        42.67790    
   2031.25000000000        23.37365    
   2062.50000000000        73.35139    
   2093.75000000000        85.18127    
   2125.00000000000        81.37912    
   2156.25000000000        112.6975    
   2187.50000000000        116.2645    
   2218.75000000000        81.52130    
   2250.00000000000        58.98480    
   2281.25000000000        46.03693    
   2312.50000000000        89.02911    
   2343.75000000000        151.4657    
   2375.00000000000        27.96062    
   2406.25000000000        47.12315    
   2437.50000000000        101.8941    
   2468.75000000000        12.99641    
   2500.00000000000        155.3549    
   2531.25000000000        33.13771    
   2562.50000000000        70.20635    
   2593.75000000000        108.6045    
   2625.00000000000        35.86190    
   2656.25000000000        60.66957    
   2687.50000000000        147.5948    
   2718.75000000000        83.15478    
   2750.00000000000        76.24544    
   2781.25000000000        49.76640    
   2812.50000000000        160.2041    
   2843.75000000000        65.00883    
   2875.00000000000        147.3963    
   2906.25000000000        28.88429    
   2937.50000000000        220.4799    
   2968.75000000000        113.5241    
   3000.00000000000        128.5060    
   3031.25000000000        207.1578    
   3062.50000000000        244.2379    
   3093.75000000000        208.3187    
   3125.00000000000        143.5060    
   3156.25000000000        264.3803    
   3187.50000000000        113.1961    
   3218.75000000000        260.2634    
   3250.00000000000        215.4437    
   3281.25000000000        250.3281    
   3312.50000000000        245.0237    
   3343.75000000000        146.2479    
   3375.00000000000        143.9374    
   3406.25000000000        467.9326    
   3437.50000000000        164.4267    
   3468.75000000000        303.0895    
   3500.00000000000        294.9182    
   3531.25000000000        90.14684    
   3562.50000000000        283.6411    
   3593.75000000000        227.6520    
   3625.00000000000        162.9078    
   3656.25000000000        372.6121    
   3687.50000000000        311.7611    
   3718.75000000000        340.7696    
   3750.00000000000        254.4395    
   3781.25000000000        447.9397    
   3812.50000000000        291.8565    
   3843.75000000000        408.6222    
   3875.00000000000        361.2601    
   3906.25000000000        242.5863    
   3937.50000000000        504.5156    
   3968.75000000000        407.7730    
