  -4000.00000000000        204.4207    
  -3968.75000000000        369.9981    
  -3937.50000000000        477.3622    
  -3906.25000000000        222.3977    
  -3875.00000000000        341.7250    
  -3843.75000000000        371.8486    
  -3812.50000000000        270.2590    
  -3781.25000000000        396.2743    
  -3750.00000000000        255.3026    
  -3718.75000000000        313.4472    
  -3687.50000000000        285.7336    
  -3656.25000000000        349.4939    
  -3625.00000000000        160.4664    
  -3593.75000000000        222.1191    
  -3562.50000000000        241.0110    
  -3531.25000000000        90.50874    
  -3500.00000000000        284.9311    
  -3468.75000000000        254.7142    
  -3437.50000000000        154.5461    
  -3406.25000000000        432.9214    
  -3375.00000000000        129.3890    
  -3343.75000000000        126.4126    
  -3312.50000000000        242.9037    
  -3281.25000000000        218.4566    
  -3250.00000000000        182.6630    
  -3218.75000000000        231.4643    
  -3187.50000000000        100.1487    
  -3156.25000000000        253.5959    
  -3125.00000000000        150.5849    
  -3093.75000000000        197.8799    
  -3062.50000000000        225.3021    
  -3031.25000000000        180.2439    
  -3000.00000000000        104.5489    
  -2968.75000000000        116.9546    
  -2937.50000000000        202.7886    
  -2906.25000000000        26.39114    
  -2875.00000000000        130.6934    
  -2843.75000000000        61.83686    
  -2812.50000000000        145.6828    
  -2781.25000000000        49.20137    
  -2750.00000000000        74.87341    
  -2718.75000000000        71.30216    
  -2687.50000000000        134.7997    
  -2656.25000000000        53.23545    
  -2625.00000000000        38.64161    
  -2593.75000000000        95.48805    
  -2562.50000000000        61.01936    
  -2531.25000000000        16.63959    
  -2500.00000000000        144.2884    
  -2468.75000000000        11.61709    
  -2437.50000000000        89.61581    
  -2406.25000000000        49.25439    
  -2375.00000000000        26.21715    
  -2343.75000000000        137.4632    
  -2312.50000000000        88.68359    
  -2281.25000000000        43.00776    
  -2250.00000000000        49.40434    
  -2218.75000000000        74.00259    
  -2187.50000000000        108.4481    
  -2156.25000000000        109.7934    
  -2125.00000000000        68.03908    
  -2093.75000000000        88.68864    
  -2062.50000000000        62.79763    
  -2031.25000000000        20.55912    
  -2000.00000000000        55.01421    
  -1968.75000000000        68.17495    
  -1937.50000000000        47.87975    
  -1906.25000000000        28.37723    
  -1875.00000000000        83.01462    
  -1843.75000000000        95.76965    
  -1812.50000000000        256.0231    
  -1781.25000000000        306.4256    
  -1750.00000000000        155.2477    
  -1718.75000000000        111.6792    
  -1687.50000000000        139.4529    
  -1656.25000000000        172.9106    
  -1625.00000000000        105.2184    
  -1593.75000000000        56.37854    
  -1562.50000000000        211.4331    
  -1531.25000000000        124.5753    
  -1500.00000000000        33.46958    
  -1468.75000000000        72.99687    
  -1437.50000000000        50.04776    
  -1406.25000000000        83.81406    
  -1375.00000000000        129.2654    
  -1343.75000000000        104.3817    
  -1312.50000000000        94.73851    
  -1281.25000000000        76.91706    
  -1250.00000000000        223.0536    
  -1218.75000000000        43.56233    
  -1187.50000000000        38.17803    
  -1156.25000000000        149.8916    
  -1125.00000000000        28.11419    
  -1093.75000000000        89.56685    
  -1062.50000000000        172.2799    
  -1031.25000000000        74.98863    
  -1000.00000000000        93.99817    
  -968.750000000000        91.99442    
  -937.500000000000        36.35747    
  -906.250000000000        162.9634    
  -875.000000000000        97.60787    
  -843.750000000000        125.9741    
  -812.500000000000        217.6919    
  -781.250000000000        288.4198    
  -750.000000000000        218.2272    
  -718.750000000000        277.8174    
  -687.500000000000        233.5730    
  -656.250000000000        425.5324    
  -625.000000000000        40.47765    
  -593.750000000000        307.9269    
  -562.500000000000        124.8073    
  -531.250000000000        194.9142    
  -500.000000000000        311.2662    
  -468.750000000000        71.31520    
  -437.500000000000        244.5659    
  -406.250000000000        297.5005    
  -375.000000000000        655.5334    
  -343.750000000000        1076.558    
  -312.500000000000        557.0898    
  -281.250000000000        774.7768    
  -250.000000000000        391.5483    
  -218.750000000000        53.38408    
  -187.500000000000        363.7251    
  -156.250000000000        1373.207    
  -125.000000000000        1353.603    
  -93.7500000000000        481.5493    
  -62.5000000000000        1329.484    
  -31.2500000000000        2377.235    
  0.000000000000000E+000   6141.702    
   31.2500000000000        2329.024    
   62.5000000000000        1364.703    
   93.7500000000000        496.6737    
   125.000000000000        1388.288    
   156.250000000000        1411.596    
   187.500000000000        367.9362    
   218.750000000000        23.30741    
   250.000000000000        384.4465    
   281.250000000000        757.7133    
   312.500000000000        561.7043    
   343.750000000000        1069.429    
   375.000000000000        638.9379    
   406.250000000000        279.8806    
   437.500000000000        219.6655    
   468.750000000000        72.49413    
   500.000000000000        303.8334    
   531.250000000000        198.3295    
   562.500000000000        120.0490    
   593.750000000000        311.8348    
   625.000000000000        45.30891    
   656.250000000000        405.0957    
   687.500000000000        234.9412    
   718.750000000000        273.0632    
   750.000000000000        214.2478    
   781.250000000000        275.0570    
   812.500000000000        228.0982    
   843.750000000000        117.2801    
   875.000000000000        86.95538    
   906.250000000000        165.2128    
   937.500000000000        36.50974    
   968.750000000000        89.29269    
   1000.00000000000        90.17147    
   1031.25000000000        70.18861    
   1062.50000000000        161.6964    
   1093.75000000000        89.31020    
   1125.00000000000        28.83185    
   1156.25000000000        142.9677    
   1187.50000000000        46.06708    
   1218.75000000000        32.11317    
   1250.00000000000        233.5345    
   1281.25000000000        64.83399    
   1312.50000000000        77.40558    
   1343.75000000000        110.8886    
   1375.00000000000        137.1668    
   1406.25000000000        86.04420    
   1437.50000000000        38.77241    
   1468.75000000000        77.18468    
   1500.00000000000        34.48394    
   1531.25000000000        120.2969    
   1562.50000000000        202.5969    
   1593.75000000000        50.00690    
   1625.00000000000        101.2522    
   1656.25000000000        159.0477    
   1687.50000000000        145.4150    
   1718.75000000000        104.0371    
   1750.00000000000        151.0147    
   1781.25000000000        293.1677    
   1812.50000000000        244.8226    
   1843.75000000000        92.31653    
   1875.00000000000        84.43269    
   1906.25000000000        31.97608    
   1937.50000000000        40.13730    
   1968.75000000000        70.99734    
   2000.00000000000        42.29816    
   2031.25000000000        22.16530    
   2062.50000000000        70.48611    
   2093.75000000000        88.52606    
   2125.00000000000        67.60094    
   2156.25000000000        112.6072    
   2187.50000000000        108.3506    
   2218.75000000000        81.30560    
   2250.00000000000        51.95572    
   2281.25000000000        46.32838    
   2312.50000000000        83.31927    
   2343.75000000000        147.2756    
   2375.00000000000        24.08934    
   2406.25000000000        48.55999    
   2437.50000000000        96.63033    
   2468.75000000000        9.300435    
   2500.00000000000        145.9189    
   2531.25000000000        15.65691    
   2562.50000000000        67.35563    
   2593.75000000000        95.40582    
   2625.00000000000        35.94278    
   2656.25000000000        51.95856    
   2687.50000000000        140.1010    
   2718.75000000000        75.40716    
   2750.00000000000        68.24876    
   2781.25000000000        47.21128    
   2812.50000000000        148.5586    
   2843.75000000000        64.73843    
   2875.00000000000        138.9461    
   2906.25000000000        25.91304    
   2937.50000000000        202.1116    
   2968.75000000000        107.5909    
   3000.00000000000        116.1444    
   3031.25000000000        184.0657    
   3062.50000000000        224.4498    
   3093.75000000000        196.5112    
   3125.00000000000        144.0861    
   3156.25000000000        245.8418    
   3187.50000000000        106.2508    
   3218.75000000000        239.8798    
   3250.00000000000        195.0700    
   3281.25000000000        227.3087    
   3312.50000000000        232.9077    
   3343.75000000000        125.3481    
   3375.00000000000        129.8656    
   3406.25000000000        433.6414    
   3437.50000000000        148.1140    
   3468.75000000000        275.3490    
   3500.00000000000        274.4871    
   3531.25000000000        85.47506    
   3562.50000000000        252.4821    
   3593.75000000000        214.4475    
   3625.00000000000        156.6851    
   3656.25000000000        340.8592    
   3687.50000000000        278.0581    
   3718.75000000000        310.8666    
   3750.00000000000        236.6388    
   3781.25000000000        409.6546    
   3812.50000000000        268.9803    
   3843.75000000000        382.2789    
   3875.00000000000        329.9832    
   3906.25000000000        225.9090    
   3937.50000000000        467.0125    
   3968.75000000000        380.4573    
