  -2000.00000000000        21.91159    
  -1984.37500000000        25.74495    
  -1968.75000000000        22.19819    
  -1953.12500000000        39.40748    
  -1937.50000000000        57.57573    
  -1921.87500000000        35.81798    
  -1906.25000000000        12.05821    
  -1890.62500000000        27.71247    
  -1875.00000000000        32.44624    
  -1859.37500000000        26.16599    
  -1843.75000000000        16.79591    
  -1828.12500000000        29.44609    
  -1812.50000000000        16.21311    
  -1796.87500000000        33.08717    
  -1781.25000000000        17.58187    
  -1765.62500000000        36.30508    
  -1750.00000000000        61.12155    
  -1734.37500000000        22.42850    
  -1718.75000000000        11.77685    
  -1703.12500000000        9.766099    
  -1687.50000000000        22.89810    
  -1671.87500000000        19.98390    
  -1656.25000000000        13.75114    
  -1640.62500000000        12.77947    
  -1625.00000000000        32.81733    
  -1609.37500000000        10.75078    
  -1593.75000000000        19.72741    
  -1578.12500000000        21.04726    
  -1562.50000000000        15.93254    
  -1546.87500000000        93.21429    
  -1531.25000000000        19.59858    
  -1515.62500000000        10.98581    
  -1500.00000000000        17.76273    
  -1484.37500000000        22.23837    
  -1468.75000000000        19.59115    
  -1453.12500000000        23.14414    
  -1437.50000000000        15.29233    
  -1421.87500000000        9.355125    
  -1406.25000000000        16.87181    
  -1390.62500000000        2.839748    
  -1375.00000000000        15.76622    
  -1359.37500000000        94.59389    
  -1343.75000000000        36.59865    
  -1328.12500000000        22.17529    
  -1312.50000000000        3.567821    
  -1296.87500000000        75.19405    
  -1281.25000000000        33.11705    
  -1265.62500000000        23.12323    
  -1250.00000000000        38.18774    
  -1234.37500000000        58.66870    
  -1218.75000000000        15.76374    
  -1203.12500000000        38.28577    
  -1187.50000000000        36.60196    
  -1171.87500000000        142.2338    
  -1156.25000000000        97.19673    
  -1140.62500000000        42.26452    
  -1125.00000000000        10.48857    
  -1109.37500000000        14.65887    
  -1093.75000000000        49.36667    
  -1078.12500000000        7.656168    
  -1062.50000000000        16.98896    
  -1046.87500000000        29.85764    
  -1031.25000000000        26.92678    
  -1015.62500000000        19.76570    
  -1000.00000000000        7.039177    
  -984.375000000000        18.78575    
  -968.750000000000        265.8984    
  -953.125000000000        54.19968    
  -937.500000000000        41.81294    
  -921.875000000000        53.08213    
  -906.250000000000        76.18126    
  -890.625000000000        1.595228    
  -875.000000000000        18.29464    
  -859.375000000000        8.935303    
  -843.750000000000        33.70539    
  -828.125000000000        57.35342    
  -812.500000000000        32.60122    
  -796.875000000000        67.59649    
  -781.250000000000        163.8116    
  -765.625000000000        103.2989    
  -750.000000000000        51.15571    
  -734.375000000000        48.27550    
  -718.750000000000        62.48125    
  -703.125000000000        5.517419    
  -687.500000000000        18.76601    
  -671.875000000000        48.03665    
  -656.250000000000        64.03581    
  -640.625000000000        40.28375    
  -625.000000000000        91.65591    
  -609.375000000000        158.4557    
  -593.750000000000        304.4317    
  -578.125000000000        922.8270    
  -562.500000000000        157.8792    
  -546.875000000000        52.17783    
  -531.250000000000        90.57634    
  -515.625000000000        83.07404    
  -500.000000000000        41.27956    
  -484.375000000000        28.58326    
  -468.750000000000        1.051333    
  -453.125000000000        41.88380    
  -437.500000000000        39.52131    
  -421.875000000000        43.45193    
  -406.250000000000        82.45818    
  -390.625000000000        400.0289    
  -375.000000000000        86.30057    
  -359.375000000000        55.46278    
  -343.750000000000        29.85510    
  -328.125000000000        27.91439    
  -312.500000000000        53.04897    
  -296.875000000000        70.37576    
  -281.250000000000        45.81975    
  -265.625000000000        93.10960    
  -250.000000000000        93.46836    
  -234.375000000000        117.0349    
  -218.750000000000        200.2513    
  -203.125000000000        689.7616    
  -187.500000000000        868.3325    
  -171.875000000000        285.5586    
  -156.250000000000        154.1305    
  -140.625000000000        105.4430    
  -125.000000000000        88.61162    
  -109.375000000000        61.94215    
  -93.7500000000000        50.96370    
  -78.1250000000000        90.31912    
  -62.5000000000000        63.84654    
  -46.8750000000000        35.20658    
  -31.2500000000000        39.94385    
  -15.6250000000000        142.8281    
  0.000000000000000E+000   22836.54    
   15.6250000000000        128.3559    
   31.2500000000000        77.88987    
   46.8750000000000        75.17396    
   62.5000000000000        8.589518    
   78.1250000000000        70.38453    
   93.7500000000000        57.81120    
   109.375000000000        53.02151    
   125.000000000000        84.49475    
   140.625000000000        64.21577    
   156.250000000000        95.00618    
   171.875000000000        117.1709    
   187.500000000000        371.3902    
   203.125000000000        150.4690    
   218.750000000000        122.1733    
   234.375000000000        72.00755    
   250.000000000000        101.3370    
   265.625000000000        32.00060    
   281.250000000000        33.40266    
   296.875000000000        29.82121    
   312.500000000000        33.33643    
   328.125000000000        90.57816    
   343.750000000000        48.25295    
   359.375000000000        88.00405    
   375.000000000000        229.2394    
   390.625000000000        519.4308    
   406.250000000000        113.8684    
   421.875000000000        52.26087    
   437.500000000000        53.90172    
   453.125000000000        35.43252    
   468.750000000000        36.05360    
   484.375000000000        46.87209    
   500.000000000000        84.92027    
   515.625000000000        53.94203    
   531.250000000000        66.06696    
   546.875000000000        84.51400    
   562.500000000000        166.8904    
   578.125000000000        1011.707    
   593.750000000000        388.8128    
   609.375000000000        175.7156    
   625.000000000000        103.9361    
   640.625000000000        47.00499    
   656.250000000000        158.5102    
   671.875000000000        79.47869    
   687.500000000000        92.62040    
   703.125000000000        116.6499    
   718.750000000000        52.02633    
   734.375000000000        57.42632    
   750.000000000000        80.08753    
   765.625000000000        187.9203    
   781.250000000000        216.4721    
   796.875000000000        84.87289    
   812.500000000000        40.85616    
   828.125000000000        15.56159    
   843.750000000000        48.41214    
   859.375000000000        29.34340    
   875.000000000000        40.47642    
   890.625000000000        44.47545    
   906.250000000000        62.10025    
   921.875000000000        69.99773    
   937.500000000000        34.57338    
   953.125000000000        26.06663    
   968.750000000000        113.2775    
   984.375000000000        43.13712    
   1000.00000000000        10.44573    
   1015.62500000000        5.516348    
   1031.25000000000        32.49024    
   1046.87500000000        38.95273    
   1062.50000000000        19.93045    
   1078.12500000000        25.07100    
   1093.75000000000        46.58286    
   1109.37500000000        43.69936    
   1125.00000000000        13.33044    
   1140.62500000000        10.78529    
   1156.25000000000        79.39263    
   1171.87500000000        47.78843    
   1187.50000000000        35.35461    
   1203.12500000000        20.86057    
   1218.75000000000        11.91843    
   1234.37500000000        41.02871    
   1250.00000000000        41.32798    
   1265.62500000000        17.81771    
   1281.25000000000        61.57255    
   1296.87500000000        69.58015    
   1312.50000000000        20.78561    
   1328.12500000000        25.45740    
   1343.75000000000        12.35297    
   1359.37500000000        11.56722    
   1375.00000000000        13.20080    
   1390.62500000000        37.35934    
   1406.25000000000        24.73137    
   1421.87500000000        33.96359    
   1437.50000000000        31.45487    
   1453.12500000000        22.84714    
   1468.75000000000        46.82571    
   1484.37500000000        53.12520    
   1500.00000000000        22.38230    
   1515.62500000000        30.74784    
   1531.25000000000        11.96079    
   1546.87500000000        37.92608    
   1562.50000000000        4.888972    
   1578.12500000000        32.54239    
   1593.75000000000        20.63566    
   1609.37500000000        25.58284    
   1625.00000000000        17.17522    
   1640.62500000000        16.60051    
   1656.25000000000        59.07344    
   1671.87500000000        14.91310    
   1687.50000000000        22.47087    
   1703.12500000000        26.36774    
   1718.75000000000        28.24392    
   1734.37500000000        15.88208    
   1750.00000000000        60.82274    
   1765.62500000000        28.19890    
   1781.25000000000        24.09067    
   1796.87500000000        37.71548    
   1812.50000000000        10.35445    
   1828.12500000000        38.69370    
   1843.75000000000        17.08438    
   1859.37500000000        50.36368    
   1875.00000000000        31.97079    
   1890.62500000000        35.31052    
   1906.25000000000        9.833181    
   1921.87500000000        54.27568    
   1937.50000000000        60.33105    
   1953.12500000000        32.09533    
   1968.75000000000        20.36349    
   1984.37500000000        13.13172    
